0.1,0.2,0.3,0.5,0.6
0.2028,0.2002,0.2691,0.3055,0.2574
0.22106,0.22302,0.24747,0.26158,0.24519
0.2293,0.22989,0.23975,0.24525,0.23873
0.23182,0.23207,0.23602,0.23822,0.23561
0.23234,0.23244,0.23404,0.23492,0.23388
0.23221,0.23225,0.2329,0.23325,0.23283
0.23191,0.23193,0.23219,0.23234,0.23216
0.23162,0.23163,0.23174,0.2318,0.23173
0.23139,0.23139,0.23144,0.23146,0.23143
0.23121,0.23121,0.23123,0.23124,0.23123
0.23108,0.23108,0.23109,0.23109,0.23109
0.23099,0.23099,0.23099,0.231,0.23099
0.23092,0.23092,0.23093,0.23093,0.23093
0.23088,0.23088,0.23088,0.23088,0.23088
0.23085,0.23085,0.23085,0.23085,0.23085
0.23082,0.23082,0.23082,0.23082,0.23082
0.23081,0.23081,0.23081,0.23081,0.23081
0.2308,0.2308,0.2308,0.2308,0.2308
0.23079,0.23079,0.23079,0.23079,0.23079
0.23078,0.23078,0.23078,0.23078,0.23078
0.23078,0.23078,0.23078,0.23078,0.23078
0.23078,0.23078,0.23078,0.23078,0.23078
0.23077,0.23077,0.23077,0.23077,0.23077
0.23077,0.23077,0.23077,0.23077,0.23077
0.23077,0.23077,0.23077,0.23077,0.23077
0.23077,0.23077,0.23077,0.23077,0.23077
0.23077,0.23077,0.23077,0.23077,0.23077
0.23077,0.23077,0.23077,0.23077,0.23077
0.23077,0.23077,0.23077,0.23077,0.23077
0.23077,0.23077,0.23077,0.23077,0.23077
0.23077,0.23077,0.23077,0.23077,0.23077
0.23077,0.23077,0.23077,0.23077,0.23077
0.23077,0.23077,0.23077,0.23077,0.23077
0.23077,0.23077,0.23077,0.23077,0.23077
0.23077,0.23077,0.23077,0.23077,0.23077
0.23077,0.23077,0.23077,0.23077,0.23077
0.23077,0.23077,0.23077,0.23077,0.23077
0.23077,0.23077,0.23077,0.23077,0.23077
0.23077,0.23077,0.23077,0.23077,0.23077
0.23077,0.23077,0.23077,0.23077,0.23077
0.23077,0.23077,0.23077,0.23077,0.23077
0.23077,0.23077,0.23077,0.23077,0.23077
0.23077,0.23077,0.23077,0.23077,0.23077
0.23077,0.23077,0.23077,0.23077,0.23077
0.23077,0.23077,0.23077,0.23077,0.23077
0.23077,0.23077,0.23077,0.23077,0.23077
0.23077,0.23077,0.23077,0.23077,0.23077
0.23077,0.23077,0.23077,0.23077,0.23077
0.23077,0.23077,0.23077,0.23077,0.23077
0.23077,0.23077,0.23077,0.23077,0.23077
0.23077,0.23077,0.23077,0.23077,0.23077
0.23077,0.23077,0.23077,0.23077,0.23077
0.23077,0.23077,0.23077,0.23077,0.23077
0.23077,0.23077,0.23077,0.23077,0.23077
0.23077,0.23077,0.23077,0.23077,0.23077
0.23077,0.23077,0.23077,0.23077,0.23077
0.23077,0.23077,0.23077,0.23077,0.23077
0.23077,0.23077,0.23077,0.23077,0.23077
0.23077,0.23077,0.23077,0.23077,0.23077
0.23077,0.23077,0.23077,0.23077,0.23077
0.23077,0.23077,0.23077,0.23077,0.23077
0.23077,0.23077,0.23077,0.23077,0.23077
0.23077,0.23077,0.23077,0.23077,0.23077
0.23077,0.23077,0.23077,0.23077,0.23077
0.23077,0.23077,0.23077,0.23077,0.23077
0.23077,0.23077,0.23077,0.23077,0.23077
0.23077,0.23077,0.23077,0.23077,0.23077
0.23077,0.23077,0.23077,0.23077,0.23077
0.23077,0.23077,0.23077,0.23077,0.23077
0.23077,0.23077,0.23077,0.23077,0.23077
0.23077,0.23077,0.23077,0.23077,0.23077
0.23077,0.23077,0.23077,0.23077,0.23077
0.23077,0.23077,0.23077,0.23077,0.23077
0.23077,0.23077,0.23077,0.23077,0.23077
0.23077,0.23077,0.23077,0.23077,0.23077
0.23077,0.23077,0.23077,0.23077,0.23077
0.23077,0.23077,0.23077,0.23077,0.23077
0.23077,0.23077,0.23077,0.23077,0.23077
0.23077,0.23077,0.23077,0.23077,0.23077
0.23077,0.23077,0.23077,0.23077,0.23077
0.23077,0.23077,0.23077,0.23077,0.23077
0.23077,0.23077,0.23077,0.23077,0.23077
0.23077,0.23077,0.23077,0.23077,0.23077
0.23077,0.23077,0.23077,0.23077,0.23077
0.23077,0.23077,0.23077,0.23077,0.23077
0.23077,0.23077,0.23077,0.23077,0.23077
0.23077,0.23077,0.23077,0.23077,0.23077
0.23077,0.23077,0.23077,0.23077,0.23077
0.23077,0.23077,0.23077,0.23077,0.23077
0.23077,0.23077,0.23077,0.23077,0.23077
0.23077,0.23077,0.23077,0.23077,0.23077
0.23077,0.23077,0.23077,0.23077,0.23077
0.23077,0.23077,0.23077,0.23077,0.23077
0.23077,0.23077,0.23077,0.23077,0.23077
0.23077,0.23077,0.23077,0.23077,0.23077
0.23077,0.23077,0.23077,0.23077,0.23077
0.23077,0.23077,0.23077,0.23077,0.23077
0.23077,0.23077,0.23077,0.23077,0.23077
0.23077,0.23077,0.23077,0.23077,0.23077
0.23077,0.23077,0.23077,0.23077,0.23077
0.23077,0.23077,0.23077,0.23077,0.23077
0.23077,0.23077,0.23077,0.23077,0.23077
0.23077,0.23077,0.23077,0.23077,0.23077
0.23077,0.23077,0.23077,0.23077,0.23077
0.23077,0.23077,0.23077,0.23077,0.23077
0.23077,0.23077,0.23077,0.23077,0.23077
0.23077,0.23077,0.23077,0.23077,0.23077
0.23077,0.23077,0.23077,0.23077,0.23077
0.23077,0.23077,0.23077,0.23077,0.23077
0.23077,0.23077,0.23077,0.23077,0.23077
0.23077,0.23077,0.23077,0.23077,0.23077
0.23077,0.23077,0.23077,0.23077,0.23077
0.23077,0.23077,0.23077,0.23077,0.23077
0.23077,0.23077,0.23077,0.23077,0.23077
0.23077,0.23077,0.23077,0.23077,0.23077
0.23077,0.23077,0.23077,0.23077,0.23077
0.23077,0.23077,0.23077,0.23077,0.23077
0.23077,0.23077,0.23077,0.23077,0.23077
0.23077,0.23077,0.23077,0.23077,0.23077
0.23077,0.23077,0.23077,0.23077,0.23077
0.23077,0.23077,0.23077,0.23077,0.23077
0.23077,0.23077,0.23077,0.23077,0.23077
0.23077,0.23077,0.23077,0.23077,0.23077
0.23077,0.23077,0.23077,0.23077,0.23077
0.23077,0.23077,0.23077,0.23077,0.23077
0.23077,0.23077,0.23077,0.23077,0.23077
0.23077,0.23077,0.23077,0.23077,0.23077
0.23077,0.23077,0.23077,0.23077,0.23077
0.23077,0.23077,0.23077,0.23077,0.23077
0.23077,0.23077,0.23077,0.23077,0.23077
0.23077,0.23077,0.23077,0.23077,0.23077
0.23077,0.23077,0.23077,0.23077,0.23077
0.23077,0.23077,0.23077,0.23077,0.23077
0.23077,0.23077,0.23077,0.23077,0.23077
0.23077,0.23077,0.23077,0.23077,0.23077
0.23077,0.23077,0.23077,0.23077,0.23077
0.23077,0.23077,0.23077,0.23077,0.23077
0.23077,0.23077,0.23077,0.23077,0.23077
0.23077,0.23077,0.23077,0.23077,0.23077
0.23077,0.23077,0.23077,0.23077,0.23077
0.23077,0.23077,0.23077,0.23077,0.23077
0.23077,0.23077,0.23077,0.23077,0.23077
0.23077,0.23077,0.23077,0.23077,0.23077
0.23077,0.23077,0.23077,0.23077,0.23077
0.23077,0.23077,0.23077,0.23077,0.23077
0.23077,0.23077,0.23077,0.23077,0.23077
0.23077,0.23077,0.23077,0.23077,0.23077
0.23077,0.23077,0.23077,0.23077,0.23077
0.23077,0.23077,0.23077,0.23077,0.23077
0.23077,0.23077,0.23077,0.23077,0.23077
0.23077,0.23077,0.23077,0.23077,0.23077
0.23077,0.23077,0.23077,0.23077,0.23077
0.23077,0.23077,0.23077,0.23077,0.23077
0.23077,0.23077,0.23077,0.23077,0.23077
0.23077,0.23077,0.23077,0.23077,0.23077
0.23077,0.23077,0.23077,0.23077,0.23077
0.23077,0.23077,0.23077,0.23077,0.23077
0.23077,0.23077,0.23077,0.23077,0.23077
0.23077,0.23077,0.23077,0.23077,0.23077
0.23077,0.23077,0.23077,0.23077,0.23077
0.23077,0.23077,0.23077,0.23077,0.23077
0.23077,0.23077,0.23077,0.23077,0.23077
0.23077,0.23077,0.23077,0.23077,0.23077
0.23077,0.23077,0.23077,0.23077,0.23077
0.23077,0.23077,0.23077,0.23077,0.23077
0.23077,0.23077,0.23077,0.23077,0.23077
0.23077,0.23077,0.23077,0.23077,0.23077
0.23077,0.23077,0.23077,0.23077,0.23077
0.23077,0.23077,0.23077,0.23077,0.23077
0.23077,0.23077,0.23077,0.23077,0.23077
0.23077,0.23077,0.23077,0.23077,0.23077
0.23077,0.23077,0.23077,0.23077,0.23077
0.23077,0.23077,0.23077,0.23077,0.23077
0.23077,0.23077,0.23077,0.23077,0.23077
0.23077,0.23077,0.23077,0.23077,0.23077
0.23077,0.23077,0.23077,0.23077,0.23077
0.23077,0.23077,0.23077,0.23077,0.23077
0.23077,0.23077,0.23077,0.23077,0.23077
0.23077,0.23077,0.23077,0.23077,0.23077
0.23077,0.23077,0.23077,0.23077,0.23077
0.23077,0.23077,0.23077,0.23077,0.23077
0.23077,0.23077,0.23077,0.23077,0.23077
0.23077,0.23077,0.23077,0.23077,0.23077
0.23077,0.23077,0.23077,0.23077,0.23077
0.23077,0.23077,0.23077,0.23077,0.23077
0.23077,0.23077,0.23077,0.23077,0.23077
0.23077,0.23077,0.23077,0.23077,0.23077
0.23077,0.23077,0.23077,0.23077,0.23077
0.23077,0.23077,0.23077,0.23077,0.23077
0.23077,0.23077,0.23077,0.23077,0.23077
0.23077,0.23077,0.23077,0.23077,0.23077
0.23077,0.23077,0.23077,0.23077,0.23077
0.23077,0.23077,0.23077,0.23077,0.23077
0.23077,0.23077,0.23077,0.23077,0.23077
0.23077,0.23077,0.23077,0.23077,0.23077
0.23077,0.23077,0.23077,0.23077,0.23077
0.23077,0.23077,0.23077,0.23077,0.23077
0.23077,0.23077,0.23077,0.23077,0.23077
0.23077,0.23077,0.23077,0.23077,0.23077
0.23077,0.23077,0.23077,0.23077,0.23077
0.23077,0.23077,0.23077,0.23077,0.23077
0.23077,0.23077,0.23077,0.23077,0.23077
0.23077,0.23077,0.23077,0.23077,0.23077
0.23077,0.23077,0.23077,0.23077,0.23077
0.23077,0.23077,0.23077,0.23077,0.23077
0.23077,0.23077,0.23077,0.23077,0.23077
0.23077,0.23077,0.23077,0.23077,0.23077
0.23077,0.23077,0.23077,0.23077,0.23077
0.23077,0.23077,0.23077,0.23077,0.23077
0.23077,0.23077,0.23077,0.23077,0.23077
0.23077,0.23077,0.23077,0.23077,0.23077
0.23077,0.23077,0.23077,0.23077,0.23077
0.23077,0.23077,0.23077,0.23077,0.23077
0.23077,0.23077,0.23077,0.23077,0.23077
0.23077,0.23077,0.23077,0.23077,0.23077
0.23077,0.23077,0.23077,0.23077,0.23077
0.23077,0.23077,0.23077,0.23077,0.23077
0.23077,0.23077,0.23077,0.23077,0.23077
0.23077,0.23077,0.23077,0.23077,0.23077
0.23077,0.23077,0.23077,0.23077,0.23077
0.23077,0.23077,0.23077,0.23077,0.23077
0.23077,0.23077,0.23077,0.23077,0.23077
0.23077,0.23077,0.23077,0.23077,0.23077
0.23077,0.23077,0.23077,0.23077,0.23077
0.23077,0.23077,0.23077,0.23077,0.23077
0.23077,0.23077,0.23077,0.23077,0.23077
0.23077,0.23077,0.23077,0.23077,0.23077
0.23077,0.23077,0.23077,0.23077,0.23077
0.23077,0.23077,0.23077,0.23077,0.23077
0.23077,0.23077,0.23077,0.23077,0.23077
0.23077,0.23077,0.23077,0.23077,0.23077
0.23077,0.23077,0.23077,0.23077,0.23077
0.23077,0.23077,0.23077,0.23077,0.23077
0.23077,0.23077,0.23077,0.23077,0.23077
0.23077,0.23077,0.23077,0.23077,0.23077
0.23077,0.23077,0.23077,0.23077,0.23077
0.23077,0.23077,0.23077,0.23077,0.23077
0.23077,0.23077,0.23077,0.23077,0.23077
0.23077,0.23077,0.23077,0.23077,0.23077
0.23077,0.23077,0.23077,0.23077,0.23077
0.23077,0.23077,0.23077,0.23077,0.23077
0.23077,0.23077,0.23077,0.23077,0.23077
0.23077,0.23077,0.23077,0.23077,0.23077
0.23077,0.23077,0.23077,0.23077,0.23077
0.23077,0.23077,0.23077,0.23077,0.23077
0.23077,0.23077,0.23077,0.23077,0.23077
0.23077,0.23077,0.23077,0.23077,0.23077
0.23077,0.23077,0.23077,0.23077,0.23077
0.23077,0.23077,0.23077,0.23077,0.23077
0.23077,0.23077,0.23077,0.23077,0.23077
0.23077,0.23077,0.23077,0.23077,0.23077
0.23077,0.23077,0.23077,0.23077,0.23077
0.23077,0.23077,0.23077,0.23077,0.23077
0.23077,0.23077,0.23077,0.23077,0.23077
0.23077,0.23077,0.23077,0.23077,0.23077
0.23077,0.23077,0.23077,0.23077,0.23077
0.23077,0.23077,0.23077,0.23077,0.23077
0.23077,0.23077,0.23077,0.23077,0.23077
0.23077,0.23077,0.23077,0.23077,0.23077
0.23077,0.23077,0.23077,0.23077,0.23077
0.23077,0.23077,0.23077,0.23077,0.23077
0.23077,0.23077,0.23077,0.23077,0.23077
0.23077,0.23077,0.23077,0.23077,0.23077
0.23077,0.23077,0.23077,0.23077,0.23077
0.23077,0.23077,0.23077,0.23077,0.23077
0.23077,0.23077,0.23077,0.23077,0.23077
0.23077,0.23077,0.23077,0.23077,0.23077
0.23077,0.23077,0.23077,0.23077,0.23077
0.23077,0.23077,0.23077,0.23077,0.23077
0.23077,0.23077,0.23077,0.23077,0.23077
0.23077,0.23077,0.23077,0.23077,0.23077
0.23077,0.23077,0.23077,0.23077,0.23077
0.23077,0.23077,0.23077,0.23077,0.23077
0.23077,0.23077,0.23077,0.23077,0.23077
0.23077,0.23077,0.23077,0.23077,0.23077
0.23077,0.23077,0.23077,0.23077,0.23077
0.23077,0.23077,0.23077,0.23077,0.23077
0.23077,0.23077,0.23077,0.23077,0.23077
0.23077,0.23077,0.23077,0.23077,0.23077
0.23077,0.23077,0.23077,0.23077,0.23077
0.23077,0.23077,0.23077,0.23077,0.23077
0.23077,0.23077,0.23077,0.23077,0.23077
0.23077,0.23077,0.23077,0.23077,0.23077
0.23077,0.23077,0.23077,0.23077,0.23077
0.23077,0.23077,0.23077,0.23077,0.23077
0.23077,0.23077,0.23077,0.23077,0.23077
0.23077,0.23077,0.23077,0.23077,0.23077
0.23077,0.23077,0.23077,0.23077,0.23077
0.23077,0.23077,0.23077,0.23077,0.23077
0.23077,0.23077,0.23077,0.23077,0.23077
0.23077,0.23077,0.23077,0.23077,0.23077
0.23077,0.23077,0.23077,0.23077,0.23077
0.23077,0.23077,0.23077,0.23077,0.23077
0.23077,0.23077,0.23077,0.23077,0.23077
0.23077,0.23077,0.23077,0.23077,0.23077
0.23077,0.23077,0.23077,0.23077,0.23077
0.23077,0.23077,0.23077,0.23077,0.23077
0.23077,0.23077,0.23077,0.23077,0.23077
0.23077,0.23077,0.23077,0.23077,0.23077
0.23077,0.23077,0.23077,0.23077,0.23077
0.23077,0.23077,0.23077,0.23077,0.23077
0.23077,0.23077,0.23077,0.23077,0.23077
0.23077,0.23077,0.23077,0.23077,0.23077
0.23077,0.23077,0.23077,0.23077,0.23077
0.23077,0.23077,0.23077,0.23077,0.23077
0.23077,0.23077,0.23077,0.23077,0.23077
0.23077,0.23077,0.23077,0.23077,0.23077
0.23077,0.23077,0.23077,0.23077,0.23077
0.23077,0.23077,0.23077,0.23077,0.23077
0.23077,0.23077,0.23077,0.23077,0.23077
0.23077,0.23077,0.23077,0.23077,0.23077
0.23077,0.23077,0.23077,0.23077,0.23077
0.23077,0.23077,0.23077,0.23077,0.23077
0.23077,0.23077,0.23077,0.23077,0.23077
0.23077,0.23077,0.23077,0.23077,0.23077
0.23077,0.23077,0.23077,0.23077,0.23077
0.23077,0.23077,0.23077,0.23077,0.23077
0.23077,0.23077,0.23077,0.23077,0.23077
0.23077,0.23077,0.23077,0.23077,0.23077
0.23077,0.23077,0.23077,0.23077,0.23077
0.23077,0.23077,0.23077,0.23077,0.23077
0.23077,0.23077,0.23077,0.23077,0.23077
0.23077,0.23077,0.23077,0.23077,0.23077
0.23077,0.23077,0.23077,0.23077,0.23077
0.23077,0.23077,0.23077,0.23077,0.23077
0.23077,0.23077,0.23077,0.23077,0.23077
0.23077,0.23077,0.23077,0.23077,0.23077
0.23077,0.23077,0.23077,0.23077,0.23077
0.23077,0.23077,0.23077,0.23077,0.23077
0.23077,0.23077,0.23077,0.23077,0.23077
0.23077,0.23077,0.23077,0.23077,0.23077
0.23077,0.23077,0.23077,0.23077,0.23077
0.23077,0.23077,0.23077,0.23077,0.23077
0.23077,0.23077,0.23077,0.23077,0.23077
0.23077,0.23077,0.23077,0.23077,0.23077
0.23077,0.23077,0.23077,0.23077,0.23077
0.23077,0.23077,0.23077,0.23077,0.23077
0.23077,0.23077,0.23077,0.23077,0.23077
0.23077,0.23077,0.23077,0.23077,0.23077
0.23077,0.23077,0.23077,0.23077,0.23077
0.23077,0.23077,0.23077,0.23077,0.23077
0.23077,0.23077,0.23077,0.23077,0.23077
0.23077,0.23077,0.23077,0.23077,0.23077
0.23077,0.23077,0.23077,0.23077,0.23077
0.23077,0.23077,0.23077,0.23077,0.23077
0.23077,0.23077,0.23077,0.23077,0.23077
0.23077,0.23077,0.23077,0.23077,0.23077
0.23077,0.23077,0.23077,0.23077,0.23077
0.23077,0.23077,0.23077,0.23077,0.23077
0.23077,0.23077,0.23077,0.23077,0.23077
0.23077,0.23077,0.23077,0.23077,0.23077
0.23077,0.23077,0.23077,0.23077,0.23077
0.23077,0.23077,0.23077,0.23077,0.23077
0.23077,0.23077,0.23077,0.23077,0.23077
0.23077,0.23077,0.23077,0.23077,0.23077
0.23077,0.23077,0.23077,0.23077,0.23077
0.23077,0.23077,0.23077,0.23077,0.23077
0.23077,0.23077,0.23077,0.23077,0.23077
0.23077,0.23077,0.23077,0.23077,0.23077
0.23077,0.23077,0.23077,0.23077,0.23077
0.23077,0.23077,0.23077,0.23077,0.23077
0.23077,0.23077,0.23077,0.23077,0.23077
0.23077,0.23077,0.23077,0.23077,0.23077
0.23077,0.23077,0.23077,0.23077,0.23077
0.23077,0.23077,0.23077,0.23077,0.23077
0.23077,0.23077,0.23077,0.23077,0.23077
0.23077,0.23077,0.23077,0.23077,0.23077
0.23077,0.23077,0.23077,0.23077,0.23077
0.23077,0.23077,0.23077,0.23077,0.23077
0.23077,0.23077,0.23077,0.23077,0.23077
0.23077,0.23077,0.23077,0.23077,0.23077
0.23077,0.23077,0.23077,0.23077,0.23077
0.23077,0.23077,0.23077,0.23077,0.23077
0.23077,0.23077,0.23077,0.23077,0.23077
0.23077,0.23077,0.23077,0.23077,0.23077
0.23077,0.23077,0.23077,0.23077,0.23077
0.23077,0.23077,0.23077,0.23077,0.23077
0.23077,0.23077,0.23077,0.23077,0.23077
0.23077,0.23077,0.23077,0.23077,0.23077
0.23077,0.23077,0.23077,0.23077,0.23077
0.23077,0.23077,0.23077,0.23077,0.23077
0.23077,0.23077,0.23077,0.23077,0.23077
0.23077,0.23077,0.23077,0.23077,0.23077
0.23077,0.23077,0.23077,0.23077,0.23077
0.23077,0.23077,0.23077,0.23077,0.23077
0.23077,0.23077,0.23077,0.23077,0.23077
0.23077,0.23077,0.23077,0.23077,0.23077
0.23077,0.23077,0.23077,0.23077,0.23077
0.23077,0.23077,0.23077,0.23077,0.23077
0.23077,0.23077,0.23077,0.23077,0.23077
0.23077,0.23077,0.23077,0.23077,0.23077
0.23077,0.23077,0.23077,0.23077,0.23077
0.23077,0.23077,0.23077,0.23077,0.23077
0.23077,0.23077,0.23077,0.23077,0.23077
0.23077,0.23077,0.23077,0.23077,0.23077
0.23077,0.23077,0.23077,0.23077,0.23077
0.23077,0.23077,0.23077,0.23077,0.23077
0.23077,0.23077,0.23077,0.23077,0.23077
0.23077,0.23077,0.23077,0.23077,0.23077
0.23077,0.23077,0.23077,0.23077,0.23077
0.23077,0.23077,0.23077,0.23077,0.23077
0.23077,0.23077,0.23077,0.23077,0.23077
0.23077,0.23077,0.23077,0.23077,0.23077
0.23077,0.23077,0.23077,0.23077,0.23077
0.23077,0.23077,0.23077,0.23077,0.23077
0.23077,0.23077,0.23077,0.23077,0.23077
0.23077,0.23077,0.23077,0.23077,0.23077
0.23077,0.23077,0.23077,0.23077,0.23077
0.23077,0.23077,0.23077,0.23077,0.23077
0.23077,0.23077,0.23077,0.23077,0.23077
0.23077,0.23077,0.23077,0.23077,0.23077
0.23077,0.23077,0.23077,0.23077,0.23077
0.23077,0.23077,0.23077,0.23077,0.23077
0.23077,0.23077,0.23077,0.23077,0.23077
0.23077,0.23077,0.23077,0.23077,0.23077
0.23077,0.23077,0.23077,0.23077,0.23077
0.23077,0.23077,0.23077,0.23077,0.23077
0.23077,0.23077,0.23077,0.23077,0.23077
0.23077,0.23077,0.23077,0.23077,0.23077
0.23077,0.23077,0.23077,0.23077,0.23077
0.23077,0.23077,0.23077,0.23077,0.23077
0.23077,0.23077,0.23077,0.23077,0.23077
0.23077,0.23077,0.23077,0.23077,0.23077
0.23077,0.23077,0.23077,0.23077,0.23077
0.23077,0.23077,0.23077,0.23077,0.23077
0.23077,0.23077,0.23077,0.23077,0.23077
0.23077,0.23077,0.23077,0.23077,0.23077
0.23077,0.23077,0.23077,0.23077,0.23077
0.23077,0.23077,0.23077,0.23077,0.23077
0.23077,0.23077,0.23077,0.23077,0.23077
0.23077,0.23077,0.23077,0.23077,0.23077
0.23077,0.23077,0.23077,0.23077,0.23077
0.23077,0.23077,0.23077,0.23077,0.23077
0.23077,0.23077,0.23077,0.23077,0.23077
0.23077,0.23077,0.23077,0.23077,0.23077
0.23077,0.23077,0.23077,0.23077,0.23077
0.23077,0.23077,0.23077,0.23077,0.23077
0.23077,0.23077,0.23077,0.23077,0.23077
0.23077,0.23077,0.23077,0.23077,0.23077
0.23077,0.23077,0.23077,0.23077,0.23077
0.23077,0.23077,0.23077,0.23077,0.23077
0.23077,0.23077,0.23077,0.23077,0.23077
0.23077,0.23077,0.23077,0.23077,0.23077
0.23077,0.23077,0.23077,0.23077,0.23077
0.23077,0.23077,0.23077,0.23077,0.23077
0.23077,0.23077,0.23077,0.23077,0.23077
0.23077,0.23077,0.23077,0.23077,0.23077
0.23077,0.23077,0.23077,0.23077,0.23077
0.23077,0.23077,0.23077,0.23077,0.23077
0.23077,0.23077,0.23077,0.23077,0.23077
0.23077,0.23077,0.23077,0.23077,0.23077
0.23077,0.23077,0.23077,0.23077,0.23077
0.23077,0.23077,0.23077,0.23077,0.23077
0.23077,0.23077,0.23077,0.23077,0.23077
0.23077,0.23077,0.23077,0.23077,0.23077
0.23077,0.23077,0.23077,0.23077,0.23077
0.23077,0.23077,0.23077,0.23077,0.23077
0.23077,0.23077,0.23077,0.23077,0.23077
0.23077,0.23077,0.23077,0.23077,0.23077
0.23077,0.23077,0.23077,0.23077,0.23077
0.23077,0.23077,0.23077,0.23077,0.23077
0.23077,0.23077,0.23077,0.23077,0.23077
0.23077,0.23077,0.23077,0.23077,0.23077
0.23077,0.23077,0.23077,0.23077,0.23077
0.23077,0.23077,0.23077,0.23077,0.23077
0.23077,0.23077,0.23077,0.23077,0.23077
0.23077,0.23077,0.23077,0.23077,0.23077
0.23077,0.23077,0.23077,0.23077,0.23077
0.23077,0.23077,0.23077,0.23077,0.23077
0.23077,0.23077,0.23077,0.23077,0.23077
0.23077,0.23077,0.23077,0.23077,0.23077
0.23077,0.23077,0.23077,0.23077,0.23077
0.23077,0.23077,0.23077,0.23077,0.23077
0.23077,0.23077,0.23077,0.23077,0.23077
0.23077,0.23077,0.23077,0.23077,0.23077
0.23077,0.23077,0.23077,0.23077,0.23077
0.23077,0.23077,0.23077,0.23077,0.23077
0.23077,0.23077,0.23077,0.23077,0.23077
0.23077,0.23077,0.23077,0.23077,0.23077
0.23077,0.23077,0.23077,0.23077,0.23077
0.23077,0.23077,0.23077,0.23077,0.23077
0.23077,0.23077,0.23077,0.23077,0.23077
0.23077,0.23077,0.23077,0.23077,0.23077
0.23077,0.23077,0.23077,0.23077,0.23077
0.23077,0.23077,0.23077,0.23077,0.23077
0.23077,0.23077,0.23077,0.23077,0.23077
0.23077,0.23077,0.23077,0.23077,0.23077
0.23077,0.23077,0.23077,0.23077,0.23077
0.23077,0.23077,0.23077,0.23077,0.23077
0.23077,0.23077,0.23077,0.23077,0.23077
0.23077,0.23077,0.23077,0.23077,0.23077
0.23077,0.23077,0.23077,0.23077,0.23077
0.23077,0.23077,0.23077,0.23077,0.23077
0.23077,0.23077,0.23077,0.23077,0.23077
0.23077,0.23077,0.23077,0.23077,0.23077
0.23077,0.23077,0.23077,0.23077,0.23077
0.23077,0.23077,0.23077,0.23077,0.23077
0.23077,0.23077,0.23077,0.23077,0.23077
0.23077,0.23077,0.23077,0.23077,0.23077
0.23077,0.23077,0.23077,0.23077,0.23077
0.23077,0.23077,0.23077,0.23077,0.23077
0.23077,0.23077,0.23077,0.23077,0.23077
0.23077,0.23077,0.23077,0.23077,0.23077
0.23077,0.23077,0.23077,0.23077,0.23077
0.23077,0.23077,0.23077,0.23077,0.23077
0.23077,0.23077,0.23077,0.23077,0.23077
0.23077,0.23077,0.23077,0.23077,0.23077
0.23077,0.23077,0.23077,0.23077,0.23077
0.23077,0.23077,0.23077,0.23077,0.23077
0.23077,0.23077,0.23077,0.23077,0.23077
0.23077,0.23077,0.23077,0.23077,0.23077
0.23077,0.23077,0.23077,0.23077,0.23077
0.23077,0.23077,0.23077,0.23077,0.23077
0.23077,0.23077,0.23077,0.23077,0.23077
0.23077,0.23077,0.23077,0.23077,0.23077
0.23077,0.23077,0.23077,0.23077,0.23077
0.23077,0.23077,0.23077,0.23077,0.23077
0.23077,0.23077,0.23077,0.23077,0.23077
0.23077,0.23077,0.23077,0.23077,0.23077
0.23077,0.23077,0.23077,0.23077,0.23077
0.23077,0.23077,0.23077,0.23077,0.23077
0.23077,0.23077,0.23077,0.23077,0.23077
0.23077,0.23077,0.23077,0.23077,0.23077
0.23077,0.23077,0.23077,0.23077,0.23077
0.23077,0.23077,0.23077,0.23077,0.23077
0.23077,0.23077,0.23077,0.23077,0.23077
0.23077,0.23077,0.23077,0.23077,0.23077
0.23077,0.23077,0.23077,0.23077,0.23077
0.23077,0.23077,0.23077,0.23077,0.23077
0.23077,0.23077,0.23077,0.23077,0.23077
0.23077,0.23077,0.23077,0.23077,0.23077
0.23077,0.23077,0.23077,0.23077,0.23077
0.23077,0.23077,0.23077,0.23077,0.23077
0.23077,0.23077,0.23077,0.23077,0.23077
0.23077,0.23077,0.23077,0.23077,0.23077
0.23077,0.23077,0.23077,0.23077,0.23077
0.23077,0.23077,0.23077,0.23077,0.23077
0.23077,0.23077,0.23077,0.23077,0.23077
0.23077,0.23077,0.23077,0.23077,0.23077
0.23077,0.23077,0.23077,0.23077,0.23077
0.23077,0.23077,0.23077,0.23077,0.23077
0.23077,0.23077,0.23077,0.23077,0.23077
0.23077,0.23077,0.23077,0.23077,0.23077
0.23077,0.23077,0.23077,0.23077,0.23077
0.23077,0.23077,0.23077,0.23077,0.23077
0.23077,0.23077,0.23077,0.23077,0.23077
0.23077,0.23077,0.23077,0.23077,0.23077
0.23077,0.23077,0.23077,0.23077,0.23077
0.23077,0.23077,0.23077,0.23077,0.23077
0.23077,0.23077,0.23077,0.23077,0.23077
0.23077,0.23077,0.23077,0.23077,0.23077
0.23077,0.23077,0.23077,0.23077,0.23077
0.23077,0.23077,0.23077,0.23077,0.23077
0.23077,0.23077,0.23077,0.23077,0.23077
0.23077,0.23077,0.23077,0.23077,0.23077
0.23077,0.23077,0.23077,0.23077,0.23077
0.23077,0.23077,0.23077,0.23077,0.23077
0.23077,0.23077,0.23077,0.23077,0.23077
0.23077,0.23077,0.23077,0.23077,0.23077
0.23077,0.23077,0.23077,0.23077,0.23077
0.23077,0.23077,0.23077,0.23077,0.23077
0.23077,0.23077,0.23077,0.23077,0.23077
0.23077,0.23077,0.23077,0.23077,0.23077
0.23077,0.23077,0.23077,0.23077,0.23077
0.23077,0.23077,0.23077,0.23077,0.23077
0.23077,0.23077,0.23077,0.23077,0.23077
0.23077,0.23077,0.23077,0.23077,0.23077
0.23077,0.23077,0.23077,0.23077,0.23077
0.23077,0.23077,0.23077,0.23077,0.23077
0.23077,0.23077,0.23077,0.23077,0.23077
0.23077,0.23077,0.23077,0.23077,0.23077
0.23077,0.23077,0.23077,0.23077,0.23077
0.23077,0.23077,0.23077,0.23077,0.23077
0.23077,0.23077,0.23077,0.23077,0.23077
0.23077,0.23077,0.23077,0.23077,0.23077
0.23077,0.23077,0.23077,0.23077,0.23077
0.23077,0.23077,0.23077,0.23077,0.23077
0.23077,0.23077,0.23077,0.23077,0.23077
0.23077,0.23077,0.23077,0.23077,0.23077
0.23077,0.23077,0.23077,0.23077,0.23077
0.23077,0.23077,0.23077,0.23077,0.23077
0.23077,0.23077,0.23077,0.23077,0.23077
0.23077,0.23077,0.23077,0.23077,0.23077
0.23077,0.23077,0.23077,0.23077,0.23077
0.23077,0.23077,0.23077,0.23077,0.23077
0.23077,0.23077,0.23077,0.23077,0.23077
0.23077,0.23077,0.23077,0.23077,0.23077
0.23077,0.23077,0.23077,0.23077,0.23077
0.23077,0.23077,0.23077,0.23077,0.23077
0.23077,0.23077,0.23077,0.23077,0.23077
0.23077,0.23077,0.23077,0.23077,0.23077
0.23077,0.23077,0.23077,0.23077,0.23077
0.23077,0.23077,0.23077,0.23077,0.23077
0.23077,0.23077,0.23077,0.23077,0.23077
0.23077,0.23077,0.23077,0.23077,0.23077
0.23077,0.23077,0.23077,0.23077,0.23077
0.23077,0.23077,0.23077,0.23077,0.23077
0.23077,0.23077,0.23077,0.23077,0.23077
0.23077,0.23077,0.23077,0.23077,0.23077
0.23077,0.23077,0.23077,0.23077,0.23077
0.23077,0.23077,0.23077,0.23077,0.23077
0.23077,0.23077,0.23077,0.23077,0.23077
0.23077,0.23077,0.23077,0.23077,0.23077
0.23077,0.23077,0.23077,0.23077,0.23077
0.23077,0.23077,0.23077,0.23077,0.23077
0.23077,0.23077,0.23077,0.23077,0.23077
0.23077,0.23077,0.23077,0.23077,0.23077
0.23077,0.23077,0.23077,0.23077,0.23077
0.23077,0.23077,0.23077,0.23077,0.23077
0.23077,0.23077,0.23077,0.23077,0.23077
0.23077,0.23077,0.23077,0.23077,0.23077
0.23077,0.23077,0.23077,0.23077,0.23077
0.23077,0.23077,0.23077,0.23077,0.23077
0.23077,0.23077,0.23077,0.23077,0.23077
0.23077,0.23077,0.23077,0.23077,0.23077
0.23077,0.23077,0.23077,0.23077,0.23077
0.23077,0.23077,0.23077,0.23077,0.23077
0.23077,0.23077,0.23077,0.23077,0.23077
0.23077,0.23077,0.23077,0.23077,0.23077
0.23077,0.23077,0.23077,0.23077,0.23077
0.23077,0.23077,0.23077,0.23077,0.23077
0.23077,0.23077,0.23077,0.23077,0.23077
0.23077,0.23077,0.23077,0.23077,0.23077
0.23077,0.23077,0.23077,0.23077,0.23077
0.23077,0.23077,0.23077,0.23077,0.23077
0.23077,0.23077,0.23077,0.23077,0.23077
0.23077,0.23077,0.23077,0.23077,0.23077
0.23077,0.23077,0.23077,0.23077,0.23077
0.23077,0.23077,0.23077,0.23077,0.23077
0.23077,0.23077,0.23077,0.23077,0.23077
0.23077,0.23077,0.23077,0.23077,0.23077
0.23077,0.23077,0.23077,0.23077,0.23077
0.23077,0.23077,0.23077,0.23077,0.23077
0.23077,0.23077,0.23077,0.23077,0.23077
0.23077,0.23077,0.23077,0.23077,0.23077
0.23077,0.23077,0.23077,0.23077,0.23077
0.23077,0.23077,0.23077,0.23077,0.23077
0.23077,0.23077,0.23077,0.23077,0.23077
0.23077,0.23077,0.23077,0.23077,0.23077
0.23077,0.23077,0.23077,0.23077,0.23077
0.23077,0.23077,0.23077,0.23077,0.23077
0.23077,0.23077,0.23077,0.23077,0.23077
0.23077,0.23077,0.23077,0.23077,0.23077
0.23077,0.23077,0.23077,0.23077,0.23077
0.23077,0.23077,0.23077,0.23077,0.23077
0.23077,0.23077,0.23077,0.23077,0.23077
0.23077,0.23077,0.23077,0.23077,0.23077
0.23077,0.23077,0.23077,0.23077,0.23077
0.23077,0.23077,0.23077,0.23077,0.23077
0.23077,0.23077,0.23077,0.23077,0.23077
0.23077,0.23077,0.23077,0.23077,0.23077
0.23077,0.23077,0.23077,0.23077,0.23077
0.23077,0.23077,0.23077,0.23077,0.23077
0.23077,0.23077,0.23077,0.23077,0.23077
0.23077,0.23077,0.23077,0.23077,0.23077
0.23077,0.23077,0.23077,0.23077,0.23077
0.23077,0.23077,0.23077,0.23077,0.23077
0.23077,0.23077,0.23077,0.23077,0.23077
0.23077,0.23077,0.23077,0.23077,0.23077
0.23077,0.23077,0.23077,0.23077,0.23077
0.23077,0.23077,0.23077,0.23077,0.23077
0.23077,0.23077,0.23077,0.23077,0.23077
0.23077,0.23077,0.23077,0.23077,0.23077
0.23077,0.23077,0.23077,0.23077,0.23077
0.23077,0.23077,0.23077,0.23077,0.23077
0.23077,0.23077,0.23077,0.23077,0.23077
0.23077,0.23077,0.23077,0.23077,0.23077
0.23077,0.23077,0.23077,0.23077,0.23077
0.23077,0.23077,0.23077,0.23077,0.23077
0.23077,0.23077,0.23077,0.23077,0.23077
0.23077,0.23077,0.23077,0.23077,0.23077
0.23077,0.23077,0.23077,0.23077,0.23077
0.23077,0.23077,0.23077,0.23077,0.23077
0.23077,0.23077,0.23077,0.23077,0.23077
0.23077,0.23077,0.23077,0.23077,0.23077
0.23077,0.23077,0.23077,0.23077,0.23077
0.23077,0.23077,0.23077,0.23077,0.23077
0.23077,0.23077,0.23077,0.23077,0.23077
0.23077,0.23077,0.23077,0.23077,0.23077
0.23077,0.23077,0.23077,0.23077,0.23077
0.23077,0.23077,0.23077,0.23077,0.23077
0.23077,0.23077,0.23077,0.23077,0.23077
0.23077,0.23077,0.23077,0.23077,0.23077
0.23077,0.23077,0.23077,0.23077,0.23077
0.23077,0.23077,0.23077,0.23077,0.23077
0.23077,0.23077,0.23077,0.23077,0.23077
0.23077,0.23077,0.23077,0.23077,0.23077
0.23077,0.23077,0.23077,0.23077,0.23077
0.23077,0.23077,0.23077,0.23077,0.23077
0.23077,0.23077,0.23077,0.23077,0.23077
0.23077,0.23077,0.23077,0.23077,0.23077
0.23077,0.23077,0.23077,0.23077,0.23077
0.23077,0.23077,0.23077,0.23077,0.23077
0.23077,0.23077,0.23077,0.23077,0.23077
0.23077,0.23077,0.23077,0.23077,0.23077
0.23077,0.23077,0.23077,0.23077,0.23077
0.23077,0.23077,0.23077,0.23077,0.23077
0.23077,0.23077,0.23077,0.23077,0.23077
0.23077,0.23077,0.23077,0.23077,0.23077
0.23077,0.23077,0.23077,0.23077,0.23077
0.23077,0.23077,0.23077,0.23077,0.23077
0.23077,0.23077,0.23077,0.23077,0.23077
0.23077,0.23077,0.23077,0.23077,0.23077
0.23077,0.23077,0.23077,0.23077,0.23077
0.23077,0.23077,0.23077,0.23077,0.23077
0.23077,0.23077,0.23077,0.23077,0.23077
0.23077,0.23077,0.23077,0.23077,0.23077
0.23077,0.23077,0.23077,0.23077,0.23077
0.23077,0.23077,0.23077,0.23077,0.23077
0.23077,0.23077,0.23077,0.23077,0.23077
0.23077,0.23077,0.23077,0.23077,0.23077
0.23077,0.23077,0.23077,0.23077,0.23077
0.23077,0.23077,0.23077,0.23077,0.23077
0.23077,0.23077,0.23077,0.23077,0.23077
0.23077,0.23077,0.23077,0.23077,0.23077
0.23077,0.23077,0.23077,0.23077,0.23077
0.23077,0.23077,0.23077,0.23077,0.23077
0.23077,0.23077,0.23077,0.23077,0.23077
0.23077,0.23077,0.23077,0.23077,0.23077
0.23077,0.23077,0.23077,0.23077,0.23077
0.23077,0.23077,0.23077,0.23077,0.23077
0.23077,0.23077,0.23077,0.23077,0.23077
0.23077,0.23077,0.23077,0.23077,0.23077
0.23077,0.23077,0.23077,0.23077,0.23077
0.23077,0.23077,0.23077,0.23077,0.23077
0.23077,0.23077,0.23077,0.23077,0.23077
0.23077,0.23077,0.23077,0.23077,0.23077
0.23077,0.23077,0.23077,0.23077,0.23077
0.23077,0.23077,0.23077,0.23077,0.23077
0.23077,0.23077,0.23077,0.23077,0.23077
0.23077,0.23077,0.23077,0.23077,0.23077
0.23077,0.23077,0.23077,0.23077,0.23077
0.23077,0.23077,0.23077,0.23077,0.23077
0.23077,0.23077,0.23077,0.23077,0.23077
0.23077,0.23077,0.23077,0.23077,0.23077
0.23077,0.23077,0.23077,0.23077,0.23077
0.23077,0.23077,0.23077,0.23077,0.23077
0.23077,0.23077,0.23077,0.23077,0.23077
0.23077,0.23077,0.23077,0.23077,0.23077
0.23077,0.23077,0.23077,0.23077,0.23077
0.23077,0.23077,0.23077,0.23077,0.23077
0.23077,0.23077,0.23077,0.23077,0.23077
0.23077,0.23077,0.23077,0.23077,0.23077
0.23077,0.23077,0.23077,0.23077,0.23077
0.23077,0.23077,0.23077,0.23077,0.23077
0.23077,0.23077,0.23077,0.23077,0.23077
0.23077,0.23077,0.23077,0.23077,0.23077
0.23077,0.23077,0.23077,0.23077,0.23077
0.23077,0.23077,0.23077,0.23077,0.23077
0.23077,0.23077,0.23077,0.23077,0.23077
0.23077,0.23077,0.23077,0.23077,0.23077
0.23077,0.23077,0.23077,0.23077,0.23077
0.23077,0.23077,0.23077,0.23077,0.23077
0.23077,0.23077,0.23077,0.23077,0.23077
0.23077,0.23077,0.23077,0.23077,0.23077
0.23077,0.23077,0.23077,0.23077,0.23077
0.23077,0.23077,0.23077,0.23077,0.23077
0.23077,0.23077,0.23077,0.23077,0.23077
0.23077,0.23077,0.23077,0.23077,0.23077
0.23077,0.23077,0.23077,0.23077,0.23077
0.23077,0.23077,0.23077,0.23077,0.23077
0.23077,0.23077,0.23077,0.23077,0.23077
0.23077,0.23077,0.23077,0.23077,0.23077
0.23077,0.23077,0.23077,0.23077,0.23077
0.23077,0.23077,0.23077,0.23077,0.23077
0.23077,0.23077,0.23077,0.23077,0.23077
0.23077,0.23077,0.23077,0.23077,0.23077
0.23077,0.23077,0.23077,0.23077,0.23077
0.23077,0.23077,0.23077,0.23077,0.23077
0.23077,0.23077,0.23077,0.23077,0.23077
0.23077,0.23077,0.23077,0.23077,0.23077
0.23077,0.23077,0.23077,0.23077,0.23077
0.23077,0.23077,0.23077,0.23077,0.23077
0.23077,0.23077,0.23077,0.23077,0.23077
0.23077,0.23077,0.23077,0.23077,0.23077
0.23077,0.23077,0.23077,0.23077,0.23077
0.23077,0.23077,0.23077,0.23077,0.23077
0.23077,0.23077,0.23077,0.23077,0.23077
0.23077,0.23077,0.23077,0.23077,0.23077
0.23077,0.23077,0.23077,0.23077,0.23077
0.23077,0.23077,0.23077,0.23077,0.23077
0.23077,0.23077,0.23077,0.23077,0.23077
0.23077,0.23077,0.23077,0.23077,0.23077
0.23077,0.23077,0.23077,0.23077,0.23077
0.23077,0.23077,0.23077,0.23077,0.23077
0.23077,0.23077,0.23077,0.23077,0.23077
0.23077,0.23077,0.23077,0.23077,0.23077
0.23077,0.23077,0.23077,0.23077,0.23077
0.23077,0.23077,0.23077,0.23077,0.23077
0.23077,0.23077,0.23077,0.23077,0.23077
0.23077,0.23077,0.23077,0.23077,0.23077
0.23077,0.23077,0.23077,0.23077,0.23077
0.23077,0.23077,0.23077,0.23077,0.23077
0.23077,0.23077,0.23077,0.23077,0.23077
0.23077,0.23077,0.23077,0.23077,0.23077
0.23077,0.23077,0.23077,0.23077,0.23077
0.23077,0.23077,0.23077,0.23077,0.23077
0.23077,0.23077,0.23077,0.23077,0.23077
0.23077,0.23077,0.23077,0.23077,0.23077
0.23077,0.23077,0.23077,0.23077,0.23077
0.23077,0.23077,0.23077,0.23077,0.23077
0.23077,0.23077,0.23077,0.23077,0.23077
0.23077,0.23077,0.23077,0.23077,0.23077
0.23077,0.23077,0.23077,0.23077,0.23077
0.23077,0.23077,0.23077,0.23077,0.23077
0.23077,0.23077,0.23077,0.23077,0.23077
0.23077,0.23077,0.23077,0.23077,0.23077
0.23077,0.23077,0.23077,0.23077,0.23077
0.23077,0.23077,0.23077,0.23077,0.23077
0.23077,0.23077,0.23077,0.23077,0.23077
0.23077,0.23077,0.23077,0.23077,0.23077
0.23077,0.23077,0.23077,0.23077,0.23077
0.23077,0.23077,0.23077,0.23077,0.23077
0.23077,0.23077,0.23077,0.23077,0.23077
0.23077,0.23077,0.23077,0.23077,0.23077
0.23077,0.23077,0.23077,0.23077,0.23077
0.23077,0.23077,0.23077,0.23077,0.23077
0.23077,0.23077,0.23077,0.23077,0.23077
0.23077,0.23077,0.23077,0.23077,0.23077
0.23077,0.23077,0.23077,0.23077,0.23077
0.23077,0.23077,0.23077,0.23077,0.23077
0.23077,0.23077,0.23077,0.23077,0.23077
0.23077,0.23077,0.23077,0.23077,0.23077
0.23077,0.23077,0.23077,0.23077,0.23077
0.23077,0.23077,0.23077,0.23077,0.23077
0.23077,0.23077,0.23077,0.23077,0.23077
0.23077,0.23077,0.23077,0.23077,0.23077
0.23077,0.23077,0.23077,0.23077,0.23077
0.23077,0.23077,0.23077,0.23077,0.23077
0.23077,0.23077,0.23077,0.23077,0.23077
0.23077,0.23077,0.23077,0.23077,0.23077
0.23077,0.23077,0.23077,0.23077,0.23077
0.23077,0.23077,0.23077,0.23077,0.23077
0.23077,0.23077,0.23077,0.23077,0.23077
0.23077,0.23077,0.23077,0.23077,0.23077
0.23077,0.23077,0.23077,0.23077,0.23077
0.23077,0.23077,0.23077,0.23077,0.23077
0.23077,0.23077,0.23077,0.23077,0.23077
0.23077,0.23077,0.23077,0.23077,0.23077
0.23077,0.23077,0.23077,0.23077,0.23077
0.23077,0.23077,0.23077,0.23077,0.23077
0.23077,0.23077,0.23077,0.23077,0.23077
0.23077,0.23077,0.23077,0.23077,0.23077
0.23077,0.23077,0.23077,0.23077,0.23077
0.23077,0.23077,0.23077,0.23077,0.23077
0.23077,0.23077,0.23077,0.23077,0.23077
0.23077,0.23077,0.23077,0.23077,0.23077
0.23077,0.23077,0.23077,0.23077,0.23077
0.23077,0.23077,0.23077,0.23077,0.23077
0.23077,0.23077,0.23077,0.23077,0.23077
0.23077,0.23077,0.23077,0.23077,0.23077
0.23077,0.23077,0.23077,0.23077,0.23077
0.23077,0.23077,0.23077,0.23077,0.23077
0.23077,0.23077,0.23077,0.23077,0.23077
0.23077,0.23077,0.23077,0.23077,0.23077
0.23077,0.23077,0.23077,0.23077,0.23077
0.23077,0.23077,0.23077,0.23077,0.23077
0.23077,0.23077,0.23077,0.23077,0.23077
0.23077,0.23077,0.23077,0.23077,0.23077
0.23077,0.23077,0.23077,0.23077,0.23077
0.23077,0.23077,0.23077,0.23077,0.23077
0.23077,0.23077,0.23077,0.23077,0.23077
0.23077,0.23077,0.23077,0.23077,0.23077
0.23077,0.23077,0.23077,0.23077,0.23077
0.23077,0.23077,0.23077,0.23077,0.23077
0.23077,0.23077,0.23077,0.23077,0.23077
0.23077,0.23077,0.23077,0.23077,0.23077
0.23077,0.23077,0.23077,0.23077,0.23077
0.23077,0.23077,0.23077,0.23077,0.23077
0.23077,0.23077,0.23077,0.23077,0.23077
0.23077,0.23077,0.23077,0.23077,0.23077
0.23077,0.23077,0.23077,0.23077,0.23077
0.23077,0.23077,0.23077,0.23077,0.23077
0.23077,0.23077,0.23077,0.23077,0.23077
0.23077,0.23077,0.23077,0.23077,0.23077
0.23077,0.23077,0.23077,0.23077,0.23077
0.23077,0.23077,0.23077,0.23077,0.23077
0.23077,0.23077,0.23077,0.23077,0.23077
0.23077,0.23077,0.23077,0.23077,0.23077
0.23077,0.23077,0.23077,0.23077,0.23077
0.23077,0.23077,0.23077,0.23077,0.23077
0.23077,0.23077,0.23077,0.23077,0.23077
0.23077,0.23077,0.23077,0.23077,0.23077
0.23077,0.23077,0.23077,0.23077,0.23077
0.23077,0.23077,0.23077,0.23077,0.23077
0.23077,0.23077,0.23077,0.23077,0.23077
0.23077,0.23077,0.23077,0.23077,0.23077
0.23077,0.23077,0.23077,0.23077,0.23077
0.23077,0.23077,0.23077,0.23077,0.23077
0.23077,0.23077,0.23077,0.23077,0.23077
0.23077,0.23077,0.23077,0.23077,0.23077
0.23077,0.23077,0.23077,0.23077,0.23077
0.23077,0.23077,0.23077,0.23077,0.23077
0.23077,0.23077,0.23077,0.23077,0.23077
0.23077,0.23077,0.23077,0.23077,0.23077
0.23077,0.23077,0.23077,0.23077,0.23077
0.23077,0.23077,0.23077,0.23077,0.23077
0.23077,0.23077,0.23077,0.23077,0.23077
0.23077,0.23077,0.23077,0.23077,0.23077
0.23077,0.23077,0.23077,0.23077,0.23077
0.23077,0.23077,0.23077,0.23077,0.23077
0.23077,0.23077,0.23077,0.23077,0.23077
0.23077,0.23077,0.23077,0.23077,0.23077
0.23077,0.23077,0.23077,0.23077,0.23077
0.23077,0.23077,0.23077,0.23077,0.23077
0.23077,0.23077,0.23077,0.23077,0.23077
0.23077,0.23077,0.23077,0.23077,0.23077
0.23077,0.23077,0.23077,0.23077,0.23077
0.23077,0.23077,0.23077,0.23077,0.23077
0.23077,0.23077,0.23077,0.23077,0.23077
0.23077,0.23077,0.23077,0.23077,0.23077
0.23077,0.23077,0.23077,0.23077,0.23077
0.23077,0.23077,0.23077,0.23077,0.23077
0.23077,0.23077,0.23077,0.23077,0.23077
0.23077,0.23077,0.23077,0.23077,0.23077
0.23077,0.23077,0.23077,0.23077,0.23077
0.23077,0.23077,0.23077,0.23077,0.23077
0.23077,0.23077,0.23077,0.23077,0.23077
0.23077,0.23077,0.23077,0.23077,0.23077
0.23077,0.23077,0.23077,0.23077,0.23077
0.23077,0.23077,0.23077,0.23077,0.23077
0.23077,0.23077,0.23077,0.23077,0.23077
0.23077,0.23077,0.23077,0.23077,0.23077
0.23077,0.23077,0.23077,0.23077,0.23077
0.23077,0.23077,0.23077,0.23077,0.23077
0.23077,0.23077,0.23077,0.23077,0.23077
0.23077,0.23077,0.23077,0.23077,0.23077
0.23077,0.23077,0.23077,0.23077,0.23077
0.23077,0.23077,0.23077,0.23077,0.23077
0.23077,0.23077,0.23077,0.23077,0.23077
0.23077,0.23077,0.23077,0.23077,0.23077
0.23077,0.23077,0.23077,0.23077,0.23077
0.23077,0.23077,0.23077,0.23077,0.23077
0.23077,0.23077,0.23077,0.23077,0.23077
0.23077,0.23077,0.23077,0.23077,0.23077
0.23077,0.23077,0.23077,0.23077,0.23077
0.23077,0.23077,0.23077,0.23077,0.23077
0.23077,0.23077,0.23077,0.23077,0.23077
0.23077,0.23077,0.23077,0.23077,0.23077
0.23077,0.23077,0.23077,0.23077,0.23077
0.23077,0.23077,0.23077,0.23077,0.23077
0.23077,0.23077,0.23077,0.23077,0.23077
0.23077,0.23077,0.23077,0.23077,0.23077
0.23077,0.23077,0.23077,0.23077,0.23077
0.23077,0.23077,0.23077,0.23077,0.23077
0.23077,0.23077,0.23077,0.23077,0.23077
0.23077,0.23077,0.23077,0.23077,0.23077
0.23077,0.23077,0.23077,0.23077,0.23077
0.23077,0.23077,0.23077,0.23077,0.23077
0.23077,0.23077,0.23077,0.23077,0.23077
0.23077,0.23077,0.23077,0.23077,0.23077
0.23077,0.23077,0.23077,0.23077,0.23077
0.23077,0.23077,0.23077,0.23077,0.23077
0.23077,0.23077,0.23077,0.23077,0.23077
0.23077,0.23077,0.23077,0.23077,0.23077
0.23077,0.23077,0.23077,0.23077,0.23077
0.23077,0.23077,0.23077,0.23077,0.23077
0.23077,0.23077,0.23077,0.23077,0.23077
0.23077,0.23077,0.23077,0.23077,0.23077
0.23077,0.23077,0.23077,0.23077,0.23077
0.23077,0.23077,0.23077,0.23077,0.23077
0.23077,0.23077,0.23077,0.23077,0.23077
0.23077,0.23077,0.23077,0.23077,0.23077
0.23077,0.23077,0.23077,0.23077,0.23077
0.23077,0.23077,0.23077,0.23077,0.23077
0.23077,0.23077,0.23077,0.23077,0.23077
0.23077,0.23077,0.23077,0.23077,0.23077
0.23077,0.23077,0.23077,0.23077,0.23077
0.23077,0.23077,0.23077,0.23077,0.23077
0.23077,0.23077,0.23077,0.23077,0.23077
0.23077,0.23077,0.23077,0.23077,0.23077
0.23077,0.23077,0.23077,0.23077,0.23077
0.23077,0.23077,0.23077,0.23077,0.23077
0.23077,0.23077,0.23077,0.23077,0.23077
0.23077,0.23077,0.23077,0.23077,0.23077
0.23077,0.23077,0.23077,0.23077,0.23077
0.23077,0.23077,0.23077,0.23077,0.23077
0.23077,0.23077,0.23077,0.23077,0.23077
0.23077,0.23077,0.23077,0.23077,0.23077
0.23077,0.23077,0.23077,0.23077,0.23077
0.23077,0.23077,0.23077,0.23077,0.23077
0.23077,0.23077,0.23077,0.23077,0.23077
0.23077,0.23077,0.23077,0.23077,0.23077
0.23077,0.23077,0.23077,0.23077,0.23077
0.23077,0.23077,0.23077,0.23077,0.23077
0.23077,0.23077,0.23077,0.23077,0.23077
0.23077,0.23077,0.23077,0.23077,0.23077
0.23077,0.23077,0.23077,0.23077,0.23077
0.23077,0.23077,0.23077,0.23077,0.23077
0.23077,0.23077,0.23077,0.23077,0.23077
0.23077,0.23077,0.23077,0.23077,0.23077
0.23077,0.23077,0.23077,0.23077,0.23077
0.23077,0.23077,0.23077,0.23077,0.23077
0.23077,0.23077,0.23077,0.23077,0.23077
0.23077,0.23077,0.23077,0.23077,0.23077
0.23077,0.23077,0.23077,0.23077,0.23077
0.23077,0.23077,0.23077,0.23077,0.23077
0.23077,0.23077,0.23077,0.23077,0.23077
0.23077,0.23077,0.23077,0.23077,0.23077
