0.1,0.2,0.3,0.5,0.6
0.0534,0.0456,0.0618,0.069,0.0552
0.014514,0.015635,0.01641,0.01707,0.016904
0.0046992,0.0045767,0.0048288,0.0049378,0.0047269
0.0013919,0.0014112,0.0014246,0.001436,0.0014331
0.00042424,0.00042206,0.00042654,0.00042848,0.00042473
0.00012701,0.00012736,0.0001276,0.00012781,0.00012775
3.823e-05,3.8191e-05,3.8271e-05,3.8306e-05,3.8239e-05
1.1465e-05,1.1471e-05,1.1476e-05,1.1479e-05,1.1478e-05
3.4418e-06,3.4411e-06,3.4425e-06,3.4432e-06,3.442e-06
1.0325e-06,1.0326e-06,1.0327e-06,1.0327e-06,1.0327e-06
3.0978e-07,3.0977e-07,3.098e-07,3.0981e-07,3.0979e-07
9.2934e-08,9.2936e-08,9.2937e-08,9.2938e-08,9.2938e-08
2.7881e-08,2.7881e-08,2.7881e-08,2.7881e-08,2.7881e-08
8.3642e-09,8.3643e-09,8.3643e-09,8.3643e-09,8.3643e-09
2.5093e-09,2.5093e-09,2.5093e-09,2.5093e-09,2.5093e-09
7.5278e-10,7.5279e-10,7.5279e-10,7.5279e-10,7.5279e-10
2.2584e-10,2.2584e-10,2.2584e-10,2.2584e-10,2.2584e-10
6.7751e-11,6.7751e-11,6.7751e-11,6.7751e-11,6.7751e-11
2.0325e-11,2.0325e-11,2.0325e-11,2.0325e-11,2.0325e-11
6.0976e-12,6.0976e-12,6.0976e-12,6.0976e-12,6.0976e-12
1.8293e-12,1.8293e-12,1.8293e-12,1.8293e-12,1.8293e-12
5.4878e-13,5.4878e-13,5.4878e-13,5.4878e-13,5.4878e-13
1.6463e-13,1.6463e-13,1.6463e-13,1.6463e-13,1.6463e-13
4.939e-14,4.939e-14,4.939e-14,4.939e-14,4.939e-14
1.4817e-14,1.4817e-14,1.4817e-14,1.4817e-14,1.4817e-14
4.4451e-15,4.4451e-15,4.4451e-15,4.4451e-15,4.4451e-15
1.3335e-15,1.3335e-15,1.3335e-15,1.3335e-15,1.3335e-15
4.0006e-16,4.0006e-16,4.0006e-16,4.0006e-16,4.0006e-16
1.2002e-16,1.2002e-16,1.2002e-16,1.2002e-16,1.2002e-16
3.6005e-17,3.6005e-17,3.6005e-17,3.6005e-17,3.6005e-17
1.0802e-17,1.0802e-17,1.0802e-17,1.0802e-17,1.0802e-17
3.2405e-18,3.2405e-18,3.2405e-18,3.2405e-18,3.2405e-18
9.7215e-19,9.7215e-19,9.7215e-19,9.7215e-19,9.7215e-19
2.9164e-19,2.9164e-19,2.9164e-19,2.9164e-19,2.9164e-19
8.7493e-20,8.7493e-20,8.7493e-20,8.7493e-20,8.7493e-20
2.6248e-20,2.6248e-20,2.6248e-20,2.6248e-20,2.6248e-20
7.8744e-21,7.8744e-21,7.8744e-21,7.8744e-21,7.8744e-21
2.3623e-21,2.3623e-21,2.3623e-21,2.3623e-21,2.3623e-21
7.087e-22,7.087e-22,7.087e-22,7.087e-22,7.087e-22
2.1261e-22,2.1261e-22,2.1261e-22,2.1261e-22,2.1261e-22
6.3783e-23,6.3783e-23,6.3783e-23,6.3783e-23,6.3783e-23
1.9135e-23,1.9135e-23,1.9135e-23,1.9135e-23,1.9135e-23
5.7404e-24,5.7404e-24,5.7404e-24,5.7404e-24,5.7404e-24
1.7221e-24,1.7221e-24,1.7221e-24,1.7221e-24,1.7221e-24
5.1664e-25,5.1664e-25,5.1664e-25,5.1664e-25,5.1664e-25
1.5499e-25,1.5499e-25,1.5499e-25,1.5499e-25,1.5499e-25
4.6498e-26,4.6498e-26,4.6498e-26,4.6498e-26,4.6498e-26
1.3949e-26,1.3949e-26,1.3949e-26,1.3949e-26,1.3949e-26
4.1848e-27,4.1848e-27,4.1848e-27,4.1848e-27,4.1848e-27
1.2554e-27,1.2554e-27,1.2554e-27,1.2554e-27,1.2554e-27
3.7663e-28,3.7663e-28,3.7663e-28,3.7663e-28,3.7663e-28
1.1299e-28,1.1299e-28,1.1299e-28,1.1299e-28,1.1299e-28
3.3897e-29,3.3897e-29,3.3897e-29,3.3897e-29,3.3897e-29
1.0169e-29,1.0169e-29,1.0169e-29,1.0169e-29,1.0169e-29
3.0507e-30,3.0507e-30,3.0507e-30,3.0507e-30,3.0507e-30
9.1521e-31,9.1521e-31,9.1521e-31,9.1521e-31,9.1521e-31
2.7456e-31,2.7456e-31,2.7456e-31,2.7456e-31,2.7456e-31
8.2369e-32,8.2369e-32,8.2369e-32,8.2369e-32,8.2369e-32
2.4711e-32,2.4711e-32,2.4711e-32,2.4711e-32,2.4711e-32
7.4132e-33,7.4132e-33,7.4132e-33,7.4132e-33,7.4132e-33
2.224e-33,2.224e-33,2.224e-33,2.224e-33,2.224e-33
6.6719e-34,6.6719e-34,6.6719e-34,6.6719e-34,6.6719e-34
2.0016e-34,2.0016e-34,2.0016e-34,2.0016e-34,2.0016e-34
6.0047e-35,6.0047e-35,6.0047e-35,6.0047e-35,6.0047e-35
1.8014e-35,1.8014e-35,1.8014e-35,1.8014e-35,1.8014e-35
5.4042e-36,5.4042e-36,5.4042e-36,5.4042e-36,5.4042e-36
1.6213e-36,1.6213e-36,1.6213e-36,1.6213e-36,1.6213e-36
4.8638e-37,4.8638e-37,4.8638e-37,4.8638e-37,4.8638e-37
1.4591e-37,1.4591e-37,1.4591e-37,1.4591e-37,1.4591e-37
4.3774e-38,4.3774e-38,4.3774e-38,4.3774e-38,4.3774e-38
1.3132e-38,1.3132e-38,1.3132e-38,1.3132e-38,1.3132e-38
3.9397e-39,3.9397e-39,3.9397e-39,3.9397e-39,3.9397e-39
1.1819e-39,1.1819e-39,1.1819e-39,1.1819e-39,1.1819e-39
3.5457e-40,3.5457e-40,3.5457e-40,3.5457e-40,3.5457e-40
1.0637e-40,1.0637e-40,1.0637e-40,1.0637e-40,1.0637e-40
3.1911e-41,3.1911e-41,3.1911e-41,3.1911e-41,3.1911e-41
9.5734e-42,9.5734e-42,9.5734e-42,9.5734e-42,9.5734e-42
2.872e-42,2.872e-42,2.872e-42,2.872e-42,2.872e-42
8.6161e-43,8.6161e-43,8.6161e-43,8.6161e-43,8.6161e-43
2.5848e-43,2.5848e-43,2.5848e-43,2.5848e-43,2.5848e-43
7.7545e-44,7.7545e-44,7.7545e-44,7.7545e-44,7.7545e-44
2.3263e-44,2.3263e-44,2.3263e-44,2.3263e-44,2.3263e-44
6.979e-45,6.979e-45,6.979e-45,6.979e-45,6.979e-45
2.0937e-45,2.0937e-45,2.0937e-45,2.0937e-45,2.0937e-45
6.2811e-46,6.2811e-46,6.2811e-46,6.2811e-46,6.2811e-46
1.8843e-46,1.8843e-46,1.8843e-46,1.8843e-46,1.8843e-46
5.653e-47,5.653e-47,5.653e-47,5.653e-47,5.653e-47
1.6959e-47,1.6959e-47,1.6959e-47,1.6959e-47,1.6959e-47
5.0877e-48,5.0877e-48,5.0877e-48,5.0877e-48,5.0877e-48
1.5263e-48,1.5263e-48,1.5263e-48,1.5263e-48,1.5263e-48
4.5789e-49,4.5789e-49,4.5789e-49,4.5789e-49,4.5789e-49
1.3737e-49,1.3737e-49,1.3737e-49,1.3737e-49,1.3737e-49
4.121e-50,4.121e-50,4.121e-50,4.121e-50,4.121e-50
1.2363e-50,1.2363e-50,1.2363e-50,1.2363e-50,1.2363e-50
3.7089e-51,3.7089e-51,3.7089e-51,3.7089e-51,3.7089e-51
1.1127e-51,1.1127e-51,1.1127e-51,1.1127e-51,1.1127e-51
3.3381e-52,3.3381e-52,3.3381e-52,3.3381e-52,3.3381e-52
1.0014e-52,1.0014e-52,1.0014e-52,1.0014e-52,1.0014e-52
3.0042e-53,3.0042e-53,3.0042e-53,3.0042e-53,3.0042e-53
9.0127e-54,9.0127e-54,9.0127e-54,9.0127e-54,9.0127e-54
2.7038e-54,2.7038e-54,2.7038e-54,2.7038e-54,2.7038e-54
8.1115e-55,8.1115e-55,8.1115e-55,8.1115e-55,8.1115e-55
2.4334e-55,2.4334e-55,2.4334e-55,2.4334e-55,2.4334e-55
7.3003e-56,7.3003e-56,7.3003e-56,7.3003e-56,7.3003e-56
2.1901e-56,2.1901e-56,2.1901e-56,2.1901e-56,2.1901e-56
6.5703e-57,6.5703e-57,6.5703e-57,6.5703e-57,6.5703e-57
1.9711e-57,1.9711e-57,1.9711e-57,1.9711e-57,1.9711e-57
5.9133e-58,5.9133e-58,5.9133e-58,5.9133e-58,5.9133e-58
1.774e-58,1.774e-58,1.774e-58,1.774e-58,1.774e-58
5.3219e-59,5.3219e-59,5.3219e-59,5.3219e-59,5.3219e-59
1.5966e-59,1.5966e-59,1.5966e-59,1.5966e-59,1.5966e-59
4.7897e-60,4.7897e-60,4.7897e-60,4.7897e-60,4.7897e-60
1.4369e-60,1.4369e-60,1.4369e-60,1.4369e-60,1.4369e-60
4.3108e-61,4.3108e-61,4.3108e-61,4.3108e-61,4.3108e-61
1.2932e-61,1.2932e-61,1.2932e-61,1.2932e-61,1.2932e-61
3.8797e-62,3.8797e-62,3.8797e-62,3.8797e-62,3.8797e-62
1.1639e-62,1.1639e-62,1.1639e-62,1.1639e-62,1.1639e-62
3.4917e-63,3.4917e-63,3.4917e-63,3.4917e-63,3.4917e-63
1.0475e-63,1.0475e-63,1.0475e-63,1.0475e-63,1.0475e-63
3.1425e-64,3.1425e-64,3.1425e-64,3.1425e-64,3.1425e-64
9.4276e-65,9.4276e-65,9.4276e-65,9.4276e-65,9.4276e-65
2.8283e-65,2.8283e-65,2.8283e-65,2.8283e-65,2.8283e-65
8.4849e-66,8.4849e-66,8.4849e-66,8.4849e-66,8.4849e-66
2.5455e-66,2.5455e-66,2.5455e-66,2.5455e-66,2.5455e-66
7.6364e-67,7.6364e-67,7.6364e-67,7.6364e-67,7.6364e-67
2.2909e-67,2.2909e-67,2.2909e-67,2.2909e-67,2.2909e-67
6.8727e-68,6.8727e-68,6.8727e-68,6.8727e-68,6.8727e-68
2.0618e-68,2.0618e-68,2.0618e-68,2.0618e-68,2.0618e-68
6.1855e-69,6.1855e-69,6.1855e-69,6.1855e-69,6.1855e-69
1.8556e-69,1.8556e-69,1.8556e-69,1.8556e-69,1.8556e-69
5.5669e-70,5.5669e-70,5.5669e-70,5.5669e-70,5.5669e-70
1.6701e-70,1.6701e-70,1.6701e-70,1.6701e-70,1.6701e-70
5.0102e-71,5.0102e-71,5.0102e-71,5.0102e-71,5.0102e-71
1.5031e-71,1.5031e-71,1.5031e-71,1.5031e-71,1.5031e-71
4.5092e-72,4.5092e-72,4.5092e-72,4.5092e-72,4.5092e-72
1.3528e-72,1.3528e-72,1.3528e-72,1.3528e-72,1.3528e-72
4.0583e-73,4.0583e-73,4.0583e-73,4.0583e-73,4.0583e-73
1.2175e-73,1.2175e-73,1.2175e-73,1.2175e-73,1.2175e-73
3.6525e-74,3.6525e-74,3.6525e-74,3.6525e-74,3.6525e-74
1.0957e-74,1.0957e-74,1.0957e-74,1.0957e-74,1.0957e-74
3.2872e-75,3.2872e-75,3.2872e-75,3.2872e-75,3.2872e-75
9.8616e-76,9.8616e-76,9.8616e-76,9.8616e-76,9.8616e-76
2.9585e-76,2.9585e-76,2.9585e-76,2.9585e-76,2.9585e-76
8.8755e-77,8.8755e-77,8.8755e-77,8.8755e-77,8.8755e-77
2.6626e-77,2.6626e-77,2.6626e-77,2.6626e-77,2.6626e-77
7.9879e-78,7.9879e-78,7.9879e-78,7.9879e-78,7.9879e-78
2.3964e-78,2.3964e-78,2.3964e-78,2.3964e-78,2.3964e-78
7.1891e-79,7.1891e-79,7.1891e-79,7.1891e-79,7.1891e-79
2.1567e-79,2.1567e-79,2.1567e-79,2.1567e-79,2.1567e-79
6.4702e-80,6.4702e-80,6.4702e-80,6.4702e-80,6.4702e-80
1.9411e-80,1.9411e-80,1.9411e-80,1.9411e-80,1.9411e-80
5.8232e-81,5.8232e-81,5.8232e-81,5.8232e-81,5.8232e-81
1.747e-81,1.747e-81,1.747e-81,1.747e-81,1.747e-81
5.2409e-82,5.2409e-82,5.2409e-82,5.2409e-82,5.2409e-82
1.5723e-82,1.5723e-82,1.5723e-82,1.5723e-82,1.5723e-82
4.7168e-83,4.7168e-83,4.7168e-83,4.7168e-83,4.7168e-83
1.415e-83,1.415e-83,1.415e-83,1.415e-83,1.415e-83
4.2451e-84,4.2451e-84,4.2451e-84,4.2451e-84,4.2451e-84
1.2735e-84,1.2735e-84,1.2735e-84,1.2735e-84,1.2735e-84
3.8206e-85,3.8206e-85,3.8206e-85,3.8206e-85,3.8206e-85
1.1462e-85,1.1462e-85,1.1462e-85,1.1462e-85,1.1462e-85
3.4385e-86,3.4385e-86,3.4385e-86,3.4385e-86,3.4385e-86
1.0316e-86,1.0316e-86,1.0316e-86,1.0316e-86,1.0316e-86
3.0947e-87,3.0947e-87,3.0947e-87,3.0947e-87,3.0947e-87
9.2841e-88,9.2841e-88,9.2841e-88,9.2841e-88,9.2841e-88
2.7852e-88,2.7852e-88,2.7852e-88,2.7852e-88,2.7852e-88
8.3557e-89,8.3557e-89,8.3557e-89,8.3557e-89,8.3557e-89
2.5067e-89,2.5067e-89,2.5067e-89,2.5067e-89,2.5067e-89
7.5201e-90,7.5201e-90,7.5201e-90,7.5201e-90,7.5201e-90
2.256e-90,2.256e-90,2.256e-90,2.256e-90,2.256e-90
6.7681e-91,6.7681e-91,6.7681e-91,6.7681e-91,6.7681e-91
2.0304e-91,2.0304e-91,2.0304e-91,2.0304e-91,2.0304e-91
6.0913e-92,6.0913e-92,6.0913e-92,6.0913e-92,6.0913e-92
1.8274e-92,1.8274e-92,1.8274e-92,1.8274e-92,1.8274e-92
5.4821e-93,5.4821e-93,5.4821e-93,5.4821e-93,5.4821e-93
1.6446e-93,1.6446e-93,1.6446e-93,1.6446e-93,1.6446e-93
4.9339e-94,4.9339e-94,4.9339e-94,4.9339e-94,4.9339e-94
1.4802e-94,1.4802e-94,1.4802e-94,1.4802e-94,1.4802e-94
4.4405e-95,4.4405e-95,4.4405e-95,4.4405e-95,4.4405e-95
1.3322e-95,1.3322e-95,1.3322e-95,1.3322e-95,1.3322e-95
3.9965e-96,3.9965e-96,3.9965e-96,3.9965e-96,3.9965e-96
1.1989e-96,1.1989e-96,1.1989e-96,1.1989e-96,1.1989e-96
3.5968e-97,3.5968e-97,3.5968e-97,3.5968e-97,3.5968e-97
1.0791e-97,1.0791e-97,1.0791e-97,1.0791e-97,1.0791e-97
3.2372e-98,3.2372e-98,3.2372e-98,3.2372e-98,3.2372e-98
9.7115e-99,9.7115e-99,9.7115e-99,9.7115e-99,9.7115e-99
2.9134e-99,2.9134e-99,2.9134e-99,2.9134e-99,2.9134e-99
8.7403e-100,8.7403e-100,8.7403e-100,8.7403e-100,8.7403e-100
2.6221e-100,2.6221e-100,2.6221e-100,2.6221e-100,2.6221e-100
7.8663e-101,7.8663e-101,7.8663e-101,7.8663e-101,7.8663e-101
2.3599e-101,2.3599e-101,2.3599e-101,2.3599e-101,2.3599e-101
7.0797e-102,7.0797e-102,7.0797e-102,7.0797e-102,7.0797e-102
2.1239e-102,2.1239e-102,2.1239e-102,2.1239e-102,2.1239e-102
6.3717e-103,6.3717e-103,6.3717e-103,6.3717e-103,6.3717e-103
1.9115e-103,1.9115e-103,1.9115e-103,1.9115e-103,1.9115e-103
5.7345e-104,5.7345e-104,5.7345e-104,5.7345e-104,5.7345e-104
1.7204e-104,1.7204e-104,1.7204e-104,1.7204e-104,1.7204e-104
5.1611e-105,5.1611e-105,5.1611e-105,5.1611e-105,5.1611e-105
1.5483e-105,1.5483e-105,1.5483e-105,1.5483e-105,1.5483e-105
4.645e-106,4.645e-106,4.645e-106,4.645e-106,4.645e-106
1.3935e-106,1.3935e-106,1.3935e-106,1.3935e-106,1.3935e-106
4.1805e-107,4.1805e-107,4.1805e-107,4.1805e-107,4.1805e-107
1.2541e-107,1.2541e-107,1.2541e-107,1.2541e-107,1.2541e-107
3.7624e-108,3.7624e-108,3.7624e-108,3.7624e-108,3.7624e-108
1.1287e-108,1.1287e-108,1.1287e-108,1.1287e-108,1.1287e-108
3.3862e-109,3.3862e-109,3.3862e-109,3.3862e-109,3.3862e-109
1.0159e-109,1.0159e-109,1.0159e-109,1.0159e-109,1.0159e-109
3.0476e-110,3.0476e-110,3.0476e-110,3.0476e-110,3.0476e-110
9.1427e-111,9.1427e-111,9.1427e-111,9.1427e-111,9.1427e-111
2.7428e-111,2.7428e-111,2.7428e-111,2.7428e-111,2.7428e-111
8.2284e-112,8.2284e-112,8.2284e-112,8.2284e-112,8.2284e-112
2.4685e-112,2.4685e-112,2.4685e-112,2.4685e-112,2.4685e-112
7.4056e-113,7.4056e-113,7.4056e-113,7.4056e-113,7.4056e-113
2.2217e-113,2.2217e-113,2.2217e-113,2.2217e-113,2.2217e-113
6.665e-114,6.665e-114,6.665e-114,6.665e-114,6.665e-114
1.9995e-114,1.9995e-114,1.9995e-114,1.9995e-114,1.9995e-114
5.9985e-115,5.9985e-115,5.9985e-115,5.9985e-115,5.9985e-115
1.7996e-115,1.7996e-115,1.7996e-115,1.7996e-115,1.7996e-115
5.3987e-116,5.3987e-116,5.3987e-116,5.3987e-116,5.3987e-116
1.6196e-116,1.6196e-116,1.6196e-116,1.6196e-116,1.6196e-116
4.8588e-117,4.8588e-117,4.8588e-117,4.8588e-117,4.8588e-117
1.4576e-117,1.4576e-117,1.4576e-117,1.4576e-117,1.4576e-117
4.3729e-118,4.3729e-118,4.3729e-118,4.3729e-118,4.3729e-118
1.3119e-118,1.3119e-118,1.3119e-118,1.3119e-118,1.3119e-118
3.9356e-119,3.9356e-119,3.9356e-119,3.9356e-119,3.9356e-119
1.1807e-119,1.1807e-119,1.1807e-119,1.1807e-119,1.1807e-119
3.5421e-120,3.5421e-120,3.5421e-120,3.5421e-120,3.5421e-120
1.0626e-120,1.0626e-120,1.0626e-120,1.0626e-120,1.0626e-120
3.1879e-121,3.1879e-121,3.1879e-121,3.1879e-121,3.1879e-121
9.5636e-122,9.5636e-122,9.5636e-122,9.5636e-122,9.5636e-122
2.8691e-122,2.8691e-122,2.8691e-122,2.8691e-122,2.8691e-122
8.6072e-123,8.6072e-123,8.6072e-123,8.6072e-123,8.6072e-123
2.5822e-123,2.5822e-123,2.5822e-123,2.5822e-123,2.5822e-123
7.7465e-124,7.7465e-124,7.7465e-124,7.7465e-124,7.7465e-124
2.3239e-124,2.3239e-124,2.3239e-124,2.3239e-124,2.3239e-124
6.9718e-125,6.9718e-125,6.9718e-125,6.9718e-125,6.9718e-125
2.0916e-125,2.0916e-125,2.0916e-125,2.0916e-125,2.0916e-125
6.2747e-126,6.2747e-126,6.2747e-126,6.2747e-126,6.2747e-126
1.8824e-126,1.8824e-126,1.8824e-126,1.8824e-126,1.8824e-126
5.6472e-127,5.6472e-127,5.6472e-127,5.6472e-127,5.6472e-127
1.6942e-127,1.6942e-127,1.6942e-127,1.6942e-127,1.6942e-127
5.0825e-128,5.0825e-128,5.0825e-128,5.0825e-128,5.0825e-128
1.5247e-128,1.5247e-128,1.5247e-128,1.5247e-128,1.5247e-128
4.5742e-129,4.5742e-129,4.5742e-129,4.5742e-129,4.5742e-129
1.3723e-129,1.3723e-129,1.3723e-129,1.3723e-129,1.3723e-129
4.1168e-130,4.1168e-130,4.1168e-130,4.1168e-130,4.1168e-130
1.235e-130,1.235e-130,1.235e-130,1.235e-130,1.235e-130
3.7051e-131,3.7051e-131,3.7051e-131,3.7051e-131,3.7051e-131
1.1115e-131,1.1115e-131,1.1115e-131,1.1115e-131,1.1115e-131
3.3346e-132,3.3346e-132,3.3346e-132,3.3346e-132,3.3346e-132
1.0004e-132,1.0004e-132,1.0004e-132,1.0004e-132,1.0004e-132
3.0011e-133,3.0011e-133,3.0011e-133,3.0011e-133,3.0011e-133
9.0034e-134,9.0034e-134,9.0034e-134,9.0034e-134,9.0034e-134
2.701e-134,2.701e-134,2.701e-134,2.701e-134,2.701e-134
8.1031e-135,8.1031e-135,8.1031e-135,8.1031e-135,8.1031e-135
2.4309e-135,2.4309e-135,2.4309e-135,2.4309e-135,2.4309e-135
7.2928e-136,7.2928e-136,7.2928e-136,7.2928e-136,7.2928e-136
2.1878e-136,2.1878e-136,2.1878e-136,2.1878e-136,2.1878e-136
6.5635e-137,6.5635e-137,6.5635e-137,6.5635e-137,6.5635e-137
1.9691e-137,1.9691e-137,1.9691e-137,1.9691e-137,1.9691e-137
5.9072e-138,5.9072e-138,5.9072e-138,5.9072e-138,5.9072e-138
1.7721e-138,1.7721e-138,1.7721e-138,1.7721e-138,1.7721e-138
5.3164e-139,5.3164e-139,5.3164e-139,5.3164e-139,5.3164e-139
1.5949e-139,1.5949e-139,1.5949e-139,1.5949e-139,1.5949e-139
4.7848e-140,4.7848e-140,4.7848e-140,4.7848e-140,4.7848e-140
1.4354e-140,1.4354e-140,1.4354e-140,1.4354e-140,1.4354e-140
4.3063e-141,4.3063e-141,4.3063e-141,4.3063e-141,4.3063e-141
1.2919e-141,1.2919e-141,1.2919e-141,1.2919e-141,1.2919e-141
3.8757e-142,3.8757e-142,3.8757e-142,3.8757e-142,3.8757e-142
1.1627e-142,1.1627e-142,1.1627e-142,1.1627e-142,1.1627e-142
3.4881e-143,3.4881e-143,3.4881e-143,3.4881e-143,3.4881e-143
1.0464e-143,1.0464e-143,1.0464e-143,1.0464e-143,1.0464e-143
3.1393e-144,3.1393e-144,3.1393e-144,3.1393e-144,3.1393e-144
9.4179e-145,9.4179e-145,9.4179e-145,9.4179e-145,9.4179e-145
2.8254e-145,2.8254e-145,2.8254e-145,2.8254e-145,2.8254e-145
8.4761e-146,8.4761e-146,8.4761e-146,8.4761e-146,8.4761e-146
2.5428e-146,2.5428e-146,2.5428e-146,2.5428e-146,2.5428e-146
7.6285e-147,7.6285e-147,7.6285e-147,7.6285e-147,7.6285e-147
2.2886e-147,2.2886e-147,2.2886e-147,2.2886e-147,2.2886e-147
6.8657e-148,6.8657e-148,6.8657e-148,6.8657e-148,6.8657e-148
2.0597e-148,2.0597e-148,2.0597e-148,2.0597e-148,2.0597e-148
6.1791e-149,6.1791e-149,6.1791e-149,6.1791e-149,6.1791e-149
1.8537e-149,1.8537e-149,1.8537e-149,1.8537e-149,1.8537e-149
5.5612e-150,5.5612e-150,5.5612e-150,5.5612e-150,5.5612e-150
1.6684e-150,1.6684e-150,1.6684e-150,1.6684e-150,1.6684e-150
5.0051e-151,5.0051e-151,5.0051e-151,5.0051e-151,5.0051e-151
1.5015e-151,1.5015e-151,1.5015e-151,1.5015e-151,1.5015e-151
4.5046e-152,4.5046e-152,4.5046e-152,4.5046e-152,4.5046e-152
1.3514e-152,1.3514e-152,1.3514e-152,1.3514e-152,1.3514e-152
4.0541e-153,4.0541e-153,4.0541e-153,4.0541e-153,4.0541e-153
1.2162e-153,1.2162e-153,1.2162e-153,1.2162e-153,1.2162e-153
3.6487e-154,3.6487e-154,3.6487e-154,3.6487e-154,3.6487e-154
1.0946e-154,1.0946e-154,1.0946e-154,1.0946e-154,1.0946e-154
3.2838e-155,3.2838e-155,3.2838e-155,3.2838e-155,3.2838e-155
9.8515e-156,9.8515e-156,9.8515e-156,9.8515e-156,9.8515e-156
2.9554e-156,2.9554e-156,2.9554e-156,2.9554e-156,2.9554e-156
8.8663e-157,8.8663e-157,8.8663e-157,8.8663e-157,8.8663e-157
2.6599e-157,2.6599e-157,2.6599e-157,2.6599e-157,2.6599e-157
7.9797e-158,7.9797e-158,7.9797e-158,7.9797e-158,7.9797e-158
2.3939e-158,2.3939e-158,2.3939e-158,2.3939e-158,2.3939e-158
7.1817e-159,7.1817e-159,7.1817e-159,7.1817e-159,7.1817e-159
2.1545e-159,2.1545e-159,2.1545e-159,2.1545e-159,2.1545e-159
6.4636e-160,6.4636e-160,6.4636e-160,6.4636e-160,6.4636e-160
1.9391e-160,1.9391e-160,1.9391e-160,1.9391e-160,1.9391e-160
5.8172e-161,5.8172e-161,5.8172e-161,5.8172e-161,5.8172e-161
1.7452e-161,1.7452e-161,1.7452e-161,1.7452e-161,1.7452e-161
5.2355e-162,5.2355e-162,5.2355e-162,5.2355e-162,5.2355e-162
1.5706e-162,1.5706e-162,1.5706e-162,1.5706e-162,1.5706e-162
4.7119e-163,4.7119e-163,4.7119e-163,4.7119e-163,4.7119e-163
1.4136e-163,1.4136e-163,1.4136e-163,1.4136e-163,1.4136e-163
4.2407e-164,4.2407e-164,4.2407e-164,4.2407e-164,4.2407e-164
1.2722e-164,1.2722e-164,1.2722e-164,1.2722e-164,1.2722e-164
3.8167e-165,3.8167e-165,3.8167e-165,3.8167e-165,3.8167e-165
1.145e-165,1.145e-165,1.145e-165,1.145e-165,1.145e-165
3.435e-166,3.435e-166,3.435e-166,3.435e-166,3.435e-166
1.0305e-166,1.0305e-166,1.0305e-166,1.0305e-166,1.0305e-166
3.0915e-167,3.0915e-167,3.0915e-167,3.0915e-167,3.0915e-167
9.2745e-168,9.2745e-168,9.2745e-168,9.2745e-168,9.2745e-168
2.7823e-168,2.7823e-168,2.7823e-168,2.7823e-168,2.7823e-168
8.347e-169,8.347e-169,8.347e-169,8.347e-169,8.347e-169
2.5041e-169,2.5041e-169,2.5041e-169,2.5041e-169,2.5041e-169
7.5123e-170,7.5123e-170,7.5123e-170,7.5123e-170,7.5123e-170
2.2537e-170,2.2537e-170,2.2537e-170,2.2537e-170,2.2537e-170
6.7611e-171,6.7611e-171,6.7611e-171,6.7611e-171,6.7611e-171
2.0283e-171,2.0283e-171,2.0283e-171,2.0283e-171,2.0283e-171
6.085e-172,6.085e-172,6.085e-172,6.085e-172,6.085e-172
1.8255e-172,1.8255e-172,1.8255e-172,1.8255e-172,1.8255e-172
5.4765e-173,5.4765e-173,5.4765e-173,5.4765e-173,5.4765e-173
1.6429e-173,1.6429e-173,1.6429e-173,1.6429e-173,1.6429e-173
4.9288e-174,4.9288e-174,4.9288e-174,4.9288e-174,4.9288e-174
1.4787e-174,1.4787e-174,1.4787e-174,1.4787e-174,1.4787e-174
4.436e-175,4.436e-175,4.436e-175,4.436e-175,4.436e-175
1.3308e-175,1.3308e-175,1.3308e-175,1.3308e-175,1.3308e-175
3.9924e-176,3.9924e-176,3.9924e-176,3.9924e-176,3.9924e-176
1.1977e-176,1.1977e-176,1.1977e-176,1.1977e-176,1.1977e-176
3.5931e-177,3.5931e-177,3.5931e-177,3.5931e-177,3.5931e-177
1.0779e-177,1.0779e-177,1.0779e-177,1.0779e-177,1.0779e-177
3.2338e-178,3.2338e-178,3.2338e-178,3.2338e-178,3.2338e-178
9.7014e-179,9.7014e-179,9.7014e-179,9.7014e-179,9.7014e-179
2.9104e-179,2.9104e-179,2.9104e-179,2.9104e-179,2.9104e-179
8.7313e-180,8.7313e-180,8.7313e-180,8.7313e-180,8.7313e-180
2.6194e-180,2.6194e-180,2.6194e-180,2.6194e-180,2.6194e-180
7.8582e-181,7.8582e-181,7.8582e-181,7.8582e-181,7.8582e-181
2.3575e-181,2.3575e-181,2.3575e-181,2.3575e-181,2.3575e-181
7.0724e-182,7.0724e-182,7.0724e-182,7.0724e-182,7.0724e-182
2.1217e-182,2.1217e-182,2.1217e-182,2.1217e-182,2.1217e-182
6.3651e-183,6.3651e-183,6.3651e-183,6.3651e-183,6.3651e-183
1.9095e-183,1.9095e-183,1.9095e-183,1.9095e-183,1.9095e-183
5.7286e-184,5.7286e-184,5.7286e-184,5.7286e-184,5.7286e-184
1.7186e-184,1.7186e-184,1.7186e-184,1.7186e-184,1.7186e-184
5.1557e-185,5.1557e-185,5.1557e-185,5.1557e-185,5.1557e-185
1.5467e-185,1.5467e-185,1.5467e-185,1.5467e-185,1.5467e-185
4.6402e-186,4.6402e-186,4.6402e-186,4.6402e-186,4.6402e-186
1.3921e-186,1.3921e-186,1.3921e-186,1.3921e-186,1.3921e-186
4.1762e-187,4.1762e-187,4.1762e-187,4.1762e-187,4.1762e-187
1.2528e-187,1.2528e-187,1.2528e-187,1.2528e-187,1.2528e-187
3.7585e-188,3.7585e-188,3.7585e-188,3.7585e-188,3.7585e-188
1.1276e-188,1.1276e-188,1.1276e-188,1.1276e-188,1.1276e-188
3.3827e-189,3.3827e-189,3.3827e-189,3.3827e-189,3.3827e-189
1.0148e-189,1.0148e-189,1.0148e-189,1.0148e-189,1.0148e-189
3.0444e-190,3.0444e-190,3.0444e-190,3.0444e-190,3.0444e-190
9.1332e-191,9.1332e-191,9.1332e-191,9.1332e-191,9.1332e-191
2.74e-191,2.74e-191,2.74e-191,2.74e-191,2.74e-191
8.2199e-192,8.2199e-192,8.2199e-192,8.2199e-192,8.2199e-192
2.466e-192,2.466e-192,2.466e-192,2.466e-192,2.466e-192
7.3979e-193,7.3979e-193,7.3979e-193,7.3979e-193,7.3979e-193
2.2194e-193,2.2194e-193,2.2194e-193,2.2194e-193,2.2194e-193
6.6581e-194,6.6581e-194,6.6581e-194,6.6581e-194,6.6581e-194
1.9974e-194,1.9974e-194,1.9974e-194,1.9974e-194,1.9974e-194
5.9923e-195,5.9923e-195,5.9923e-195,5.9923e-195,5.9923e-195
1.7977e-195,1.7977e-195,1.7977e-195,1.7977e-195,1.7977e-195
5.3931e-196,5.3931e-196,5.3931e-196,5.3931e-196,5.3931e-196
1.6179e-196,1.6179e-196,1.6179e-196,1.6179e-196,1.6179e-196
4.8538e-197,4.8538e-197,4.8538e-197,4.8538e-197,4.8538e-197
1.4561e-197,1.4561e-197,1.4561e-197,1.4561e-197,1.4561e-197
4.3684e-198,4.3684e-198,4.3684e-198,4.3684e-198,4.3684e-198
1.3105e-198,1.3105e-198,1.3105e-198,1.3105e-198,1.3105e-198
3.9316e-199,3.9316e-199,3.9316e-199,3.9316e-199,3.9316e-199
1.1795e-199,1.1795e-199,1.1795e-199,1.1795e-199,1.1795e-199
3.5384e-200,3.5384e-200,3.5384e-200,3.5384e-200,3.5384e-200
1.0615e-200,1.0615e-200,1.0615e-200,1.0615e-200,1.0615e-200
3.1846e-201,3.1846e-201,3.1846e-201,3.1846e-201,3.1846e-201
9.5537e-202,9.5537e-202,9.5537e-202,9.5537e-202,9.5537e-202
2.8661e-202,2.8661e-202,2.8661e-202,2.8661e-202,2.8661e-202
8.5983e-203,8.5983e-203,8.5983e-203,8.5983e-203,8.5983e-203
2.5795e-203,2.5795e-203,2.5795e-203,2.5795e-203,2.5795e-203
7.7385e-204,7.7385e-204,7.7385e-204,7.7385e-204,7.7385e-204
2.3215e-204,2.3215e-204,2.3215e-204,2.3215e-204,2.3215e-204
6.9646e-205,6.9646e-205,6.9646e-205,6.9646e-205,6.9646e-205
2.0894e-205,2.0894e-205,2.0894e-205,2.0894e-205,2.0894e-205
6.2682e-206,6.2682e-206,6.2682e-206,6.2682e-206,6.2682e-206
1.8805e-206,1.8805e-206,1.8805e-206,1.8805e-206,1.8805e-206
5.6414e-207,5.6414e-207,5.6414e-207,5.6414e-207,5.6414e-207
1.6924e-207,1.6924e-207,1.6924e-207,1.6924e-207,1.6924e-207
5.0772e-208,5.0772e-208,5.0772e-208,5.0772e-208,5.0772e-208
1.5232e-208,1.5232e-208,1.5232e-208,1.5232e-208,1.5232e-208
4.5695e-209,4.5695e-209,4.5695e-209,4.5695e-209,4.5695e-209
1.3709e-209,1.3709e-209,1.3709e-209,1.3709e-209,1.3709e-209
4.1126e-210,4.1126e-210,4.1126e-210,4.1126e-210,4.1126e-210
1.2338e-210,1.2338e-210,1.2338e-210,1.2338e-210,1.2338e-210
3.7013e-211,3.7013e-211,3.7013e-211,3.7013e-211,3.7013e-211
1.1104e-211,1.1104e-211,1.1104e-211,1.1104e-211,1.1104e-211
3.3312e-212,3.3312e-212,3.3312e-212,3.3312e-212,3.3312e-212
9.9935e-213,9.9935e-213,9.9935e-213,9.9935e-213,9.9935e-213
2.9981e-213,2.9981e-213,2.9981e-213,2.9981e-213,2.9981e-213
8.9942e-214,8.9942e-214,8.9942e-214,8.9942e-214,8.9942e-214
2.6982e-214,2.6982e-214,2.6982e-214,2.6982e-214,2.6982e-214
8.0947e-215,8.0947e-215,8.0947e-215,8.0947e-215,8.0947e-215
2.4284e-215,2.4284e-215,2.4284e-215,2.4284e-215,2.4284e-215
7.2853e-216,7.2853e-216,7.2853e-216,7.2853e-216,7.2853e-216
2.1856e-216,2.1856e-216,2.1856e-216,2.1856e-216,2.1856e-216
6.5567e-217,6.5567e-217,6.5567e-217,6.5567e-217,6.5567e-217
1.967e-217,1.967e-217,1.967e-217,1.967e-217,1.967e-217
5.9011e-218,5.9011e-218,5.9011e-218,5.9011e-218,5.9011e-218
1.7703e-218,1.7703e-218,1.7703e-218,1.7703e-218,1.7703e-218
5.311e-219,5.311e-219,5.311e-219,5.311e-219,5.311e-219
1.5933e-219,1.5933e-219,1.5933e-219,1.5933e-219,1.5933e-219
4.7799e-220,4.7799e-220,4.7799e-220,4.7799e-220,4.7799e-220
1.434e-220,1.434e-220,1.434e-220,1.434e-220,1.434e-220
4.3019e-221,4.3019e-221,4.3019e-221,4.3019e-221,4.3019e-221
1.2906e-221,1.2906e-221,1.2906e-221,1.2906e-221,1.2906e-221
3.8717e-222,3.8717e-222,3.8717e-222,3.8717e-222,3.8717e-222
1.1615e-222,1.1615e-222,1.1615e-222,1.1615e-222,1.1615e-222
3.4845e-223,3.4845e-223,3.4845e-223,3.4845e-223,3.4845e-223
1.0454e-223,1.0454e-223,1.0454e-223,1.0454e-223,1.0454e-223
3.1361e-224,3.1361e-224,3.1361e-224,3.1361e-224,3.1361e-224
9.4082e-225,9.4082e-225,9.4082e-225,9.4082e-225,9.4082e-225
2.8225e-225,2.8225e-225,2.8225e-225,2.8225e-225,2.8225e-225
8.4674e-226,8.4674e-226,8.4674e-226,8.4674e-226,8.4674e-226
2.5402e-226,2.5402e-226,2.5402e-226,2.5402e-226,2.5402e-226
7.6206e-227,7.6206e-227,7.6206e-227,7.6206e-227,7.6206e-227
2.2862e-227,2.2862e-227,2.2862e-227,2.2862e-227,2.2862e-227
6.8586e-228,6.8586e-228,6.8586e-228,6.8586e-228,6.8586e-228
2.0576e-228,2.0576e-228,2.0576e-228,2.0576e-228,2.0576e-228
6.1727e-229,6.1727e-229,6.1727e-229,6.1727e-229,6.1727e-229
1.8518e-229,1.8518e-229,1.8518e-229,1.8518e-229,1.8518e-229
5.5555e-230,5.5555e-230,5.5555e-230,5.5555e-230,5.5555e-230
1.6666e-230,1.6666e-230,1.6666e-230,1.6666e-230,1.6666e-230
4.9999e-231,4.9999e-231,4.9999e-231,4.9999e-231,4.9999e-231
1.5e-231,1.5e-231,1.5e-231,1.5e-231,1.5e-231
4.4999e-232,4.4999e-232,4.4999e-232,4.4999e-232,4.4999e-232
1.35e-232,1.35e-232,1.35e-232,1.35e-232,1.35e-232
4.0499e-233,4.0499e-233,4.0499e-233,4.0499e-233,4.0499e-233
1.215e-233,1.215e-233,1.215e-233,1.215e-233,1.215e-233
3.6449e-234,3.6449e-234,3.6449e-234,3.6449e-234,3.6449e-234
1.0935e-234,1.0935e-234,1.0935e-234,1.0935e-234,1.0935e-234
3.2804e-235,3.2804e-235,3.2804e-235,3.2804e-235,3.2804e-235
9.8413e-236,9.8413e-236,9.8413e-236,9.8413e-236,9.8413e-236
2.9524e-236,2.9524e-236,2.9524e-236,2.9524e-236,2.9524e-236
8.8572e-237,8.8572e-237,8.8572e-237,8.8572e-237,8.8572e-237
2.6572e-237,2.6572e-237,2.6572e-237,2.6572e-237,2.6572e-237
7.9715e-238,7.9715e-238,7.9715e-238,7.9715e-238,7.9715e-238
2.3914e-238,2.3914e-238,2.3914e-238,2.3914e-238,2.3914e-238
7.1743e-239,7.1743e-239,7.1743e-239,7.1743e-239,7.1743e-239
2.1523e-239,2.1523e-239,2.1523e-239,2.1523e-239,2.1523e-239
6.4569e-240,6.4569e-240,6.4569e-240,6.4569e-240,6.4569e-240
1.9371e-240,1.9371e-240,1.9371e-240,1.9371e-240,1.9371e-240
5.8112e-241,5.8112e-241,5.8112e-241,5.8112e-241,5.8112e-241
1.7434e-241,1.7434e-241,1.7434e-241,1.7434e-241,1.7434e-241
5.2301e-242,5.2301e-242,5.2301e-242,5.2301e-242,5.2301e-242
1.569e-242,1.569e-242,1.569e-242,1.569e-242,1.569e-242
4.7071e-243,4.7071e-243,4.7071e-243,4.7071e-243,4.7071e-243
1.4121e-243,1.4121e-243,1.4121e-243,1.4121e-243,1.4121e-243
4.2364e-244,4.2364e-244,4.2364e-244,4.2364e-244,4.2364e-244
1.2709e-244,1.2709e-244,1.2709e-244,1.2709e-244,1.2709e-244
3.8127e-245,3.8127e-245,3.8127e-245,3.8127e-245,3.8127e-245
1.1438e-245,1.1438e-245,1.1438e-245,1.1438e-245,1.1438e-245
3.4315e-246,3.4315e-246,3.4315e-246,3.4315e-246,3.4315e-246
1.0294e-246,1.0294e-246,1.0294e-246,1.0294e-246,1.0294e-246
3.0883e-247,3.0883e-247,3.0883e-247,3.0883e-247,3.0883e-247
9.2649e-248,9.2649e-248,9.2649e-248,9.2649e-248,9.2649e-248
2.7795e-248,2.7795e-248,2.7795e-248,2.7795e-248,2.7795e-248
8.3384e-249,8.3384e-249,8.3384e-249,8.3384e-249,8.3384e-249
2.5015e-249,2.5015e-249,2.5015e-249,2.5015e-249,2.5015e-249
7.5046e-250,7.5046e-250,7.5046e-250,7.5046e-250,7.5046e-250
2.2514e-250,2.2514e-250,2.2514e-250,2.2514e-250,2.2514e-250
6.7541e-251,6.7541e-251,6.7541e-251,6.7541e-251,6.7541e-251
2.0262e-251,2.0262e-251,2.0262e-251,2.0262e-251,2.0262e-251
6.0787e-252,6.0787e-252,6.0787e-252,6.0787e-252,6.0787e-252
1.8236e-252,1.8236e-252,1.8236e-252,1.8236e-252,1.8236e-252
5.4708e-253,5.4708e-253,5.4708e-253,5.4708e-253,5.4708e-253
1.6413e-253,1.6413e-253,1.6413e-253,1.6413e-253,1.6413e-253
4.9238e-254,4.9238e-254,4.9238e-254,4.9238e-254,4.9238e-254
1.4771e-254,1.4771e-254,1.4771e-254,1.4771e-254,1.4771e-254
4.4314e-255,4.4314e-255,4.4314e-255,4.4314e-255,4.4314e-255
1.3294e-255,1.3294e-255,1.3294e-255,1.3294e-255,1.3294e-255
3.9882e-256,3.9882e-256,3.9882e-256,3.9882e-256,3.9882e-256
1.1965e-256,1.1965e-256,1.1965e-256,1.1965e-256,1.1965e-256
3.5894e-257,3.5894e-257,3.5894e-257,3.5894e-257,3.5894e-257
1.0768e-257,1.0768e-257,1.0768e-257,1.0768e-257,1.0768e-257
3.2305e-258,3.2305e-258,3.2305e-258,3.2305e-258,3.2305e-258
9.6914e-259,9.6914e-259,9.6914e-259,9.6914e-259,9.6914e-259
2.9074e-259,2.9074e-259,2.9074e-259,2.9074e-259,2.9074e-259
8.7223e-260,8.7223e-260,8.7223e-260,8.7223e-260,8.7223e-260
2.6167e-260,2.6167e-260,2.6167e-260,2.6167e-260,2.6167e-260
7.8501e-261,7.8501e-261,7.8501e-261,7.8501e-261,7.8501e-261
2.355e-261,2.355e-261,2.355e-261,2.355e-261,2.355e-261
7.0651e-262,7.0651e-262,7.0651e-262,7.0651e-262,7.0651e-262
2.1195e-262,2.1195e-262,2.1195e-262,2.1195e-262,2.1195e-262
6.3586e-263,6.3586e-263,6.3586e-263,6.3586e-263,6.3586e-263
1.9076e-263,1.9076e-263,1.9076e-263,1.9076e-263,1.9076e-263
5.7227e-264,5.7227e-264,5.7227e-264,5.7227e-264,5.7227e-264
1.7168e-264,1.7168e-264,1.7168e-264,1.7168e-264,1.7168e-264
5.1504e-265,5.1504e-265,5.1504e-265,5.1504e-265,5.1504e-265
1.5451e-265,1.5451e-265,1.5451e-265,1.5451e-265,1.5451e-265
4.6354e-266,4.6354e-266,4.6354e-266,4.6354e-266,4.6354e-266
1.3906e-266,1.3906e-266,1.3906e-266,1.3906e-266,1.3906e-266
4.1718e-267,4.1718e-267,4.1718e-267,4.1718e-267,4.1718e-267
1.2516e-267,1.2516e-267,1.2516e-267,1.2516e-267,1.2516e-267
3.7547e-268,3.7547e-268,3.7547e-268,3.7547e-268,3.7547e-268
1.1264e-268,1.1264e-268,1.1264e-268,1.1264e-268,1.1264e-268
3.3792e-269,3.3792e-269,3.3792e-269,3.3792e-269,3.3792e-269
1.0138e-269,1.0138e-269,1.0138e-269,1.0138e-269,1.0138e-269
3.0413e-270,3.0413e-270,3.0413e-270,3.0413e-270,3.0413e-270
9.1238e-271,9.1238e-271,9.1238e-271,9.1238e-271,9.1238e-271
2.7371e-271,2.7371e-271,2.7371e-271,2.7371e-271,2.7371e-271
8.2114e-272,8.2114e-272,8.2114e-272,8.2114e-272,8.2114e-272
2.4634e-272,2.4634e-272,2.4634e-272,2.4634e-272,2.4634e-272
7.3903e-273,7.3903e-273,7.3903e-273,7.3903e-273,7.3903e-273
2.2171e-273,2.2171e-273,2.2171e-273,2.2171e-273,2.2171e-273
6.6513e-274,6.6513e-274,6.6513e-274,6.6513e-274,6.6513e-274
1.9954e-274,1.9954e-274,1.9954e-274,1.9954e-274,1.9954e-274
5.9861e-275,5.9861e-275,5.9861e-275,5.9861e-275,5.9861e-275
1.7958e-275,1.7958e-275,1.7958e-275,1.7958e-275,1.7958e-275
5.3875e-276,5.3875e-276,5.3875e-276,5.3875e-276,5.3875e-276
1.6163e-276,1.6163e-276,1.6163e-276,1.6163e-276,1.6163e-276
4.8488e-277,4.8488e-277,4.8488e-277,4.8488e-277,4.8488e-277
1.4546e-277,1.4546e-277,1.4546e-277,1.4546e-277,1.4546e-277
4.3639e-278,4.3639e-278,4.3639e-278,4.3639e-278,4.3639e-278
1.3092e-278,1.3092e-278,1.3092e-278,1.3092e-278,1.3092e-278
3.9275e-279,3.9275e-279,3.9275e-279,3.9275e-279,3.9275e-279
1.1783e-279,1.1783e-279,1.1783e-279,1.1783e-279,1.1783e-279
3.5348e-280,3.5348e-280,3.5348e-280,3.5348e-280,3.5348e-280
1.0604e-280,1.0604e-280,1.0604e-280,1.0604e-280,1.0604e-280
3.1813e-281,3.1813e-281,3.1813e-281,3.1813e-281,3.1813e-281
9.5439e-282,9.5439e-282,9.5439e-282,9.5439e-282,9.5439e-282
2.8632e-282,2.8632e-282,2.8632e-282,2.8632e-282,2.8632e-282
8.5895e-283,8.5895e-283,8.5895e-283,8.5895e-283,8.5895e-283
2.5768e-283,2.5768e-283,2.5768e-283,2.5768e-283,2.5768e-283
7.7305e-284,7.7305e-284,7.7305e-284,7.7305e-284,7.7305e-284
2.3192e-284,2.3192e-284,2.3192e-284,2.3192e-284,2.3192e-284
6.9575e-285,6.9575e-285,6.9575e-285,6.9575e-285,6.9575e-285
2.0872e-285,2.0872e-285,2.0872e-285,2.0872e-285,2.0872e-285
6.2617e-286,6.2617e-286,6.2617e-286,6.2617e-286,6.2617e-286
1.8785e-286,1.8785e-286,1.8785e-286,1.8785e-286,1.8785e-286
5.6355e-287,5.6355e-287,5.6355e-287,5.6355e-287,5.6355e-287
1.6907e-287,1.6907e-287,1.6907e-287,1.6907e-287,1.6907e-287
5.072e-288,5.072e-288,5.072e-288,5.072e-288,5.072e-288
1.5216e-288,1.5216e-288,1.5216e-288,1.5216e-288,1.5216e-288
4.5648e-289,4.5648e-289,4.5648e-289,4.5648e-289,4.5648e-289
1.3694e-289,1.3694e-289,1.3694e-289,1.3694e-289,1.3694e-289
4.1083e-290,4.1083e-290,4.1083e-290,4.1083e-290,4.1083e-290
1.2325e-290,1.2325e-290,1.2325e-290,1.2325e-290,1.2325e-290
3.6975e-291,3.6975e-291,3.6975e-291,3.6975e-291,3.6975e-291
1.1092e-291,1.1092e-291,1.1092e-291,1.1092e-291,1.1092e-291
3.3277e-292,3.3277e-292,3.3277e-292,3.3277e-292,3.3277e-292
9.9832e-293,9.9832e-293,9.9832e-293,9.9832e-293,9.9832e-293
2.995e-293,2.995e-293,2.995e-293,2.995e-293,2.995e-293
8.9849e-294,8.9849e-294,8.9849e-294,8.9849e-294,8.9849e-294
2.6955e-294,2.6955e-294,2.6955e-294,2.6955e-294,2.6955e-294
8.0864e-295,8.0864e-295,8.0864e-295,8.0864e-295,8.0864e-295
2.4259e-295,2.4259e-295,2.4259e-295,2.4259e-295,2.4259e-295
7.2778e-296,7.2778e-296,7.2778e-296,7.2778e-296,7.2778e-296
2.1833e-296,2.1833e-296,2.1833e-296,2.1833e-296,2.1833e-296
6.55e-297,6.55e-297,6.55e-297,6.55e-297,6.55e-297
1.965e-297,1.965e-297,1.965e-297,1.965e-297,1.965e-297
5.895e-298,5.895e-298,5.895e-298,5.895e-298,5.895e-298
1.7685e-298,1.7685e-298,1.7685e-298,1.7685e-298,1.7685e-298
5.3055e-299,5.3055e-299,5.3055e-299,5.3055e-299,5.3055e-299
1.5916e-299,1.5916e-299,1.5916e-299,1.5916e-299,1.5916e-299
4.7749e-300,4.7749e-300,4.7749e-300,4.7749e-300,4.7749e-300
1.4325e-300,1.4325e-300,1.4325e-300,1.4325e-300,1.4325e-300
4.2974e-301,4.2974e-301,4.2974e-301,4.2974e-301,4.2974e-301
1.2892e-301,1.2892e-301,1.2892e-301,1.2892e-301,1.2892e-301
3.8677e-302,3.8677e-302,3.8677e-302,3.8677e-302,3.8677e-302
1.1603e-302,1.1603e-302,1.1603e-302,1.1603e-302,1.1603e-302
3.4809e-303,3.4809e-303,3.4809e-303,3.4809e-303,3.4809e-303
1.0443e-303,1.0443e-303,1.0443e-303,1.0443e-303,1.0443e-303
3.1328e-304,3.1328e-304,3.1328e-304,3.1328e-304,3.1328e-304
9.3985e-305,9.3985e-305,9.3985e-305,9.3985e-305,9.3985e-305
2.8196e-305,2.8196e-305,2.8196e-305,2.8196e-305,2.8196e-305
8.4587e-306,8.4587e-306,8.4587e-306,8.4587e-306,8.4587e-306
2.5376e-306,2.5376e-306,2.5376e-306,2.5376e-306,2.5376e-306
7.6128e-307,7.6128e-307,7.6128e-307,7.6128e-307,7.6128e-307
2.2838e-307,2.2838e-307,2.2838e-307,2.2838e-307,2.2838e-307
6.8515e-308,6.8515e-308,6.8515e-308,6.8515e-308,6.8515e-308
2.0555e-308,2.0555e-308,2.0555e-308,2.0555e-308,2.0555e-308
6.1664e-309,6.1664e-309,6.1664e-309,6.1664e-309,6.1664e-309
1.8499e-309,1.8499e-309,1.8499e-309,1.8499e-309,1.8499e-309
5.5497e-310,5.5497e-310,5.5497e-310,5.5497e-310,5.5497e-310
1.6649e-310,1.6649e-310,1.6649e-310,1.6649e-310,1.6649e-310
4.9948e-311,4.9948e-311,4.9948e-311,4.9948e-311,4.9948e-311
1.4984e-311,1.4984e-311,1.4984e-311,1.4984e-311,1.4984e-311
4.4953e-312,4.4953e-312,4.4953e-312,4.4953e-312,4.4953e-312
1.3486e-312,1.3486e-312,1.3486e-312,1.3486e-312,1.3486e-312
4.0457e-313,4.0457e-313,4.0457e-313,4.0457e-313,4.0457e-313
1.2137e-313,1.2137e-313,1.2137e-313,1.2137e-313,1.2137e-313
3.6412e-314,3.6412e-314,3.6412e-314,3.6412e-314,3.6412e-314
1.0924e-314,1.0924e-314,1.0924e-314,1.0924e-314,1.0924e-314
3.2771e-315,3.2771e-315,3.2771e-315,3.2771e-315,3.2771e-315
9.8312e-316,9.8312e-316,9.8312e-316,9.8312e-316,9.8312e-316
2.9494e-316,2.9494e-316,2.9494e-316,2.9494e-316,2.9494e-316
8.8481e-317,8.8481e-317,8.8481e-317,8.8481e-317,8.8481e-317
2.6544e-317,2.6544e-317,2.6544e-317,2.6544e-317,2.6544e-317
7.9633e-318,7.9633e-318,7.9633e-318,7.9633e-318,7.9633e-318
2.389e-318,2.389e-318,2.389e-318,2.389e-318,2.389e-318
7.1669e-319,7.1669e-319,7.1669e-319,7.1669e-319,7.1669e-319
2.1501e-319,2.1501e-319,2.1501e-319,2.1501e-319,2.1501e-319
6.45e-320,6.45e-320,6.45e-320,6.45e-320,6.45e-320
1.9353e-320,1.9353e-320,1.9353e-320,1.9353e-320,1.9353e-320
5.8053e-321,5.8053e-321,5.8053e-321,5.8053e-321,5.8053e-321
1.7391e-321,1.7391e-321,1.7391e-321,1.7391e-321,1.7391e-321
5.1877e-322,5.1877e-322,5.1877e-322,5.1877e-322,5.1877e-322
1.581e-322,1.581e-322,1.581e-322,1.581e-322,1.581e-322
4.9407e-323,4.9407e-323,4.9407e-323,4.9407e-323,4.9407e-323
1.4822e-323,1.4822e-323,1.4822e-323,1.4822e-323,1.4822e-323
0,0,0,0,0
0,0,0,0,0
0,0,0,0,0
0,0,0,0,0
0,0,0,0,0
0,0,0,0,0
0,0,0,0,0
0,0,0,0,0
0,0,0,0,0
0,0,0,0,0
0,0,0,0,0
0,0,0,0,0
0,0,0,0,0
0,0,0,0,0
0,0,0,0,0
0,0,0,0,0
0,0,0,0,0
0,0,0,0,0
0,0,0,0,0
0,0,0,0,0
0,0,0,0,0
0,0,0,0,0
0,0,0,0,0
0,0,0,0,0
0,0,0,0,0
0,0,0,0,0
0,0,0,0,0
0,0,0,0,0
0,0,0,0,0
0,0,0,0,0
0,0,0,0,0
0,0,0,0,0
0,0,0,0,0
0,0,0,0,0
0,0,0,0,0
0,0,0,0,0
0,0,0,0,0
0,0,0,0,0
0,0,0,0,0
0,0,0,0,0
0,0,0,0,0
0,0,0,0,0
0,0,0,0,0
0,0,0,0,0
0,0,0,0,0
0,0,0,0,0
0,0,0,0,0
0,0,0,0,0
0,0,0,0,0
0,0,0,0,0
0,0,0,0,0
0,0,0,0,0
0,0,0,0,0
0,0,0,0,0
0,0,0,0,0
0,0,0,0,0
0,0,0,0,0
0,0,0,0,0
0,0,0,0,0
0,0,0,0,0
0,0,0,0,0
0,0,0,0,0
0,0,0,0,0
0,0,0,0,0
0,0,0,0,0
0,0,0,0,0
0,0,0,0,0
0,0,0,0,0
0,0,0,0,0
0,0,0,0,0
0,0,0,0,0
0,0,0,0,0
0,0,0,0,0
0,0,0,0,0
0,0,0,0,0
0,0,0,0,0
0,0,0,0,0
0,0,0,0,0
0,0,0,0,0
0,0,0,0,0
0,0,0,0,0
0,0,0,0,0
0,0,0,0,0
0,0,0,0,0
0,0,0,0,0
0,0,0,0,0
0,0,0,0,0
0,0,0,0,0
0,0,0,0,0
0,0,0,0,0
0,0,0,0,0
0,0,0,0,0
0,0,0,0,0
0,0,0,0,0
0,0,0,0,0
0,0,0,0,0
0,0,0,0,0
0,0,0,0,0
0,0,0,0,0
0,0,0,0,0
0,0,0,0,0
0,0,0,0,0
0,0,0,0,0
0,0,0,0,0
0,0,0,0,0
0,0,0,0,0
0,0,0,0,0
0,0,0,0,0
0,0,0,0,0
0,0,0,0,0
0,0,0,0,0
0,0,0,0,0
0,0,0,0,0
0,0,0,0,0
0,0,0,0,0
0,0,0,0,0
0,0,0,0,0
0,0,0,0,0
0,0,0,0,0
0,0,0,0,0
0,0,0,0,0
0,0,0,0,0
0,0,0,0,0
0,0,0,0,0
0,0,0,0,0
0,0,0,0,0
0,0,0,0,0
0,0,0,0,0
0,0,0,0,0
0,0,0,0,0
0,0,0,0,0
0,0,0,0,0
0,0,0,0,0
0,0,0,0,0
0,0,0,0,0
0,0,0,0,0
0,0,0,0,0
0,0,0,0,0
0,0,0,0,0
0,0,0,0,0
0,0,0,0,0
0,0,0,0,0
0,0,0,0,0
0,0,0,0,0
0,0,0,0,0
0,0,0,0,0
0,0,0,0,0
0,0,0,0,0
0,0,0,0,0
0,0,0,0,0
0,0,0,0,0
0,0,0,0,0
0,0,0,0,0
0,0,0,0,0
0,0,0,0,0
0,0,0,0,0
0,0,0,0,0
0,0,0,0,0
0,0,0,0,0
0,0,0,0,0
0,0,0,0,0
0,0,0,0,0
0,0,0,0,0
0,0,0,0,0
0,0,0,0,0
0,0,0,0,0
0,0,0,0,0
0,0,0,0,0
0,0,0,0,0
0,0,0,0,0
0,0,0,0,0
0,0,0,0,0
0,0,0,0,0
0,0,0,0,0
0,0,0,0,0
0,0,0,0,0
0,0,0,0,0
0,0,0,0,0
0,0,0,0,0
0,0,0,0,0
0,0,0,0,0
0,0,0,0,0
0,0,0,0,0
0,0,0,0,0
0,0,0,0,0
0,0,0,0,0
0,0,0,0,0
0,0,0,0,0
0,0,0,0,0
0,0,0,0,0
0,0,0,0,0
0,0,0,0,0
0,0,0,0,0
0,0,0,0,0
0,0,0,0,0
0,0,0,0,0
0,0,0,0,0
0,0,0,0,0
0,0,0,0,0
0,0,0,0,0
0,0,0,0,0
0,0,0,0,0
0,0,0,0,0
0,0,0,0,0
0,0,0,0,0
0,0,0,0,0
0,0,0,0,0
0,0,0,0,0
0,0,0,0,0
0,0,0,0,0
0,0,0,0,0
0,0,0,0,0
0,0,0,0,0
0,0,0,0,0
0,0,0,0,0
0,0,0,0,0
0,0,0,0,0
0,0,0,0,0
0,0,0,0,0
0,0,0,0,0
0,0,0,0,0
0,0,0,0,0
0,0,0,0,0
0,0,0,0,0
0,0,0,0,0
0,0,0,0,0
0,0,0,0,0
0,0,0,0,0
0,0,0,0,0
0,0,0,0,0
0,0,0,0,0
0,0,0,0,0
0,0,0,0,0
0,0,0,0,0
0,0,0,0,0
0,0,0,0,0
0,0,0,0,0
0,0,0,0,0
0,0,0,0,0
0,0,0,0,0
0,0,0,0,0
0,0,0,0,0
0,0,0,0,0
0,0,0,0,0
0,0,0,0,0
0,0,0,0,0
0,0,0,0,0
0,0,0,0,0
0,0,0,0,0
0,0,0,0,0
0,0,0,0,0
0,0,0,0,0
0,0,0,0,0
0,0,0,0,0
0,0,0,0,0
0,0,0,0,0
0,0,0,0,0
0,0,0,0,0
0,0,0,0,0
0,0,0,0,0
0,0,0,0,0
0,0,0,0,0
0,0,0,0,0
0,0,0,0,0
0,0,0,0,0
0,0,0,0,0
0,0,0,0,0
0,0,0,0,0
0,0,0,0,0
0,0,0,0,0
0,0,0,0,0
0,0,0,0,0
0,0,0,0,0
0,0,0,0,0
0,0,0,0,0
0,0,0,0,0
0,0,0,0,0
0,0,0,0,0
0,0,0,0,0
0,0,0,0,0
0,0,0,0,0
0,0,0,0,0
0,0,0,0,0
0,0,0,0,0
0,0,0,0,0
0,0,0,0,0
0,0,0,0,0
0,0,0,0,0
0,0,0,0,0
0,0,0,0,0
0,0,0,0,0
0,0,0,0,0
0,0,0,0,0
0,0,0,0,0
0,0,0,0,0
0,0,0,0,0
0,0,0,0,0
0,0,0,0,0
0,0,0,0,0
0,0,0,0,0
0,0,0,0,0
0,0,0,0,0
0,0,0,0,0
0,0,0,0,0
0,0,0,0,0
0,0,0,0,0
0,0,0,0,0
0,0,0,0,0
0,0,0,0,0
0,0,0,0,0
0,0,0,0,0
0,0,0,0,0
0,0,0,0,0
0,0,0,0,0
0,0,0,0,0
0,0,0,0,0
0,0,0,0,0
0,0,0,0,0
0,0,0,0,0
0,0,0,0,0
0,0,0,0,0
0,0,0,0,0
0,0,0,0,0
0,0,0,0,0
0,0,0,0,0
0,0,0,0,0
0,0,0,0,0
0,0,0,0,0
0,0,0,0,0
0,0,0,0,0
0,0,0,0,0
0,0,0,0,0
0,0,0,0,0
0,0,0,0,0
0,0,0,0,0
0,0,0,0,0
0,0,0,0,0
0,0,0,0,0
0,0,0,0,0
0,0,0,0,0
0,0,0,0,0
0,0,0,0,0
0,0,0,0,0
0,0,0,0,0
0,0,0,0,0
0,0,0,0,0
0,0,0,0,0
0,0,0,0,0
0,0,0,0,0
0,0,0,0,0
0,0,0,0,0
0,0,0,0,0
0,0,0,0,0
0,0,0,0,0
0,0,0,0,0
0,0,0,0,0
0,0,0,0,0
0,0,0,0,0
0,0,0,0,0
0,0,0,0,0
0,0,0,0,0
0,0,0,0,0
0,0,0,0,0
0,0,0,0,0
0,0,0,0,0
0,0,0,0,0
0,0,0,0,0
0,0,0,0,0
0,0,0,0,0
0,0,0,0,0
0,0,0,0,0
0,0,0,0,0
0,0,0,0,0
0,0,0,0,0
0,0,0,0,0
0,0,0,0,0
0,0,0,0,0
0,0,0,0,0
0,0,0,0,0
0,0,0,0,0
0,0,0,0,0
0,0,0,0,0
0,0,0,0,0
