0.1,0.2,0.3,0.5,0.6
0.1701,0.1359,0.18495,0.20475,0.1593
0.1145,0.12879,0.12707,0.12994,0.13517
0.10191,0.096087,0.10122,0.10244,0.097374
0.07901,0.081728,0.080603,0.080715,0.082218
0.067504,0.066238,0.067115,0.067251,0.066313
0.05579,0.056418,0.05609,0.056079,0.056471
0.04788,0.047568,0.047763,0.047785,0.047568
0.0408,0.040961,0.04087,0.040864,0.040969
0.035344,0.035261,0.035311,0.035316,0.03526
0.030622,0.030666,0.030641,0.030639,0.030668
0.02675,0.026727,0.026741,0.026742,0.026726
0.023413,0.023426,0.023418,0.023418,0.023426
0.020588,0.020582,0.020585,0.020586,0.020581
0.018143,0.018146,0.018144,0.018144,0.018146
0.016035,0.016033,0.016034,0.016034,0.016033
0.014199,0.0142,0.014199,0.014199,0.0142
0.012598,0.012597,0.012598,0.012598,0.012597
0.011195,0.011195,0.011195,0.011195,0.011195
0.0099629,0.0099628,0.0099629,0.0099629,0.0099627
0.0088772,0.0088773,0.0088772,0.0088772,0.0088773
0.0079186,0.0079185,0.0079186,0.0079186,0.0079185
0.0070703,0.0070703,0.0070703,0.0070703,0.0070703
0.0063183,0.0063183,0.0063183,0.0063183,0.0063183
0.0056505,0.0056505,0.0056505,0.0056505,0.0056505
0.0050567,0.0050567,0.0050567,0.0050567,0.0050567
0.004528,0.004528,0.004528,0.004528,0.004528
0.0040568,0.0040568,0.0040568,0.0040568,0.0040568
0.0036363,0.0036363,0.0036363,0.0036363,0.0036363
0.0032608,0.0032608,0.0032608,0.0032608,0.0032608
0.0029251,0.0029251,0.0029251,0.0029251,0.0029251
0.0026249,0.0026249,0.0026249,0.0026249,0.0026249
0.0023562,0.0023562,0.0023562,0.0023562,0.0023562
0.0021156,0.0021156,0.0021156,0.0021156,0.0021156
0.0019,0.0019,0.0019,0.0019,0.0019
0.0017068,0.0017068,0.0017068,0.0017068,0.0017068
0.0015335,0.0015335,0.0015335,0.0015335,0.0015335
0.001378,0.001378,0.001378,0.001378,0.001378
0.0012385,0.0012385,0.0012385,0.0012385,0.0012385
0.0011133,0.0011133,0.0011133,0.0011133,0.0011133
0.0010008,0.0010008,0.0010008,0.0010008,0.0010008
0.00089983,0.00089983,0.00089983,0.00089983,0.00089983
0.00080912,0.00080912,0.00080912,0.00080912,0.00080912
0.00072762,0.00072762,0.00072762,0.00072762,0.00072762
0.00065438,0.00065438,0.00065438,0.00065438,0.00065438
0.00058856,0.00058856,0.00058856,0.00058856,0.00058856
0.00052939,0.00052939,0.00052939,0.00052939,0.00052939
0.0004762,0.0004762,0.0004762,0.0004762,0.0004762
0.00042838,0.00042838,0.00042838,0.00042838,0.00042838
0.00038537,0.00038537,0.00038537,0.00038537,0.00038537
0.0003467,0.0003467,0.0003467,0.0003467,0.0003467
0.00031192,0.00031192,0.00031192,0.00031192,0.00031192
0.00028064,0.00028064,0.00028064,0.00028064,0.00028064
0.00025251,0.00025251,0.00025251,0.00025251,0.00025251
0.0002272,0.0002272,0.0002272,0.0002272,0.0002272
0.00020443,0.00020443,0.00020443,0.00020443,0.00020443
0.00018395,0.00018395,0.00018395,0.00018395,0.00018395
0.00016553,0.00016553,0.00016553,0.00016553,0.00016553
0.00014895,0.00014895,0.00014895,0.00014895,0.00014895
0.00013403,0.00013403,0.00013403,0.00013403,0.00013403
0.00012062,0.00012062,0.00012062,0.00012062,0.00012062
0.00010854,0.00010854,0.00010854,0.00010854,0.00010854
9.7676e-05,9.7676e-05,9.7676e-05,9.7676e-05,9.7676e-05
8.79e-05,8.79e-05,8.79e-05,8.79e-05,8.79e-05
7.9103e-05,7.9103e-05,7.9103e-05,7.9103e-05,7.9103e-05
7.1187e-05,7.1187e-05,7.1187e-05,7.1187e-05,7.1187e-05
6.4064e-05,6.4064e-05,6.4064e-05,6.4064e-05,6.4064e-05
5.7654e-05,5.7654e-05,5.7654e-05,5.7654e-05,5.7654e-05
5.1885e-05,5.1885e-05,5.1885e-05,5.1885e-05,5.1885e-05
4.6694e-05,4.6694e-05,4.6694e-05,4.6694e-05,4.6694e-05
4.2023e-05,4.2023e-05,4.2023e-05,4.2023e-05,4.2023e-05
3.7819e-05,3.7819e-05,3.7819e-05,3.7819e-05,3.7819e-05
3.4036e-05,3.4036e-05,3.4036e-05,3.4036e-05,3.4036e-05
3.0631e-05,3.0631e-05,3.0631e-05,3.0631e-05,3.0631e-05
2.7567e-05,2.7567e-05,2.7567e-05,2.7567e-05,2.7567e-05
2.481e-05,2.481e-05,2.481e-05,2.481e-05,2.481e-05
2.2328e-05,2.2328e-05,2.2328e-05,2.2328e-05,2.2328e-05
2.0095e-05,2.0095e-05,2.0095e-05,2.0095e-05,2.0095e-05
1.8085e-05,1.8085e-05,1.8085e-05,1.8085e-05,1.8085e-05
1.6276e-05,1.6276e-05,1.6276e-05,1.6276e-05,1.6276e-05
1.4648e-05,1.4648e-05,1.4648e-05,1.4648e-05,1.4648e-05
1.3183e-05,1.3183e-05,1.3183e-05,1.3183e-05,1.3183e-05
1.1865e-05,1.1865e-05,1.1865e-05,1.1865e-05,1.1865e-05
1.0678e-05,1.0678e-05,1.0678e-05,1.0678e-05,1.0678e-05
9.6104e-06,9.6104e-06,9.6104e-06,9.6104e-06,9.6104e-06
8.6492e-06,8.6492e-06,8.6492e-06,8.6492e-06,8.6492e-06
7.7843e-06,7.7843e-06,7.7843e-06,7.7843e-06,7.7843e-06
7.0058e-06,7.0058e-06,7.0058e-06,7.0058e-06,7.0058e-06
6.3052e-06,6.3052e-06,6.3052e-06,6.3052e-06,6.3052e-06
5.6746e-06,5.6746e-06,5.6746e-06,5.6746e-06,5.6746e-06
5.1071e-06,5.1071e-06,5.1071e-06,5.1071e-06,5.1071e-06
4.5964e-06,4.5964e-06,4.5964e-06,4.5964e-06,4.5964e-06
4.1367e-06,4.1367e-06,4.1367e-06,4.1367e-06,4.1367e-06
3.723e-06,3.723e-06,3.723e-06,3.723e-06,3.723e-06
3.3507e-06,3.3507e-06,3.3507e-06,3.3507e-06,3.3507e-06
3.0156e-06,3.0156e-06,3.0156e-06,3.0156e-06,3.0156e-06
2.7141e-06,2.7141e-06,2.7141e-06,2.7141e-06,2.7141e-06
2.4427e-06,2.4427e-06,2.4427e-06,2.4427e-06,2.4427e-06
2.1984e-06,2.1984e-06,2.1984e-06,2.1984e-06,2.1984e-06
1.9785e-06,1.9785e-06,1.9785e-06,1.9785e-06,1.9785e-06
1.7807e-06,1.7807e-06,1.7807e-06,1.7807e-06,1.7807e-06
1.6026e-06,1.6026e-06,1.6026e-06,1.6026e-06,1.6026e-06
1.4423e-06,1.4423e-06,1.4423e-06,1.4423e-06,1.4423e-06
1.2981e-06,1.2981e-06,1.2981e-06,1.2981e-06,1.2981e-06
1.1683e-06,1.1683e-06,1.1683e-06,1.1683e-06,1.1683e-06
1.0515e-06,1.0515e-06,1.0515e-06,1.0515e-06,1.0515e-06
9.4632e-07,9.4632e-07,9.4632e-07,9.4632e-07,9.4632e-07
8.5169e-07,8.5169e-07,8.5169e-07,8.5169e-07,8.5169e-07
7.6652e-07,7.6652e-07,7.6652e-07,7.6652e-07,7.6652e-07
6.8986e-07,6.8986e-07,6.8986e-07,6.8986e-07,6.8986e-07
6.2088e-07,6.2088e-07,6.2088e-07,6.2088e-07,6.2088e-07
5.5879e-07,5.5879e-07,5.5879e-07,5.5879e-07,5.5879e-07
5.0291e-07,5.0291e-07,5.0291e-07,5.0291e-07,5.0291e-07
4.5262e-07,4.5262e-07,4.5262e-07,4.5262e-07,4.5262e-07
4.0736e-07,4.0736e-07,4.0736e-07,4.0736e-07,4.0736e-07
3.6662e-07,3.6662e-07,3.6662e-07,3.6662e-07,3.6662e-07
3.2996e-07,3.2996e-07,3.2996e-07,3.2996e-07,3.2996e-07
2.9696e-07,2.9696e-07,2.9696e-07,2.9696e-07,2.9696e-07
2.6727e-07,2.6727e-07,2.6727e-07,2.6727e-07,2.6727e-07
2.4054e-07,2.4054e-07,2.4054e-07,2.4054e-07,2.4054e-07
2.1649e-07,2.1649e-07,2.1649e-07,2.1649e-07,2.1649e-07
1.9484e-07,1.9484e-07,1.9484e-07,1.9484e-07,1.9484e-07
1.7535e-07,1.7535e-07,1.7535e-07,1.7535e-07,1.7535e-07
1.5782e-07,1.5782e-07,1.5782e-07,1.5782e-07,1.5782e-07
1.4204e-07,1.4204e-07,1.4204e-07,1.4204e-07,1.4204e-07
1.2783e-07,1.2783e-07,1.2783e-07,1.2783e-07,1.2783e-07
1.1505e-07,1.1505e-07,1.1505e-07,1.1505e-07,1.1505e-07
1.0354e-07,1.0354e-07,1.0354e-07,1.0354e-07,1.0354e-07
9.319e-08,9.319e-08,9.319e-08,9.319e-08,9.319e-08
8.3871e-08,8.3871e-08,8.3871e-08,8.3871e-08,8.3871e-08
7.5484e-08,7.5484e-08,7.5484e-08,7.5484e-08,7.5484e-08
6.7935e-08,6.7935e-08,6.7935e-08,6.7935e-08,6.7935e-08
6.1142e-08,6.1142e-08,6.1142e-08,6.1142e-08,6.1142e-08
5.5028e-08,5.5028e-08,5.5028e-08,5.5028e-08,5.5028e-08
4.9525e-08,4.9525e-08,4.9525e-08,4.9525e-08,4.9525e-08
4.4572e-08,4.4572e-08,4.4572e-08,4.4572e-08,4.4572e-08
4.0115e-08,4.0115e-08,4.0115e-08,4.0115e-08,4.0115e-08
3.6104e-08,3.6104e-08,3.6104e-08,3.6104e-08,3.6104e-08
3.2493e-08,3.2493e-08,3.2493e-08,3.2493e-08,3.2493e-08
2.9244e-08,2.9244e-08,2.9244e-08,2.9244e-08,2.9244e-08
2.632e-08,2.632e-08,2.632e-08,2.632e-08,2.632e-08
2.3688e-08,2.3688e-08,2.3688e-08,2.3688e-08,2.3688e-08
2.1319e-08,2.1319e-08,2.1319e-08,2.1319e-08,2.1319e-08
1.9187e-08,1.9187e-08,1.9187e-08,1.9187e-08,1.9187e-08
1.7268e-08,1.7268e-08,1.7268e-08,1.7268e-08,1.7268e-08
1.5541e-08,1.5541e-08,1.5541e-08,1.5541e-08,1.5541e-08
1.3987e-08,1.3987e-08,1.3987e-08,1.3987e-08,1.3987e-08
1.2589e-08,1.2589e-08,1.2589e-08,1.2589e-08,1.2589e-08
1.133e-08,1.133e-08,1.133e-08,1.133e-08,1.133e-08
1.0197e-08,1.0197e-08,1.0197e-08,1.0197e-08,1.0197e-08
9.1771e-09,9.1771e-09,9.1771e-09,9.1771e-09,9.1771e-09
8.2594e-09,8.2594e-09,8.2594e-09,8.2594e-09,8.2594e-09
7.4334e-09,7.4334e-09,7.4334e-09,7.4334e-09,7.4334e-09
6.6901e-09,6.6901e-09,6.6901e-09,6.6901e-09,6.6901e-09
6.0211e-09,6.0211e-09,6.0211e-09,6.0211e-09,6.0211e-09
5.419e-09,5.419e-09,5.419e-09,5.419e-09,5.419e-09
4.8771e-09,4.8771e-09,4.8771e-09,4.8771e-09,4.8771e-09
4.3894e-09,4.3894e-09,4.3894e-09,4.3894e-09,4.3894e-09
3.9504e-09,3.9504e-09,3.9504e-09,3.9504e-09,3.9504e-09
3.5554e-09,3.5554e-09,3.5554e-09,3.5554e-09,3.5554e-09
3.1998e-09,3.1998e-09,3.1998e-09,3.1998e-09,3.1998e-09
2.8799e-09,2.8799e-09,2.8799e-09,2.8799e-09,2.8799e-09
2.5919e-09,2.5919e-09,2.5919e-09,2.5919e-09,2.5919e-09
2.3327e-09,2.3327e-09,2.3327e-09,2.3327e-09,2.3327e-09
2.0994e-09,2.0994e-09,2.0994e-09,2.0994e-09,2.0994e-09
1.8895e-09,1.8895e-09,1.8895e-09,1.8895e-09,1.8895e-09
1.7005e-09,1.7005e-09,1.7005e-09,1.7005e-09,1.7005e-09
1.5305e-09,1.5305e-09,1.5305e-09,1.5305e-09,1.5305e-09
1.3774e-09,1.3774e-09,1.3774e-09,1.3774e-09,1.3774e-09
1.2397e-09,1.2397e-09,1.2397e-09,1.2397e-09,1.2397e-09
1.1157e-09,1.1157e-09,1.1157e-09,1.1157e-09,1.1157e-09
1.0041e-09,1.0041e-09,1.0041e-09,1.0041e-09,1.0041e-09
9.0373e-10,9.0373e-10,9.0373e-10,9.0373e-10,9.0373e-10
8.1336e-10,8.1336e-10,8.1336e-10,8.1336e-10,8.1336e-10
7.3202e-10,7.3202e-10,7.3202e-10,7.3202e-10,7.3202e-10
6.5882e-10,6.5882e-10,6.5882e-10,6.5882e-10,6.5882e-10
5.9294e-10,5.9294e-10,5.9294e-10,5.9294e-10,5.9294e-10
5.3364e-10,5.3364e-10,5.3364e-10,5.3364e-10,5.3364e-10
4.8028e-10,4.8028e-10,4.8028e-10,4.8028e-10,4.8028e-10
4.3225e-10,4.3225e-10,4.3225e-10,4.3225e-10,4.3225e-10
3.8903e-10,3.8903e-10,3.8903e-10,3.8903e-10,3.8903e-10
3.5012e-10,3.5012e-10,3.5012e-10,3.5012e-10,3.5012e-10
3.1511e-10,3.1511e-10,3.1511e-10,3.1511e-10,3.1511e-10
2.836e-10,2.836e-10,2.836e-10,2.836e-10,2.836e-10
2.5524e-10,2.5524e-10,2.5524e-10,2.5524e-10,2.5524e-10
2.2972e-10,2.2972e-10,2.2972e-10,2.2972e-10,2.2972e-10
2.0674e-10,2.0674e-10,2.0674e-10,2.0674e-10,2.0674e-10
1.8607e-10,1.8607e-10,1.8607e-10,1.8607e-10,1.8607e-10
1.6746e-10,1.6746e-10,1.6746e-10,1.6746e-10,1.6746e-10
1.5072e-10,1.5072e-10,1.5072e-10,1.5072e-10,1.5072e-10
1.3565e-10,1.3565e-10,1.3565e-10,1.3565e-10,1.3565e-10
1.2208e-10,1.2208e-10,1.2208e-10,1.2208e-10,1.2208e-10
1.0987e-10,1.0987e-10,1.0987e-10,1.0987e-10,1.0987e-10
9.8885e-11,9.8885e-11,9.8885e-11,9.8885e-11,9.8885e-11
8.8997e-11,8.8997e-11,8.8997e-11,8.8997e-11,8.8997e-11
8.0097e-11,8.0097e-11,8.0097e-11,8.0097e-11,8.0097e-11
7.2087e-11,7.2087e-11,7.2087e-11,7.2087e-11,7.2087e-11
6.4879e-11,6.4879e-11,6.4879e-11,6.4879e-11,6.4879e-11
5.8391e-11,5.8391e-11,5.8391e-11,5.8391e-11,5.8391e-11
5.2552e-11,5.2552e-11,5.2552e-11,5.2552e-11,5.2552e-11
4.7297e-11,4.7297e-11,4.7297e-11,4.7297e-11,4.7297e-11
4.2567e-11,4.2567e-11,4.2567e-11,4.2567e-11,4.2567e-11
3.831e-11,3.831e-11,3.831e-11,3.831e-11,3.831e-11
3.4479e-11,3.4479e-11,3.4479e-11,3.4479e-11,3.4479e-11
3.1031e-11,3.1031e-11,3.1031e-11,3.1031e-11,3.1031e-11
2.7928e-11,2.7928e-11,2.7928e-11,2.7928e-11,2.7928e-11
2.5135e-11,2.5135e-11,2.5135e-11,2.5135e-11,2.5135e-11
2.2622e-11,2.2622e-11,2.2622e-11,2.2622e-11,2.2622e-11
2.036e-11,2.036e-11,2.036e-11,2.036e-11,2.036e-11
1.8324e-11,1.8324e-11,1.8324e-11,1.8324e-11,1.8324e-11
1.6491e-11,1.6491e-11,1.6491e-11,1.6491e-11,1.6491e-11
1.4842e-11,1.4842e-11,1.4842e-11,1.4842e-11,1.4842e-11
1.3358e-11,1.3358e-11,1.3358e-11,1.3358e-11,1.3358e-11
1.2022e-11,1.2022e-11,1.2022e-11,1.2022e-11,1.2022e-11
1.082e-11,1.082e-11,1.082e-11,1.082e-11,1.082e-11
9.7379e-12,9.7379e-12,9.7379e-12,9.7379e-12,9.7379e-12
8.7641e-12,8.7641e-12,8.7641e-12,8.7641e-12,8.7641e-12
7.8877e-12,7.8877e-12,7.8877e-12,7.8877e-12,7.8877e-12
7.099e-12,7.099e-12,7.099e-12,7.099e-12,7.099e-12
6.3891e-12,6.3891e-12,6.3891e-12,6.3891e-12,6.3891e-12
5.7502e-12,5.7502e-12,5.7502e-12,5.7502e-12,5.7502e-12
5.1751e-12,5.1751e-12,5.1751e-12,5.1751e-12,5.1751e-12
4.6576e-12,4.6576e-12,4.6576e-12,4.6576e-12,4.6576e-12
4.1919e-12,4.1919e-12,4.1919e-12,4.1919e-12,4.1919e-12
3.7727e-12,3.7727e-12,3.7727e-12,3.7727e-12,3.7727e-12
3.3954e-12,3.3954e-12,3.3954e-12,3.3954e-12,3.3954e-12
3.0559e-12,3.0559e-12,3.0559e-12,3.0559e-12,3.0559e-12
2.7503e-12,2.7503e-12,2.7503e-12,2.7503e-12,2.7503e-12
2.4753e-12,2.4753e-12,2.4753e-12,2.4753e-12,2.4753e-12
2.2277e-12,2.2277e-12,2.2277e-12,2.2277e-12,2.2277e-12
2.005e-12,2.005e-12,2.005e-12,2.005e-12,2.005e-12
1.8045e-12,1.8045e-12,1.8045e-12,1.8045e-12,1.8045e-12
1.624e-12,1.624e-12,1.624e-12,1.624e-12,1.624e-12
1.4616e-12,1.4616e-12,1.4616e-12,1.4616e-12,1.4616e-12
1.3155e-12,1.3155e-12,1.3155e-12,1.3155e-12,1.3155e-12
1.1839e-12,1.1839e-12,1.1839e-12,1.1839e-12,1.1839e-12
1.0655e-12,1.0655e-12,1.0655e-12,1.0655e-12,1.0655e-12
9.5896e-13,9.5896e-13,9.5896e-13,9.5896e-13,9.5896e-13
8.6307e-13,8.6307e-13,8.6307e-13,8.6307e-13,8.6307e-13
7.7676e-13,7.7676e-13,7.7676e-13,7.7676e-13,7.7676e-13
6.9908e-13,6.9908e-13,6.9908e-13,6.9908e-13,6.9908e-13
6.2918e-13,6.2918e-13,6.2918e-13,6.2918e-13,6.2918e-13
5.6626e-13,5.6626e-13,5.6626e-13,5.6626e-13,5.6626e-13
5.0963e-13,5.0963e-13,5.0963e-13,5.0963e-13,5.0963e-13
4.5867e-13,4.5867e-13,4.5867e-13,4.5867e-13,4.5867e-13
4.128e-13,4.128e-13,4.128e-13,4.128e-13,4.128e-13
3.7152e-13,3.7152e-13,3.7152e-13,3.7152e-13,3.7152e-13
3.3437e-13,3.3437e-13,3.3437e-13,3.3437e-13,3.3437e-13
3.0093e-13,3.0093e-13,3.0093e-13,3.0093e-13,3.0093e-13
2.7084e-13,2.7084e-13,2.7084e-13,2.7084e-13,2.7084e-13
2.4376e-13,2.4376e-13,2.4376e-13,2.4376e-13,2.4376e-13
2.1938e-13,2.1938e-13,2.1938e-13,2.1938e-13,2.1938e-13
1.9744e-13,1.9744e-13,1.9744e-13,1.9744e-13,1.9744e-13
1.777e-13,1.777e-13,1.777e-13,1.777e-13,1.777e-13
1.5993e-13,1.5993e-13,1.5993e-13,1.5993e-13,1.5993e-13
1.4394e-13,1.4394e-13,1.4394e-13,1.4394e-13,1.4394e-13
1.2954e-13,1.2954e-13,1.2954e-13,1.2954e-13,1.2954e-13
1.1659e-13,1.1659e-13,1.1659e-13,1.1659e-13,1.1659e-13
1.0493e-13,1.0493e-13,1.0493e-13,1.0493e-13,1.0493e-13
9.4436e-14,9.4436e-14,9.4436e-14,9.4436e-14,9.4436e-14
8.4992e-14,8.4992e-14,8.4992e-14,8.4992e-14,8.4992e-14
7.6493e-14,7.6493e-14,7.6493e-14,7.6493e-14,7.6493e-14
6.8844e-14,6.8844e-14,6.8844e-14,6.8844e-14,6.8844e-14
6.1959e-14,6.1959e-14,6.1959e-14,6.1959e-14,6.1959e-14
5.5763e-14,5.5763e-14,5.5763e-14,5.5763e-14,5.5763e-14
5.0187e-14,5.0187e-14,5.0187e-14,5.0187e-14,5.0187e-14
4.5168e-14,4.5168e-14,4.5168e-14,4.5168e-14,4.5168e-14
4.0652e-14,4.0652e-14,4.0652e-14,4.0652e-14,4.0652e-14
3.6586e-14,3.6586e-14,3.6586e-14,3.6586e-14,3.6586e-14
3.2928e-14,3.2928e-14,3.2928e-14,3.2928e-14,3.2928e-14
2.9635e-14,2.9635e-14,2.9635e-14,2.9635e-14,2.9635e-14
2.6672e-14,2.6672e-14,2.6672e-14,2.6672e-14,2.6672e-14
2.4004e-14,2.4004e-14,2.4004e-14,2.4004e-14,2.4004e-14
2.1604e-14,2.1604e-14,2.1604e-14,2.1604e-14,2.1604e-14
1.9444e-14,1.9444e-14,1.9444e-14,1.9444e-14,1.9444e-14
1.7499e-14,1.7499e-14,1.7499e-14,1.7499e-14,1.7499e-14
1.5749e-14,1.5749e-14,1.5749e-14,1.5749e-14,1.5749e-14
1.4174e-14,1.4174e-14,1.4174e-14,1.4174e-14,1.4174e-14
1.2757e-14,1.2757e-14,1.2757e-14,1.2757e-14,1.2757e-14
1.1481e-14,1.1481e-14,1.1481e-14,1.1481e-14,1.1481e-14
1.0333e-14,1.0333e-14,1.0333e-14,1.0333e-14,1.0333e-14
9.2998e-15,9.2998e-15,9.2998e-15,9.2998e-15,9.2998e-15
8.3698e-15,8.3698e-15,8.3698e-15,8.3698e-15,8.3698e-15
7.5328e-15,7.5328e-15,7.5328e-15,7.5328e-15,7.5328e-15
6.7795e-15,6.7795e-15,6.7795e-15,6.7795e-15,6.7795e-15
6.1016e-15,6.1016e-15,6.1016e-15,6.1016e-15,6.1016e-15
5.4914e-15,5.4914e-15,5.4914e-15,5.4914e-15,5.4914e-15
4.9423e-15,4.9423e-15,4.9423e-15,4.9423e-15,4.9423e-15
4.4481e-15,4.4481e-15,4.4481e-15,4.4481e-15,4.4481e-15
4.0032e-15,4.0032e-15,4.0032e-15,4.0032e-15,4.0032e-15
3.6029e-15,3.6029e-15,3.6029e-15,3.6029e-15,3.6029e-15
3.2426e-15,3.2426e-15,3.2426e-15,3.2426e-15,3.2426e-15
2.9184e-15,2.9184e-15,2.9184e-15,2.9184e-15,2.9184e-15
2.6265e-15,2.6265e-15,2.6265e-15,2.6265e-15,2.6265e-15
2.3639e-15,2.3639e-15,2.3639e-15,2.3639e-15,2.3639e-15
2.1275e-15,2.1275e-15,2.1275e-15,2.1275e-15,2.1275e-15
1.9147e-15,1.9147e-15,1.9147e-15,1.9147e-15,1.9147e-15
1.7233e-15,1.7233e-15,1.7233e-15,1.7233e-15,1.7233e-15
1.5509e-15,1.5509e-15,1.5509e-15,1.5509e-15,1.5509e-15
1.3958e-15,1.3958e-15,1.3958e-15,1.3958e-15,1.3958e-15
1.2563e-15,1.2563e-15,1.2563e-15,1.2563e-15,1.2563e-15
1.1306e-15,1.1306e-15,1.1306e-15,1.1306e-15,1.1306e-15
1.0176e-15,1.0176e-15,1.0176e-15,1.0176e-15,1.0176e-15
9.1581e-16,9.1581e-16,9.1581e-16,9.1581e-16,9.1581e-16
8.2423e-16,8.2423e-16,8.2423e-16,8.2423e-16,8.2423e-16
7.4181e-16,7.4181e-16,7.4181e-16,7.4181e-16,7.4181e-16
6.6763e-16,6.6763e-16,6.6763e-16,6.6763e-16,6.6763e-16
6.0087e-16,6.0087e-16,6.0087e-16,6.0087e-16,6.0087e-16
5.4078e-16,5.4078e-16,5.4078e-16,5.4078e-16,5.4078e-16
4.867e-16,4.867e-16,4.867e-16,4.867e-16,4.867e-16
4.3803e-16,4.3803e-16,4.3803e-16,4.3803e-16,4.3803e-16
3.9423e-16,3.9423e-16,3.9423e-16,3.9423e-16,3.9423e-16
3.5481e-16,3.5481e-16,3.5481e-16,3.5481e-16,3.5481e-16
3.1932e-16,3.1932e-16,3.1932e-16,3.1932e-16,3.1932e-16
2.8739e-16,2.8739e-16,2.8739e-16,2.8739e-16,2.8739e-16
2.5865e-16,2.5865e-16,2.5865e-16,2.5865e-16,2.5865e-16
2.3279e-16,2.3279e-16,2.3279e-16,2.3279e-16,2.3279e-16
2.0951e-16,2.0951e-16,2.0951e-16,2.0951e-16,2.0951e-16
1.8856e-16,1.8856e-16,1.8856e-16,1.8856e-16,1.8856e-16
1.697e-16,1.697e-16,1.697e-16,1.697e-16,1.697e-16
1.5273e-16,1.5273e-16,1.5273e-16,1.5273e-16,1.5273e-16
1.3746e-16,1.3746e-16,1.3746e-16,1.3746e-16,1.3746e-16
1.2371e-16,1.2371e-16,1.2371e-16,1.2371e-16,1.2371e-16
1.1134e-16,1.1134e-16,1.1134e-16,1.1134e-16,1.1134e-16
1.0021e-16,1.0021e-16,1.0021e-16,1.0021e-16,1.0021e-16
9.0187e-17,9.0187e-17,9.0187e-17,9.0187e-17,9.0187e-17
8.1168e-17,8.1168e-17,8.1168e-17,8.1168e-17,8.1168e-17
7.3051e-17,7.3051e-17,7.3051e-17,7.3051e-17,7.3051e-17
6.5746e-17,6.5746e-17,6.5746e-17,6.5746e-17,6.5746e-17
5.9172e-17,5.9172e-17,5.9172e-17,5.9172e-17,5.9172e-17
5.3254e-17,5.3254e-17,5.3254e-17,5.3254e-17,5.3254e-17
4.7929e-17,4.7929e-17,4.7929e-17,4.7929e-17,4.7929e-17
4.3136e-17,4.3136e-17,4.3136e-17,4.3136e-17,4.3136e-17
3.8822e-17,3.8822e-17,3.8822e-17,3.8822e-17,3.8822e-17
3.494e-17,3.494e-17,3.494e-17,3.494e-17,3.494e-17
3.1446e-17,3.1446e-17,3.1446e-17,3.1446e-17,3.1446e-17
2.8302e-17,2.8302e-17,2.8302e-17,2.8302e-17,2.8302e-17
2.5471e-17,2.5471e-17,2.5471e-17,2.5471e-17,2.5471e-17
2.2924e-17,2.2924e-17,2.2924e-17,2.2924e-17,2.2924e-17
2.0632e-17,2.0632e-17,2.0632e-17,2.0632e-17,2.0632e-17
1.8569e-17,1.8569e-17,1.8569e-17,1.8569e-17,1.8569e-17
1.6712e-17,1.6712e-17,1.6712e-17,1.6712e-17,1.6712e-17
1.5041e-17,1.5041e-17,1.5041e-17,1.5041e-17,1.5041e-17
1.3537e-17,1.3537e-17,1.3537e-17,1.3537e-17,1.3537e-17
1.2183e-17,1.2183e-17,1.2183e-17,1.2183e-17,1.2183e-17
1.0965e-17,1.0965e-17,1.0965e-17,1.0965e-17,1.0965e-17
9.8681e-18,9.8681e-18,9.8681e-18,9.8681e-18,9.8681e-18
8.8813e-18,8.8813e-18,8.8813e-18,8.8813e-18,8.8813e-18
7.9932e-18,7.9932e-18,7.9932e-18,7.9932e-18,7.9932e-18
7.1939e-18,7.1939e-18,7.1939e-18,7.1939e-18,7.1939e-18
6.4745e-18,6.4745e-18,6.4745e-18,6.4745e-18,6.4745e-18
5.827e-18,5.827e-18,5.827e-18,5.827e-18,5.827e-18
5.2443e-18,5.2443e-18,5.2443e-18,5.2443e-18,5.2443e-18
4.7199e-18,4.7199e-18,4.7199e-18,4.7199e-18,4.7199e-18
4.2479e-18,4.2479e-18,4.2479e-18,4.2479e-18,4.2479e-18
3.8231e-18,3.8231e-18,3.8231e-18,3.8231e-18,3.8231e-18
3.4408e-18,3.4408e-18,3.4408e-18,3.4408e-18,3.4408e-18
3.0967e-18,3.0967e-18,3.0967e-18,3.0967e-18,3.0967e-18
2.7871e-18,2.7871e-18,2.7871e-18,2.7871e-18,2.7871e-18
2.5084e-18,2.5084e-18,2.5084e-18,2.5084e-18,2.5084e-18
2.2575e-18,2.2575e-18,2.2575e-18,2.2575e-18,2.2575e-18
2.0318e-18,2.0318e-18,2.0318e-18,2.0318e-18,2.0318e-18
1.8286e-18,1.8286e-18,1.8286e-18,1.8286e-18,1.8286e-18
1.6457e-18,1.6457e-18,1.6457e-18,1.6457e-18,1.6457e-18
1.4812e-18,1.4812e-18,1.4812e-18,1.4812e-18,1.4812e-18
1.333e-18,1.333e-18,1.333e-18,1.333e-18,1.333e-18
1.1997e-18,1.1997e-18,1.1997e-18,1.1997e-18,1.1997e-18
1.0798e-18,1.0798e-18,1.0798e-18,1.0798e-18,1.0798e-18
9.7179e-19,9.7179e-19,9.7179e-19,9.7179e-19,9.7179e-19
8.7461e-19,8.7461e-19,8.7461e-19,8.7461e-19,8.7461e-19
7.8715e-19,7.8715e-19,7.8715e-19,7.8715e-19,7.8715e-19
7.0843e-19,7.0843e-19,7.0843e-19,7.0843e-19,7.0843e-19
6.3759e-19,6.3759e-19,6.3759e-19,6.3759e-19,6.3759e-19
5.7383e-19,5.7383e-19,5.7383e-19,5.7383e-19,5.7383e-19
5.1645e-19,5.1645e-19,5.1645e-19,5.1645e-19,5.1645e-19
4.648e-19,4.648e-19,4.648e-19,4.648e-19,4.648e-19
4.1832e-19,4.1832e-19,4.1832e-19,4.1832e-19,4.1832e-19
3.7649e-19,3.7649e-19,3.7649e-19,3.7649e-19,3.7649e-19
3.3884e-19,3.3884e-19,3.3884e-19,3.3884e-19,3.3884e-19
3.0496e-19,3.0496e-19,3.0496e-19,3.0496e-19,3.0496e-19
2.7446e-19,2.7446e-19,2.7446e-19,2.7446e-19,2.7446e-19
2.4702e-19,2.4702e-19,2.4702e-19,2.4702e-19,2.4702e-19
2.2231e-19,2.2231e-19,2.2231e-19,2.2231e-19,2.2231e-19
2.0008e-19,2.0008e-19,2.0008e-19,2.0008e-19,2.0008e-19
1.8007e-19,1.8007e-19,1.8007e-19,1.8007e-19,1.8007e-19
1.6207e-19,1.6207e-19,1.6207e-19,1.6207e-19,1.6207e-19
1.4586e-19,1.4586e-19,1.4586e-19,1.4586e-19,1.4586e-19
1.3127e-19,1.3127e-19,1.3127e-19,1.3127e-19,1.3127e-19
1.1815e-19,1.1815e-19,1.1815e-19,1.1815e-19,1.1815e-19
1.0633e-19,1.0633e-19,1.0633e-19,1.0633e-19,1.0633e-19
9.5699e-20,9.5699e-20,9.5699e-20,9.5699e-20,9.5699e-20
8.6129e-20,8.6129e-20,8.6129e-20,8.6129e-20,8.6129e-20
7.7516e-20,7.7516e-20,7.7516e-20,7.7516e-20,7.7516e-20
6.9764e-20,6.9764e-20,6.9764e-20,6.9764e-20,6.9764e-20
6.2788e-20,6.2788e-20,6.2788e-20,6.2788e-20,6.2788e-20
5.6509e-20,5.6509e-20,5.6509e-20,5.6509e-20,5.6509e-20
5.0858e-20,5.0858e-20,5.0858e-20,5.0858e-20,5.0858e-20
4.5772e-20,4.5772e-20,4.5772e-20,4.5772e-20,4.5772e-20
4.1195e-20,4.1195e-20,4.1195e-20,4.1195e-20,4.1195e-20
3.7076e-20,3.7076e-20,3.7076e-20,3.7076e-20,3.7076e-20
3.3368e-20,3.3368e-20,3.3368e-20,3.3368e-20,3.3368e-20
3.0031e-20,3.0031e-20,3.0031e-20,3.0031e-20,3.0031e-20
2.7028e-20,2.7028e-20,2.7028e-20,2.7028e-20,2.7028e-20
2.4325e-20,2.4325e-20,2.4325e-20,2.4325e-20,2.4325e-20
2.1893e-20,2.1893e-20,2.1893e-20,2.1893e-20,2.1893e-20
1.9704e-20,1.9704e-20,1.9704e-20,1.9704e-20,1.9704e-20
1.7733e-20,1.7733e-20,1.7733e-20,1.7733e-20,1.7733e-20
1.596e-20,1.596e-20,1.596e-20,1.596e-20,1.596e-20
1.4364e-20,1.4364e-20,1.4364e-20,1.4364e-20,1.4364e-20
1.2927e-20,1.2927e-20,1.2927e-20,1.2927e-20,1.2927e-20
1.1635e-20,1.1635e-20,1.1635e-20,1.1635e-20,1.1635e-20
1.0471e-20,1.0471e-20,1.0471e-20,1.0471e-20,1.0471e-20
9.4241e-21,9.4241e-21,9.4241e-21,9.4241e-21,9.4241e-21
8.4817e-21,8.4817e-21,8.4817e-21,8.4817e-21,8.4817e-21
7.6335e-21,7.6335e-21,7.6335e-21,7.6335e-21,7.6335e-21
6.8702e-21,6.8702e-21,6.8702e-21,6.8702e-21,6.8702e-21
6.1832e-21,6.1832e-21,6.1832e-21,6.1832e-21,6.1832e-21
5.5649e-21,5.5649e-21,5.5649e-21,5.5649e-21,5.5649e-21
5.0084e-21,5.0084e-21,5.0084e-21,5.0084e-21,5.0084e-21
4.5075e-21,4.5075e-21,4.5075e-21,4.5075e-21,4.5075e-21
4.0568e-21,4.0568e-21,4.0568e-21,4.0568e-21,4.0568e-21
3.6511e-21,3.6511e-21,3.6511e-21,3.6511e-21,3.6511e-21
3.286e-21,3.286e-21,3.286e-21,3.286e-21,3.286e-21
2.9574e-21,2.9574e-21,2.9574e-21,2.9574e-21,2.9574e-21
2.6617e-21,2.6617e-21,2.6617e-21,2.6617e-21,2.6617e-21
2.3955e-21,2.3955e-21,2.3955e-21,2.3955e-21,2.3955e-21
2.1559e-21,2.1559e-21,2.1559e-21,2.1559e-21,2.1559e-21
1.9403e-21,1.9403e-21,1.9403e-21,1.9403e-21,1.9403e-21
1.7463e-21,1.7463e-21,1.7463e-21,1.7463e-21,1.7463e-21
1.5717e-21,1.5717e-21,1.5717e-21,1.5717e-21,1.5717e-21
1.4145e-21,1.4145e-21,1.4145e-21,1.4145e-21,1.4145e-21
1.2731e-21,1.2731e-21,1.2731e-21,1.2731e-21,1.2731e-21
1.1458e-21,1.1458e-21,1.1458e-21,1.1458e-21,1.1458e-21
1.0312e-21,1.0312e-21,1.0312e-21,1.0312e-21,1.0312e-21
9.2806e-22,9.2806e-22,9.2806e-22,9.2806e-22,9.2806e-22
8.3525e-22,8.3525e-22,8.3525e-22,8.3525e-22,8.3525e-22
7.5173e-22,7.5173e-22,7.5173e-22,7.5173e-22,7.5173e-22
6.7656e-22,6.7656e-22,6.7656e-22,6.7656e-22,6.7656e-22
6.089e-22,6.089e-22,6.089e-22,6.089e-22,6.089e-22
5.4801e-22,5.4801e-22,5.4801e-22,5.4801e-22,5.4801e-22
4.9321e-22,4.9321e-22,4.9321e-22,4.9321e-22,4.9321e-22
4.4389e-22,4.4389e-22,4.4389e-22,4.4389e-22,4.4389e-22
3.995e-22,3.995e-22,3.995e-22,3.995e-22,3.995e-22
3.5955e-22,3.5955e-22,3.5955e-22,3.5955e-22,3.5955e-22
3.2359e-22,3.2359e-22,3.2359e-22,3.2359e-22,3.2359e-22
2.9124e-22,2.9124e-22,2.9124e-22,2.9124e-22,2.9124e-22
2.6211e-22,2.6211e-22,2.6211e-22,2.6211e-22,2.6211e-22
2.359e-22,2.359e-22,2.359e-22,2.359e-22,2.359e-22
2.1231e-22,2.1231e-22,2.1231e-22,2.1231e-22,2.1231e-22
1.9108e-22,1.9108e-22,1.9108e-22,1.9108e-22,1.9108e-22
1.7197e-22,1.7197e-22,1.7197e-22,1.7197e-22,1.7197e-22
1.5477e-22,1.5477e-22,1.5477e-22,1.5477e-22,1.5477e-22
1.393e-22,1.393e-22,1.393e-22,1.393e-22,1.393e-22
1.2537e-22,1.2537e-22,1.2537e-22,1.2537e-22,1.2537e-22
1.1283e-22,1.1283e-22,1.1283e-22,1.1283e-22,1.1283e-22
1.0155e-22,1.0155e-22,1.0155e-22,1.0155e-22,1.0155e-22
9.1393e-23,9.1393e-23,9.1393e-23,9.1393e-23,9.1393e-23
8.2253e-23,8.2253e-23,8.2253e-23,8.2253e-23,8.2253e-23
7.4028e-23,7.4028e-23,7.4028e-23,7.4028e-23,7.4028e-23
6.6625e-23,6.6625e-23,6.6625e-23,6.6625e-23,6.6625e-23
5.9963e-23,5.9963e-23,5.9963e-23,5.9963e-23,5.9963e-23
5.3966e-23,5.3966e-23,5.3966e-23,5.3966e-23,5.3966e-23
4.857e-23,4.857e-23,4.857e-23,4.857e-23,4.857e-23
4.3713e-23,4.3713e-23,4.3713e-23,4.3713e-23,4.3713e-23
3.9342e-23,3.9342e-23,3.9342e-23,3.9342e-23,3.9342e-23
3.5407e-23,3.5407e-23,3.5407e-23,3.5407e-23,3.5407e-23
3.1867e-23,3.1867e-23,3.1867e-23,3.1867e-23,3.1867e-23
2.868e-23,2.868e-23,2.868e-23,2.868e-23,2.868e-23
2.5812e-23,2.5812e-23,2.5812e-23,2.5812e-23,2.5812e-23
2.3231e-23,2.3231e-23,2.3231e-23,2.3231e-23,2.3231e-23
2.0908e-23,2.0908e-23,2.0908e-23,2.0908e-23,2.0908e-23
1.8817e-23,1.8817e-23,1.8817e-23,1.8817e-23,1.8817e-23
1.6935e-23,1.6935e-23,1.6935e-23,1.6935e-23,1.6935e-23
1.5242e-23,1.5242e-23,1.5242e-23,1.5242e-23,1.5242e-23
1.3718e-23,1.3718e-23,1.3718e-23,1.3718e-23,1.3718e-23
1.2346e-23,1.2346e-23,1.2346e-23,1.2346e-23,1.2346e-23
1.1111e-23,1.1111e-23,1.1111e-23,1.1111e-23,1.1111e-23
1e-23,1e-23,1e-23,1e-23,1e-23
9.0001e-24,9.0001e-24,9.0001e-24,9.0001e-24,9.0001e-24
8.1001e-24,8.1001e-24,8.1001e-24,8.1001e-24,8.1001e-24
7.2901e-24,7.2901e-24,7.2901e-24,7.2901e-24,7.2901e-24
6.5611e-24,6.5611e-24,6.5611e-24,6.5611e-24,6.5611e-24
5.905e-24,5.905e-24,5.905e-24,5.905e-24,5.905e-24
5.3145e-24,5.3145e-24,5.3145e-24,5.3145e-24,5.3145e-24
4.783e-24,4.783e-24,4.783e-24,4.783e-24,4.783e-24
4.3047e-24,4.3047e-24,4.3047e-24,4.3047e-24,4.3047e-24
3.8742e-24,3.8742e-24,3.8742e-24,3.8742e-24,3.8742e-24
3.4868e-24,3.4868e-24,3.4868e-24,3.4868e-24,3.4868e-24
3.1381e-24,3.1381e-24,3.1381e-24,3.1381e-24,3.1381e-24
2.8243e-24,2.8243e-24,2.8243e-24,2.8243e-24,2.8243e-24
2.5419e-24,2.5419e-24,2.5419e-24,2.5419e-24,2.5419e-24
2.2877e-24,2.2877e-24,2.2877e-24,2.2877e-24,2.2877e-24
2.0589e-24,2.0589e-24,2.0589e-24,2.0589e-24,2.0589e-24
1.853e-24,1.853e-24,1.853e-24,1.853e-24,1.853e-24
1.6677e-24,1.6677e-24,1.6677e-24,1.6677e-24,1.6677e-24
1.501e-24,1.501e-24,1.501e-24,1.501e-24,1.501e-24
1.3509e-24,1.3509e-24,1.3509e-24,1.3509e-24,1.3509e-24
1.2158e-24,1.2158e-24,1.2158e-24,1.2158e-24,1.2158e-24
1.0942e-24,1.0942e-24,1.0942e-24,1.0942e-24,1.0942e-24
9.8478e-25,9.8478e-25,9.8478e-25,9.8478e-25,9.8478e-25
8.863e-25,8.863e-25,8.863e-25,8.863e-25,8.863e-25
7.9767e-25,7.9767e-25,7.9767e-25,7.9767e-25,7.9767e-25
7.1791e-25,7.1791e-25,7.1791e-25,7.1791e-25,7.1791e-25
6.4611e-25,6.4611e-25,6.4611e-25,6.4611e-25,6.4611e-25
5.815e-25,5.815e-25,5.815e-25,5.815e-25,5.815e-25
5.2335e-25,5.2335e-25,5.2335e-25,5.2335e-25,5.2335e-25
4.7102e-25,4.7102e-25,4.7102e-25,4.7102e-25,4.7102e-25
4.2392e-25,4.2392e-25,4.2392e-25,4.2392e-25,4.2392e-25
3.8152e-25,3.8152e-25,3.8152e-25,3.8152e-25,3.8152e-25
3.4337e-25,3.4337e-25,3.4337e-25,3.4337e-25,3.4337e-25
3.0903e-25,3.0903e-25,3.0903e-25,3.0903e-25,3.0903e-25
2.7813e-25,2.7813e-25,2.7813e-25,2.7813e-25,2.7813e-25
2.5032e-25,2.5032e-25,2.5032e-25,2.5032e-25,2.5032e-25
2.2529e-25,2.2529e-25,2.2529e-25,2.2529e-25,2.2529e-25
2.0276e-25,2.0276e-25,2.0276e-25,2.0276e-25,2.0276e-25
1.8248e-25,1.8248e-25,1.8248e-25,1.8248e-25,1.8248e-25
1.6423e-25,1.6423e-25,1.6423e-25,1.6423e-25,1.6423e-25
1.4781e-25,1.4781e-25,1.4781e-25,1.4781e-25,1.4781e-25
1.3303e-25,1.3303e-25,1.3303e-25,1.3303e-25,1.3303e-25
1.1973e-25,1.1973e-25,1.1973e-25,1.1973e-25,1.1973e-25
1.0775e-25,1.0775e-25,1.0775e-25,1.0775e-25,1.0775e-25
9.6978e-26,9.6978e-26,9.6978e-26,9.6978e-26,9.6978e-26
8.7281e-26,8.7281e-26,8.7281e-26,8.7281e-26,8.7281e-26
7.8552e-26,7.8552e-26,7.8552e-26,7.8552e-26,7.8552e-26
7.0697e-26,7.0697e-26,7.0697e-26,7.0697e-26,7.0697e-26
6.3627e-26,6.3627e-26,6.3627e-26,6.3627e-26,6.3627e-26
5.7265e-26,5.7265e-26,5.7265e-26,5.7265e-26,5.7265e-26
5.1538e-26,5.1538e-26,5.1538e-26,5.1538e-26,5.1538e-26
4.6384e-26,4.6384e-26,4.6384e-26,4.6384e-26,4.6384e-26
4.1746e-26,4.1746e-26,4.1746e-26,4.1746e-26,4.1746e-26
3.7571e-26,3.7571e-26,3.7571e-26,3.7571e-26,3.7571e-26
3.3814e-26,3.3814e-26,3.3814e-26,3.3814e-26,3.3814e-26
3.0433e-26,3.0433e-26,3.0433e-26,3.0433e-26,3.0433e-26
2.739e-26,2.739e-26,2.739e-26,2.739e-26,2.739e-26
2.4651e-26,2.4651e-26,2.4651e-26,2.4651e-26,2.4651e-26
2.2186e-26,2.2186e-26,2.2186e-26,2.2186e-26,2.2186e-26
1.9967e-26,1.9967e-26,1.9967e-26,1.9967e-26,1.9967e-26
1.797e-26,1.797e-26,1.797e-26,1.797e-26,1.797e-26
1.6173e-26,1.6173e-26,1.6173e-26,1.6173e-26,1.6173e-26
1.4556e-26,1.4556e-26,1.4556e-26,1.4556e-26,1.4556e-26
1.31e-26,1.31e-26,1.31e-26,1.31e-26,1.31e-26
1.179e-26,1.179e-26,1.179e-26,1.179e-26,1.179e-26
1.0611e-26,1.0611e-26,1.0611e-26,1.0611e-26,1.0611e-26
9.5501e-27,9.5501e-27,9.5501e-27,9.5501e-27,9.5501e-27
8.5951e-27,8.5951e-27,8.5951e-27,8.5951e-27,8.5951e-27
7.7356e-27,7.7356e-27,7.7356e-27,7.7356e-27,7.7356e-27
6.9621e-27,6.9621e-27,6.9621e-27,6.9621e-27,6.9621e-27
6.2659e-27,6.2659e-27,6.2659e-27,6.2659e-27,6.2659e-27
5.6393e-27,5.6393e-27,5.6393e-27,5.6393e-27,5.6393e-27
5.0753e-27,5.0753e-27,5.0753e-27,5.0753e-27,5.0753e-27
4.5678e-27,4.5678e-27,4.5678e-27,4.5678e-27,4.5678e-27
4.111e-27,4.111e-27,4.111e-27,4.111e-27,4.111e-27
3.6999e-27,3.6999e-27,3.6999e-27,3.6999e-27,3.6999e-27
3.3299e-27,3.3299e-27,3.3299e-27,3.3299e-27,3.3299e-27
2.9969e-27,2.9969e-27,2.9969e-27,2.9969e-27,2.9969e-27
2.6972e-27,2.6972e-27,2.6972e-27,2.6972e-27,2.6972e-27
2.4275e-27,2.4275e-27,2.4275e-27,2.4275e-27,2.4275e-27
2.1848e-27,2.1848e-27,2.1848e-27,2.1848e-27,2.1848e-27
1.9663e-27,1.9663e-27,1.9663e-27,1.9663e-27,1.9663e-27
1.7697e-27,1.7697e-27,1.7697e-27,1.7697e-27,1.7697e-27
1.5927e-27,1.5927e-27,1.5927e-27,1.5927e-27,1.5927e-27
1.4334e-27,1.4334e-27,1.4334e-27,1.4334e-27,1.4334e-27
1.2901e-27,1.2901e-27,1.2901e-27,1.2901e-27,1.2901e-27
1.1611e-27,1.1611e-27,1.1611e-27,1.1611e-27,1.1611e-27
1.045e-27,1.045e-27,1.045e-27,1.045e-27,1.045e-27
9.4047e-28,9.4047e-28,9.4047e-28,9.4047e-28,9.4047e-28
8.4642e-28,8.4642e-28,8.4642e-28,8.4642e-28,8.4642e-28
7.6178e-28,7.6178e-28,7.6178e-28,7.6178e-28,7.6178e-28
6.856e-28,6.856e-28,6.856e-28,6.856e-28,6.856e-28
6.1704e-28,6.1704e-28,6.1704e-28,6.1704e-28,6.1704e-28
5.5534e-28,5.5534e-28,5.5534e-28,5.5534e-28,5.5534e-28
4.998e-28,4.998e-28,4.998e-28,4.998e-28,4.998e-28
4.4982e-28,4.4982e-28,4.4982e-28,4.4982e-28,4.4982e-28
4.0484e-28,4.0484e-28,4.0484e-28,4.0484e-28,4.0484e-28
3.6436e-28,3.6436e-28,3.6436e-28,3.6436e-28,3.6436e-28
3.2792e-28,3.2792e-28,3.2792e-28,3.2792e-28,3.2792e-28
2.9513e-28,2.9513e-28,2.9513e-28,2.9513e-28,2.9513e-28
2.6562e-28,2.6562e-28,2.6562e-28,2.6562e-28,2.6562e-28
2.3906e-28,2.3906e-28,2.3906e-28,2.3906e-28,2.3906e-28
2.1515e-28,2.1515e-28,2.1515e-28,2.1515e-28,2.1515e-28
1.9363e-28,1.9363e-28,1.9363e-28,1.9363e-28,1.9363e-28
1.7427e-28,1.7427e-28,1.7427e-28,1.7427e-28,1.7427e-28
1.5684e-28,1.5684e-28,1.5684e-28,1.5684e-28,1.5684e-28
1.4116e-28,1.4116e-28,1.4116e-28,1.4116e-28,1.4116e-28
1.2704e-28,1.2704e-28,1.2704e-28,1.2704e-28,1.2704e-28
1.1434e-28,1.1434e-28,1.1434e-28,1.1434e-28,1.1434e-28
1.0291e-28,1.0291e-28,1.0291e-28,1.0291e-28,1.0291e-28
9.2615e-29,9.2615e-29,9.2615e-29,9.2615e-29,9.2615e-29
8.3353e-29,8.3353e-29,8.3353e-29,8.3353e-29,8.3353e-29
7.5018e-29,7.5018e-29,7.5018e-29,7.5018e-29,7.5018e-29
6.7516e-29,6.7516e-29,6.7516e-29,6.7516e-29,6.7516e-29
6.0765e-29,6.0765e-29,6.0765e-29,6.0765e-29,6.0765e-29
5.4688e-29,5.4688e-29,5.4688e-29,5.4688e-29,5.4688e-29
4.9219e-29,4.9219e-29,4.9219e-29,4.9219e-29,4.9219e-29
4.4297e-29,4.4297e-29,4.4297e-29,4.4297e-29,4.4297e-29
3.9868e-29,3.9868e-29,3.9868e-29,3.9868e-29,3.9868e-29
3.5881e-29,3.5881e-29,3.5881e-29,3.5881e-29,3.5881e-29
3.2293e-29,3.2293e-29,3.2293e-29,3.2293e-29,3.2293e-29
2.9064e-29,2.9064e-29,2.9064e-29,2.9064e-29,2.9064e-29
2.6157e-29,2.6157e-29,2.6157e-29,2.6157e-29,2.6157e-29
2.3541e-29,2.3541e-29,2.3541e-29,2.3541e-29,2.3541e-29
2.1187e-29,2.1187e-29,2.1187e-29,2.1187e-29,2.1187e-29
1.9069e-29,1.9069e-29,1.9069e-29,1.9069e-29,1.9069e-29
1.7162e-29,1.7162e-29,1.7162e-29,1.7162e-29,1.7162e-29
1.5446e-29,1.5446e-29,1.5446e-29,1.5446e-29,1.5446e-29
1.3901e-29,1.3901e-29,1.3901e-29,1.3901e-29,1.3901e-29
1.2511e-29,1.2511e-29,1.2511e-29,1.2511e-29,1.2511e-29
1.126e-29,1.126e-29,1.126e-29,1.126e-29,1.126e-29
1.0134e-29,1.0134e-29,1.0134e-29,1.0134e-29,1.0134e-29
9.1204e-30,9.1204e-30,9.1204e-30,9.1204e-30,9.1204e-30
8.2084e-30,8.2084e-30,8.2084e-30,8.2084e-30,8.2084e-30
7.3876e-30,7.3876e-30,7.3876e-30,7.3876e-30,7.3876e-30
6.6488e-30,6.6488e-30,6.6488e-30,6.6488e-30,6.6488e-30
5.9839e-30,5.9839e-30,5.9839e-30,5.9839e-30,5.9839e-30
5.3855e-30,5.3855e-30,5.3855e-30,5.3855e-30,5.3855e-30
4.847e-30,4.847e-30,4.847e-30,4.847e-30,4.847e-30
4.3623e-30,4.3623e-30,4.3623e-30,4.3623e-30,4.3623e-30
3.926e-30,3.926e-30,3.926e-30,3.926e-30,3.926e-30
3.5334e-30,3.5334e-30,3.5334e-30,3.5334e-30,3.5334e-30
3.1801e-30,3.1801e-30,3.1801e-30,3.1801e-30,3.1801e-30
2.8621e-30,2.8621e-30,2.8621e-30,2.8621e-30,2.8621e-30
2.5759e-30,2.5759e-30,2.5759e-30,2.5759e-30,2.5759e-30
2.3183e-30,2.3183e-30,2.3183e-30,2.3183e-30,2.3183e-30
2.0865e-30,2.0865e-30,2.0865e-30,2.0865e-30,2.0865e-30
1.8778e-30,1.8778e-30,1.8778e-30,1.8778e-30,1.8778e-30
1.69e-30,1.69e-30,1.69e-30,1.69e-30,1.69e-30
1.521e-30,1.521e-30,1.521e-30,1.521e-30,1.521e-30
1.3689e-30,1.3689e-30,1.3689e-30,1.3689e-30,1.3689e-30
1.232e-30,1.232e-30,1.232e-30,1.232e-30,1.232e-30
1.1088e-30,1.1088e-30,1.1088e-30,1.1088e-30,1.1088e-30
9.9795e-31,9.9795e-31,9.9795e-31,9.9795e-31,9.9795e-31
8.9815e-31,8.9815e-31,8.9815e-31,8.9815e-31,8.9815e-31
8.0834e-31,8.0834e-31,8.0834e-31,8.0834e-31,8.0834e-31
7.275e-31,7.275e-31,7.275e-31,7.275e-31,7.275e-31
6.5475e-31,6.5475e-31,6.5475e-31,6.5475e-31,6.5475e-31
5.8928e-31,5.8928e-31,5.8928e-31,5.8928e-31,5.8928e-31
5.3035e-31,5.3035e-31,5.3035e-31,5.3035e-31,5.3035e-31
4.7732e-31,4.7732e-31,4.7732e-31,4.7732e-31,4.7732e-31
4.2958e-31,4.2958e-31,4.2958e-31,4.2958e-31,4.2958e-31
3.8663e-31,3.8663e-31,3.8663e-31,3.8663e-31,3.8663e-31
3.4796e-31,3.4796e-31,3.4796e-31,3.4796e-31,3.4796e-31
3.1317e-31,3.1317e-31,3.1317e-31,3.1317e-31,3.1317e-31
2.8185e-31,2.8185e-31,2.8185e-31,2.8185e-31,2.8185e-31
2.5367e-31,2.5367e-31,2.5367e-31,2.5367e-31,2.5367e-31
2.283e-31,2.283e-31,2.283e-31,2.283e-31,2.283e-31
2.0547e-31,2.0547e-31,2.0547e-31,2.0547e-31,2.0547e-31
1.8492e-31,1.8492e-31,1.8492e-31,1.8492e-31,1.8492e-31
1.6643e-31,1.6643e-31,1.6643e-31,1.6643e-31,1.6643e-31
1.4979e-31,1.4979e-31,1.4979e-31,1.4979e-31,1.4979e-31
1.3481e-31,1.3481e-31,1.3481e-31,1.3481e-31,1.3481e-31
1.2133e-31,1.2133e-31,1.2133e-31,1.2133e-31,1.2133e-31
1.0919e-31,1.0919e-31,1.0919e-31,1.0919e-31,1.0919e-31
9.8275e-32,9.8275e-32,9.8275e-32,9.8275e-32,9.8275e-32
8.8448e-32,8.8448e-32,8.8448e-32,8.8448e-32,8.8448e-32
7.9603e-32,7.9603e-32,7.9603e-32,7.9603e-32,7.9603e-32
7.1643e-32,7.1643e-32,7.1643e-32,7.1643e-32,7.1643e-32
6.4478e-32,6.4478e-32,6.4478e-32,6.4478e-32,6.4478e-32
5.803e-32,5.803e-32,5.803e-32,5.803e-32,5.803e-32
5.2227e-32,5.2227e-32,5.2227e-32,5.2227e-32,5.2227e-32
4.7005e-32,4.7005e-32,4.7005e-32,4.7005e-32,4.7005e-32
4.2304e-32,4.2304e-32,4.2304e-32,4.2304e-32,4.2304e-32
3.8074e-32,3.8074e-32,3.8074e-32,3.8074e-32,3.8074e-32
3.4266e-32,3.4266e-32,3.4266e-32,3.4266e-32,3.4266e-32
3.084e-32,3.084e-32,3.084e-32,3.084e-32,3.084e-32
2.7756e-32,2.7756e-32,2.7756e-32,2.7756e-32,2.7756e-32
2.498e-32,2.498e-32,2.498e-32,2.498e-32,2.498e-32
2.2482e-32,2.2482e-32,2.2482e-32,2.2482e-32,2.2482e-32
2.0234e-32,2.0234e-32,2.0234e-32,2.0234e-32,2.0234e-32
1.8211e-32,1.8211e-32,1.8211e-32,1.8211e-32,1.8211e-32
1.639e-32,1.639e-32,1.639e-32,1.639e-32,1.639e-32
1.4751e-32,1.4751e-32,1.4751e-32,1.4751e-32,1.4751e-32
1.3276e-32,1.3276e-32,1.3276e-32,1.3276e-32,1.3276e-32
1.1948e-32,1.1948e-32,1.1948e-32,1.1948e-32,1.1948e-32
1.0753e-32,1.0753e-32,1.0753e-32,1.0753e-32,1.0753e-32
9.6778e-33,9.6778e-33,9.6778e-33,9.6778e-33,9.6778e-33
8.7101e-33,8.7101e-33,8.7101e-33,8.7101e-33,8.7101e-33
7.8391e-33,7.8391e-33,7.8391e-33,7.8391e-33,7.8391e-33
7.0552e-33,7.0552e-33,7.0552e-33,7.0552e-33,7.0552e-33
6.3496e-33,6.3496e-33,6.3496e-33,6.3496e-33,6.3496e-33
5.7147e-33,5.7147e-33,5.7147e-33,5.7147e-33,5.7147e-33
5.1432e-33,5.1432e-33,5.1432e-33,5.1432e-33,5.1432e-33
4.6289e-33,4.6289e-33,4.6289e-33,4.6289e-33,4.6289e-33
4.166e-33,4.166e-33,4.166e-33,4.166e-33,4.166e-33
3.7494e-33,3.7494e-33,3.7494e-33,3.7494e-33,3.7494e-33
3.3745e-33,3.3745e-33,3.3745e-33,3.3745e-33,3.3745e-33
3.037e-33,3.037e-33,3.037e-33,3.037e-33,3.037e-33
2.7333e-33,2.7333e-33,2.7333e-33,2.7333e-33,2.7333e-33
2.46e-33,2.46e-33,2.46e-33,2.46e-33,2.46e-33
2.214e-33,2.214e-33,2.214e-33,2.214e-33,2.214e-33
1.9926e-33,1.9926e-33,1.9926e-33,1.9926e-33,1.9926e-33
1.7933e-33,1.7933e-33,1.7933e-33,1.7933e-33,1.7933e-33
1.614e-33,1.614e-33,1.614e-33,1.614e-33,1.614e-33
1.4526e-33,1.4526e-33,1.4526e-33,1.4526e-33,1.4526e-33
1.3073e-33,1.3073e-33,1.3073e-33,1.3073e-33,1.3073e-33
1.1766e-33,1.1766e-33,1.1766e-33,1.1766e-33,1.1766e-33
1.0589e-33,1.0589e-33,1.0589e-33,1.0589e-33,1.0589e-33
9.5305e-34,9.5305e-34,9.5305e-34,9.5305e-34,9.5305e-34
8.5774e-34,8.5774e-34,8.5774e-34,8.5774e-34,8.5774e-34
7.7197e-34,7.7197e-34,7.7197e-34,7.7197e-34,7.7197e-34
6.9477e-34,6.9477e-34,6.9477e-34,6.9477e-34,6.9477e-34
6.2529e-34,6.2529e-34,6.2529e-34,6.2529e-34,6.2529e-34
5.6276e-34,5.6276e-34,5.6276e-34,5.6276e-34,5.6276e-34
5.0649e-34,5.0649e-34,5.0649e-34,5.0649e-34,5.0649e-34
4.5584e-34,4.5584e-34,4.5584e-34,4.5584e-34,4.5584e-34
4.1026e-34,4.1026e-34,4.1026e-34,4.1026e-34,4.1026e-34
3.6923e-34,3.6923e-34,3.6923e-34,3.6923e-34,3.6923e-34
3.3231e-34,3.3231e-34,3.3231e-34,3.3231e-34,3.3231e-34
2.9908e-34,2.9908e-34,2.9908e-34,2.9908e-34,2.9908e-34
2.6917e-34,2.6917e-34,2.6917e-34,2.6917e-34,2.6917e-34
2.4225e-34,2.4225e-34,2.4225e-34,2.4225e-34,2.4225e-34
2.1803e-34,2.1803e-34,2.1803e-34,2.1803e-34,2.1803e-34
1.9622e-34,1.9622e-34,1.9622e-34,1.9622e-34,1.9622e-34
1.766e-34,1.766e-34,1.766e-34,1.766e-34,1.766e-34
1.5894e-34,1.5894e-34,1.5894e-34,1.5894e-34,1.5894e-34
1.4305e-34,1.4305e-34,1.4305e-34,1.4305e-34,1.4305e-34
1.2874e-34,1.2874e-34,1.2874e-34,1.2874e-34,1.2874e-34
1.1587e-34,1.1587e-34,1.1587e-34,1.1587e-34,1.1587e-34
1.0428e-34,1.0428e-34,1.0428e-34,1.0428e-34,1.0428e-34
9.3853e-35,9.3853e-35,9.3853e-35,9.3853e-35,9.3853e-35
8.4468e-35,8.4468e-35,8.4468e-35,8.4468e-35,8.4468e-35
7.6021e-35,7.6021e-35,7.6021e-35,7.6021e-35,7.6021e-35
6.8419e-35,6.8419e-35,6.8419e-35,6.8419e-35,6.8419e-35
6.1577e-35,6.1577e-35,6.1577e-35,6.1577e-35,6.1577e-35
5.5419e-35,5.5419e-35,5.5419e-35,5.5419e-35,5.5419e-35
4.9877e-35,4.9877e-35,4.9877e-35,4.9877e-35,4.9877e-35
4.489e-35,4.489e-35,4.489e-35,4.489e-35,4.489e-35
4.0401e-35,4.0401e-35,4.0401e-35,4.0401e-35,4.0401e-35
3.6361e-35,3.6361e-35,3.6361e-35,3.6361e-35,3.6361e-35
3.2725e-35,3.2725e-35,3.2725e-35,3.2725e-35,3.2725e-35
2.9452e-35,2.9452e-35,2.9452e-35,2.9452e-35,2.9452e-35
2.6507e-35,2.6507e-35,2.6507e-35,2.6507e-35,2.6507e-35
2.3856e-35,2.3856e-35,2.3856e-35,2.3856e-35,2.3856e-35
2.1471e-35,2.1471e-35,2.1471e-35,2.1471e-35,2.1471e-35
1.9324e-35,1.9324e-35,1.9324e-35,1.9324e-35,1.9324e-35
1.7391e-35,1.7391e-35,1.7391e-35,1.7391e-35,1.7391e-35
1.5652e-35,1.5652e-35,1.5652e-35,1.5652e-35,1.5652e-35
1.4087e-35,1.4087e-35,1.4087e-35,1.4087e-35,1.4087e-35
1.2678e-35,1.2678e-35,1.2678e-35,1.2678e-35,1.2678e-35
1.141e-35,1.141e-35,1.141e-35,1.141e-35,1.141e-35
1.0269e-35,1.0269e-35,1.0269e-35,1.0269e-35,1.0269e-35
9.2424e-36,9.2424e-36,9.2424e-36,9.2424e-36,9.2424e-36
8.3182e-36,8.3182e-36,8.3182e-36,8.3182e-36,8.3182e-36
7.4863e-36,7.4863e-36,7.4863e-36,7.4863e-36,7.4863e-36
6.7377e-36,6.7377e-36,6.7377e-36,6.7377e-36,6.7377e-36
6.0639e-36,6.0639e-36,6.0639e-36,6.0639e-36,6.0639e-36
5.4575e-36,5.4575e-36,5.4575e-36,5.4575e-36,5.4575e-36
4.9118e-36,4.9118e-36,4.9118e-36,4.9118e-36,4.9118e-36
4.4206e-36,4.4206e-36,4.4206e-36,4.4206e-36,4.4206e-36
3.9785e-36,3.9785e-36,3.9785e-36,3.9785e-36,3.9785e-36
3.5807e-36,3.5807e-36,3.5807e-36,3.5807e-36,3.5807e-36
3.2226e-36,3.2226e-36,3.2226e-36,3.2226e-36,3.2226e-36
2.9004e-36,2.9004e-36,2.9004e-36,2.9004e-36,2.9004e-36
2.6103e-36,2.6103e-36,2.6103e-36,2.6103e-36,2.6103e-36
2.3493e-36,2.3493e-36,2.3493e-36,2.3493e-36,2.3493e-36
2.1144e-36,2.1144e-36,2.1144e-36,2.1144e-36,2.1144e-36
1.9029e-36,1.9029e-36,1.9029e-36,1.9029e-36,1.9029e-36
1.7126e-36,1.7126e-36,1.7126e-36,1.7126e-36,1.7126e-36
1.5414e-36,1.5414e-36,1.5414e-36,1.5414e-36,1.5414e-36
1.3872e-36,1.3872e-36,1.3872e-36,1.3872e-36,1.3872e-36
1.2485e-36,1.2485e-36,1.2485e-36,1.2485e-36,1.2485e-36
1.1237e-36,1.1237e-36,1.1237e-36,1.1237e-36,1.1237e-36
1.0113e-36,1.0113e-36,1.0113e-36,1.0113e-36,1.0113e-36
9.1016e-37,9.1016e-37,9.1016e-37,9.1016e-37,9.1016e-37
8.1915e-37,8.1915e-37,8.1915e-37,8.1915e-37,8.1915e-37
7.3723e-37,7.3723e-37,7.3723e-37,7.3723e-37,7.3723e-37
6.6351e-37,6.6351e-37,6.6351e-37,6.6351e-37,6.6351e-37
5.9716e-37,5.9716e-37,5.9716e-37,5.9716e-37,5.9716e-37
5.3744e-37,5.3744e-37,5.3744e-37,5.3744e-37,5.3744e-37
4.837e-37,4.837e-37,4.837e-37,4.837e-37,4.837e-37
4.3533e-37,4.3533e-37,4.3533e-37,4.3533e-37,4.3533e-37
3.918e-37,3.918e-37,3.918e-37,3.918e-37,3.918e-37
3.5262e-37,3.5262e-37,3.5262e-37,3.5262e-37,3.5262e-37
3.1735e-37,3.1735e-37,3.1735e-37,3.1735e-37,3.1735e-37
2.8562e-37,2.8562e-37,2.8562e-37,2.8562e-37,2.8562e-37
2.5706e-37,2.5706e-37,2.5706e-37,2.5706e-37,2.5706e-37
2.3135e-37,2.3135e-37,2.3135e-37,2.3135e-37,2.3135e-37
2.0822e-37,2.0822e-37,2.0822e-37,2.0822e-37,2.0822e-37
1.8739e-37,1.8739e-37,1.8739e-37,1.8739e-37,1.8739e-37
1.6866e-37,1.6866e-37,1.6866e-37,1.6866e-37,1.6866e-37
1.5179e-37,1.5179e-37,1.5179e-37,1.5179e-37,1.5179e-37
1.3661e-37,1.3661e-37,1.3661e-37,1.3661e-37,1.3661e-37
1.2295e-37,1.2295e-37,1.2295e-37,1.2295e-37,1.2295e-37
1.1065e-37,1.1065e-37,1.1065e-37,1.1065e-37,1.1065e-37
9.9589e-38,9.9589e-38,9.9589e-38,9.9589e-38,9.9589e-38
8.963e-38,8.963e-38,8.963e-38,8.963e-38,8.963e-38
8.0667e-38,8.0667e-38,8.0667e-38,8.0667e-38,8.0667e-38
7.2601e-38,7.2601e-38,7.2601e-38,7.2601e-38,7.2601e-38
6.534e-38,6.534e-38,6.534e-38,6.534e-38,6.534e-38
5.8806e-38,5.8806e-38,5.8806e-38,5.8806e-38,5.8806e-38
5.2926e-38,5.2926e-38,5.2926e-38,5.2926e-38,5.2926e-38
4.7633e-38,4.7633e-38,4.7633e-38,4.7633e-38,4.7633e-38
4.287e-38,4.287e-38,4.287e-38,4.287e-38,4.287e-38
3.8583e-38,3.8583e-38,3.8583e-38,3.8583e-38,3.8583e-38
3.4725e-38,3.4725e-38,3.4725e-38,3.4725e-38,3.4725e-38
3.1252e-38,3.1252e-38,3.1252e-38,3.1252e-38,3.1252e-38
2.8127e-38,2.8127e-38,2.8127e-38,2.8127e-38,2.8127e-38
2.5314e-38,2.5314e-38,2.5314e-38,2.5314e-38,2.5314e-38
2.2783e-38,2.2783e-38,2.2783e-38,2.2783e-38,2.2783e-38
2.0505e-38,2.0505e-38,2.0505e-38,2.0505e-38,2.0505e-38
1.8454e-38,1.8454e-38,1.8454e-38,1.8454e-38,1.8454e-38
1.6609e-38,1.6609e-38,1.6609e-38,1.6609e-38,1.6609e-38
1.4948e-38,1.4948e-38,1.4948e-38,1.4948e-38,1.4948e-38
1.3453e-38,1.3453e-38,1.3453e-38,1.3453e-38,1.3453e-38
1.2108e-38,1.2108e-38,1.2108e-38,1.2108e-38,1.2108e-38
1.0897e-38,1.0897e-38,1.0897e-38,1.0897e-38,1.0897e-38
9.8073e-39,9.8073e-39,9.8073e-39,9.8073e-39,9.8073e-39
8.8265e-39,8.8265e-39,8.8265e-39,8.8265e-39,8.8265e-39
7.9439e-39,7.9439e-39,7.9439e-39,7.9439e-39,7.9439e-39
7.1495e-39,7.1495e-39,7.1495e-39,7.1495e-39,7.1495e-39
6.4345e-39,6.4345e-39,6.4345e-39,6.4345e-39,6.4345e-39
5.7911e-39,5.7911e-39,5.7911e-39,5.7911e-39,5.7911e-39
5.212e-39,5.212e-39,5.212e-39,5.212e-39,5.212e-39
4.6908e-39,4.6908e-39,4.6908e-39,4.6908e-39,4.6908e-39
4.2217e-39,4.2217e-39,4.2217e-39,4.2217e-39,4.2217e-39
3.7995e-39,3.7995e-39,3.7995e-39,3.7995e-39,3.7995e-39
3.4196e-39,3.4196e-39,3.4196e-39,3.4196e-39,3.4196e-39
3.0776e-39,3.0776e-39,3.0776e-39,3.0776e-39,3.0776e-39
2.7699e-39,2.7699e-39,2.7699e-39,2.7699e-39,2.7699e-39
2.4929e-39,2.4929e-39,2.4929e-39,2.4929e-39,2.4929e-39
2.2436e-39,2.2436e-39,2.2436e-39,2.2436e-39,2.2436e-39
2.0192e-39,2.0192e-39,2.0192e-39,2.0192e-39,2.0192e-39
1.8173e-39,1.8173e-39,1.8173e-39,1.8173e-39,1.8173e-39
1.6356e-39,1.6356e-39,1.6356e-39,1.6356e-39,1.6356e-39
1.472e-39,1.472e-39,1.472e-39,1.472e-39,1.472e-39
1.3248e-39,1.3248e-39,1.3248e-39,1.3248e-39,1.3248e-39
1.1923e-39,1.1923e-39,1.1923e-39,1.1923e-39,1.1923e-39
1.0731e-39,1.0731e-39,1.0731e-39,1.0731e-39,1.0731e-39
9.6579e-40,9.6579e-40,9.6579e-40,9.6579e-40,9.6579e-40
8.6921e-40,8.6921e-40,8.6921e-40,8.6921e-40,8.6921e-40
7.8229e-40,7.8229e-40,7.8229e-40,7.8229e-40,7.8229e-40
7.0406e-40,7.0406e-40,7.0406e-40,7.0406e-40,7.0406e-40
6.3365e-40,6.3365e-40,6.3365e-40,6.3365e-40,6.3365e-40
5.7029e-40,5.7029e-40,5.7029e-40,5.7029e-40,5.7029e-40
5.1326e-40,5.1326e-40,5.1326e-40,5.1326e-40,5.1326e-40
4.6193e-40,4.6193e-40,4.6193e-40,4.6193e-40,4.6193e-40
4.1574e-40,4.1574e-40,4.1574e-40,4.1574e-40,4.1574e-40
3.7417e-40,3.7417e-40,3.7417e-40,3.7417e-40,3.7417e-40
3.3675e-40,3.3675e-40,3.3675e-40,3.3675e-40,3.3675e-40
3.0308e-40,3.0308e-40,3.0308e-40,3.0308e-40,3.0308e-40
2.7277e-40,2.7277e-40,2.7277e-40,2.7277e-40,2.7277e-40
2.4549e-40,2.4549e-40,2.4549e-40,2.4549e-40,2.4549e-40
2.2094e-40,2.2094e-40,2.2094e-40,2.2094e-40,2.2094e-40
1.9885e-40,1.9885e-40,1.9885e-40,1.9885e-40,1.9885e-40
1.7896e-40,1.7896e-40,1.7896e-40,1.7896e-40,1.7896e-40
1.6107e-40,1.6107e-40,1.6107e-40,1.6107e-40,1.6107e-40
1.4496e-40,1.4496e-40,1.4496e-40,1.4496e-40,1.4496e-40
1.3046e-40,1.3046e-40,1.3046e-40,1.3046e-40,1.3046e-40
1.1742e-40,1.1742e-40,1.1742e-40,1.1742e-40,1.1742e-40
1.0568e-40,1.0568e-40,1.0568e-40,1.0568e-40,1.0568e-40
9.5108e-41,9.5108e-41,9.5108e-41,9.5108e-41,9.5108e-41
8.5597e-41,8.5597e-41,8.5597e-41,8.5597e-41,8.5597e-41
7.7038e-41,7.7038e-41,7.7038e-41,7.7038e-41,7.7038e-41
6.9334e-41,6.9334e-41,6.9334e-41,6.9334e-41,6.9334e-41
6.24e-41,6.24e-41,6.24e-41,6.24e-41,6.24e-41
5.616e-41,5.616e-41,5.616e-41,5.616e-41,5.616e-41
5.0544e-41,5.0544e-41,5.0544e-41,5.0544e-41,5.0544e-41
4.549e-41,4.549e-41,4.549e-41,4.549e-41,4.549e-41
4.0941e-41,4.0941e-41,4.0941e-41,4.0941e-41,4.0941e-41
3.6847e-41,3.6847e-41,3.6847e-41,3.6847e-41,3.6847e-41
3.3162e-41,3.3162e-41,3.3162e-41,3.3162e-41,3.3162e-41
2.9846e-41,2.9846e-41,2.9846e-41,2.9846e-41,2.9846e-41
2.6861e-41,2.6861e-41,2.6861e-41,2.6861e-41,2.6861e-41
2.4175e-41,2.4175e-41,2.4175e-41,2.4175e-41,2.4175e-41
2.1758e-41,2.1758e-41,2.1758e-41,2.1758e-41,2.1758e-41
1.9582e-41,1.9582e-41,1.9582e-41,1.9582e-41,1.9582e-41
1.7624e-41,1.7624e-41,1.7624e-41,1.7624e-41,1.7624e-41
1.5861e-41,1.5861e-41,1.5861e-41,1.5861e-41,1.5861e-41
1.4275e-41,1.4275e-41,1.4275e-41,1.4275e-41,1.4275e-41
1.2848e-41,1.2848e-41,1.2848e-41,1.2848e-41,1.2848e-41
1.1563e-41,1.1563e-41,1.1563e-41,1.1563e-41,1.1563e-41
1.0407e-41,1.0407e-41,1.0407e-41,1.0407e-41,1.0407e-41
9.366e-42,9.366e-42,9.366e-42,9.366e-42,9.366e-42
8.4294e-42,8.4294e-42,8.4294e-42,8.4294e-42,8.4294e-42
7.5864e-42,7.5864e-42,7.5864e-42,7.5864e-42,7.5864e-42
6.8278e-42,6.8278e-42,6.8278e-42,6.8278e-42,6.8278e-42
6.145e-42,6.145e-42,6.145e-42,6.145e-42,6.145e-42
5.5305e-42,5.5305e-42,5.5305e-42,5.5305e-42,5.5305e-42
4.9775e-42,4.9775e-42,4.9775e-42,4.9775e-42,4.9775e-42
4.4797e-42,4.4797e-42,4.4797e-42,4.4797e-42,4.4797e-42
4.0317e-42,4.0317e-42,4.0317e-42,4.0317e-42,4.0317e-42
3.6286e-42,3.6286e-42,3.6286e-42,3.6286e-42,3.6286e-42
3.2657e-42,3.2657e-42,3.2657e-42,3.2657e-42,3.2657e-42
2.9391e-42,2.9391e-42,2.9391e-42,2.9391e-42,2.9391e-42
2.6452e-42,2.6452e-42,2.6452e-42,2.6452e-42,2.6452e-42
2.3807e-42,2.3807e-42,2.3807e-42,2.3807e-42,2.3807e-42
2.1426e-42,2.1426e-42,2.1426e-42,2.1426e-42,2.1426e-42
1.9284e-42,1.9284e-42,1.9284e-42,1.9284e-42,1.9284e-42
1.7355e-42,1.7355e-42,1.7355e-42,1.7355e-42,1.7355e-42
1.562e-42,1.562e-42,1.562e-42,1.562e-42,1.562e-42
1.4058e-42,1.4058e-42,1.4058e-42,1.4058e-42,1.4058e-42
1.2652e-42,1.2652e-42,1.2652e-42,1.2652e-42,1.2652e-42
1.1387e-42,1.1387e-42,1.1387e-42,1.1387e-42,1.1387e-42
1.0248e-42,1.0248e-42,1.0248e-42,1.0248e-42,1.0248e-42
9.2233e-43,9.2233e-43,9.2233e-43,9.2233e-43,9.2233e-43
8.301e-43,8.301e-43,8.301e-43,8.301e-43,8.301e-43
7.4709e-43,7.4709e-43,7.4709e-43,7.4709e-43,7.4709e-43
6.7238e-43,6.7238e-43,6.7238e-43,6.7238e-43,6.7238e-43
6.0514e-43,6.0514e-43,6.0514e-43,6.0514e-43,6.0514e-43
5.4463e-43,5.4463e-43,5.4463e-43,5.4463e-43,5.4463e-43
4.9017e-43,4.9017e-43,4.9017e-43,4.9017e-43,4.9017e-43
4.4115e-43,4.4115e-43,4.4115e-43,4.4115e-43,4.4115e-43
3.9703e-43,3.9703e-43,3.9703e-43,3.9703e-43,3.9703e-43
3.5733e-43,3.5733e-43,3.5733e-43,3.5733e-43,3.5733e-43
3.216e-43,3.216e-43,3.216e-43,3.216e-43,3.216e-43
2.8944e-43,2.8944e-43,2.8944e-43,2.8944e-43,2.8944e-43
2.6049e-43,2.6049e-43,2.6049e-43,2.6049e-43,2.6049e-43
2.3444e-43,2.3444e-43,2.3444e-43,2.3444e-43,2.3444e-43
2.11e-43,2.11e-43,2.11e-43,2.11e-43,2.11e-43
1.899e-43,1.899e-43,1.899e-43,1.899e-43,1.899e-43
1.7091e-43,1.7091e-43,1.7091e-43,1.7091e-43,1.7091e-43
1.5382e-43,1.5382e-43,1.5382e-43,1.5382e-43,1.5382e-43
1.3844e-43,1.3844e-43,1.3844e-43,1.3844e-43,1.3844e-43
1.2459e-43,1.2459e-43,1.2459e-43,1.2459e-43,1.2459e-43
1.1213e-43,1.1213e-43,1.1213e-43,1.1213e-43,1.1213e-43
1.0092e-43,1.0092e-43,1.0092e-43,1.0092e-43,1.0092e-43
9.0829e-44,9.0829e-44,9.0829e-44,9.0829e-44,9.0829e-44
8.1746e-44,8.1746e-44,8.1746e-44,8.1746e-44,8.1746e-44
7.3571e-44,7.3571e-44,7.3571e-44,7.3571e-44,7.3571e-44
6.6214e-44,6.6214e-44,6.6214e-44,6.6214e-44,6.6214e-44
5.9593e-44,5.9593e-44,5.9593e-44,5.9593e-44,5.9593e-44
5.3633e-44,5.3633e-44,5.3633e-44,5.3633e-44,5.3633e-44
4.827e-44,4.827e-44,4.827e-44,4.827e-44,4.827e-44
4.3443e-44,4.3443e-44,4.3443e-44,4.3443e-44,4.3443e-44
3.9099e-44,3.9099e-44,3.9099e-44,3.9099e-44,3.9099e-44
3.5189e-44,3.5189e-44,3.5189e-44,3.5189e-44,3.5189e-44
3.167e-44,3.167e-44,3.167e-44,3.167e-44,3.167e-44
2.8503e-44,2.8503e-44,2.8503e-44,2.8503e-44,2.8503e-44
2.5653e-44,2.5653e-44,2.5653e-44,2.5653e-44,2.5653e-44
2.3087e-44,2.3087e-44,2.3087e-44,2.3087e-44,2.3087e-44
2.0779e-44,2.0779e-44,2.0779e-44,2.0779e-44,2.0779e-44
1.8701e-44,1.8701e-44,1.8701e-44,1.8701e-44,1.8701e-44
1.6831e-44,1.6831e-44,1.6831e-44,1.6831e-44,1.6831e-44
1.5148e-44,1.5148e-44,1.5148e-44,1.5148e-44,1.5148e-44
1.3633e-44,1.3633e-44,1.3633e-44,1.3633e-44,1.3633e-44
1.227e-44,1.227e-44,1.227e-44,1.227e-44,1.227e-44
1.1043e-44,1.1043e-44,1.1043e-44,1.1043e-44,1.1043e-44
9.9384e-45,9.9384e-45,9.9384e-45,9.9384e-45,9.9384e-45
8.9446e-45,8.9446e-45,8.9446e-45,8.9446e-45,8.9446e-45
8.0501e-45,8.0501e-45,8.0501e-45,8.0501e-45,8.0501e-45
7.2451e-45,7.2451e-45,7.2451e-45,7.2451e-45,7.2451e-45
6.5206e-45,6.5206e-45,6.5206e-45,6.5206e-45,6.5206e-45
5.8685e-45,5.8685e-45,5.8685e-45,5.8685e-45,5.8685e-45
5.2817e-45,5.2817e-45,5.2817e-45,5.2817e-45,5.2817e-45
4.7535e-45,4.7535e-45,4.7535e-45,4.7535e-45,4.7535e-45
4.2782e-45,4.2782e-45,4.2782e-45,4.2782e-45,4.2782e-45
3.8503e-45,3.8503e-45,3.8503e-45,3.8503e-45,3.8503e-45
3.4653e-45,3.4653e-45,3.4653e-45,3.4653e-45,3.4653e-45
3.1188e-45,3.1188e-45,3.1188e-45,3.1188e-45,3.1188e-45
2.8069e-45,2.8069e-45,2.8069e-45,2.8069e-45,2.8069e-45
2.5262e-45,2.5262e-45,2.5262e-45,2.5262e-45,2.5262e-45
2.2736e-45,2.2736e-45,2.2736e-45,2.2736e-45,2.2736e-45
2.0462e-45,2.0462e-45,2.0462e-45,2.0462e-45,2.0462e-45
1.8416e-45,1.8416e-45,1.8416e-45,1.8416e-45,1.8416e-45
1.6574e-45,1.6574e-45,1.6574e-45,1.6574e-45,1.6574e-45
1.4917e-45,1.4917e-45,1.4917e-45,1.4917e-45,1.4917e-45
1.3425e-45,1.3425e-45,1.3425e-45,1.3425e-45,1.3425e-45
1.2083e-45,1.2083e-45,1.2083e-45,1.2083e-45,1.2083e-45
1.0874e-45,1.0874e-45,1.0874e-45,1.0874e-45,1.0874e-45
9.787e-46,9.787e-46,9.787e-46,9.787e-46,9.787e-46
8.8083e-46,8.8083e-46,8.8083e-46,8.8083e-46,8.8083e-46
7.9275e-46,7.9275e-46,7.9275e-46,7.9275e-46,7.9275e-46
7.1348e-46,7.1348e-46,7.1348e-46,7.1348e-46,7.1348e-46
6.4213e-46,6.4213e-46,6.4213e-46,6.4213e-46,6.4213e-46
5.7792e-46,5.7792e-46,5.7792e-46,5.7792e-46,5.7792e-46
5.2012e-46,5.2012e-46,5.2012e-46,5.2012e-46,5.2012e-46
4.6811e-46,4.6811e-46,4.6811e-46,4.6811e-46,4.6811e-46
4.213e-46,4.213e-46,4.213e-46,4.213e-46,4.213e-46
3.7917e-46,3.7917e-46,3.7917e-46,3.7917e-46,3.7917e-46
3.4125e-46,3.4125e-46,3.4125e-46,3.4125e-46,3.4125e-46
3.0713e-46,3.0713e-46,3.0713e-46,3.0713e-46,3.0713e-46
2.7641e-46,2.7641e-46,2.7641e-46,2.7641e-46,2.7641e-46
2.4877e-46,2.4877e-46,2.4877e-46,2.4877e-46,2.4877e-46
2.239e-46,2.239e-46,2.239e-46,2.239e-46,2.239e-46
2.0151e-46,2.0151e-46,2.0151e-46,2.0151e-46,2.0151e-46
1.8136e-46,1.8136e-46,1.8136e-46,1.8136e-46,1.8136e-46
1.6322e-46,1.6322e-46,1.6322e-46,1.6322e-46,1.6322e-46
1.469e-46,1.469e-46,1.469e-46,1.469e-46,1.469e-46
1.3221e-46,1.3221e-46,1.3221e-46,1.3221e-46,1.3221e-46
1.1899e-46,1.1899e-46,1.1899e-46,1.1899e-46,1.1899e-46
1.0709e-46,1.0709e-46,1.0709e-46,1.0709e-46,1.0709e-46
9.638e-47,9.638e-47,9.638e-47,9.638e-47,9.638e-47
8.6742e-47,8.6742e-47,8.6742e-47,8.6742e-47,8.6742e-47
7.8068e-47,7.8068e-47,7.8068e-47,7.8068e-47,7.8068e-47
7.0261e-47,7.0261e-47,7.0261e-47,7.0261e-47,7.0261e-47
6.3235e-47,6.3235e-47,6.3235e-47,6.3235e-47,6.3235e-47
5.6911e-47,5.6911e-47,5.6911e-47,5.6911e-47,5.6911e-47
5.122e-47,5.122e-47,5.122e-47,5.122e-47,5.122e-47
4.6098e-47,4.6098e-47,4.6098e-47,4.6098e-47,4.6098e-47
4.1488e-47,4.1488e-47,4.1488e-47,4.1488e-47,4.1488e-47
3.734e-47,3.734e-47,3.734e-47,3.734e-47,3.734e-47
3.3606e-47,3.3606e-47,3.3606e-47,3.3606e-47,3.3606e-47
3.0245e-47,3.0245e-47,3.0245e-47,3.0245e-47,3.0245e-47
2.7221e-47,2.7221e-47,2.7221e-47,2.7221e-47,2.7221e-47
2.4498e-47,2.4498e-47,2.4498e-47,2.4498e-47,2.4498e-47
2.2049e-47,2.2049e-47,2.2049e-47,2.2049e-47,2.2049e-47
1.9844e-47,1.9844e-47,1.9844e-47,1.9844e-47,1.9844e-47
1.7859e-47,1.7859e-47,1.7859e-47,1.7859e-47,1.7859e-47
1.6073e-47,1.6073e-47,1.6073e-47,1.6073e-47,1.6073e-47
1.4466e-47,1.4466e-47,1.4466e-47,1.4466e-47,1.4466e-47
1.302e-47,1.302e-47,1.302e-47,1.302e-47,1.302e-47
