0.1,0.2,0.3,0.5,0.6
0.333,0.592,0.777,0.925,0.888
0.82181,0.89368,0.6411,0.25669,0.36799
0.54182,0.35155,0.85133,0.70596,0.86052
0.91853,0.84346,0.46829,0.76805,0.4441
0.27688,0.48853,0.92128,0.65915,0.91344
0.74081,0.92451,0.26834,0.83129,0.29256
0.71044,0.25822,0.72643,0.51892,0.76578
0.76115,0.7087,0.7353,0.92368,0.66363
0.67266,0.76384,0.72014,0.26084,0.82593
0.81469,0.66744,0.74569,0.71338,0.53195
0.55858,0.82126,0.70166,0.75654,0.92122
0.9123,0.54312,0.77453,0.6815,0.26851
0.29602,0.91812,0.64614,0.80312,0.72673
0.77105,0.27815,0.84598,0.58504,0.7348
0.65316,0.7429,0.4821,0.89824,0.72102
0.83821,0.7067,0.92381,0.33819,0.74426
0.50178,0.76692,0.26041,0.82812,0.70425
0.92499,0.66138,0.71261,0.52665,0.77064
0.25672,0.82864,0.75775,0.92237,0.654
0.70602,0.5254,0.67919,0.26492,0.83725
0.76795,0.92261,0.80619,0.72054,0.50416
0.65935,0.26417,0.57811,0.74505,0.92494
0.83105,0.71922,0.90243,0.70282,0.25689
0.5195,0.74718,0.32579,0.77279,0.70632
0.92359,0.69894,0.81271,0.64966,0.7675
0.2611,0.77857,0.56318,0.84213,0.66024
0.71384,0.63788,0.91023,0.4919,0.82999
0.75581,0.85466,0.30233,0.92476,0.52209
0.68287,0.45959,0.78042,0.25745,0.9232
0.80127,0.91896,0.63404,0.70733,0.26235
0.58918,0.27555,0.85852,0.76596,0.71604
0.89558,0.73861,0.44941,0.66329,0.75231
0.34602,0.71435,0.91553,0.82635,0.68945
0.83728,0.755,0.28613,0.53094,0.7922
0.50411,0.68441,0.75577,0.92146,0.60908
0.92494,0.79918,0.68296,0.26778,0.88097
0.25688,0.59382,0.80115,0.72547,0.38797
0.70631,0.89243,0.58944,0.7369,0.87857
0.76751,0.35519,0.8954,0.71735,0.39474
0.66021,0.84741,0.34654,0.75021,0.88401
0.83003,0.47844,0.83786,0.69336,0.37939
0.522,0.92328,0.50264,0.78667,0.87118
0.92321,0.26208,0.92497,0.62095,0.41524
0.26231,0.71557,0.25677,0.87088,0.89842
0.71596,0.75307,0.7061,0.41607,0.33766
0.75244,0.68804,0.76783,0.89893,0.82749
0.68922,0.79417,0.65959,0.33615,0.52816
0.79252,0.60482,0.83077,0.82567,0.92207
0.60839,0.88435,0.52019,0.53258,0.26589
0.88153,0.37843,0.92349,0.92107,0.72221
0.3864,0.87032,0.26142,0.26898,0.74231
0.87726,0.4176,0.7144,0.72753,0.70775
0.39841,0.89988,0.75492,0.73345,0.7653
0.88681,0.33336,0.68456,0.72336,0.66458
0.37139,0.82225,0.79897,0.74041,0.82478
0.8638,0.54077,0.59429,0.71114,0.53471
0.43531,0.91885,0.8921,0.76005,0.92054
0.90952,0.27589,0.35614,0.67479,0.27063
0.3045,0.73917,0.84843,0.81196,0.73035
0.78358,0.71335,0.47582,0.56492,0.72868
0.62746,0.75659,0.92284,0.90941,0.73151
0.86489,0.6814,0.26348,0.30483,0.72669
0.43236,0.80324,0.71801,0.78406,0.73487
0.90807,0.58476,0.74915,0.62644,0.7209
0.30887,0.89842,0.69533,0.86585,0.74446
0.78984,0.33768,0.78384,0.42977,0.70389
0.61418,0.82752,0.62692,0.90675,0.77119
0.87677,0.52812,0.8654,0.31285,0.65288
0.39978,0.92208,0.43099,0.79541,0.83852
0.88784,0.26585,0.90738,0.60211,0.501
0.36846,0.72215,0.31096,0.88642,0.925
0.86098,0.7424,0.79277,0.37251,0.2567
0.44286,0.70759,0.60785,0.86486,0.70598
0.91292,0.76555,0.88196,0.43244,0.76802
0.29413,0.66409,0.38518,0.90811,0.65921
0.76819,0.82538,0.87622,0.30874,0.83121
0.65887,0.53327,0.40129,0.78965,0.5191
0.83161,0.9209,0.88895,0.61458,0.92365
0.51812,0.26951,0.36527,0.87643,0.26093
0.92379,0.72843,0.85784,0.40072,0.71352
0.2605,0.73193,0.45122,0.88853,0.75631
0.71277,0.72597,0.9162,0.36646,0.68192
0.75749,0.73606,0.28409,0.85902,0.80254
0.67968,0.71881,0.75251,0.44809,0.58633
0.80555,0.74784,0.68908,0.91503,0.89743
0.57956,0.69772,0.79271,0.28768,0.3406
0.90158,0.78036,0.60798,0.7582,0.83099
0.32832,0.63418,0.88186,0.67833,0.51966
0.81595,0.85838,0.38548,0.80734,0.92357
0.55565,0.44978,0.87647,0.57551,0.26118
0.91354,0.91567,0.4006,0.9039,0.71397
0.29224,0.28571,0.88844,0.32139,0.75561
0.7653,0.7551,0.36672,0.80697,0.68326
0.66458,0.68423,0.85928,0.57636,0.80074
0.82478,0.79942,0.44741,0.90343,0.59035
0.53472,0.59328,0.91477,0.32281,0.8948
0.92054,0.89281,0.28849,0.80884,0.34829
0.27064,0.3541,0.75947,0.5721,0.83985
0.73037,0.84624,0.67589,0.90577,0.49767
0.72865,0.48145,0.81053,0.3158,0.92498
0.73157,0.92373,0.56822,0.79947,0.25675
0.72659,0.26069,0.90778,0.59318,0.70607
0.73502,0.7131,0.30974,0.89287,0.76788
0.72063,0.75698,0.79107,0.35391,0.65949
0.7449,0.68066,0.61153,0.84603,0.83088
0.70309,0.80425,0.87897,0.48196,0.51991
0.77239,0.58251,0.3936,0.9238,0.92353
0.65047,0.89981,0.88312,0.26047,0.26129
0.84123,0.33356,0.38192,0.71271,0.71417
0.49418,0.8225,0.87341,0.75759,0.75528
0.92487,0.54019,0.40908,0.67949,0.68387
0.25708,0.91903,0.89441,0.8058,0.79991
0.70666,0.27535,0.34943,0.579,0.59221
0.76697,0.73826,0.84111,0.90191,0.89354
0.66129,0.71495,0.49448,0.32734,0.35196
0.82875,0.75404,0.92489,0.8147,0.84391
0.52511,0.68621,0.25704,0.55858,0.48738
0.92267,0.79671,0.70659,0.9123,0.92441
0.26401,0.59926,0.76708,0.29602,0.25854
0.71893,0.88854,0.66107,0.77105,0.70928
0.74765,0.36643,0.82901,0.65317,0.76295
0.69807,0.85899,0.5245,0.8382,0.66917
0.77984,0.44817,0.92278,0.50181,0.81912
0.63526,0.91506,0.26365,0.92499,0.54821
0.85731,0.28758,0.71832,0.25673,0.9164
0.45262,0.75805,0.74865,0.70602,0.28346
0.91669,0.67862,0.69624,0.76795,0.75151
0.28255,0.80695,0.78251,0.65935,0.69095
0.75005,0.57639,0.62969,0.83105,0.79009
0.69365,0.90341,0.86277,0.51951,0.61364
0.78624,0.32287,0.43807,0.92359,0.87722
0.62184,0.80891,0.91081,0.26111,0.3985
0.87007,0.57192,0.30057,0.71385,0.88689
0.41827,0.90586,0.77784,0.75579,0.37118
0.90028,0.31552,0.63937,0.68291,0.8636
0.33217,0.79908,0.85313,0.80122,0.43583
0.82078,0.59404,0.46362,0.58929,0.90977
0.54428,0.89228,0.9201,0.8955,0.30374
0.91775,0.35563,0.272,0.34625,0.78249
0.27931,0.84788,0.73266,0.83753,0.62975
0.74479,0.47723,0.72471,0.50346,0.86271
0.70329,0.92308,0.73817,0.92496,0.43822
0.77209,0.26271,0.71512,0.25683,0.91088
0.65107,0.71666,0.75377,0.70621,0.30036
0.84056,0.75131,0.68672,0.76767,0.77754
0.49588,0.69131,0.796,0.6599,0.64
0.92494,0.78958,0.60082,0.83039,0.85248
0.25689,0.61473,0.88739,0.52111,0.46531
0.70631,0.87629,0.36974,0.92335,0.92055
0.76751,0.40109,0.86222,0.26186,0.27062
0.66022,0.88881,0.43955,0.71517,0.73032
0.83002,0.36567,0.91148,0.75369,0.72872
0.52203,0.85824,0.29853,0.68687,0.73144
0.9232,0.45016,0.77482,0.79579,0.72681
0.26232,0.91581,0.64556,0.60128,0.73466
0.71599,0.28528,0.84661,0.88705,0.72127
0.7524,0.75441,0.4805,0.37071,0.74385
0.6893,0.68552,0.92359,0.86315,0.70498
0.79242,0.79766,0.26111,0.43705,0.76953
0.60862,0.59718,0.71384,0.91034,0.6562
0.88135,0.89006,0.75581,0.30201,0.83472
0.38693,0.36206,0.68288,0.77996,0.51046
0.8777,0.8546,0.80126,0.63501,0.9246
0.39718,0.45976,0.58921,0.85756,0.25796
0.88588,0.91901,0.89556,0.45196,0.70824
0.37404,0.27539,0.34608,0.91646,0.76455
0.8663,0.73834,0.83734,0.28328,0.66605
0.42855,0.71482,0.50394,0.75122,0.82299
0.90611,0.75426,0.92494,0.69149,0.53902
0.31477,0.6858,0.25687,0.78932,0.91937
0.79806,0.79727,0.70628,0.61528,0.27429
0.5963,0.59804,0.76756,0.87583,0.7365
0.89069,0.88944,0.66013,0.40238,0.71806
0.36024,0.36385,0.83013,0.88974,0.74907
0.85272,0.85641,0.52175,0.36297,0.69547
0.46467,0.45499,0.92325,0.85553,0.78363
0.92038,0.9175,0.26218,0.45733,0.62736
0.27113,0.28005,0.71574,0.91826,0.86499
0.7312,0.74601,0.75279,0.27771,0.4321
0.72723,0.70108,0.68856,0.74217,0.90794
0.73396,0.7754,0.79344,0.70801,0.30925
0.72248,0.64437,0.60639,0.76492,0.79038
0.74187,0.84788,0.88312,0.66533,0.61301
0.70855,0.47722,0.38192,0.82386,0.87774
0.76407,0.92308,0.87341,0.53693,0.39705
0.66699,0.26271,0.40909,0.91995,0.88578
0.82182,0.71667,0.89442,0.27246,0.37433
0.54179,0.75131,0.34941,0.73343,0.86657
0.91854,0.69132,0.84109,0.72338,0.42782
0.27686,0.78956,0.49453,0.74037,0.90572
0.74077,0.61477,0.92489,0.71122,0.31594
0.71051,0.87626,0.25704,0.75993,0.79965
0.76103,0.40118,0.70658,0.67501,0.59277
0.67289,0.88887,0.7671,0.81168,0.89315
0.81441,0.36549,0.66104,0.56557,0.35309
0.55924,0.85805,0.82905,0.90909,0.84515
0.91201,0.45065,0.52439,0.30578,0.48423
0.29691,0.91599,0.9228,0.78542,0.92408
0.77239,0.28473,0.26359,0.62357,0.25958
0.65048,0.75353,0.71821,0.8685,0.71113
0.84121,0.68717,0.74882,0.42256,0.76007
0.49422,0.79538,0.69592,0.90281,0.67474
0.92488,0.60218,0.78297,0.32464,0.81202
0.25708,0.88637,0.62873,0.81122,0.56478
0.70666,0.37266,0.86369,0.56661,0.90947
0.76699,0.865,0.4356,0.90858,0.30463
0.66126,0.43206,0.90966,0.30733,0.78377
0.82879,0.90792,0.30408,0.78765,0.62705
0.52503,0.30932,0.78297,0.61886,0.86527
0.92268,0.79047,0.62873,0.87273,0.43133
0.26396,0.61281,0.86368,0.41098,0.90755
0.71885,0.87791,0.43562,0.89568,0.31043
0.74778,0.39658,0.90967,0.34573,0.79203
0.69783,0.88542,0.30405,0.83694,0.60945
0.78019,0.37536,0.78293,0.50495,0.88067
0.63453,0.86752,0.62882,0.92491,0.38882
0.85804,0.42523,0.8636,0.25697,0.87927
0.45069,0.90432,0.43585,0.70647,0.39278
0.916,0.32015,0.90978,0.76727,0.88246
0.28468,0.80533,0.30371,0.6607,0.38377
0.75346,0.58007,0.78244,0.82946,0.87501
0.68731,0.90128,0.62984,0.5234,0.40465
0.79518,0.32921,0.86262,0.92297,0.89136
0.60261,0.81707,0.43847,0.26304,0.3583
0.88604,0.55302,0.91099,0.71725,0.85071
0.37359,0.9146,0.30002,0.75037,0.46992
0.86588,0.28899,0.77703,0.69307,0.92165
0.4297,0.76026,0.64105,0.78708,0.26718
0.90671,0.67438,0.85139,0.62007,0.72443
0.31296,0.81249,0.46814,0.87166,0.73863
0.79557,0.56369,0.92124,0.41392,0.71431
0.60177,0.90999,0.26845,0.89759,0.75507
0.88668,0.30305,0.72661,0.34012,0.68427
0.37178,0.78148,0.73499,0.83043,0.79936
0.86417,0.63185,0.72069,0.52103,0.59342
0.4343,0.86068,0.7448,0.92336,0.89271
0.90903,0.44366,0.70327,0.26182,0.35438
0.30597,0.91326,0.77213,0.71511,0.84654
0.7857,0.29311,0.651,0.7538,0.48067
0.62299,0.76663,0.84063,0.68667,0.92362
0.86903,0.66196,0.49568,0.79607,0.26103
0.42113,0.82794,0.92493,0.60066,0.7137
0.90198,0.52708,0.2569,0.88751,0.75602
0.32712,0.92229,0.70635,0.3694,0.68247
0.81441,0.26519,0.76746,0.86189,0.80181
0.55924,0.721,0.66033,0.44044,0.58798
0.91202,0.74428,0.82989,0.91187,0.89636
0.2969,0.70421,0.52233,0.29733,0.34372
0.77237,0.77071,0.92316,0.77302,0.83463
0.6505,0.65385,0.26248,0.6492,0.51069
0.84119,0.83742,0.71625,0.84264,0.92458
0.49428,0.50374,0.75197,0.49062,0.25802
0.92488,0.92495,0.6901,0.92467,0.70834
0.25707,0.25685,0.79129,0.25771,0.7644
0.70664,0.70625,0.61106,0.7078,0.66635
0.76701,0.76761,0.87936,0.76524,0.82262
0.66121,0.66003,0.3925,0.6647,0.5399
0.82884,0.83024,0.88225,0.82463,0.91911
0.5249,0.52147,0.38439,0.53508,0.27509
0.92271,0.92329,0.87554,0.92045,0.73783
0.26388,0.26204,0.40318,0.27093,0.71571
0.71872,0.71549,0.89031,0.73085,0.75283
0.74799,0.75318,0.36133,0.72783,0.68849
0.69745,0.68782,0.85385,0.73295,0.79355
0.78075,0.79447,0.46173,0.72422,0.60616
0.63336,0.60416,0.91958,0.73899,0.8833
0.8592,0.88486,0.27362,0.71368,0.3814
0.44762,0.37697,0.73539,0.75607,0.87296
0.91485,0.869,0.71999,0.68239,0.41034
0.28823,0.42121,0.74594,0.80191,0.89526
0.75907,0.90203,0.70121,0.58774,0.34696
0.67667,0.32697,0.77521,0.89651,0.83834
0.80952,0.81422,0.64476,0.34327,0.50145
0.57053,0.55968,0.84746,0.83411,0.92499
0.90659,0.91182,0.4783,0.51196,0.25671
0.31332,0.29749,0.92326,0.92447,0.706
0.79605,0.77327,0.26216,0.25835,0.76799
0.6007,0.6487,0.71569,0.70894,0.65928
0.88748,0.84319,0.75287,0.76347,0.83113
0.36948,0.48923,0.68842,0.66816,0.5193
0.86197,0.92457,0.79365,0.82037,0.92362
0.44022,0.25804,0.60596,0.54523,0.26102
0.91178,0.70838,0.88346,0.91743,0.71368
0.29762,0.76434,0.38094,0.28029,0.75606
0.77346,0.66646,0.87255,0.74639,0.6824
0.64831,0.82247,0.41146,0.70039,0.8019
0.84362,0.54024,0.89599,0.77642,0.58776
0.48812,0.91901,0.3448,0.64228,0.8965
0.92448,0.2754,0.83588,0.8501,0.3433
0.25833,0.73836,0.50758,0.4715,0.83415
0.7089,0.71479,0.92479,0.922,0.51188
0.76354,0.7543,0.25736,0.2661,0.92448
0.66803,0.68573,0.70716,0.72258,0.25833
0.82053,0.79737,0.76621,0.74169,0.7089
0.54486,0.59781,0.66278,0.70887,0.76353
0.91755,0.8896,0.82696,0.76359,0.66804
0.2799,0.36338,0.52946,0.66793,0.82053
0.74576,0.85594,0.92179,0.82066,0.54487
0.70153,0.45624,0.26675,0.54455,0.91755
0.77472,0.91791,0.7237,0.91766,0.27991
0.64575,0.27879,0.73985,0.27959,0.74577
0.8464,0.74394,0.71215,0.74525,0.7015
0.48102,0.70482,0.75848,0.70246,0.77477
0.92367,0.76978,0.6778,0.77334,0.64566
0.26087,0.65572,0.80803,0.64855,0.84649
0.71343,0.83528,0.57394,0.84335,0.48079
0.75646,0.50906,0.90477,0.48881,0.92363
0.68165,0.9247,0.3188,0.92454,0.26098
0.80291,0.25764,0.80351,0.25814,0.71361
0.5855,0.70767,0.58416,0.70857,0.75617
0.89795,0.76543,0.89879,0.76405,0.68219
0.33905,0.66433,0.33657,0.66703,0.80218
0.82916,0.82508,0.82618,0.82177,0.58714
0.52413,0.534,0.53135,0.54192,0.8969
0.92285,0.92072,0.92136,0.9185,0.34213
0.26345,0.27007,0.26808,0.27698,0.83278
0.71796,0.72939,0.72598,0.74097,0.51525
0.74923,0.73031,0.73604,0.71015,0.92414
0.69517,0.72873,0.71885,0.7616,0.25939
0.78407,0.73142,0.74779,0.6718,0.7108
0.62643,0.72685,0.69782,0.8158,0.76059
0.86585,0.7346,0.78022,0.55601,0.67375
0.42976,0.72136,0.63447,0.91339,0.8133
0.90674,0.74369,0.85809,0.29269,0.56182
0.31287,0.70527,0.45054,0.76599,0.91086
0.79543,0.76909,0.91595,0.66323,0.30041
0.60207,0.65708,0.28485,0.82642,0.77761
0.88645,0.83371,0.75372,0.53077,0.63985
0.37242,0.51297,0.68681,0.9215,0.85263
0.86477,0.92438,0.79587,0.26766,0.4649
0.43268,0.25864,0.6011,0.72527,0.92044
0.90823,0.70946,0.88718,0.73724,0.27094
0.30838,0.76266,0.37034,0.71675,0.73087
0.78914,0.66973,0.8628,0.75118,0.72778
0.61567,0.81841,0.43799,0.69157,0.73302
0.8755,0.54988,0.91077,0.78921,0.72409
0.40331,0.91579,0.30068,0.61552,0.7392
0.89041,0.28532,0.77801,0.87563,0.7133
0.36106,0.75448,0.63904,0.40294,0.75666
0.85357,0.68538,0.85347,0.89015,0.68126
0.46245,0.79784,0.46271,0.36181,0.80344
0.91978,0.59677,0.91985,0.85434,0.58432
0.273,0.89035,0.27277,0.46043,0.8987
0.73434,0.36121,0.73396,0.91921,0.33685
0.72182,0.85373,0.72247,0.27478,0.82652
0.74295,0.46203,0.74187,0.73732,0.53053
0.70662,0.91967,0.70854,0.71661,0.92155
0.76705,0.27336,0.76408,0.75139,0.26749
0.66114,0.73494,0.66696,0.69117,0.72498
0.82893,0.72077,0.82186,0.78979,0.73772
0.52469,0.74467,0.54171,0.61429,0.7159
0.92274,0.7035,0.91856,0.87667,0.75253
0.26376,0.77177,0.27677,0.40004,0.68905
0.71851,0.65172,0.74063,0.88803,0.79277
0.74834,0.83983,0.71076,0.3679,0.60786
0.69681,0.49771,0.76065,0.86044,0.88195
0.78168,0.92498,0.67363,0.44431,0.38521
0.63142,0.25675,0.81346,0.91353,0.87625
0.8611,0.70607,0.56145,0.29228,0.40122
0.44255,0.76789,0.91103,0.76536,0.88889
0.91279,0.65948,0.29991,0.66446,0.36542
0.29454,0.8309,0.77687,0.82493,0.85798
0.76881,0.51988,0.64138,0.53437,0.45084
0.65765,0.92354,0.85105,0.92063,0.91606
0.83304,0.26128,0.46903,0.27036,0.28452
0.5146,0.71414,0.92145,0.72988,0.7532
0.92421,0.75533,0.2678,0.72947,0.6878
0.25917,0.68378,0.72551,0.73017,0.7945
0.7104,0.80003,0.73684,0.72898,0.60409
0.76121,0.59194,0.71745,0.73101,0.88491
0.67254,0.89372,0.75004,0.72755,0.37682
0.81485,0.35143,0.69367,0.73342,0.86886
0.55822,0.84333,0.78621,0.7234,0.42159
0.91246,0.48885,0.6219,0.74034,0.90225
0.29555,0.92454,0.87002,0.71128,0.32632
0.77033,0.25813,0.41842,0.75983,0.81339
0.6546,0.70855,0.90038,0.67521,0.5616
0.83656,0.76407,0.33189,0.81142,0.91096
0.50588,0.66699,0.82043,0.56616,0.30012
0.92487,0.82183,0.5451,0.9088,0.77718
0.25709,0.54178,0.91748,0.30665,0.64074
0.70668,0.91854,0.28014,0.78668,0.85171
0.76695,0.27684,0.74615,0.62091,0.46731
0.66133,0.74074,0.70081,0.87091,0.92105
0.82869,0.71056,0.77579,0.41597,0.26906
0.52525,0.76097,0.64357,0.89888,0.72767
0.92264,0.67302,0.84873,0.33632,0.73322
0.26409,0.81424,0.47503,0.82588,0.72376
0.71908,0.55964,0.92269,0.53207,0.73975
0.74742,0.91184,0.26392,0.92119,0.71232
0.6985,0.29744,0.71879,0.2686,0.75821
0.77921,0.77318,0.74789,0.72689,0.67832
0.63656,0.64887,0.69764,0.73453,0.80735
0.856,0.843,0.78047,0.72148,0.57549
0.45607,0.4897,0.63395,0.74351,0.90392
0.91786,0.92461,0.85861,0.7056,0.32135
0.27895,0.25792,0.44917,0.76859,0.80692
0.74421,0.70817,0.91544,0.65807,0.57647
0.70433,0.76466,0.28642,0.83255,0.90336
0.77052,0.66584,0.75622,0.51583,0.323
0.65423,0.82324,0.68211,0.92407,0.80909
0.83699,0.53841,0.8023,0.2596,0.57152
0.50483,0.91954,0.58688,0.71117,0.90607
0.92491,0.27374,0.89707,0.76001,0.31489
0.25696,0.73559,0.34163,0.67486,0.79822
0.70645,0.71965,0.8322,0.81187,0.59595
0.76731,0.7465,0.51668,0.56513,0.89094
0.66062,0.70019,0.92397,0.90931,0.35952
0.82954,0.77672,0.25992,0.30514,0.85198
0.52319,0.64167,0.71174,0.7845,0.4666
0.92301,0.85074,0.75912,0.62551,0.92087
0.26293,0.46983,0.67657,0.86671,0.2696
0.71705,0.92163,0.80965,0.42743,0.7286
0.75068,0.26724,0.57024,0.90551,0.73165
0.69248,0.72454,0.90674,0.31657,0.72645
0.78792,0.73845,0.31287,0.8005,0.73527
0.61828,0.71463,0.79543,0.59088,0.72019
0.87323,0.75456,0.60206,0.89444,0.74561
0.40958,0.68524,0.88646,0.34935,0.70181
0.89475,0.79804,0.3724,0.84103,0.77432
0.34844,0.59633,0.86476,0.49469,0.64658
0.84001,0.89066,0.43272,0.9249,0.84551
0.49727,0.36031,0.90825,0.25702,0.48332
0.92497,0.8528,0.30832,0.70655,0.92397
0.25677,0.46446,0.78906,0.76715,0.25992
0.70611,0.92033,0.61585,0.66093,0.71174
0.76781,0.27131,0.87535,0.82918,0.75911
0.65962,0.73149,0.40373,0.52407,0.67659
0.83073,0.72673,0.89071,0.92286,0.80962
0.52028,0.7348,0.36018,0.26341,0.5703
0.92348,0.72101,0.85267,0.7179,0.90671
0.26147,0.74427,0.46481,0.74932,0.31296
0.71448,0.70423,0.92042,0.695,0.79556
0.7548,0.77067,0.27102,0.78431,0.60177
0.68478,0.65393,0.73101,0.62593,0.88668
0.79866,0.83733,0.72755,0.86632,0.37178
0.59496,0.50398,0.73341,0.42848,0.86417
0.89164,0.92494,0.72342,0.90608,0.4343
0.3575,0.25687,0.7403,0.31488,0.90903
0.84986,0.70629,0.71134,0.7982,0.30597
0.47211,0.76755,0.75974,0.59599,0.78571
0.92212,0.66015,0.67538,0.89091,0.62298
0.26571,0.83011,0.81119,0.3596,0.86904
0.7219,0.52181,0.5667,0.85207,0.42109
0.74281,0.92324,0.90854,0.46638,0.90196
0.70686,0.26221,0.30745,0.92082,0.32719
0.76668,0.71579,0.78782,0.26977,0.8145
0.66186,0.7527,0.61849,0.72888,0.55902
0.82806,0.68872,0.87305,0.73116,0.91211
0.52679,0.79322,0.41008,0.72728,0.29661
0.92235,0.60687,0.89508,0.73387,0.77194
0.26501,0.88274,0.34747,0.72264,0.65138
0.72069,0.38299,0.83891,0.7416,0.84021
0.7448,0.87434,0.50001,0.70902,0.49675
0.70327,0.40652,0.925,0.76335,0.92496
0.77212,0.89267,0.25669,0.6684,0.25681
0.65101,0.3545,0.70596,0.82008,0.70618
0.84062,0.84667,0.76805,0.54594,0.76772
0.49571,0.48034,0.65915,0.91719,0.65981
0.92493,0.92357,0.83129,0.28102,0.8305
0.2569,0.26118,0.51892,0.74758,0.52085
0.70634,0.71397,0.92368,0.6982,0.92339
0.76746,0.75561,0.26084,0.77965,0.26174
0.66031,0.68326,0.71338,0.63565,0.71495
0.82991,0.80074,0.75654,0.85692,0.75404
0.52229,0.59036,0.6815,0.45365,0.68621
0.92316,0.89479,0.80312,0.91705,0.7967
0.26246,0.34832,0.58504,0.28145,0.59928
0.71622,0.83988,0.89824,0.74827,0.88853
0.75202,0.49759,0.33819,0.69694,0.36645
0.68999,0.92498,0.82812,0.7815,0.85901
0.79144,0.25675,0.52665,0.63181,0.44811
0.61073,0.70608,0.92237,0.86071,0.91504
0.87963,0.76787,0.26492,0.44357,0.28765
0.39175,0.65951,0.72053,0.91322,0.75815
0.88164,0.83086,0.74505,0.29322,0.67842
0.38609,0.51998,0.70282,0.7668,0.80722
0.87699,0.92352,0.7728,0.66162,0.57578
0.39915,0.26132,0.64965,0.82835,0.90375
0.88737,0.71422,0.84214,0.5261,0.32184
0.3698,0.7552,0.49188,0.92248,0.80756
0.86228,0.68403,0.92476,0.26459,0.575
0.43938,0.7997,0.25745,0.71995,0.90419
0.9114,0.59267,0.70734,0.746,0.32054
0.29876,0.89322,0.76594,0.7011,0.80583
0.77516,0.35289,0.66331,0.77537,0.57893
0.64486,0.84493,0.82632,0.64443,0.90195
0.84736,0.4848,0.53102,0.84782,0.32721
0.47857,0.92414,0.92144,0.47738,0.81453
0.9233,0.25937,0.26783,0.92311,0.55895
0.26202,0.71077,0.72557,0.26263,0.91214
0.71546,0.76063,0.73674,0.71652,0.29652
0.75324,0.67366,0.71763,0.75154,0.7718
0.68772,0.81342,0.74976,0.69089,0.65166
0.79462,0.56154,0.69419,0.79018,0.8399
0.60383,0.91099,0.78548,0.61344,0.49754
0.88511,0.30004,0.62346,0.87739,0.92498
0.37625,0.77705,0.8686,0.39805,0.25676
0.86834,0.64099,0.42229,0.88654,0.70608
0.42301,0.85145,0.90266,0.37217,0.76786
0.90307,0.46799,0.3251,0.86454,0.65953
0.32387,0.92121,0.81182,0.43331,0.83084
0.81023,0.26856,0.56523,0.90854,0.52002
0.56891,0.72681,0.90925,0.30745,0.92352
0.90743,0.73466,0.30529,0.78782,0.26134
0.31081,0.72126,0.78473,0.6185,0.71426
0.79256,0.74386,0.62504,0.87304,0.75514
0.60831,0.70497,0.86715,0.4101,0.68414
0.88159,0.76956,0.42625,0.8951,0.79954
0.38623,0.65615,0.90488,0.34742,0.59301
0.87711,0.83478,0.31848,0.83886,0.89299
0.39882,0.51032,0.80308,0.50014,0.35357
0.88712,0.92461,0.58513,0.925,0.84567
0.37052,0.25793,0.89819,0.25669,0.4829
0.86297,0.70818,0.33835,0.70596,0.92392
0.43755,0.76465,0.82832,0.76805,0.26008
0.91057,0.66586,0.52617,0.65915,0.71203
0.30131,0.82321,0.92247,0.83129,0.75866
0.77893,0.53847,0.26463,0.51892,0.67745
0.63714,0.91952,0.72003,0.92368,0.80849
0.85541,0.2738,0.74588,0.26085,0.57289
0.45762,0.73568,0.70131,0.71338,0.90534
0.91836,0.71948,0.77505,0.75653,0.31708
0.27742,0.74677,0.64509,0.6815,0.8012
0.7417,0.69969,0.84711,0.80311,0.58932
0.70885,0.77746,0.4792,0.58506,0.89548
0.76361,0.64016,0.9234,0.89823,0.34631
0.66789,0.85232,0.26171,0.33823,0.8376
0.82071,0.46573,0.71491,0.82817,0.50329
0.54443,0.92066,0.75411,0.52652,0.92496
0.91769,0.27028,0.68609,0.9224,0.25681
0.27947,0.72975,0.79688,0.26484,0.70618
0.74505,0.7297,0.5989,0.7204,0.76771
0.70282,0.72978,0.88881,0.74527,0.65983
0.7728,0.72964,0.36566,0.70241,0.83048
0.64965,0.72989,0.85822,0.77341,0.5209
0.84213,0.72946,0.45021,0.64841,0.92338
0.4919,0.73019,0.91583,0.84351,0.26176
0.92476,0.72894,0.28523,0.48841,0.715
0.25745,0.73106,0.75433,0.9245,0.75397
0.70733,0.72746,0.68567,0.25825,0.68634
0.76595,0.73357,0.79744,0.70876,0.79652
0.6633,0.72314,0.59765,0.76375,0.59967
0.82634,0.74077,0.88972,0.66761,0.88824
0.53096,0.71051,0.36304,0.82106,0.3673
0.92145,0.76103,0.8556,0.5436,0.85984
0.2678,0.67289,0.45714,0.91797,0.4459
0.7255,0.8144,0.9182,0.27863,0.91417
0.73685,0.55926,0.2779,0.74368,0.29031
0.71744,0.91201,0.74248,0.70529,0.76232
0.75007,0.29692,0.70746,0.76907,0.67041
0.69363,0.77241,0.76576,0.65713,0.81756
0.78628,0.65044,0.66368,0.83364,0.55188
0.62176,0.84127,0.82587,0.51313,0.91504
0.87015,0.49409,0.53208,0.92436,0.28764
0.41807,0.92487,0.92119,0.25869,0.75814
0.90016,0.25709,0.26861,0.70955,0.67844
0.33252,0.70669,0.7269,0.76253,0.80719
0.82122,0.76694,0.73451,0.66999,0.57586
0.54323,0.66136,0.72152,0.81809,0.90371
0.91809,0.82867,0.74343,0.55063,0.32197
0.27825,0.52532,0.70574,0.91551,0.80773
0.74307,0.92263,0.76839,0.28619,0.57461
0.7064,0.26412,0.65848,0.75585,0.9044
0.76738,0.71914,0.83207,0.68279,0.3199
0.66048,0.74731,0.51701,0.80137,0.80499
0.82971,0.69869,0.92393,0.58895,0.58083
0.52278,0.77893,0.26005,0.89572,0.90082
0.92308,0.63713,0.71197,0.34559,0.33056
0.26271,0.85542,0.75876,0.83678,0.81877
0.71667,0.4576,0.67727,0.50533,0.54902
0.7513,0.91835,0.80873,0.92489,0.91611
0.69134,0.27744,0.57233,0.25702,0.28436
0.78954,0.74173,0.90564,0.70655,0.75294
0.61481,0.70879,0.31618,0.76714,0.68827
0.87623,0.76371,0.79998,0.66095,0.79385
0.40127,0.6677,0.59204,0.82916,0.60551
0.88893,0.82094,0.89366,0.52413,0.88381
0.3653,0.54388,0.35162,0.92285,0.37995
0.85787,0.91787,0.84354,0.26344,0.87168
0.45114,0.27891,0.48832,0.71795,0.41386
0.91617,0.74414,0.9245,0.74924,0.89755
0.28418,0.70447,0.25827,0.69516,0.34024
0.75266,0.77031,0.7088,0.78408,0.83057
0.6888,0.65464,0.76368,0.62641,0.52068
0.79311,0.83652,0.66774,0.86587,0.92342
0.60713,0.50599,0.82089,0.42971,0.26166
0.88254,0.92487,0.54401,0.90672,0.71481
0.38356,0.25711,0.91783,0.31295,0.75427
0.87483,0.70671,0.27903,0.79554,0.68578
0.40515,0.76691,0.74434,0.60182,0.79729
0.89172,0.66142,0.7041,0.88664,0.59799
0.35727,0.82859,0.77087,0.37188,0.88947
0.84962,0.5255,0.65354,0.86426,0.36375
0.47273,0.92259,0.83778,0.43405,0.85631
0.92225,0.26423,0.50285,0.90891,0.45526
0.26531,0.71933,0.92497,0.30634,0.91759
0.72121,0.74701,0.25678,0.78623,0.27978
0.74394,0.69925,0.70613,0.62187,0.74556
0.70482,0.77811,0.76779,0.87005,0.7019
0.76978,0.63882,0.65966,0.41833,0.77418
0.65571,0.8537,0.83068,0.90032,0.64686
0.83529,0.46212,0.5204,0.33204,0.8452
0.50906,0.91969,0.92346,0.82062,0.4841
0.9247,0.27328,0.26152,0.54464,0.92407
0.25764,0.73482,0.71457,0.91763,0.25962
0.70767,0.72098,0.75465,0.27967,0.71121
0.76543,0.74432,0.68508,0.74539,0.75994
0.66432,0.70415,0.79826,0.7022,0.67499
0.82509,0.7708,0.59585,0.77373,0.81169
0.53397,0.65367,0.89101,0.64778,0.56553
0.92073,0.83763,0.35931,0.8442,0.90911
0.27005,0.50323,0.85176,0.48665,0.30573
0.72935,0.92496,0.46717,0.92434,0.78535
0.73037,0.25681,0.92101,0.25876,0.62372
0.72864,0.70618,0.26917,0.70967,0.86836
0.73158,0.76772,0.72785,0.76234,0.42294
0.72657,0.65981,0.73291,0.67037,0.90303
0.73506,0.83051,0.72429,0.81761,0.324
0.72057,0.52083,0.73886,0.55176,0.81038
0.745,0.92339,0.7139,0.91509,0.56855
0.70291,0.26173,0.75572,0.2875,0.90761
0.77266,0.71494,0.68306,0.75792,0.31025
0.64993,0.75407,0.80102,0.67886,0.79178
0.84183,0.68616,0.58974,0.80663,0.60999
0.49267,0.79677,0.8952,0.57711,0.88024
0.9248,0.59912,0.34712,0.903,0.39005
0.25731,0.88865,0.83852,0.32409,0.88027
0.70708,0.36613,0.501,0.81051,0.38997
0.76634,0.85869,0.925,0.56826,0.88021
0.66254,0.44897,0.2567,0.90776,0.39014
0.82725,0.91536,0.70598,0.3098,0.88035
0.52876,0.28665,0.76802,0.79115,0.38975
0.92194,0.75658,0.65921,0.61136,0.88002
0.26628,0.68142,0.83121,0.87912,0.39065
0.72288,0.80323,0.5191,0.3932,0.88076
0.7412,0.5848,0.92365,0.8828,0.38858
0.70975,0.89839,0.26093,0.38282,0.87907
0.76222,0.33774,0.71352,0.8742,0.39333
0.67059,0.82759,0.75631,0.40691,0.8829
0.81732,0.52794,0.68192,0.89294,0.38252
0.55244,0.92211,0.80255,0.35372,0.87394
0.91483,0.26574,0.58632,0.84583,0.40763
0.2883,0.72195,0.89743,0.48249,0.89343
0.75918,0.74273,0.34058,0.92387,0.35228
0.67646,0.707,0.83097,0.26025,0.84427
0.80978,0.76645,0.51971,0.71232,0.48648
0.56992,0.66231,0.92356,0.7582,0.92432
0.90691,0.82753,0.2612,0.67833,0.25881
0.31237,0.52809,0.71401,0.80734,0.70977
0.79474,0.92208,0.75554,0.57551,0.76219
0.60357,0.26583,0.68338,0.90391,0.67064
0.88531,0.72212,0.80058,0.32138,0.81726
0.37568,0.74246,0.59072,0.80696,0.55258
0.86781,0.70749,0.89455,0.57638,0.91477
0.42444,0.7657,0.34902,0.90342,0.28848
0.90388,0.66379,0.84066,0.32284,0.75945
0.32147,0.82574,0.49561,0.80888,0.67593
0.80707,0.5324,0.92493,0.572,0.81048
0.57612,0.92111,0.25691,0.90582,0.56834
0.90356,0.26885,0.70636,0.31566,0.90772
0.32242,0.72731,0.76744,0.79926,0.30993
0.80832,0.73383,0.66037,0.59363,0.79133
0.57328,0.72271,0.82985,0.89256,0.61098
0.90513,0.74149,0.52244,0.35481,0.87943
0.31772,0.70923,0.92314,0.847,0.39232
0.80206,0.76303,0.26254,0.47947,0.8821
0.58741,0.66902,0.71636,0.92344,0.3848
0.89673,0.8193,0.7518,0.26158,0.8759
0.34264,0.54778,0.69041,0.71468,0.40219
0.83338,0.91655,0.79085,0.75448,0.8896
0.51378,0.28299,0.61201,0.68539,0.36337
0.9243,0.75076,0.87858,0.79783,0.85593
0.2589,0.69234,0.3947,0.59679,0.45625
0.70991,0.78812,0.88398,0.89033,0.91792
0.76196,0.61785,0.37948,0.36126,0.27877
0.67109,0.87361,0.87126,0.85378,0.74391
0.81669,0.40854,0.41502,0.4619,0.70488
0.55391,0.89405,0.89828,0.91963,0.7697
0.91425,0.35049,0.33809,0.27348,0.65588
0.29007,0.84229,0.828,0.73514,0.8351
0.76195,0.49149,0.52693,0.72042,0.50952
0.67112,0.92473,0.92232,0.74523,0.92466
0.81665,0.25753,0.2651,0.70249,0.25774
0.554,0.70747,0.72084,0.77329,0.70785
0.91421,0.76574,0.74455,0.64865,0.76515
0.29019,0.66372,0.70373,0.84324,0.66486
0.76213,0.82583,0.77143,0.48909,0.82443
0.67077,0.5322,0.65241,0.92456,0.53555
0.8171,0.92116,0.83905,0.25807,0.92032
0.55295,0.2687,0.49966,0.70844,0.27131
0.91463,0.72704,0.925,0.76424,0.7315
0.28892,0.73427,0.25669,0.66666,0.72671
0.76014,0.72194,0.70596,0.82223,0.73483
0.67461,0.74275,0.76805,0.54081,0.72096
0.81219,0.70697,0.65915,0.91884,0.74435
0.56438,0.76651,0.83128,0.27593,0.70408
0.90967,0.66221,0.51894,0.73923,0.77091
0.30404,0.82765,0.92367,0.71324,0.65346
0.78293,0.52779,0.26085,0.75675,0.83787
0.62883,0.92214,0.71339,0.68109,0.50263
0.86359,0.26564,0.75651,0.80367,0.92497
0.43586,0.72178,0.68154,0.58381,0.25677
0.90978,0.74301,0.80306,0.89901,0.7061
0.3037,0.7065,0.58518,0.33593,0.76783
0.78243,0.76722,0.89815,0.8254,0.65958
0.62986,0.66079,0.33845,0.53323,0.83077
0.8626,0.82934,0.82844,0.92092,0.52018
0.43853,0.52368,0.52587,0.26947,0.92349
0.91102,0.92292,0.92252,0.72837,0.26142
0.29994,0.2632,0.26445,0.73203,0.71439
0.77691,0.71752,0.71971,0.7258,0.75493
0.64129,0.74993,0.74639,0.73636,0.68453
0.85114,0.69387,0.70038,0.7183,0.79901
0.46879,0.78593,0.77643,0.74868,0.5942
0.9214,0.62251,0.64227,0.69618,0.89217
0.26797,0.86947,0.85011,0.7826,0.35595
0.7258,0.41992,0.47146,0.6295,0.84822
0.73635,0.90127,0.92199,0.86295,0.47635
0.71831,0.32923,0.26613,0.4376,0.92293
0.74866,0.8171,0.72264,0.91059,0.26318
0.69623,0.55297,0.7416,0.30123,0.71749
0.78253,0.91462,0.70902,0.77882,0.74998
0.62965,0.28894,0.76335,0.63737,0.69379
0.86281,0.76017,0.6684,0.85518,0.78604
0.43797,0.67455,0.82008,0.45823,0.62226
0.91076,0.81227,0.54594,0.91854,0.86969
0.30071,0.56421,0.91719,0.27684,0.41931
0.77806,0.90975,0.28102,0.74073,0.90091
0.63893,0.3038,0.74758,0.71058,0.3303
0.85358,0.78256,0.69821,0.76093,0.81844
0.46243,0.62958,0.77964,0.67309,0.54979
0.91978,0.86287,0.63567,0.81415,0.91583
0.27301,0.4378,0.85689,0.55985,0.28523
0.73436,0.91068,0.45372,0.91175,0.75433
0.72177,0.30095,0.91707,0.29772,0.68567
0.74302,0.7784,0.28138,0.7736,0.79745
0.70648,0.63822,0.74816,0.64803,0.59763
0.76725,0.85432,0.69714,0.84392,0.88973
0.66074,0.4605,0.7812,0.48735,0.363
0.8294,0.91923,0.63243,0.92441,0.85556
0.52353,0.27472,0.86011,0.25855,0.45724
0.92295,0.73722,0.44519,0.70929,0.91824
0.26312,0.71679,0.91388,0.76293,0.27779
0.71738,0.75111,0.29119,0.66921,0.74231
0.75016,0.6917,0.76367,0.81906,0.70777
0.69345,0.78903,0.66777,0.54835,0.76528
0.78654,0.61591,0.82086,0.91635,0.66461
0.62121,0.87529,0.54408,0.28361,0.82474
0.87064,0.40388,0.91781,0.75176,0.53481
0.41671,0.89081,0.27911,0.69049,0.92052
0.89933,0.35988,0.74446,0.79074,0.27072
0.33497,0.85235,0.70388,0.61223,0.73049
0.82423,0.46564,0.7712,0.87839,0.72844
0.53603,0.92063,0.65288,0.39523,0.73192
0.9202,0.27035,0.83853,0.88439,0.72599
0.27171,0.72987,0.50098,0.37831,0.73603
0.73217,0.72949,0.925,0.87021,0.71887
0.72556,0.73015,0.2567,0.41789,0.74776
0.73675,0.72902,0.70598,0.90005,0.69787
0.7176,0.73093,0.76802,0.33284,0.78013
0.7498,0.72768,0.65921,0.82161,0.63465
0.69412,0.73319,0.83122,0.54229,0.85792
0.78557,0.7238,0.51909,0.91838,0.45101
0.62326,0.73969,0.92365,0.27734,0.91612
0.86878,0.71244,0.26092,0.74156,0.28432
0.42179,0.75802,0.71351,0.7091,0.75289
0.90237,0.67867,0.75632,0.76322,0.68838
0.32596,0.80688,0.6819,0.66865,0.7937
0.81293,0.57654,0.80257,0.81976,0.60584
0.56267,0.90332,0.58626,0.54668,0.88355
0.91047,0.32312,0.89747,0.91694,0.38068
0.30161,0.80925,0.34048,0.2818,0.87232
0.77937,0.57116,0.83084,0.74885,0.41209
0.63622,0.90626,0.52001,0.69588,0.89641
0.85634,0.31431,0.92352,0.78303,0.34358
0.45518,0.79742,0.26134,0.6286,0.83448
0.91757,0.59769,0.71425,0.86381,0.51106
0.27986,0.88969,0.75516,0.43528,0.92455
0.74569,0.36314,0.68411,0.9095,0.25811
0.70165,0.85569,0.79958,0.30454,0.70851
0.77455,0.45689,0.59293,0.78364,0.76413
0.64611,0.91812,0.89305,0.62733,0.66686
0.84601,0.27814,0.3534,0.86502,0.82198
0.48202,0.74288,0.84548,0.43202,0.54141
0.9238,0.70673,0.48337,0.9079,0.91865
0.26045,0.76687,0.92398,0.30938,0.2765
0.71267,0.66149,0.2599,0.79055,0.74017
0.75765,0.8285,0.71171,0.61265,0.71158
0.67937,0.52572,0.75917,0.87805,0.75937
0.80595,0.92255,0.67648,0.39619,0.67609
0.57865,0.26436,0.80977,0.88513,0.81027
0.90211,0.71956,0.56996,0.3762,0.56881
0.32674,0.74664,0.90689,0.86829,0.90748
0.81392,0.69993,0.31243,0.42314,0.31065
0.56037,0.77711,0.79482,0.90314,0.79234
0.91151,0.64088,0.60339,0.32366,0.60879
0.29843,0.85156,0.88545,0.80995,0.88121
0.77466,0.4677,0.37529,0.56955,0.3873
0.64587,0.92114,0.86746,0.9071,0.87801
0.84627,0.26877,0.42541,0.31179,0.3963
0.48136,0.72718,0.90442,0.79393,0.88521
0.92371,0.73404,0.31986,0.60534,0.37596
0.26072,0.72233,0.80493,0.88394,0.86807
0.71316,0.7421,0.58097,0.37957,0.42375
0.75688,0.70813,0.90074,0.87134,0.90349
0.68085,0.76473,0.3308,0.41479,0.32264
0.80399,0.6657,0.81908,0.89814,0.80861
0.58309,0.82342,0.5483,0.3385,0.57262
0.89945,0.53799,0.91637,0.8285,0.90549
0.33462,0.91966,0.28356,0.52572,0.31664
0.8238,0.27338,0.75167,0.92255,0.80061
0.53707,0.73497,0.69065,0.26436,0.59065
0.91992,0.72071,0.79052,0.71956,0.8946
0.27258,0.74476,0.61271,0.74664,0.34888
0.73364,0.70335,0.87799,0.69993,0.84051
0.72303,0.77201,0.39635,0.7771,0.496
0.74096,0.65124,0.88525,0.6409,0.92494
0.71018,0.84036,0.37586,0.85155,0.25687
0.76155,0.49637,0.86798,0.46773,0.70629
0.67189,0.92495,0.42398,0.92115,0.76754
0.81568,0.25684,0.90362,0.26875,0.66016
0.55627,0.70623,0.32224,0.72714,0.83009
0.91328,0.76763,0.80809,0.73411,0.52184
0.29303,0.65998,0.5738,0.72222,0.92324
0.7665,0.8303,0.90485,0.74229,0.26223
0.66222,0.52133,0.31856,0.70779,0.71581
0.82764,0.92332,0.80319,0.76525,0.75267
0.52782,0.26197,0.58488,0.66468,0.68879
0.92214,0.71537,0.89834,0.82466,0.79313
0.26566,0.75338,0.3379,0.53501,0.60707
0.72182,0.68745,0.82777,0.92046,0.88258
0.74295,0.79499,0.52749,0.27088,0.38344
0.70661,0.60302,0.9222,0.73076,0.87473
0.76706,0.88573,0.26545,0.72798,0.40544
0.66111,0.37449,0.72145,0.7327,0.89192
0.82896,0.86672,0.74355,0.72465,0.35668
0.5246,0.42742,0.70553,0.73828,0.849
0.92276,0.90551,0.76871,0.71493,0.47434
0.26371,0.31658,0.65784,0.75408,0.92256
0.71842,0.80052,0.83282,0.68615,0.26433
0.74848,0.59085,0.51516,0.79679,0.7195
0.69656,0.89446,0.92415,0.59908,0.74673
0.78205,0.34928,0.25936,0.88868,0.69975
0.63066,0.84095,0.71074,0.36604,0.77737
0.86183,0.49488,0.76067,0.8586,0.64035
0.44059,0.9249,0.67358,0.4492,0.85212
0.91194,0.25699,0.81352,0.91545,0.46625
0.29713,0.70651,0.56132,0.28638,0.92079
0.77272,0.76721,0.91109,0.75616,0.26987
0.64982,0.66081,0.29972,0.68221,0.72906
0.84195,0.82932,0.77659,0.80215,0.73088
0.49236,0.52372,0.64194,0.5872,0.72778
0.92478,0.92292,0.85046,0.89686,0.73303
0.25737,0.26322,0.47057,0.34225,0.72407
0.70718,0.71756,0.92179,0.83292,0.73923
0.76618,0.74987,0.26673,0.51491,0.71325
0.66284,0.69399,0.72367,0.92418,0.75674
0.82689,0.78577,0.7399,0.25927,0.68111
0.52963,0.62285,0.71206,0.71058,0.80364
0.92175,0.86916,0.75862,0.76092,0.58386
0.26687,0.42076,0.67754,0.6731,0.89898
0.7239,0.90177,0.80838,0.81413,0.33602
0.73951,0.32775,0.57314,0.55988,0.82551
0.71274,0.81522,0.90521,0.91173,0.53295
0.75754,0.55735,0.31749,0.29777,0.92098
0.67959,0.91283,0.80175,0.77367,0.26926
0.80566,0.29441,0.58811,0.64788,0.72801
0.57931,0.76861,0.89628,0.84409,0.73264
0.90172,0.65803,0.34396,0.48693,0.72476
0.32789,0.8326,0.83492,0.92437,0.73809
0.81539,0.51571,0.50998,0.25867,0.71525
0.55695,0.92409,0.92463,0.70952,0.75357
0.913,0.25955,0.25785,0.76258,0.6871
0.29389,0.71109,0.70804,0.66989,0.79547
0.76782,0.76013,0.76487,0.8182,0.60198
0.6596,0.67462,0.66543,0.55036,0.88652
0.83075,0.81218,0.82374,0.91562,0.37223
0.52023,0.56442,0.5372,0.28587,0.8646
0.92349,0.90965,0.91988,0.75535,0.43316
0.26144,0.30411,0.2727,0.68374,0.90847
0.71443,0.78301,0.73383,0.80008,0.30767
0.75488,0.62864,0.72269,0.59182,0.78813
0.68464,0.86377,0.74151,0.89381,0.61782
0.79886,0.43538,0.7092,0.35119,0.87363
0.59453,0.90955,0.76308,0.84306,0.40847
0.89193,0.30439,0.66893,0.48954,0.894
0.35663,0.78343,0.81942,0.9246,0.35062
0.84895,0.62777,0.5475,0.25796,0.84244
0.47447,0.8646,0.91665,0.70824,0.49112
0.92259,0.43315,0.28268,0.76455,0.92471
0.26425,0.90847,0.75026,0.66604,0.2576
0.71937,0.30768,0.69326,0.82299,0.7076
0.74695,0.78814,0.7868,0.53901,0.76553
0.69936,0.61781,0.62065,0.91937,0.66412
0.77795,0.87365,0.87114,0.27428,0.82534
0.63915,0.40842,0.41534,0.73648,0.53337
0.85335,0.89397,0.89848,0.71809,0.92088
0.46302,0.35071,0.33748,0.74902,0.26959
0.91994,0.84254,0.82727,0.69556,0.72856
0.27251,0.49087,0.5287,0.7835,0.73171
0.73351,0.92469,0.92195,0.62763,0.72635
0.72325,0.25766,0.26624,0.86473,0.73543
0.7406,0.7077,0.72281,0.43279,0.71992
0.71082,0.76539,0.74131,0.90829,0.74605
0.76055,0.66441,0.70954,0.30822,0.70101
0.67382,0.82499,0.76254,0.78892,0.7755
0.81321,0.53421,0.66997,0.61615,0.64416
0.56202,0.92067,0.8181,0.87509,0.84811
0.91077,0.27024,0.5506,0.40445,0.47664
0.3007,0.72967,0.91553,0.89122,0.92298
0.77804,0.72983,0.28615,0.35871,0.26302
0.63897,0.72956,0.75579,0.85113,0.71721
0.85355,0.73001,0.68291,0.46881,0.75043
0.46251,0.72925,0.80122,0.9214,0.69295
0.9198,0.73055,0.58929,0.26796,0.78725
0.27294,0.72833,0.8955,0.72578,0.6197
0.73424,0.7321,0.34625,0.73638,0.87199
0.72199,0.72568,0.83753,0.71826,0.41302
0.74267,0.73656,0.50347,0.74875,0.89701
0.70711,0.71795,0.92496,0.69606,0.34183
0.76629,0.74924,0.25683,0.78277,0.83243
0.66262,0.69516,0.70621,0.62916,0.51611
0.82715,0.78408,0.76767,0.86328,0.92404
0.529,0.62641,0.65991,0.43671,0.2597
0.92189,0.86588,0.83039,0.91018,0.71135
0.26644,0.42969,0.52111,0.30249,0.75972
0.72317,0.90671,0.92335,0.78066,0.67541
0.74073,0.31297,0.26187,0.63356,0.81115
0.71058,0.79557,0.71518,0.859,0.56679
0.76092,0.60176,0.75368,0.44815,0.9085
0.67311,0.88668,0.68689,0.91505,0.30758
0.81413,0.37176,0.79577,0.28761,0.78801
0.5599,0.86415,0.60133,0.7581,0.61808
0.91173,0.43436,0.88701,0.67853,0.87341
0.29779,0.90906,0.37083,0.80707,0.40909
0.7737,0.30589,0.86327,0.57612,0.89442
0.64782,0.78559,0.43674,0.90356,0.3494
0.84415,0.62322,0.91019,0.32241,0.84109
0.48676,0.86882,0.30244,0.80831,0.49454
0.92435,0.42169,0.78059,0.5733,0.92489
0.25872,0.90231,0.6337,0.90512,0.25703
0.70961,0.32614,0.85886,0.31775,0.70658
0.76244,0.81316,0.4485,0.8021,0.7671
0.67017,0.56214,0.91519,0.58733,0.66103
0.81786,0.91071,0.28719,0.89678,0.82905
0.55117,0.30086,0.75744,0.34248,0.52438
0.91531,0.77827,0.67978,0.83319,0.9228
0.28681,0.63849,0.80541,0.51423,0.26358
0.75684,0.85404,0.57988,0.92425,0.7182
0.68093,0.46123,0.90139,0.25904,0.74884
0.80388,0.91944,0.32888,0.71018,0.69589
0.58333,0.27406,0.81666,0.76155,0.78302
0.89931,0.73613,0.554,0.67188,0.62863
0.33504,0.7187,0.91421,0.81569,0.86378
0.82432,0.74803,0.29019,0.55625,0.43535
0.53583,0.69739,0.76212,0.91329,0.90953
0.92025,0.78084,0.67079,0.293,0.30444
0.27155,0.63317,0.81708,0.76646,0.7835
0.73189,0.85938,0.55301,0.66229,0.62762
0.72604,0.44712,0.9146,0.82755,0.86474
0.73596,0.91465,0.28898,0.52804,0.43278
0.719,0.28883,0.76025,0.92209,0.90828
0.74754,0.76,0.67441,0.2658,0.30823
0.69827,0.67487,0.81246,0.72206,0.78893
0.77954,0.81185,0.56378,0.74255,0.61612
0.63587,0.56516,0.90995,0.70733,0.87511
0.8567,0.90929,0.30318,0.76596,0.40439
0.45424,0.30519,0.78167,0.66329,0.89118
0.91725,0.78458,0.63145,0.82635,0.35882
0.28084,0.62535,0.86106,0.53094,0.85125
0.74728,0.86686,0.44264,0.92146,0.46849
0.69876,0.42703,0.91283,0.26778,0.92133
0.77883,0.9053,0.29442,0.72548,0.26819
0.63734,0.3172,0.76863,0.73689,0.72617
0.85521,0.80137,0.65801,0.71736,0.73573
0.45816,0.58896,0.83262,0.75019,0.7194
0.91852,0.89572,0.51564,0.6934,0.7469
0.2769,0.3456,0.9241,0.78661,0.69945
0.74084,0.83679,0.25953,0.62107,0.77781
0.71038,0.50531,0.71105,0.87077,0.63944
0.76124,0.9249,0.7602,0.41637,0.85306
0.6725,0.25702,0.67449,0.89912,0.46379
0.81491,0.70655,0.81234,0.33559,0.92015
0.55809,0.76715,0.56403,0.82499,0.27186
0.91252,0.66093,0.90983,0.53421,0.73242
0.29537,0.82917,0.30355,0.92067,0.72513
0.77007,0.52409,0.7822,0.27023,0.73747
0.65512,0.92285,0.63034,0.72967,0.71636
0.83597,0.26342,0.86215,0.72984,0.7518
0.50736,0.71791,0.43974,0.72955,0.6904
0.9248,0.7493,0.91157,0.73004,0.79087
0.25732,0.69504,0.29827,0.7292,0.61196
0.70709,0.78424,0.77443,0.73062,0.87862
0.76632,0.62606,0.64635,0.72821,0.3946
0.66257,0.8662,0.84575,0.73231,0.8839
0.82721,0.42881,0.4827,0.72532,0.3797
0.52886,0.90625,0.92389,0.73715,0.87145
0.92192,0.31436,0.26017,0.71691,0.41448
