0.1,0.2,0.3,0.5,0.6
0.0501,0.0459,0.06195,0.06975,0.0573
0.014553,0.01504,0.016641,0.017613,0.016671
0.0045675,0.0045574,0.0048451,0.0049968,0.0047981
0.0013869,0.001392,0.0014323,0.0014551,0.0014292
0.00042045,0.00042071,0.00042724,0.0004308,0.00042643
0.00012674,0.00012682,0.00012781,0.00012835,0.00012771
3.8126e-05,3.8136e-05,3.829e-05,3.8376e-05,3.8273e-05
1.1454e-05,1.1456e-05,1.1479e-05,1.1493e-05,1.1477e-05
3.4387e-06,3.4389e-06,3.4427e-06,3.4447e-06,3.4422e-06
1.032e-06,1.032e-06,1.0326e-06,1.0329e-06,1.0326e-06
3.0966e-07,3.0967e-07,3.0976e-07,3.0981e-07,3.0975e-07
9.2908e-08,9.2909e-08,9.2923e-08,9.2931e-08,9.2922e-08
2.7874e-08,2.7874e-08,2.7876e-08,2.7877e-08,2.7876e-08
8.3624e-09,8.3625e-09,8.3628e-09,8.363e-09,8.3628e-09
2.5088e-09,2.5088e-09,2.5088e-09,2.5088e-09,2.5088e-09
7.5264e-10,7.5264e-10,7.5264e-10,7.5265e-10,7.5264e-10
2.2579e-10,2.2579e-10,2.2579e-10,2.2579e-10,2.2579e-10
6.7738e-11,6.7738e-11,6.7738e-11,6.7738e-11,6.7738e-11
2.0321e-11,2.0321e-11,2.0321e-11,2.0321e-11,2.0321e-11
6.0964e-12,6.0964e-12,6.0964e-12,6.0964e-12,6.0964e-12
1.8289e-12,1.8289e-12,1.8289e-12,1.8289e-12,1.8289e-12
5.4868e-13,5.4868e-13,5.4868e-13,5.4868e-13,5.4868e-13
1.646e-13,1.646e-13,1.646e-13,1.646e-13,1.646e-13
4.9381e-14,4.9381e-14,4.9381e-14,4.9381e-14,4.9381e-14
1.4814e-14,1.4814e-14,1.4814e-14,1.4814e-14,1.4814e-14
4.4443e-15,4.4443e-15,4.4443e-15,4.4443e-15,4.4443e-15
1.3333e-15,1.3333e-15,1.3333e-15,1.3333e-15,1.3333e-15
3.9998e-16,3.9998e-16,3.9998e-16,3.9998e-16,3.9998e-16
1.2e-16,1.2e-16,1.2e-16,1.2e-16,1.2e-16
3.5999e-17,3.5999e-17,3.5999e-17,3.5999e-17,3.5999e-17
1.08e-17,1.08e-17,1.08e-17,1.08e-17,1.08e-17
3.2399e-18,3.2399e-18,3.2399e-18,3.2399e-18,3.2399e-18
9.7196e-19,9.7196e-19,9.7196e-19,9.7196e-19,9.7196e-19
2.9159e-19,2.9159e-19,2.9159e-19,2.9159e-19,2.9159e-19
8.7477e-20,8.7477e-20,8.7477e-20,8.7477e-20,8.7477e-20
2.6243e-20,2.6243e-20,2.6243e-20,2.6243e-20,2.6243e-20
7.8729e-21,7.8729e-21,7.8729e-21,7.8729e-21,7.8729e-21
2.3619e-21,2.3619e-21,2.3619e-21,2.3619e-21,2.3619e-21
7.0856e-22,7.0856e-22,7.0856e-22,7.0856e-22,7.0856e-22
2.1257e-22,2.1257e-22,2.1257e-22,2.1257e-22,2.1257e-22
6.377e-23,6.377e-23,6.377e-23,6.377e-23,6.377e-23
1.9131e-23,1.9131e-23,1.9131e-23,1.9131e-23,1.9131e-23
5.7393e-24,5.7393e-24,5.7393e-24,5.7393e-24,5.7393e-24
1.7218e-24,1.7218e-24,1.7218e-24,1.7218e-24,1.7218e-24
5.1654e-25,5.1654e-25,5.1654e-25,5.1654e-25,5.1654e-25
1.5496e-25,1.5496e-25,1.5496e-25,1.5496e-25,1.5496e-25
4.6489e-26,4.6489e-26,4.6489e-26,4.6489e-26,4.6489e-26
1.3947e-26,1.3947e-26,1.3947e-26,1.3947e-26,1.3947e-26
4.184e-27,4.184e-27,4.184e-27,4.184e-27,4.184e-27
1.2552e-27,1.2552e-27,1.2552e-27,1.2552e-27,1.2552e-27
3.7656e-28,3.7656e-28,3.7656e-28,3.7656e-28,3.7656e-28
1.1297e-28,1.1297e-28,1.1297e-28,1.1297e-28,1.1297e-28
3.389e-29,3.389e-29,3.389e-29,3.389e-29,3.389e-29
1.0167e-29,1.0167e-29,1.0167e-29,1.0167e-29,1.0167e-29
3.0501e-30,3.0501e-30,3.0501e-30,3.0501e-30,3.0501e-30
9.1504e-31,9.1504e-31,9.1504e-31,9.1504e-31,9.1504e-31
2.7451e-31,2.7451e-31,2.7451e-31,2.7451e-31,2.7451e-31
8.2353e-32,8.2353e-32,8.2353e-32,8.2353e-32,8.2353e-32
2.4706e-32,2.4706e-32,2.4706e-32,2.4706e-32,2.4706e-32
7.4118e-33,7.4118e-33,7.4118e-33,7.4118e-33,7.4118e-33
2.2235e-33,2.2235e-33,2.2235e-33,2.2235e-33,2.2235e-33
6.6706e-34,6.6706e-34,6.6706e-34,6.6706e-34,6.6706e-34
2.0012e-34,2.0012e-34,2.0012e-34,2.0012e-34,2.0012e-34
6.0036e-35,6.0036e-35,6.0036e-35,6.0036e-35,6.0036e-35
1.8011e-35,1.8011e-35,1.8011e-35,1.8011e-35,1.8011e-35
5.4032e-36,5.4032e-36,5.4032e-36,5.4032e-36,5.4032e-36
1.621e-36,1.621e-36,1.621e-36,1.621e-36,1.621e-36
4.8629e-37,4.8629e-37,4.8629e-37,4.8629e-37,4.8629e-37
1.4589e-37,1.4589e-37,1.4589e-37,1.4589e-37,1.4589e-37
4.3766e-38,4.3766e-38,4.3766e-38,4.3766e-38,4.3766e-38
1.313e-38,1.313e-38,1.313e-38,1.313e-38,1.313e-38
3.9389e-39,3.9389e-39,3.9389e-39,3.9389e-39,3.9389e-39
1.1817e-39,1.1817e-39,1.1817e-39,1.1817e-39,1.1817e-39
3.545e-40,3.545e-40,3.545e-40,3.545e-40,3.545e-40
1.0635e-40,1.0635e-40,1.0635e-40,1.0635e-40,1.0635e-40
3.1905e-41,3.1905e-41,3.1905e-41,3.1905e-41,3.1905e-41
9.5716e-42,9.5716e-42,9.5716e-42,9.5716e-42,9.5716e-42
2.8715e-42,2.8715e-42,2.8715e-42,2.8715e-42,2.8715e-42
8.6144e-43,8.6144e-43,8.6144e-43,8.6144e-43,8.6144e-43
2.5843e-43,2.5843e-43,2.5843e-43,2.5843e-43,2.5843e-43
7.753e-44,7.753e-44,7.753e-44,7.753e-44,7.753e-44
2.3259e-44,2.3259e-44,2.3259e-44,2.3259e-44,2.3259e-44
6.9777e-45,6.9777e-45,6.9777e-45,6.9777e-45,6.9777e-45
2.0933e-45,2.0933e-45,2.0933e-45,2.0933e-45,2.0933e-45
6.2799e-46,6.2799e-46,6.2799e-46,6.2799e-46,6.2799e-46
1.884e-46,1.884e-46,1.884e-46,1.884e-46,1.884e-46
5.6519e-47,5.6519e-47,5.6519e-47,5.6519e-47,5.6519e-47
1.6956e-47,1.6956e-47,1.6956e-47,1.6956e-47,1.6956e-47
5.0867e-48,5.0867e-48,5.0867e-48,5.0867e-48,5.0867e-48
1.526e-48,1.526e-48,1.526e-48,1.526e-48,1.526e-48
4.5781e-49,4.5781e-49,4.5781e-49,4.5781e-49,4.5781e-49
1.3734e-49,1.3734e-49,1.3734e-49,1.3734e-49,1.3734e-49
4.1203e-50,4.1203e-50,4.1203e-50,4.1203e-50,4.1203e-50
1.2361e-50,1.2361e-50,1.2361e-50,1.2361e-50,1.2361e-50
3.7082e-51,3.7082e-51,3.7082e-51,3.7082e-51,3.7082e-51
1.1125e-51,1.1125e-51,1.1125e-51,1.1125e-51,1.1125e-51
3.3374e-52,3.3374e-52,3.3374e-52,3.3374e-52,3.3374e-52
1.0012e-52,1.0012e-52,1.0012e-52,1.0012e-52,1.0012e-52
3.0037e-53,3.0037e-53,3.0037e-53,3.0037e-53,3.0037e-53
9.011e-54,9.011e-54,9.011e-54,9.011e-54,9.011e-54
2.7033e-54,2.7033e-54,2.7033e-54,2.7033e-54,2.7033e-54
8.1099e-55,8.1099e-55,8.1099e-55,8.1099e-55,8.1099e-55
2.433e-55,2.433e-55,2.433e-55,2.433e-55,2.433e-55
7.2989e-56,7.2989e-56,7.2989e-56,7.2989e-56,7.2989e-56
2.1897e-56,2.1897e-56,2.1897e-56,2.1897e-56,2.1897e-56
6.569e-57,6.569e-57,6.569e-57,6.569e-57,6.569e-57
1.9707e-57,1.9707e-57,1.9707e-57,1.9707e-57,1.9707e-57
5.9121e-58,5.9121e-58,5.9121e-58,5.9121e-58,5.9121e-58
1.7736e-58,1.7736e-58,1.7736e-58,1.7736e-58,1.7736e-58
5.3209e-59,5.3209e-59,5.3209e-59,5.3209e-59,5.3209e-59
1.5963e-59,1.5963e-59,1.5963e-59,1.5963e-59,1.5963e-59
4.7888e-60,4.7888e-60,4.7888e-60,4.7888e-60,4.7888e-60
1.4366e-60,1.4366e-60,1.4366e-60,1.4366e-60,1.4366e-60
4.3099e-61,4.3099e-61,4.3099e-61,4.3099e-61,4.3099e-61
1.293e-61,1.293e-61,1.293e-61,1.293e-61,1.293e-61
3.8789e-62,3.8789e-62,3.8789e-62,3.8789e-62,3.8789e-62
1.1637e-62,1.1637e-62,1.1637e-62,1.1637e-62,1.1637e-62
3.4911e-63,3.4911e-63,3.4911e-63,3.4911e-63,3.4911e-63
1.0473e-63,1.0473e-63,1.0473e-63,1.0473e-63,1.0473e-63
3.1419e-64,3.1419e-64,3.1419e-64,3.1419e-64,3.1419e-64
9.4258e-65,9.4258e-65,9.4258e-65,9.4258e-65,9.4258e-65
2.8278e-65,2.8278e-65,2.8278e-65,2.8278e-65,2.8278e-65
8.4833e-66,8.4833e-66,8.4833e-66,8.4833e-66,8.4833e-66
2.545e-66,2.545e-66,2.545e-66,2.545e-66,2.545e-66
7.6349e-67,7.6349e-67,7.6349e-67,7.6349e-67,7.6349e-67
2.2905e-67,2.2905e-67,2.2905e-67,2.2905e-67,2.2905e-67
6.8714e-68,6.8714e-68,6.8714e-68,6.8714e-68,6.8714e-68
2.0614e-68,2.0614e-68,2.0614e-68,2.0614e-68,2.0614e-68
6.1843e-69,6.1843e-69,6.1843e-69,6.1843e-69,6.1843e-69
1.8553e-69,1.8553e-69,1.8553e-69,1.8553e-69,1.8553e-69
5.5659e-70,5.5659e-70,5.5659e-70,5.5659e-70,5.5659e-70
1.6698e-70,1.6698e-70,1.6698e-70,1.6698e-70,1.6698e-70
5.0093e-71,5.0093e-71,5.0093e-71,5.0093e-71,5.0093e-71
1.5028e-71,1.5028e-71,1.5028e-71,1.5028e-71,1.5028e-71
4.5083e-72,4.5083e-72,4.5083e-72,4.5083e-72,4.5083e-72
1.3525e-72,1.3525e-72,1.3525e-72,1.3525e-72,1.3525e-72
4.0575e-73,4.0575e-73,4.0575e-73,4.0575e-73,4.0575e-73
1.2173e-73,1.2173e-73,1.2173e-73,1.2173e-73,1.2173e-73
3.6518e-74,3.6518e-74,3.6518e-74,3.6518e-74,3.6518e-74
1.0955e-74,1.0955e-74,1.0955e-74,1.0955e-74,1.0955e-74
3.2866e-75,3.2866e-75,3.2866e-75,3.2866e-75,3.2866e-75
9.8598e-76,9.8598e-76,9.8598e-76,9.8598e-76,9.8598e-76
2.9579e-76,2.9579e-76,2.9579e-76,2.9579e-76,2.9579e-76
8.8738e-77,8.8738e-77,8.8738e-77,8.8738e-77,8.8738e-77
2.6621e-77,2.6621e-77,2.6621e-77,2.6621e-77,2.6621e-77
7.9864e-78,7.9864e-78,7.9864e-78,7.9864e-78,7.9864e-78
2.3959e-78,2.3959e-78,2.3959e-78,2.3959e-78,2.3959e-78
7.1878e-79,7.1878e-79,7.1878e-79,7.1878e-79,7.1878e-79
2.1563e-79,2.1563e-79,2.1563e-79,2.1563e-79,2.1563e-79
6.469e-80,6.469e-80,6.469e-80,6.469e-80,6.469e-80
1.9407e-80,1.9407e-80,1.9407e-80,1.9407e-80,1.9407e-80
5.8221e-81,5.8221e-81,5.8221e-81,5.8221e-81,5.8221e-81
1.7466e-81,1.7466e-81,1.7466e-81,1.7466e-81,1.7466e-81
5.2399e-82,5.2399e-82,5.2399e-82,5.2399e-82,5.2399e-82
1.572e-82,1.572e-82,1.572e-82,1.572e-82,1.572e-82
4.7159e-83,4.7159e-83,4.7159e-83,4.7159e-83,4.7159e-83
1.4148e-83,1.4148e-83,1.4148e-83,1.4148e-83,1.4148e-83
4.2443e-84,4.2443e-84,4.2443e-84,4.2443e-84,4.2443e-84
1.2733e-84,1.2733e-84,1.2733e-84,1.2733e-84,1.2733e-84
3.8199e-85,3.8199e-85,3.8199e-85,3.8199e-85,3.8199e-85
1.146e-85,1.146e-85,1.146e-85,1.146e-85,1.146e-85
3.4379e-86,3.4379e-86,3.4379e-86,3.4379e-86,3.4379e-86
1.0314e-86,1.0314e-86,1.0314e-86,1.0314e-86,1.0314e-86
3.0941e-87,3.0941e-87,3.0941e-87,3.0941e-87,3.0941e-87
9.2823e-88,9.2823e-88,9.2823e-88,9.2823e-88,9.2823e-88
2.7847e-88,2.7847e-88,2.7847e-88,2.7847e-88,2.7847e-88
8.3541e-89,8.3541e-89,8.3541e-89,8.3541e-89,8.3541e-89
2.5062e-89,2.5062e-89,2.5062e-89,2.5062e-89,2.5062e-89
7.5187e-90,7.5187e-90,7.5187e-90,7.5187e-90,7.5187e-90
2.2556e-90,2.2556e-90,2.2556e-90,2.2556e-90,2.2556e-90
6.7668e-91,6.7668e-91,6.7668e-91,6.7668e-91,6.7668e-91
2.03e-91,2.03e-91,2.03e-91,2.03e-91,2.03e-91
6.0901e-92,6.0901e-92,6.0901e-92,6.0901e-92,6.0901e-92
1.827e-92,1.827e-92,1.827e-92,1.827e-92,1.827e-92
5.4811e-93,5.4811e-93,5.4811e-93,5.4811e-93,5.4811e-93
1.6443e-93,1.6443e-93,1.6443e-93,1.6443e-93,1.6443e-93
4.933e-94,4.933e-94,4.933e-94,4.933e-94,4.933e-94
1.4799e-94,1.4799e-94,1.4799e-94,1.4799e-94,1.4799e-94
4.4397e-95,4.4397e-95,4.4397e-95,4.4397e-95,4.4397e-95
1.3319e-95,1.3319e-95,1.3319e-95,1.3319e-95,1.3319e-95
3.9957e-96,3.9957e-96,3.9957e-96,3.9957e-96,3.9957e-96
1.1987e-96,1.1987e-96,1.1987e-96,1.1987e-96,1.1987e-96
3.5961e-97,3.5961e-97,3.5961e-97,3.5961e-97,3.5961e-97
1.0788e-97,1.0788e-97,1.0788e-97,1.0788e-97,1.0788e-97
3.2365e-98,3.2365e-98,3.2365e-98,3.2365e-98,3.2365e-98
9.7096e-99,9.7096e-99,9.7096e-99,9.7096e-99,9.7096e-99
2.9129e-99,2.9129e-99,2.9129e-99,2.9129e-99,2.9129e-99
8.7386e-100,8.7386e-100,8.7386e-100,8.7386e-100,8.7386e-100
2.6216e-100,2.6216e-100,2.6216e-100,2.6216e-100,2.6216e-100
7.8648e-101,7.8648e-101,7.8648e-101,7.8648e-101,7.8648e-101
2.3594e-101,2.3594e-101,2.3594e-101,2.3594e-101,2.3594e-101
7.0783e-102,7.0783e-102,7.0783e-102,7.0783e-102,7.0783e-102
2.1235e-102,2.1235e-102,2.1235e-102,2.1235e-102,2.1235e-102
6.3705e-103,6.3705e-103,6.3705e-103,6.3705e-103,6.3705e-103
1.9111e-103,1.9111e-103,1.9111e-103,1.9111e-103,1.9111e-103
5.7334e-104,5.7334e-104,5.7334e-104,5.7334e-104,5.7334e-104
1.72e-104,1.72e-104,1.72e-104,1.72e-104,1.72e-104
5.1601e-105,5.1601e-105,5.1601e-105,5.1601e-105,5.1601e-105
1.548e-105,1.548e-105,1.548e-105,1.548e-105,1.548e-105
4.6441e-106,4.6441e-106,4.6441e-106,4.6441e-106,4.6441e-106
1.3932e-106,1.3932e-106,1.3932e-106,1.3932e-106,1.3932e-106
4.1797e-107,4.1797e-107,4.1797e-107,4.1797e-107,4.1797e-107
1.2539e-107,1.2539e-107,1.2539e-107,1.2539e-107,1.2539e-107
3.7617e-108,3.7617e-108,3.7617e-108,3.7617e-108,3.7617e-108
1.1285e-108,1.1285e-108,1.1285e-108,1.1285e-108,1.1285e-108
3.3855e-109,3.3855e-109,3.3855e-109,3.3855e-109,3.3855e-109
1.0157e-109,1.0157e-109,1.0157e-109,1.0157e-109,1.0157e-109
3.047e-110,3.047e-110,3.047e-110,3.047e-110,3.047e-110
9.1409e-111,9.1409e-111,9.1409e-111,9.1409e-111,9.1409e-111
2.7423e-111,2.7423e-111,2.7423e-111,2.7423e-111,2.7423e-111
8.2268e-112,8.2268e-112,8.2268e-112,8.2268e-112,8.2268e-112
2.4681e-112,2.4681e-112,2.4681e-112,2.4681e-112,2.4681e-112
7.4042e-113,7.4042e-113,7.4042e-113,7.4042e-113,7.4042e-113
2.2212e-113,2.2212e-113,2.2212e-113,2.2212e-113,2.2212e-113
6.6637e-114,6.6637e-114,6.6637e-114,6.6637e-114,6.6637e-114
1.9991e-114,1.9991e-114,1.9991e-114,1.9991e-114,1.9991e-114
5.9974e-115,5.9974e-115,5.9974e-115,5.9974e-115,5.9974e-115
1.7992e-115,1.7992e-115,1.7992e-115,1.7992e-115,1.7992e-115
5.3976e-116,5.3976e-116,5.3976e-116,5.3976e-116,5.3976e-116
1.6193e-116,1.6193e-116,1.6193e-116,1.6193e-116,1.6193e-116
4.8579e-117,4.8579e-117,4.8579e-117,4.8579e-117,4.8579e-117
1.4574e-117,1.4574e-117,1.4574e-117,1.4574e-117,1.4574e-117
4.3721e-118,4.3721e-118,4.3721e-118,4.3721e-118,4.3721e-118
1.3116e-118,1.3116e-118,1.3116e-118,1.3116e-118,1.3116e-118
3.9349e-119,3.9349e-119,3.9349e-119,3.9349e-119,3.9349e-119
1.1805e-119,1.1805e-119,1.1805e-119,1.1805e-119,1.1805e-119
3.5414e-120,3.5414e-120,3.5414e-120,3.5414e-120,3.5414e-120
1.0624e-120,1.0624e-120,1.0624e-120,1.0624e-120,1.0624e-120
3.1872e-121,3.1872e-121,3.1872e-121,3.1872e-121,3.1872e-121
9.5617e-122,9.5617e-122,9.5617e-122,9.5617e-122,9.5617e-122
2.8685e-122,2.8685e-122,2.8685e-122,2.8685e-122,2.8685e-122
8.6056e-123,8.6056e-123,8.6056e-123,8.6056e-123,8.6056e-123
2.5817e-123,2.5817e-123,2.5817e-123,2.5817e-123,2.5817e-123
7.745e-124,7.745e-124,7.745e-124,7.745e-124,7.745e-124
2.3235e-124,2.3235e-124,2.3235e-124,2.3235e-124,2.3235e-124
6.9705e-125,6.9705e-125,6.9705e-125,6.9705e-125,6.9705e-125
2.0912e-125,2.0912e-125,2.0912e-125,2.0912e-125,2.0912e-125
6.2735e-126,6.2735e-126,6.2735e-126,6.2735e-126,6.2735e-126
1.882e-126,1.882e-126,1.882e-126,1.882e-126,1.882e-126
5.6461e-127,5.6461e-127,5.6461e-127,5.6461e-127,5.6461e-127
1.6938e-127,1.6938e-127,1.6938e-127,1.6938e-127,1.6938e-127
5.0815e-128,5.0815e-128,5.0815e-128,5.0815e-128,5.0815e-128
1.5244e-128,1.5244e-128,1.5244e-128,1.5244e-128,1.5244e-128
4.5733e-129,4.5733e-129,4.5733e-129,4.5733e-129,4.5733e-129
1.372e-129,1.372e-129,1.372e-129,1.372e-129,1.372e-129
4.116e-130,4.116e-130,4.116e-130,4.116e-130,4.116e-130
1.2348e-130,1.2348e-130,1.2348e-130,1.2348e-130,1.2348e-130
3.7044e-131,3.7044e-131,3.7044e-131,3.7044e-131,3.7044e-131
1.1113e-131,1.1113e-131,1.1113e-131,1.1113e-131,1.1113e-131
3.334e-132,3.334e-132,3.334e-132,3.334e-132,3.334e-132
1.0002e-132,1.0002e-132,1.0002e-132,1.0002e-132,1.0002e-132
3.0006e-133,3.0006e-133,3.0006e-133,3.0006e-133,3.0006e-133
9.0017e-134,9.0017e-134,9.0017e-134,9.0017e-134,9.0017e-134
2.7005e-134,2.7005e-134,2.7005e-134,2.7005e-134,2.7005e-134
8.1015e-135,8.1015e-135,8.1015e-135,8.1015e-135,8.1015e-135
2.4305e-135,2.4305e-135,2.4305e-135,2.4305e-135,2.4305e-135
7.2914e-136,7.2914e-136,7.2914e-136,7.2914e-136,7.2914e-136
2.1874e-136,2.1874e-136,2.1874e-136,2.1874e-136,2.1874e-136
6.5623e-137,6.5623e-137,6.5623e-137,6.5623e-137,6.5623e-137
1.9687e-137,1.9687e-137,1.9687e-137,1.9687e-137,1.9687e-137
5.906e-138,5.906e-138,5.906e-138,5.906e-138,5.906e-138
1.7718e-138,1.7718e-138,1.7718e-138,1.7718e-138,1.7718e-138
5.3154e-139,5.3154e-139,5.3154e-139,5.3154e-139,5.3154e-139
1.5946e-139,1.5946e-139,1.5946e-139,1.5946e-139,1.5946e-139
4.7839e-140,4.7839e-140,4.7839e-140,4.7839e-140,4.7839e-140
1.4352e-140,1.4352e-140,1.4352e-140,1.4352e-140,1.4352e-140
4.3055e-141,4.3055e-141,4.3055e-141,4.3055e-141,4.3055e-141
1.2916e-141,1.2916e-141,1.2916e-141,1.2916e-141,1.2916e-141
3.8749e-142,3.8749e-142,3.8749e-142,3.8749e-142,3.8749e-142
1.1625e-142,1.1625e-142,1.1625e-142,1.1625e-142,1.1625e-142
3.4875e-143,3.4875e-143,3.4875e-143,3.4875e-143,3.4875e-143
1.0462e-143,1.0462e-143,1.0462e-143,1.0462e-143,1.0462e-143
3.1387e-144,3.1387e-144,3.1387e-144,3.1387e-144,3.1387e-144
9.4161e-145,9.4161e-145,9.4161e-145,9.4161e-145,9.4161e-145
2.8248e-145,2.8248e-145,2.8248e-145,2.8248e-145,2.8248e-145
8.4745e-146,8.4745e-146,8.4745e-146,8.4745e-146,8.4745e-146
2.5424e-146,2.5424e-146,2.5424e-146,2.5424e-146,2.5424e-146
7.6271e-147,7.6271e-147,7.6271e-147,7.6271e-147,7.6271e-147
2.2881e-147,2.2881e-147,2.2881e-147,2.2881e-147,2.2881e-147
6.8643e-148,6.8643e-148,6.8643e-148,6.8643e-148,6.8643e-148
2.0593e-148,2.0593e-148,2.0593e-148,2.0593e-148,2.0593e-148
6.1779e-149,6.1779e-149,6.1779e-149,6.1779e-149,6.1779e-149
1.8534e-149,1.8534e-149,1.8534e-149,1.8534e-149,1.8534e-149
5.5601e-150,5.5601e-150,5.5601e-150,5.5601e-150,5.5601e-150
1.668e-150,1.668e-150,1.668e-150,1.668e-150,1.668e-150
5.0041e-151,5.0041e-151,5.0041e-151,5.0041e-151,5.0041e-151
1.5012e-151,1.5012e-151,1.5012e-151,1.5012e-151,1.5012e-151
4.5037e-152,4.5037e-152,4.5037e-152,4.5037e-152,4.5037e-152
1.3511e-152,1.3511e-152,1.3511e-152,1.3511e-152,1.3511e-152
4.0533e-153,4.0533e-153,4.0533e-153,4.0533e-153,4.0533e-153
1.216e-153,1.216e-153,1.216e-153,1.216e-153,1.216e-153
3.648e-154,3.648e-154,3.648e-154,3.648e-154,3.648e-154
1.0944e-154,1.0944e-154,1.0944e-154,1.0944e-154,1.0944e-154
3.2832e-155,3.2832e-155,3.2832e-155,3.2832e-155,3.2832e-155
9.8496e-156,9.8496e-156,9.8496e-156,9.8496e-156,9.8496e-156
2.9549e-156,2.9549e-156,2.9549e-156,2.9549e-156,2.9549e-156
8.8646e-157,8.8646e-157,8.8646e-157,8.8646e-157,8.8646e-157
2.6594e-157,2.6594e-157,2.6594e-157,2.6594e-157,2.6594e-157
7.9782e-158,7.9782e-158,7.9782e-158,7.9782e-158,7.9782e-158
2.3935e-158,2.3935e-158,2.3935e-158,2.3935e-158,2.3935e-158
7.1804e-159,7.1804e-159,7.1804e-159,7.1804e-159,7.1804e-159
2.1541e-159,2.1541e-159,2.1541e-159,2.1541e-159,2.1541e-159
6.4623e-160,6.4623e-160,6.4623e-160,6.4623e-160,6.4623e-160
1.9387e-160,1.9387e-160,1.9387e-160,1.9387e-160,1.9387e-160
5.8161e-161,5.8161e-161,5.8161e-161,5.8161e-161,5.8161e-161
1.7448e-161,1.7448e-161,1.7448e-161,1.7448e-161,1.7448e-161
5.2345e-162,5.2345e-162,5.2345e-162,5.2345e-162,5.2345e-162
1.5703e-162,1.5703e-162,1.5703e-162,1.5703e-162,1.5703e-162
4.711e-163,4.711e-163,4.711e-163,4.711e-163,4.711e-163
1.4133e-163,1.4133e-163,1.4133e-163,1.4133e-163,1.4133e-163
4.2399e-164,4.2399e-164,4.2399e-164,4.2399e-164,4.2399e-164
1.272e-164,1.272e-164,1.272e-164,1.272e-164,1.272e-164
3.8159e-165,3.8159e-165,3.8159e-165,3.8159e-165,3.8159e-165
1.1448e-165,1.1448e-165,1.1448e-165,1.1448e-165,1.1448e-165
3.4343e-166,3.4343e-166,3.4343e-166,3.4343e-166,3.4343e-166
1.0303e-166,1.0303e-166,1.0303e-166,1.0303e-166,1.0303e-166
3.0909e-167,3.0909e-167,3.0909e-167,3.0909e-167,3.0909e-167
9.2727e-168,9.2727e-168,9.2727e-168,9.2727e-168,9.2727e-168
2.7818e-168,2.7818e-168,2.7818e-168,2.7818e-168,2.7818e-168
8.3454e-169,8.3454e-169,8.3454e-169,8.3454e-169,8.3454e-169
2.5036e-169,2.5036e-169,2.5036e-169,2.5036e-169,2.5036e-169
7.5109e-170,7.5109e-170,7.5109e-170,7.5109e-170,7.5109e-170
2.2533e-170,2.2533e-170,2.2533e-170,2.2533e-170,2.2533e-170
6.7598e-171,6.7598e-171,6.7598e-171,6.7598e-171,6.7598e-171
2.0279e-171,2.0279e-171,2.0279e-171,2.0279e-171,2.0279e-171
6.0838e-172,6.0838e-172,6.0838e-172,6.0838e-172,6.0838e-172
1.8251e-172,1.8251e-172,1.8251e-172,1.8251e-172,1.8251e-172
5.4754e-173,5.4754e-173,5.4754e-173,5.4754e-173,5.4754e-173
1.6426e-173,1.6426e-173,1.6426e-173,1.6426e-173,1.6426e-173
4.9279e-174,4.9279e-174,4.9279e-174,4.9279e-174,4.9279e-174
1.4784e-174,1.4784e-174,1.4784e-174,1.4784e-174,1.4784e-174
4.4351e-175,4.4351e-175,4.4351e-175,4.4351e-175,4.4351e-175
1.3305e-175,1.3305e-175,1.3305e-175,1.3305e-175,1.3305e-175
3.9916e-176,3.9916e-176,3.9916e-176,3.9916e-176,3.9916e-176
1.1975e-176,1.1975e-176,1.1975e-176,1.1975e-176,1.1975e-176
3.5924e-177,3.5924e-177,3.5924e-177,3.5924e-177,3.5924e-177
1.0777e-177,1.0777e-177,1.0777e-177,1.0777e-177,1.0777e-177
3.2332e-178,3.2332e-178,3.2332e-178,3.2332e-178,3.2332e-178
9.6996e-179,9.6996e-179,9.6996e-179,9.6996e-179,9.6996e-179
2.9099e-179,2.9099e-179,2.9099e-179,2.9099e-179,2.9099e-179
8.7296e-180,8.7296e-180,8.7296e-180,8.7296e-180,8.7296e-180
2.6189e-180,2.6189e-180,2.6189e-180,2.6189e-180,2.6189e-180
7.8567e-181,7.8567e-181,7.8567e-181,7.8567e-181,7.8567e-181
2.357e-181,2.357e-181,2.357e-181,2.357e-181,2.357e-181
7.071e-182,7.071e-182,7.071e-182,7.071e-182,7.071e-182
2.1213e-182,2.1213e-182,2.1213e-182,2.1213e-182,2.1213e-182
6.3639e-183,6.3639e-183,6.3639e-183,6.3639e-183,6.3639e-183
1.9092e-183,1.9092e-183,1.9092e-183,1.9092e-183,1.9092e-183
5.7275e-184,5.7275e-184,5.7275e-184,5.7275e-184,5.7275e-184
1.7183e-184,1.7183e-184,1.7183e-184,1.7183e-184,1.7183e-184
5.1548e-185,5.1548e-185,5.1548e-185,5.1548e-185,5.1548e-185
1.5464e-185,1.5464e-185,1.5464e-185,1.5464e-185,1.5464e-185
4.6393e-186,4.6393e-186,4.6393e-186,4.6393e-186,4.6393e-186
1.3918e-186,1.3918e-186,1.3918e-186,1.3918e-186,1.3918e-186
4.1754e-187,4.1754e-187,4.1754e-187,4.1754e-187,4.1754e-187
1.2526e-187,1.2526e-187,1.2526e-187,1.2526e-187,1.2526e-187
3.7578e-188,3.7578e-188,3.7578e-188,3.7578e-188,3.7578e-188
1.1273e-188,1.1273e-188,1.1273e-188,1.1273e-188,1.1273e-188
3.382e-189,3.382e-189,3.382e-189,3.382e-189,3.382e-189
1.0146e-189,1.0146e-189,1.0146e-189,1.0146e-189,1.0146e-189
3.0438e-190,3.0438e-190,3.0438e-190,3.0438e-190,3.0438e-190
9.1315e-191,9.1315e-191,9.1315e-191,9.1315e-191,9.1315e-191
2.7395e-191,2.7395e-191,2.7395e-191,2.7395e-191,2.7395e-191
8.2184e-192,8.2184e-192,8.2184e-192,8.2184e-192,8.2184e-192
2.4655e-192,2.4655e-192,2.4655e-192,2.4655e-192,2.4655e-192
7.3965e-193,7.3965e-193,7.3965e-193,7.3965e-193,7.3965e-193
2.219e-193,2.219e-193,2.219e-193,2.219e-193,2.219e-193
6.6569e-194,6.6569e-194,6.6569e-194,6.6569e-194,6.6569e-194
1.9971e-194,1.9971e-194,1.9971e-194,1.9971e-194,1.9971e-194
5.9912e-195,5.9912e-195,5.9912e-195,5.9912e-195,5.9912e-195
1.7974e-195,1.7974e-195,1.7974e-195,1.7974e-195,1.7974e-195
5.3921e-196,5.3921e-196,5.3921e-196,5.3921e-196,5.3921e-196
1.6176e-196,1.6176e-196,1.6176e-196,1.6176e-196,1.6176e-196
4.8529e-197,4.8529e-197,4.8529e-197,4.8529e-197,4.8529e-197
1.4559e-197,1.4559e-197,1.4559e-197,1.4559e-197,1.4559e-197
4.3676e-198,4.3676e-198,4.3676e-198,4.3676e-198,4.3676e-198
1.3103e-198,1.3103e-198,1.3103e-198,1.3103e-198,1.3103e-198
3.9308e-199,3.9308e-199,3.9308e-199,3.9308e-199,3.9308e-199
1.1792e-199,1.1792e-199,1.1792e-199,1.1792e-199,1.1792e-199
3.5377e-200,3.5377e-200,3.5377e-200,3.5377e-200,3.5377e-200
1.0613e-200,1.0613e-200,1.0613e-200,1.0613e-200,1.0613e-200
3.184e-201,3.184e-201,3.184e-201,3.184e-201,3.184e-201
9.5519e-202,9.5519e-202,9.5519e-202,9.5519e-202,9.5519e-202
2.8656e-202,2.8656e-202,2.8656e-202,2.8656e-202,2.8656e-202
8.5967e-203,8.5967e-203,8.5967e-203,8.5967e-203,8.5967e-203
2.579e-203,2.579e-203,2.579e-203,2.579e-203,2.579e-203
7.737e-204,7.737e-204,7.737e-204,7.737e-204,7.737e-204
2.3211e-204,2.3211e-204,2.3211e-204,2.3211e-204,2.3211e-204
6.9633e-205,6.9633e-205,6.9633e-205,6.9633e-205,6.9633e-205
2.089e-205,2.089e-205,2.089e-205,2.089e-205,2.089e-205
6.267e-206,6.267e-206,6.267e-206,6.267e-206,6.267e-206
1.8801e-206,1.8801e-206,1.8801e-206,1.8801e-206,1.8801e-206
5.6403e-207,5.6403e-207,5.6403e-207,5.6403e-207,5.6403e-207
1.6921e-207,1.6921e-207,1.6921e-207,1.6921e-207,1.6921e-207
5.0763e-208,5.0763e-208,5.0763e-208,5.0763e-208,5.0763e-208
1.5229e-208,1.5229e-208,1.5229e-208,1.5229e-208,1.5229e-208
4.5686e-209,4.5686e-209,4.5686e-209,4.5686e-209,4.5686e-209
1.3706e-209,1.3706e-209,1.3706e-209,1.3706e-209,1.3706e-209
4.1118e-210,4.1118e-210,4.1118e-210,4.1118e-210,4.1118e-210
1.2335e-210,1.2335e-210,1.2335e-210,1.2335e-210,1.2335e-210
3.7006e-211,3.7006e-211,3.7006e-211,3.7006e-211,3.7006e-211
1.1102e-211,1.1102e-211,1.1102e-211,1.1102e-211,1.1102e-211
3.3305e-212,3.3305e-212,3.3305e-212,3.3305e-212,3.3305e-212
9.9916e-213,9.9916e-213,9.9916e-213,9.9916e-213,9.9916e-213
2.9975e-213,2.9975e-213,2.9975e-213,2.9975e-213,2.9975e-213
8.9924e-214,8.9924e-214,8.9924e-214,8.9924e-214,8.9924e-214
2.6977e-214,2.6977e-214,2.6977e-214,2.6977e-214,2.6977e-214
8.0932e-215,8.0932e-215,8.0932e-215,8.0932e-215,8.0932e-215
2.428e-215,2.428e-215,2.428e-215,2.428e-215,2.428e-215
7.2839e-216,7.2839e-216,7.2839e-216,7.2839e-216,7.2839e-216
2.1852e-216,2.1852e-216,2.1852e-216,2.1852e-216,2.1852e-216
6.5555e-217,6.5555e-217,6.5555e-217,6.5555e-217,6.5555e-217
1.9666e-217,1.9666e-217,1.9666e-217,1.9666e-217,1.9666e-217
5.8999e-218,5.8999e-218,5.8999e-218,5.8999e-218,5.8999e-218
1.77e-218,1.77e-218,1.77e-218,1.77e-218,1.77e-218
5.3099e-219,5.3099e-219,5.3099e-219,5.3099e-219,5.3099e-219
1.593e-219,1.593e-219,1.593e-219,1.593e-219,1.593e-219
4.779e-220,4.779e-220,4.779e-220,4.779e-220,4.779e-220
1.4337e-220,1.4337e-220,1.4337e-220,1.4337e-220,1.4337e-220
4.3011e-221,4.3011e-221,4.3011e-221,4.3011e-221,4.3011e-221
1.2903e-221,1.2903e-221,1.2903e-221,1.2903e-221,1.2903e-221
3.8709e-222,3.8709e-222,3.8709e-222,3.8709e-222,3.8709e-222
1.1613e-222,1.1613e-222,1.1613e-222,1.1613e-222,1.1613e-222
3.4839e-223,3.4839e-223,3.4839e-223,3.4839e-223,3.4839e-223
1.0452e-223,1.0452e-223,1.0452e-223,1.0452e-223,1.0452e-223
3.1355e-224,3.1355e-224,3.1355e-224,3.1355e-224,3.1355e-224
9.4064e-225,9.4064e-225,9.4064e-225,9.4064e-225,9.4064e-225
2.8219e-225,2.8219e-225,2.8219e-225,2.8219e-225,2.8219e-225
8.4658e-226,8.4658e-226,8.4658e-226,8.4658e-226,8.4658e-226
2.5397e-226,2.5397e-226,2.5397e-226,2.5397e-226,2.5397e-226
7.6192e-227,7.6192e-227,7.6192e-227,7.6192e-227,7.6192e-227
2.2858e-227,2.2858e-227,2.2858e-227,2.2858e-227,2.2858e-227
6.8573e-228,6.8573e-228,6.8573e-228,6.8573e-228,6.8573e-228
2.0572e-228,2.0572e-228,2.0572e-228,2.0572e-228,2.0572e-228
6.1715e-229,6.1715e-229,6.1715e-229,6.1715e-229,6.1715e-229
1.8515e-229,1.8515e-229,1.8515e-229,1.8515e-229,1.8515e-229
5.5544e-230,5.5544e-230,5.5544e-230,5.5544e-230,5.5544e-230
1.6663e-230,1.6663e-230,1.6663e-230,1.6663e-230,1.6663e-230
4.999e-231,4.999e-231,4.999e-231,4.999e-231,4.999e-231
1.4997e-231,1.4997e-231,1.4997e-231,1.4997e-231,1.4997e-231
4.4991e-232,4.4991e-232,4.4991e-232,4.4991e-232,4.4991e-232
1.3497e-232,1.3497e-232,1.3497e-232,1.3497e-232,1.3497e-232
4.0492e-233,4.0492e-233,4.0492e-233,4.0492e-233,4.0492e-233
1.2147e-233,1.2147e-233,1.2147e-233,1.2147e-233,1.2147e-233
3.6442e-234,3.6442e-234,3.6442e-234,3.6442e-234,3.6442e-234
1.0933e-234,1.0933e-234,1.0933e-234,1.0933e-234,1.0933e-234
3.2798e-235,3.2798e-235,3.2798e-235,3.2798e-235,3.2798e-235
9.8394e-236,9.8394e-236,9.8394e-236,9.8394e-236,9.8394e-236
2.9518e-236,2.9518e-236,2.9518e-236,2.9518e-236,2.9518e-236
8.8555e-237,8.8555e-237,8.8555e-237,8.8555e-237,8.8555e-237
2.6566e-237,2.6566e-237,2.6566e-237,2.6566e-237,2.6566e-237
7.9699e-238,7.9699e-238,7.9699e-238,7.9699e-238,7.9699e-238
2.391e-238,2.391e-238,2.391e-238,2.391e-238,2.391e-238
7.1729e-239,7.1729e-239,7.1729e-239,7.1729e-239,7.1729e-239
2.1519e-239,2.1519e-239,2.1519e-239,2.1519e-239,2.1519e-239
6.4557e-240,6.4557e-240,6.4557e-240,6.4557e-240,6.4557e-240
1.9367e-240,1.9367e-240,1.9367e-240,1.9367e-240,1.9367e-240
5.8101e-241,5.8101e-241,5.8101e-241,5.8101e-241,5.8101e-241
1.743e-241,1.743e-241,1.743e-241,1.743e-241,1.743e-241
5.2291e-242,5.2291e-242,5.2291e-242,5.2291e-242,5.2291e-242
1.5687e-242,1.5687e-242,1.5687e-242,1.5687e-242,1.5687e-242
4.7062e-243,4.7062e-243,4.7062e-243,4.7062e-243,4.7062e-243
1.4119e-243,1.4119e-243,1.4119e-243,1.4119e-243,1.4119e-243
4.2356e-244,4.2356e-244,4.2356e-244,4.2356e-244,4.2356e-244
1.2707e-244,1.2707e-244,1.2707e-244,1.2707e-244,1.2707e-244
3.812e-245,3.812e-245,3.812e-245,3.812e-245,3.812e-245
1.1436e-245,1.1436e-245,1.1436e-245,1.1436e-245,1.1436e-245
3.4308e-246,3.4308e-246,3.4308e-246,3.4308e-246,3.4308e-246
1.0292e-246,1.0292e-246,1.0292e-246,1.0292e-246,1.0292e-246
3.0877e-247,3.0877e-247,3.0877e-247,3.0877e-247,3.0877e-247
9.2632e-248,9.2632e-248,9.2632e-248,9.2632e-248,9.2632e-248
2.7789e-248,2.7789e-248,2.7789e-248,2.7789e-248,2.7789e-248
8.3368e-249,8.3368e-249,8.3368e-249,8.3368e-249,8.3368e-249
2.5011e-249,2.5011e-249,2.5011e-249,2.5011e-249,2.5011e-249
7.5032e-250,7.5032e-250,7.5032e-250,7.5032e-250,7.5032e-250
2.2509e-250,2.2509e-250,2.2509e-250,2.2509e-250,2.2509e-250
6.7528e-251,6.7528e-251,6.7528e-251,6.7528e-251,6.7528e-251
2.0259e-251,2.0259e-251,2.0259e-251,2.0259e-251,2.0259e-251
6.0776e-252,6.0776e-252,6.0776e-252,6.0776e-252,6.0776e-252
1.8233e-252,1.8233e-252,1.8233e-252,1.8233e-252,1.8233e-252
5.4698e-253,5.4698e-253,5.4698e-253,5.4698e-253,5.4698e-253
1.6409e-253,1.6409e-253,1.6409e-253,1.6409e-253,1.6409e-253
4.9228e-254,4.9228e-254,4.9228e-254,4.9228e-254,4.9228e-254
1.4768e-254,1.4768e-254,1.4768e-254,1.4768e-254,1.4768e-254
4.4305e-255,4.4305e-255,4.4305e-255,4.4305e-255,4.4305e-255
1.3292e-255,1.3292e-255,1.3292e-255,1.3292e-255,1.3292e-255
3.9875e-256,3.9875e-256,3.9875e-256,3.9875e-256,3.9875e-256
1.1962e-256,1.1962e-256,1.1962e-256,1.1962e-256,1.1962e-256
3.5887e-257,3.5887e-257,3.5887e-257,3.5887e-257,3.5887e-257
1.0766e-257,1.0766e-257,1.0766e-257,1.0766e-257,1.0766e-257
3.2299e-258,3.2299e-258,3.2299e-258,3.2299e-258,3.2299e-258
9.6896e-259,9.6896e-259,9.6896e-259,9.6896e-259,9.6896e-259
2.9069e-259,2.9069e-259,2.9069e-259,2.9069e-259,2.9069e-259
8.7206e-260,8.7206e-260,8.7206e-260,8.7206e-260,8.7206e-260
2.6162e-260,2.6162e-260,2.6162e-260,2.6162e-260,2.6162e-260
7.8486e-261,7.8486e-261,7.8486e-261,7.8486e-261,7.8486e-261
2.3546e-261,2.3546e-261,2.3546e-261,2.3546e-261,2.3546e-261
7.0637e-262,7.0637e-262,7.0637e-262,7.0637e-262,7.0637e-262
2.1191e-262,2.1191e-262,2.1191e-262,2.1191e-262,2.1191e-262
6.3573e-263,6.3573e-263,6.3573e-263,6.3573e-263,6.3573e-263
1.9072e-263,1.9072e-263,1.9072e-263,1.9072e-263,1.9072e-263
5.7216e-264,5.7216e-264,5.7216e-264,5.7216e-264,5.7216e-264
1.7165e-264,1.7165e-264,1.7165e-264,1.7165e-264,1.7165e-264
5.1494e-265,5.1494e-265,5.1494e-265,5.1494e-265,5.1494e-265
1.5448e-265,1.5448e-265,1.5448e-265,1.5448e-265,1.5448e-265
4.6345e-266,4.6345e-266,4.6345e-266,4.6345e-266,4.6345e-266
1.3904e-266,1.3904e-266,1.3904e-266,1.3904e-266,1.3904e-266
4.1711e-267,4.1711e-267,4.1711e-267,4.1711e-267,4.1711e-267
1.2513e-267,1.2513e-267,1.2513e-267,1.2513e-267,1.2513e-267
3.7539e-268,3.7539e-268,3.7539e-268,3.7539e-268,3.7539e-268
1.1262e-268,1.1262e-268,1.1262e-268,1.1262e-268,1.1262e-268
3.3786e-269,3.3786e-269,3.3786e-269,3.3786e-269,3.3786e-269
1.0136e-269,1.0136e-269,1.0136e-269,1.0136e-269,1.0136e-269
3.0407e-270,3.0407e-270,3.0407e-270,3.0407e-270,3.0407e-270
9.1221e-271,9.1221e-271,9.1221e-271,9.1221e-271,9.1221e-271
2.7366e-271,2.7366e-271,2.7366e-271,2.7366e-271,2.7366e-271
8.2099e-272,8.2099e-272,8.2099e-272,8.2099e-272,8.2099e-272
2.463e-272,2.463e-272,2.463e-272,2.463e-272,2.463e-272
7.3889e-273,7.3889e-273,7.3889e-273,7.3889e-273,7.3889e-273
2.2167e-273,2.2167e-273,2.2167e-273,2.2167e-273,2.2167e-273
6.65e-274,6.65e-274,6.65e-274,6.65e-274,6.65e-274
1.995e-274,1.995e-274,1.995e-274,1.995e-274,1.995e-274
5.985e-275,5.985e-275,5.985e-275,5.985e-275,5.985e-275
1.7955e-275,1.7955e-275,1.7955e-275,1.7955e-275,1.7955e-275
5.3865e-276,5.3865e-276,5.3865e-276,5.3865e-276,5.3865e-276
1.616e-276,1.616e-276,1.616e-276,1.616e-276,1.616e-276
4.8479e-277,4.8479e-277,4.8479e-277,4.8479e-277,4.8479e-277
1.4544e-277,1.4544e-277,1.4544e-277,1.4544e-277,1.4544e-277
4.3631e-278,4.3631e-278,4.3631e-278,4.3631e-278,4.3631e-278
1.3089e-278,1.3089e-278,1.3089e-278,1.3089e-278,1.3089e-278
3.9268e-279,3.9268e-279,3.9268e-279,3.9268e-279,3.9268e-279
1.178e-279,1.178e-279,1.178e-279,1.178e-279,1.178e-279
3.5341e-280,3.5341e-280,3.5341e-280,3.5341e-280,3.5341e-280
1.0602e-280,1.0602e-280,1.0602e-280,1.0602e-280,1.0602e-280
3.1807e-281,3.1807e-281,3.1807e-281,3.1807e-281,3.1807e-281
9.542e-282,9.542e-282,9.542e-282,9.542e-282,9.542e-282
2.8626e-282,2.8626e-282,2.8626e-282,2.8626e-282,2.8626e-282
8.5878e-283,8.5878e-283,8.5878e-283,8.5878e-283,8.5878e-283
2.5763e-283,2.5763e-283,2.5763e-283,2.5763e-283,2.5763e-283
7.729e-284,7.729e-284,7.729e-284,7.729e-284,7.729e-284
2.3187e-284,2.3187e-284,2.3187e-284,2.3187e-284,2.3187e-284
6.9561e-285,6.9561e-285,6.9561e-285,6.9561e-285,6.9561e-285
2.0868e-285,2.0868e-285,2.0868e-285,2.0868e-285,2.0868e-285
6.2605e-286,6.2605e-286,6.2605e-286,6.2605e-286,6.2605e-286
1.8782e-286,1.8782e-286,1.8782e-286,1.8782e-286,1.8782e-286
5.6345e-287,5.6345e-287,5.6345e-287,5.6345e-287,5.6345e-287
1.6903e-287,1.6903e-287,1.6903e-287,1.6903e-287,1.6903e-287
5.071e-288,5.071e-288,5.071e-288,5.071e-288,5.071e-288
1.5213e-288,1.5213e-288,1.5213e-288,1.5213e-288,1.5213e-288
4.5639e-289,4.5639e-289,4.5639e-289,4.5639e-289,4.5639e-289
1.3692e-289,1.3692e-289,1.3692e-289,1.3692e-289,1.3692e-289
4.1075e-290,4.1075e-290,4.1075e-290,4.1075e-290,4.1075e-290
1.2323e-290,1.2323e-290,1.2323e-290,1.2323e-290,1.2323e-290
3.6968e-291,3.6968e-291,3.6968e-291,3.6968e-291,3.6968e-291
1.109e-291,1.109e-291,1.109e-291,1.109e-291,1.109e-291
3.3271e-292,3.3271e-292,3.3271e-292,3.3271e-292,3.3271e-292
9.9813e-293,9.9813e-293,9.9813e-293,9.9813e-293,9.9813e-293
2.9944e-293,2.9944e-293,2.9944e-293,2.9944e-293,2.9944e-293
8.9832e-294,8.9832e-294,8.9832e-294,8.9832e-294,8.9832e-294
2.6949e-294,2.6949e-294,2.6949e-294,2.6949e-294,2.6949e-294
8.0848e-295,8.0848e-295,8.0848e-295,8.0848e-295,8.0848e-295
2.4255e-295,2.4255e-295,2.4255e-295,2.4255e-295,2.4255e-295
7.2764e-296,7.2764e-296,7.2764e-296,7.2764e-296,7.2764e-296
2.1829e-296,2.1829e-296,2.1829e-296,2.1829e-296,2.1829e-296
6.5487e-297,6.5487e-297,6.5487e-297,6.5487e-297,6.5487e-297
1.9646e-297,1.9646e-297,1.9646e-297,1.9646e-297,1.9646e-297
5.8939e-298,5.8939e-298,5.8939e-298,5.8939e-298,5.8939e-298
1.7682e-298,1.7682e-298,1.7682e-298,1.7682e-298,1.7682e-298
5.3045e-299,5.3045e-299,5.3045e-299,5.3045e-299,5.3045e-299
1.5913e-299,1.5913e-299,1.5913e-299,1.5913e-299,1.5913e-299
4.774e-300,4.774e-300,4.774e-300,4.774e-300,4.774e-300
1.4322e-300,1.4322e-300,1.4322e-300,1.4322e-300,1.4322e-300
4.2966e-301,4.2966e-301,4.2966e-301,4.2966e-301,4.2966e-301
1.289e-301,1.289e-301,1.289e-301,1.289e-301,1.289e-301
3.867e-302,3.867e-302,3.867e-302,3.867e-302,3.867e-302
1.1601e-302,1.1601e-302,1.1601e-302,1.1601e-302,1.1601e-302
3.4803e-303,3.4803e-303,3.4803e-303,3.4803e-303,3.4803e-303
1.0441e-303,1.0441e-303,1.0441e-303,1.0441e-303,1.0441e-303
3.1322e-304,3.1322e-304,3.1322e-304,3.1322e-304,3.1322e-304
9.3967e-305,9.3967e-305,9.3967e-305,9.3967e-305,9.3967e-305
2.819e-305,2.819e-305,2.819e-305,2.819e-305,2.819e-305
8.457e-306,8.457e-306,8.457e-306,8.457e-306,8.457e-306
2.5371e-306,2.5371e-306,2.5371e-306,2.5371e-306,2.5371e-306
7.6113e-307,7.6113e-307,7.6113e-307,7.6113e-307,7.6113e-307
2.2834e-307,2.2834e-307,2.2834e-307,2.2834e-307,2.2834e-307
6.8502e-308,6.8502e-308,6.8502e-308,6.8502e-308,6.8502e-308
2.0551e-308,2.0551e-308,2.0551e-308,2.0551e-308,2.0551e-308
6.1652e-309,6.1652e-309,6.1652e-309,6.1652e-309,6.1652e-309
1.8496e-309,1.8496e-309,1.8496e-309,1.8496e-309,1.8496e-309
5.5487e-310,5.5487e-310,5.5487e-310,5.5487e-310,5.5487e-310
1.6646e-310,1.6646e-310,1.6646e-310,1.6646e-310,1.6646e-310
4.9938e-311,4.9938e-311,4.9938e-311,4.9938e-311,4.9938e-311
1.4981e-311,1.4981e-311,1.4981e-311,1.4981e-311,1.4981e-311
4.4944e-312,4.4944e-312,4.4944e-312,4.4944e-312,4.4944e-312
1.3483e-312,1.3483e-312,1.3483e-312,1.3483e-312,1.3483e-312
4.045e-313,4.045e-313,4.045e-313,4.045e-313,4.045e-313
1.2135e-313,1.2135e-313,1.2135e-313,1.2135e-313,1.2135e-313
3.6405e-314,3.6405e-314,3.6405e-314,3.6405e-314,3.6405e-314
1.0921e-314,1.0921e-314,1.0921e-314,1.0921e-314,1.0921e-314
3.2764e-315,3.2764e-315,3.2764e-315,3.2764e-315,3.2764e-315
9.8293e-316,9.8293e-316,9.8293e-316,9.8293e-316,9.8293e-316
2.9488e-316,2.9488e-316,2.9488e-316,2.9488e-316,2.9488e-316
8.8464e-317,8.8464e-317,8.8464e-317,8.8464e-317,8.8464e-317
2.6539e-317,2.6539e-317,2.6539e-317,2.6539e-317,2.6539e-317
7.9617e-318,7.9617e-318,7.9617e-318,7.9617e-318,7.9617e-318
2.3885e-318,2.3885e-318,2.3885e-318,2.3885e-318,2.3885e-318
7.1655e-319,7.1655e-319,7.1655e-319,7.1655e-319,7.1655e-319
2.1496e-319,2.1496e-319,2.1496e-319,2.1496e-319,2.1496e-319
6.4485e-320,6.4485e-320,6.4485e-320,6.4485e-320,6.4485e-320
1.9343e-320,1.9343e-320,1.9343e-320,1.9343e-320,1.9343e-320
5.8003e-321,5.8003e-321,5.8003e-321,5.8003e-321,5.8003e-321
1.7391e-321,1.7391e-321,1.7391e-321,1.7391e-321,1.7391e-321
5.2371e-322,5.2371e-322,5.2371e-322,5.2371e-322,5.2371e-322
1.581e-322,1.581e-322,1.581e-322,1.581e-322,1.581e-322
4.4466e-323,4.4466e-323,4.4466e-323,4.4466e-323,4.4466e-323
1.4822e-323,1.4822e-323,1.4822e-323,1.4822e-323,1.4822e-323
0,0,0,0,0
0,0,0,0,0
0,0,0,0,0
0,0,0,0,0
0,0,0,0,0
0,0,0,0,0
0,0,0,0,0
0,0,0,0,0
0,0,0,0,0
0,0,0,0,0
0,0,0,0,0
0,0,0,0,0
0,0,0,0,0
0,0,0,0,0
0,0,0,0,0
0,0,0,0,0
0,0,0,0,0
0,0,0,0,0
0,0,0,0,0
0,0,0,0,0
0,0,0,0,0
0,0,0,0,0
0,0,0,0,0
0,0,0,0,0
0,0,0,0,0
0,0,0,0,0
0,0,0,0,0
0,0,0,0,0
0,0,0,0,0
0,0,0,0,0
0,0,0,0,0
0,0,0,0,0
0,0,0,0,0
0,0,0,0,0
0,0,0,0,0
0,0,0,0,0
0,0,0,0,0
0,0,0,0,0
0,0,0,0,0
0,0,0,0,0
0,0,0,0,0
0,0,0,0,0
0,0,0,0,0
0,0,0,0,0
0,0,0,0,0
0,0,0,0,0
0,0,0,0,0
0,0,0,0,0
0,0,0,0,0
0,0,0,0,0
0,0,0,0,0
0,0,0,0,0
0,0,0,0,0
0,0,0,0,0
0,0,0,0,0
0,0,0,0,0
0,0,0,0,0
0,0,0,0,0
0,0,0,0,0
0,0,0,0,0
0,0,0,0,0
0,0,0,0,0
0,0,0,0,0
0,0,0,0,0
0,0,0,0,0
0,0,0,0,0
0,0,0,0,0
0,0,0,0,0
0,0,0,0,0
0,0,0,0,0
0,0,0,0,0
0,0,0,0,0
0,0,0,0,0
0,0,0,0,0
0,0,0,0,0
0,0,0,0,0
0,0,0,0,0
0,0,0,0,0
0,0,0,0,0
0,0,0,0,0
0,0,0,0,0
0,0,0,0,0
0,0,0,0,0
0,0,0,0,0
0,0,0,0,0
0,0,0,0,0
0,0,0,0,0
0,0,0,0,0
0,0,0,0,0
0,0,0,0,0
0,0,0,0,0
0,0,0,0,0
0,0,0,0,0
0,0,0,0,0
0,0,0,0,0
0,0,0,0,0
0,0,0,0,0
0,0,0,0,0
0,0,0,0,0
0,0,0,0,0
0,0,0,0,0
0,0,0,0,0
0,0,0,0,0
0,0,0,0,0
0,0,0,0,0
0,0,0,0,0
0,0,0,0,0
0,0,0,0,0
0,0,0,0,0
0,0,0,0,0
0,0,0,0,0
0,0,0,0,0
0,0,0,0,0
0,0,0,0,0
0,0,0,0,0
0,0,0,0,0
0,0,0,0,0
0,0,0,0,0
0,0,0,0,0
0,0,0,0,0
0,0,0,0,0
0,0,0,0,0
0,0,0,0,0
0,0,0,0,0
0,0,0,0,0
0,0,0,0,0
0,0,0,0,0
0,0,0,0,0
0,0,0,0,0
0,0,0,0,0
0,0,0,0,0
0,0,0,0,0
0,0,0,0,0
0,0,0,0,0
0,0,0,0,0
0,0,0,0,0
0,0,0,0,0
0,0,0,0,0
0,0,0,0,0
0,0,0,0,0
0,0,0,0,0
0,0,0,0,0
0,0,0,0,0
0,0,0,0,0
0,0,0,0,0
0,0,0,0,0
0,0,0,0,0
0,0,0,0,0
0,0,0,0,0
0,0,0,0,0
0,0,0,0,0
0,0,0,0,0
0,0,0,0,0
0,0,0,0,0
0,0,0,0,0
0,0,0,0,0
0,0,0,0,0
0,0,0,0,0
0,0,0,0,0
0,0,0,0,0
0,0,0,0,0
0,0,0,0,0
0,0,0,0,0
0,0,0,0,0
0,0,0,0,0
0,0,0,0,0
0,0,0,0,0
0,0,0,0,0
0,0,0,0,0
0,0,0,0,0
0,0,0,0,0
0,0,0,0,0
0,0,0,0,0
0,0,0,0,0
0,0,0,0,0
0,0,0,0,0
0,0,0,0,0
0,0,0,0,0
0,0,0,0,0
0,0,0,0,0
0,0,0,0,0
0,0,0,0,0
0,0,0,0,0
0,0,0,0,0
0,0,0,0,0
0,0,0,0,0
0,0,0,0,0
0,0,0,0,0
0,0,0,0,0
0,0,0,0,0
0,0,0,0,0
0,0,0,0,0
0,0,0,0,0
0,0,0,0,0
0,0,0,0,0
0,0,0,0,0
0,0,0,0,0
0,0,0,0,0
0,0,0,0,0
0,0,0,0,0
0,0,0,0,0
0,0,0,0,0
0,0,0,0,0
0,0,0,0,0
0,0,0,0,0
0,0,0,0,0
0,0,0,0,0
0,0,0,0,0
0,0,0,0,0
0,0,0,0,0
0,0,0,0,0
0,0,0,0,0
0,0,0,0,0
0,0,0,0,0
0,0,0,0,0
0,0,0,0,0
0,0,0,0,0
0,0,0,0,0
0,0,0,0,0
0,0,0,0,0
0,0,0,0,0
0,0,0,0,0
0,0,0,0,0
0,0,0,0,0
0,0,0,0,0
0,0,0,0,0
0,0,0,0,0
0,0,0,0,0
0,0,0,0,0
0,0,0,0,0
0,0,0,0,0
0,0,0,0,0
0,0,0,0,0
0,0,0,0,0
0,0,0,0,0
0,0,0,0,0
0,0,0,0,0
0,0,0,0,0
0,0,0,0,0
0,0,0,0,0
0,0,0,0,0
0,0,0,0,0
0,0,0,0,0
0,0,0,0,0
0,0,0,0,0
0,0,0,0,0
0,0,0,0,0
0,0,0,0,0
0,0,0,0,0
0,0,0,0,0
0,0,0,0,0
0,0,0,0,0
0,0,0,0,0
0,0,0,0,0
0,0,0,0,0
0,0,0,0,0
0,0,0,0,0
0,0,0,0,0
0,0,0,0,0
0,0,0,0,0
0,0,0,0,0
0,0,0,0,0
0,0,0,0,0
0,0,0,0,0
0,0,0,0,0
0,0,0,0,0
0,0,0,0,0
0,0,0,0,0
0,0,0,0,0
0,0,0,0,0
0,0,0,0,0
0,0,0,0,0
0,0,0,0,0
0,0,0,0,0
0,0,0,0,0
0,0,0,0,0
0,0,0,0,0
0,0,0,0,0
0,0,0,0,0
0,0,0,0,0
0,0,0,0,0
0,0,0,0,0
0,0,0,0,0
0,0,0,0,0
0,0,0,0,0
0,0,0,0,0
0,0,0,0,0
0,0,0,0,0
0,0,0,0,0
0,0,0,0,0
0,0,0,0,0
0,0,0,0,0
0,0,0,0,0
0,0,0,0,0
0,0,0,0,0
0,0,0,0,0
0,0,0,0,0
0,0,0,0,0
0,0,0,0,0
0,0,0,0,0
0,0,0,0,0
0,0,0,0,0
0,0,0,0,0
0,0,0,0,0
0,0,0,0,0
0,0,0,0,0
0,0,0,0,0
0,0,0,0,0
0,0,0,0,0
0,0,0,0,0
0,0,0,0,0
0,0,0,0,0
0,0,0,0,0
0,0,0,0,0
0,0,0,0,0
0,0,0,0,0
0,0,0,0,0
0,0,0,0,0
0,0,0,0,0
0,0,0,0,0
0,0,0,0,0
0,0,0,0,0
0,0,0,0,0
0,0,0,0,0
0,0,0,0,0
0,0,0,0,0
0,0,0,0,0
0,0,0,0,0
0,0,0,0,0
0,0,0,0,0
0,0,0,0,0
0,0,0,0,0
0,0,0,0,0
0,0,0,0,0
0,0,0,0,0
0,0,0,0,0
0,0,0,0,0
0,0,0,0,0
0,0,0,0,0
0,0,0,0,0
0,0,0,0,0
0,0,0,0,0
0,0,0,0,0
0,0,0,0,0
0,0,0,0,0
0,0,0,0,0
0,0,0,0,0
0,0,0,0,0
0,0,0,0,0
0,0,0,0,0
0,0,0,0,0
0,0,0,0,0
0,0,0,0,0
0,0,0,0,0
0,0,0,0,0
0,0,0,0,0
0,0,0,0,0
0,0,0,0,0
0,0,0,0,0
0,0,0,0,0
0,0,0,0,0
0,0,0,0,0
0,0,0,0,0
0,0,0,0,0
0,0,0,0,0
0,0,0,0,0
0,0,0,0,0
0,0,0,0,0
0,0,0,0,0
0,0,0,0,0
0,0,0,0,0
0,0,0,0,0
0,0,0,0,0
0,0,0,0,0
0,0,0,0,0
0,0,0,0,0
0,0,0,0,0
0,0,0,0,0
0,0,0,0,0
0,0,0,0,0
0,0,0,0,0
0,0,0,0,0
0,0,0,0,0
