0.1,0.2,0.3,0.5,0.6
0.534,0.456,0.618,0.69,0.552
0.74374,0.73074,0.696,0.70839,0.70367
0.60069,0.60066,0.61095,0.62807,0.60171
0.71934,0.71698,0.71077,0.71297,0.71195
0.61073,0.61071,0.61242,0.61557,0.61088
0.71318,0.71277,0.71168,0.71207,0.71188
0.61454,0.61453,0.61482,0.61537,0.61456
0.71064,0.71057,0.71038,0.71044,0.71041
0.61705,0.61705,0.6171,0.61719,0.61705
0.7089,0.70889,0.70885,0.70886,0.70886
0.61911,0.61911,0.61912,0.61914,0.61911
0.70744,0.70744,0.70743,0.70743,0.70743
0.62091,0.62091,0.62091,0.62092,0.62091
0.70614,0.70614,0.70614,0.70614,0.70614
0.62252,0.62252,0.62252,0.62252,0.62252
0.70497,0.70497,0.70497,0.70497,0.70497
0.62397,0.62397,0.62397,0.62397,0.62397
0.7039,0.7039,0.7039,0.7039,0.7039
0.62528,0.62528,0.62528,0.62528,0.62528
0.70292,0.70292,0.70292,0.70292,0.70292
0.62647,0.62647,0.62647,0.62647,0.62647
0.70201,0.70201,0.70201,0.70201,0.70201
0.62757,0.62757,0.62757,0.62757,0.62757
0.70118,0.70118,0.70118,0.70118,0.70118
0.62858,0.62858,0.62858,0.62858,0.62858
0.7004,0.7004,0.7004,0.7004,0.7004
0.62952,0.62952,0.62952,0.62952,0.62952
0.69967,0.69967,0.69967,0.69967,0.69967
0.63039,0.63039,0.63039,0.63039,0.63039
0.69899,0.69899,0.69899,0.69899,0.69899
0.63121,0.63121,0.63121,0.63121,0.63121
0.69836,0.69836,0.69836,0.69836,0.69836
0.63197,0.63197,0.63197,0.63197,0.63197
0.69776,0.69776,0.69776,0.69776,0.69776
0.63268,0.63268,0.63268,0.63268,0.63268
0.69719,0.69719,0.69719,0.69719,0.69719
0.63335,0.63335,0.63335,0.63335,0.63335
0.69665,0.69665,0.69665,0.69665,0.69665
0.63398,0.63398,0.63398,0.63398,0.63398
0.69615,0.69615,0.69615,0.69615,0.69615
0.63458,0.63458,0.63458,0.63458,0.63458
0.69567,0.69567,0.69567,0.69567,0.69567
0.63515,0.63515,0.63515,0.63515,0.63515
0.69521,0.69521,0.69521,0.69521,0.69521
0.63568,0.63568,0.63568,0.63568,0.63568
0.69477,0.69477,0.69477,0.69477,0.69477
0.63619,0.63619,0.63619,0.63619,0.63619
0.69435,0.69435,0.69435,0.69435,0.69435
0.63668,0.63668,0.63668,0.63668,0.63668
0.69396,0.69396,0.69396,0.69396,0.69396
0.63714,0.63714,0.63714,0.63714,0.63714
0.69358,0.69358,0.69358,0.69358,0.69358
0.63759,0.63759,0.63759,0.63759,0.63759
0.69321,0.69321,0.69321,0.69321,0.69321
0.63801,0.63801,0.63801,0.63801,0.63801
0.69286,0.69286,0.69286,0.69286,0.69286
0.63841,0.63841,0.63841,0.63841,0.63841
0.69252,0.69252,0.69252,0.69252,0.69252
0.6388,0.6388,0.6388,0.6388,0.6388
0.6922,0.6922,0.6922,0.6922,0.6922
0.63918,0.63918,0.63918,0.63918,0.63918
0.69189,0.69189,0.69189,0.69189,0.69189
0.63953,0.63953,0.63953,0.63953,0.63953
0.69159,0.69159,0.69159,0.69159,0.69159
0.63988,0.63988,0.63988,0.63988,0.63988
0.6913,0.6913,0.6913,0.6913,0.6913
0.64021,0.64021,0.64021,0.64021,0.64021
0.69102,0.69102,0.69102,0.69102,0.69102
0.64053,0.64053,0.64053,0.64053,0.64053
0.69075,0.69075,0.69075,0.69075,0.69075
0.64084,0.64084,0.64084,0.64084,0.64084
0.69049,0.69049,0.69049,0.69049,0.69049
0.64114,0.64114,0.64114,0.64114,0.64114
0.69024,0.69024,0.69024,0.69024,0.69024
0.64143,0.64143,0.64143,0.64143,0.64143
0.69,0.69,0.69,0.69,0.69
0.6417,0.6417,0.6417,0.6417,0.6417
0.68976,0.68976,0.68976,0.68976,0.68976
0.64197,0.64197,0.64197,0.64197,0.64197
0.68953,0.68953,0.68953,0.68953,0.68953
0.64224,0.64224,0.64224,0.64224,0.64224
0.68931,0.68931,0.68931,0.68931,0.68931
0.64249,0.64249,0.64249,0.64249,0.64249
0.68909,0.68909,0.68909,0.68909,0.68909
0.64273,0.64273,0.64273,0.64273,0.64273
0.68888,0.68888,0.68888,0.68888,0.68888
0.64297,0.64297,0.64297,0.64297,0.64297
0.68868,0.68868,0.68868,0.68868,0.68868
0.6432,0.6432,0.6432,0.6432,0.6432
0.68848,0.68848,0.68848,0.68848,0.68848
0.64343,0.64343,0.64343,0.64343,0.64343
0.68829,0.68829,0.68829,0.68829,0.68829
0.64364,0.64364,0.64364,0.64364,0.64364
0.6881,0.6881,0.6881,0.6881,0.6881
0.64386,0.64386,0.64386,0.64386,0.64386
0.68792,0.68792,0.68792,0.68792,0.68792
0.64406,0.64406,0.64406,0.64406,0.64406
0.68774,0.68774,0.68774,0.68774,0.68774
0.64426,0.64426,0.64426,0.64426,0.64426
0.68756,0.68756,0.68756,0.68756,0.68756
0.64446,0.64446,0.64446,0.64446,0.64446
0.68739,0.68739,0.68739,0.68739,0.68739
0.64465,0.64465,0.64465,0.64465,0.64465
0.68723,0.68723,0.68723,0.68723,0.68723
0.64484,0.64484,0.64484,0.64484,0.64484
0.68707,0.68707,0.68707,0.68707,0.68707
0.64502,0.64502,0.64502,0.64502,0.64502
0.68691,0.68691,0.68691,0.68691,0.68691
0.64519,0.64519,0.64519,0.64519,0.64519
0.68676,0.68676,0.68676,0.68676,0.68676
0.64537,0.64537,0.64537,0.64537,0.64537
0.68661,0.68661,0.68661,0.68661,0.68661
0.64553,0.64553,0.64553,0.64553,0.64553
0.68646,0.68646,0.68646,0.68646,0.68646
0.6457,0.6457,0.6457,0.6457,0.6457
0.68632,0.68632,0.68632,0.68632,0.68632
0.64586,0.64586,0.64586,0.64586,0.64586
0.68617,0.68617,0.68617,0.68617,0.68617
0.64602,0.64602,0.64602,0.64602,0.64602
0.68604,0.68604,0.68604,0.68604,0.68604
0.64617,0.64617,0.64617,0.64617,0.64617
0.6859,0.6859,0.6859,0.6859,0.6859
0.64632,0.64632,0.64632,0.64632,0.64632
0.68577,0.68577,0.68577,0.68577,0.68577
0.64647,0.64647,0.64647,0.64647,0.64647
0.68564,0.68564,0.68564,0.68564,0.68564
0.64661,0.64661,0.64661,0.64661,0.64661
0.68552,0.68552,0.68552,0.68552,0.68552
0.64675,0.64675,0.64675,0.64675,0.64675
0.68539,0.68539,0.68539,0.68539,0.68539
0.64689,0.64689,0.64689,0.64689,0.64689
0.68527,0.68527,0.68527,0.68527,0.68527
0.64703,0.64703,0.64703,0.64703,0.64703
0.68515,0.68515,0.68515,0.68515,0.68515
0.64716,0.64716,0.64716,0.64716,0.64716
0.68503,0.68503,0.68503,0.68503,0.68503
0.64729,0.64729,0.64729,0.64729,0.64729
0.68492,0.68492,0.68492,0.68492,0.68492
0.64741,0.64741,0.64741,0.64741,0.64741
0.68481,0.68481,0.68481,0.68481,0.68481
0.64754,0.64754,0.64754,0.64754,0.64754
0.6847,0.6847,0.6847,0.6847,0.6847
0.64766,0.64766,0.64766,0.64766,0.64766
0.68459,0.68459,0.68459,0.68459,0.68459
0.64778,0.64778,0.64778,0.64778,0.64778
0.68448,0.68448,0.68448,0.68448,0.68448
0.6479,0.6479,0.6479,0.6479,0.6479
0.68438,0.68438,0.68438,0.68438,0.68438
0.64802,0.64802,0.64802,0.64802,0.64802
0.68427,0.68427,0.68427,0.68427,0.68427
0.64813,0.64813,0.64813,0.64813,0.64813
0.68417,0.68417,0.68417,0.68417,0.68417
0.64824,0.64824,0.64824,0.64824,0.64824
0.68407,0.68407,0.68407,0.68407,0.68407
0.64835,0.64835,0.64835,0.64835,0.64835
0.68398,0.68398,0.68398,0.68398,0.68398
0.64846,0.64846,0.64846,0.64846,0.64846
0.68388,0.68388,0.68388,0.68388,0.68388
0.64856,0.64856,0.64856,0.64856,0.64856
0.68379,0.68379,0.68379,0.68379,0.68379
0.64867,0.64867,0.64867,0.64867,0.64867
0.68369,0.68369,0.68369,0.68369,0.68369
0.64877,0.64877,0.64877,0.64877,0.64877
0.6836,0.6836,0.6836,0.6836,0.6836
0.64887,0.64887,0.64887,0.64887,0.64887
0.68351,0.68351,0.68351,0.68351,0.68351
0.64897,0.64897,0.64897,0.64897,0.64897
0.68343,0.68343,0.68343,0.68343,0.68343
0.64907,0.64907,0.64907,0.64907,0.64907
0.68334,0.68334,0.68334,0.68334,0.68334
0.64916,0.64916,0.64916,0.64916,0.64916
0.68325,0.68325,0.68325,0.68325,0.68325
0.64925,0.64925,0.64925,0.64925,0.64925
0.68317,0.68317,0.68317,0.68317,0.68317
0.64935,0.64935,0.64935,0.64935,0.64935
0.68309,0.68309,0.68309,0.68309,0.68309
0.64944,0.64944,0.64944,0.64944,0.64944
0.683,0.683,0.683,0.683,0.683
0.64953,0.64953,0.64953,0.64953,0.64953
0.68292,0.68292,0.68292,0.68292,0.68292
0.64962,0.64962,0.64962,0.64962,0.64962
0.68284,0.68284,0.68284,0.68284,0.68284
0.6497,0.6497,0.6497,0.6497,0.6497
0.68277,0.68277,0.68277,0.68277,0.68277
0.64979,0.64979,0.64979,0.64979,0.64979
0.68269,0.68269,0.68269,0.68269,0.68269
0.64987,0.64987,0.64987,0.64987,0.64987
0.68261,0.68261,0.68261,0.68261,0.68261
0.64996,0.64996,0.64996,0.64996,0.64996
0.68254,0.68254,0.68254,0.68254,0.68254
0.65004,0.65004,0.65004,0.65004,0.65004
0.68247,0.68247,0.68247,0.68247,0.68247
0.65012,0.65012,0.65012,0.65012,0.65012
0.68239,0.68239,0.68239,0.68239,0.68239
0.6502,0.6502,0.6502,0.6502,0.6502
0.68232,0.68232,0.68232,0.68232,0.68232
0.65028,0.65028,0.65028,0.65028,0.65028
0.68225,0.68225,0.68225,0.68225,0.68225
0.65035,0.65035,0.65035,0.65035,0.65035
0.68218,0.68218,0.68218,0.68218,0.68218
0.65043,0.65043,0.65043,0.65043,0.65043
0.68211,0.68211,0.68211,0.68211,0.68211
0.65051,0.65051,0.65051,0.65051,0.65051
0.68204,0.68204,0.68204,0.68204,0.68204
0.65058,0.65058,0.65058,0.65058,0.65058
0.68198,0.68198,0.68198,0.68198,0.68198
0.65065,0.65065,0.65065,0.65065,0.65065
0.68191,0.68191,0.68191,0.68191,0.68191
0.65073,0.65073,0.65073,0.65073,0.65073
0.68185,0.68185,0.68185,0.68185,0.68185
0.6508,0.6508,0.6508,0.6508,0.6508
0.68178,0.68178,0.68178,0.68178,0.68178
0.65087,0.65087,0.65087,0.65087,0.65087
0.68172,0.68172,0.68172,0.68172,0.68172
0.65094,0.65094,0.65094,0.65094,0.65094
0.68166,0.68166,0.68166,0.68166,0.68166
0.651,0.651,0.651,0.651,0.651
0.68159,0.68159,0.68159,0.68159,0.68159
0.65107,0.65107,0.65107,0.65107,0.65107
0.68153,0.68153,0.68153,0.68153,0.68153
0.65114,0.65114,0.65114,0.65114,0.65114
0.68147,0.68147,0.68147,0.68147,0.68147
0.6512,0.6512,0.6512,0.6512,0.6512
0.68141,0.68141,0.68141,0.68141,0.68141
0.65127,0.65127,0.65127,0.65127,0.65127
0.68135,0.68135,0.68135,0.68135,0.68135
0.65133,0.65133,0.65133,0.65133,0.65133
0.68129,0.68129,0.68129,0.68129,0.68129
0.6514,0.6514,0.6514,0.6514,0.6514
0.68124,0.68124,0.68124,0.68124,0.68124
0.65146,0.65146,0.65146,0.65146,0.65146
0.68118,0.68118,0.68118,0.68118,0.68118
0.65152,0.65152,0.65152,0.65152,0.65152
0.68112,0.68112,0.68112,0.68112,0.68112
0.65158,0.65158,0.65158,0.65158,0.65158
0.68107,0.68107,0.68107,0.68107,0.68107
0.65164,0.65164,0.65164,0.65164,0.65164
0.68101,0.68101,0.68101,0.68101,0.68101
0.6517,0.6517,0.6517,0.6517,0.6517
0.68096,0.68096,0.68096,0.68096,0.68096
0.65176,0.65176,0.65176,0.65176,0.65176
0.68091,0.68091,0.68091,0.68091,0.68091
0.65182,0.65182,0.65182,0.65182,0.65182
0.68085,0.68085,0.68085,0.68085,0.68085
0.65188,0.65188,0.65188,0.65188,0.65188
0.6808,0.6808,0.6808,0.6808,0.6808
0.65193,0.65193,0.65193,0.65193,0.65193
0.68075,0.68075,0.68075,0.68075,0.68075
0.65199,0.65199,0.65199,0.65199,0.65199
0.6807,0.6807,0.6807,0.6807,0.6807
0.65205,0.65205,0.65205,0.65205,0.65205
0.68065,0.68065,0.68065,0.68065,0.68065
0.6521,0.6521,0.6521,0.6521,0.6521
0.6806,0.6806,0.6806,0.6806,0.6806
0.65216,0.65216,0.65216,0.65216,0.65216
0.68055,0.68055,0.68055,0.68055,0.68055
0.65221,0.65221,0.65221,0.65221,0.65221
0.6805,0.6805,0.6805,0.6805,0.6805
0.65226,0.65226,0.65226,0.65226,0.65226
0.68045,0.68045,0.68045,0.68045,0.68045
0.65232,0.65232,0.65232,0.65232,0.65232
0.6804,0.6804,0.6804,0.6804,0.6804
0.65237,0.65237,0.65237,0.65237,0.65237
0.68035,0.68035,0.68035,0.68035,0.68035
0.65242,0.65242,0.65242,0.65242,0.65242
0.68031,0.68031,0.68031,0.68031,0.68031
0.65247,0.65247,0.65247,0.65247,0.65247
0.68026,0.68026,0.68026,0.68026,0.68026
0.65252,0.65252,0.65252,0.65252,0.65252
0.68021,0.68021,0.68021,0.68021,0.68021
0.65257,0.65257,0.65257,0.65257,0.65257
0.68017,0.68017,0.68017,0.68017,0.68017
0.65262,0.65262,0.65262,0.65262,0.65262
0.68012,0.68012,0.68012,0.68012,0.68012
0.65267,0.65267,0.65267,0.65267,0.65267
0.68008,0.68008,0.68008,0.68008,0.68008
0.65272,0.65272,0.65272,0.65272,0.65272
0.68003,0.68003,0.68003,0.68003,0.68003
0.65276,0.65276,0.65276,0.65276,0.65276
0.67999,0.67999,0.67999,0.67999,0.67999
0.65281,0.65281,0.65281,0.65281,0.65281
0.67995,0.67995,0.67995,0.67995,0.67995
0.65286,0.65286,0.65286,0.65286,0.65286
0.6799,0.6799,0.6799,0.6799,0.6799
0.65291,0.65291,0.65291,0.65291,0.65291
0.67986,0.67986,0.67986,0.67986,0.67986
0.65295,0.65295,0.65295,0.65295,0.65295
0.67982,0.67982,0.67982,0.67982,0.67982
0.653,0.653,0.653,0.653,0.653
0.67978,0.67978,0.67978,0.67978,0.67978
0.65304,0.65304,0.65304,0.65304,0.65304
0.67973,0.67973,0.67973,0.67973,0.67973
0.65309,0.65309,0.65309,0.65309,0.65309
0.67969,0.67969,0.67969,0.67969,0.67969
0.65313,0.65313,0.65313,0.65313,0.65313
0.67965,0.67965,0.67965,0.67965,0.67965
0.65317,0.65317,0.65317,0.65317,0.65317
0.67961,0.67961,0.67961,0.67961,0.67961
0.65322,0.65322,0.65322,0.65322,0.65322
0.67957,0.67957,0.67957,0.67957,0.67957
0.65326,0.65326,0.65326,0.65326,0.65326
0.67953,0.67953,0.67953,0.67953,0.67953
0.6533,0.6533,0.6533,0.6533,0.6533
0.67949,0.67949,0.67949,0.67949,0.67949
0.65334,0.65334,0.65334,0.65334,0.65334
0.67946,0.67946,0.67946,0.67946,0.67946
0.65339,0.65339,0.65339,0.65339,0.65339
0.67942,0.67942,0.67942,0.67942,0.67942
0.65343,0.65343,0.65343,0.65343,0.65343
0.67938,0.67938,0.67938,0.67938,0.67938
0.65347,0.65347,0.65347,0.65347,0.65347
0.67934,0.67934,0.67934,0.67934,0.67934
0.65351,0.65351,0.65351,0.65351,0.65351
0.6793,0.6793,0.6793,0.6793,0.6793
0.65355,0.65355,0.65355,0.65355,0.65355
0.67927,0.67927,0.67927,0.67927,0.67927
0.65359,0.65359,0.65359,0.65359,0.65359
0.67923,0.67923,0.67923,0.67923,0.67923
0.65363,0.65363,0.65363,0.65363,0.65363
0.67919,0.67919,0.67919,0.67919,0.67919
0.65367,0.65367,0.65367,0.65367,0.65367
0.67916,0.67916,0.67916,0.67916,0.67916
0.65371,0.65371,0.65371,0.65371,0.65371
0.67912,0.67912,0.67912,0.67912,0.67912
0.65375,0.65375,0.65375,0.65375,0.65375
0.67909,0.67909,0.67909,0.67909,0.67909
0.65378,0.65378,0.65378,0.65378,0.65378
0.67905,0.67905,0.67905,0.67905,0.67905
0.65382,0.65382,0.65382,0.65382,0.65382
0.67902,0.67902,0.67902,0.67902,0.67902
0.65386,0.65386,0.65386,0.65386,0.65386
0.67898,0.67898,0.67898,0.67898,0.67898
0.6539,0.6539,0.6539,0.6539,0.6539
0.67895,0.67895,0.67895,0.67895,0.67895
0.65393,0.65393,0.65393,0.65393,0.65393
0.67891,0.67891,0.67891,0.67891,0.67891
0.65397,0.65397,0.65397,0.65397,0.65397
0.67888,0.67888,0.67888,0.67888,0.67888
0.654,0.654,0.654,0.654,0.654
0.67885,0.67885,0.67885,0.67885,0.67885
0.65404,0.65404,0.65404,0.65404,0.65404
0.67881,0.67881,0.67881,0.67881,0.67881
0.65408,0.65408,0.65408,0.65408,0.65408
0.67878,0.67878,0.67878,0.67878,0.67878
0.65411,0.65411,0.65411,0.65411,0.65411
0.67875,0.67875,0.67875,0.67875,0.67875
0.65415,0.65415,0.65415,0.65415,0.65415
0.67872,0.67872,0.67872,0.67872,0.67872
0.65418,0.65418,0.65418,0.65418,0.65418
0.67868,0.67868,0.67868,0.67868,0.67868
0.65422,0.65422,0.65422,0.65422,0.65422
0.67865,0.67865,0.67865,0.67865,0.67865
0.65425,0.65425,0.65425,0.65425,0.65425
0.67862,0.67862,0.67862,0.67862,0.67862
0.65428,0.65428,0.65428,0.65428,0.65428
0.67859,0.67859,0.67859,0.67859,0.67859
0.65432,0.65432,0.65432,0.65432,0.65432
0.67856,0.67856,0.67856,0.67856,0.67856
0.65435,0.65435,0.65435,0.65435,0.65435
0.67853,0.67853,0.67853,0.67853,0.67853
0.65438,0.65438,0.65438,0.65438,0.65438
0.6785,0.6785,0.6785,0.6785,0.6785
0.65442,0.65442,0.65442,0.65442,0.65442
0.67847,0.67847,0.67847,0.67847,0.67847
0.65445,0.65445,0.65445,0.65445,0.65445
0.67844,0.67844,0.67844,0.67844,0.67844
0.65448,0.65448,0.65448,0.65448,0.65448
0.67841,0.67841,0.67841,0.67841,0.67841
0.65451,0.65451,0.65451,0.65451,0.65451
0.67838,0.67838,0.67838,0.67838,0.67838
0.65454,0.65454,0.65454,0.65454,0.65454
0.67835,0.67835,0.67835,0.67835,0.67835
0.65458,0.65458,0.65458,0.65458,0.65458
0.67832,0.67832,0.67832,0.67832,0.67832
0.65461,0.65461,0.65461,0.65461,0.65461
0.67829,0.67829,0.67829,0.67829,0.67829
0.65464,0.65464,0.65464,0.65464,0.65464
0.67826,0.67826,0.67826,0.67826,0.67826
0.65467,0.65467,0.65467,0.65467,0.65467
0.67823,0.67823,0.67823,0.67823,0.67823
0.6547,0.6547,0.6547,0.6547,0.6547
0.6782,0.6782,0.6782,0.6782,0.6782
0.65473,0.65473,0.65473,0.65473,0.65473
0.67818,0.67818,0.67818,0.67818,0.67818
0.65476,0.65476,0.65476,0.65476,0.65476
0.67815,0.67815,0.67815,0.67815,0.67815
0.65479,0.65479,0.65479,0.65479,0.65479
0.67812,0.67812,0.67812,0.67812,0.67812
0.65482,0.65482,0.65482,0.65482,0.65482
0.67809,0.67809,0.67809,0.67809,0.67809
0.65485,0.65485,0.65485,0.65485,0.65485
0.67807,0.67807,0.67807,0.67807,0.67807
0.65488,0.65488,0.65488,0.65488,0.65488
0.67804,0.67804,0.67804,0.67804,0.67804
0.65491,0.65491,0.65491,0.65491,0.65491
0.67801,0.67801,0.67801,0.67801,0.67801
0.65494,0.65494,0.65494,0.65494,0.65494
0.67798,0.67798,0.67798,0.67798,0.67798
0.65496,0.65496,0.65496,0.65496,0.65496
0.67796,0.67796,0.67796,0.67796,0.67796
0.65499,0.65499,0.65499,0.65499,0.65499
0.67793,0.67793,0.67793,0.67793,0.67793
0.65502,0.65502,0.65502,0.65502,0.65502
0.67791,0.67791,0.67791,0.67791,0.67791
0.65505,0.65505,0.65505,0.65505,0.65505
0.67788,0.67788,0.67788,0.67788,0.67788
0.65508,0.65508,0.65508,0.65508,0.65508
0.67785,0.67785,0.67785,0.67785,0.67785
0.6551,0.6551,0.6551,0.6551,0.6551
0.67783,0.67783,0.67783,0.67783,0.67783
0.65513,0.65513,0.65513,0.65513,0.65513
0.6778,0.6778,0.6778,0.6778,0.6778
0.65516,0.65516,0.65516,0.65516,0.65516
0.67778,0.67778,0.67778,0.67778,0.67778
0.65519,0.65519,0.65519,0.65519,0.65519
0.67775,0.67775,0.67775,0.67775,0.67775
0.65521,0.65521,0.65521,0.65521,0.65521
0.67773,0.67773,0.67773,0.67773,0.67773
0.65524,0.65524,0.65524,0.65524,0.65524
0.6777,0.6777,0.6777,0.6777,0.6777
0.65527,0.65527,0.65527,0.65527,0.65527
0.67768,0.67768,0.67768,0.67768,0.67768
0.65529,0.65529,0.65529,0.65529,0.65529
0.67765,0.67765,0.67765,0.67765,0.67765
0.65532,0.65532,0.65532,0.65532,0.65532
0.67763,0.67763,0.67763,0.67763,0.67763
0.65534,0.65534,0.65534,0.65534,0.65534
0.67761,0.67761,0.67761,0.67761,0.67761
0.65537,0.65537,0.65537,0.65537,0.65537
0.67758,0.67758,0.67758,0.67758,0.67758
0.65539,0.65539,0.65539,0.65539,0.65539
0.67756,0.67756,0.67756,0.67756,0.67756
0.65542,0.65542,0.65542,0.65542,0.65542
0.67753,0.67753,0.67753,0.67753,0.67753
0.65544,0.65544,0.65544,0.65544,0.65544
0.67751,0.67751,0.67751,0.67751,0.67751
0.65547,0.65547,0.65547,0.65547,0.65547
0.67749,0.67749,0.67749,0.67749,0.67749
0.65549,0.65549,0.65549,0.65549,0.65549
0.67746,0.67746,0.67746,0.67746,0.67746
0.65552,0.65552,0.65552,0.65552,0.65552
0.67744,0.67744,0.67744,0.67744,0.67744
0.65554,0.65554,0.65554,0.65554,0.65554
0.67742,0.67742,0.67742,0.67742,0.67742
0.65557,0.65557,0.65557,0.65557,0.65557
0.6774,0.6774,0.6774,0.6774,0.6774
0.65559,0.65559,0.65559,0.65559,0.65559
0.67737,0.67737,0.67737,0.67737,0.67737
0.65562,0.65562,0.65562,0.65562,0.65562
0.67735,0.67735,0.67735,0.67735,0.67735
0.65564,0.65564,0.65564,0.65564,0.65564
0.67733,0.67733,0.67733,0.67733,0.67733
0.65566,0.65566,0.65566,0.65566,0.65566
0.67731,0.67731,0.67731,0.67731,0.67731
0.65569,0.65569,0.65569,0.65569,0.65569
0.67728,0.67728,0.67728,0.67728,0.67728
0.65571,0.65571,0.65571,0.65571,0.65571
0.67726,0.67726,0.67726,0.67726,0.67726
0.65573,0.65573,0.65573,0.65573,0.65573
0.67724,0.67724,0.67724,0.67724,0.67724
0.65576,0.65576,0.65576,0.65576,0.65576
0.67722,0.67722,0.67722,0.67722,0.67722
0.65578,0.65578,0.65578,0.65578,0.65578
0.6772,0.6772,0.6772,0.6772,0.6772
0.6558,0.6558,0.6558,0.6558,0.6558
0.67718,0.67718,0.67718,0.67718,0.67718
0.65583,0.65583,0.65583,0.65583,0.65583
0.67715,0.67715,0.67715,0.67715,0.67715
0.65585,0.65585,0.65585,0.65585,0.65585
0.67713,0.67713,0.67713,0.67713,0.67713
0.65587,0.65587,0.65587,0.65587,0.65587
0.67711,0.67711,0.67711,0.67711,0.67711
0.65589,0.65589,0.65589,0.65589,0.65589
0.67709,0.67709,0.67709,0.67709,0.67709
0.65592,0.65592,0.65592,0.65592,0.65592
0.67707,0.67707,0.67707,0.67707,0.67707
0.65594,0.65594,0.65594,0.65594,0.65594
0.67705,0.67705,0.67705,0.67705,0.67705
0.65596,0.65596,0.65596,0.65596,0.65596
0.67703,0.67703,0.67703,0.67703,0.67703
0.65598,0.65598,0.65598,0.65598,0.65598
0.67701,0.67701,0.67701,0.67701,0.67701
0.656,0.656,0.656,0.656,0.656
0.67699,0.67699,0.67699,0.67699,0.67699
0.65602,0.65602,0.65602,0.65602,0.65602
0.67697,0.67697,0.67697,0.67697,0.67697
0.65605,0.65605,0.65605,0.65605,0.65605
0.67695,0.67695,0.67695,0.67695,0.67695
0.65607,0.65607,0.65607,0.65607,0.65607
0.67693,0.67693,0.67693,0.67693,0.67693
0.65609,0.65609,0.65609,0.65609,0.65609
0.67691,0.67691,0.67691,0.67691,0.67691
0.65611,0.65611,0.65611,0.65611,0.65611
0.67689,0.67689,0.67689,0.67689,0.67689
0.65613,0.65613,0.65613,0.65613,0.65613
0.67687,0.67687,0.67687,0.67687,0.67687
0.65615,0.65615,0.65615,0.65615,0.65615
0.67685,0.67685,0.67685,0.67685,0.67685
0.65617,0.65617,0.65617,0.65617,0.65617
0.67683,0.67683,0.67683,0.67683,0.67683
0.65619,0.65619,0.65619,0.65619,0.65619
0.67681,0.67681,0.67681,0.67681,0.67681
0.65621,0.65621,0.65621,0.65621,0.65621
0.67679,0.67679,0.67679,0.67679,0.67679
0.65623,0.65623,0.65623,0.65623,0.65623
0.67677,0.67677,0.67677,0.67677,0.67677
0.65625,0.65625,0.65625,0.65625,0.65625
0.67676,0.67676,0.67676,0.67676,0.67676
0.65627,0.65627,0.65627,0.65627,0.65627
0.67674,0.67674,0.67674,0.67674,0.67674
0.65629,0.65629,0.65629,0.65629,0.65629
0.67672,0.67672,0.67672,0.67672,0.67672
0.65631,0.65631,0.65631,0.65631,0.65631
0.6767,0.6767,0.6767,0.6767,0.6767
0.65633,0.65633,0.65633,0.65633,0.65633
0.67668,0.67668,0.67668,0.67668,0.67668
0.65635,0.65635,0.65635,0.65635,0.65635
0.67666,0.67666,0.67666,0.67666,0.67666
0.65637,0.65637,0.65637,0.65637,0.65637
0.67664,0.67664,0.67664,0.67664,0.67664
0.65639,0.65639,0.65639,0.65639,0.65639
0.67663,0.67663,0.67663,0.67663,0.67663
0.65641,0.65641,0.65641,0.65641,0.65641
0.67661,0.67661,0.67661,0.67661,0.67661
0.65643,0.65643,0.65643,0.65643,0.65643
0.67659,0.67659,0.67659,0.67659,0.67659
0.65645,0.65645,0.65645,0.65645,0.65645
0.67657,0.67657,0.67657,0.67657,0.67657
0.65647,0.65647,0.65647,0.65647,0.65647
0.67655,0.67655,0.67655,0.67655,0.67655
0.65649,0.65649,0.65649,0.65649,0.65649
0.67654,0.67654,0.67654,0.67654,0.67654
0.6565,0.6565,0.6565,0.6565,0.6565
0.67652,0.67652,0.67652,0.67652,0.67652
0.65652,0.65652,0.65652,0.65652,0.65652
0.6765,0.6765,0.6765,0.6765,0.6765
0.65654,0.65654,0.65654,0.65654,0.65654
0.67648,0.67648,0.67648,0.67648,0.67648
0.65656,0.65656,0.65656,0.65656,0.65656
0.67647,0.67647,0.67647,0.67647,0.67647
0.65658,0.65658,0.65658,0.65658,0.65658
0.67645,0.67645,0.67645,0.67645,0.67645
0.6566,0.6566,0.6566,0.6566,0.6566
0.67643,0.67643,0.67643,0.67643,0.67643
0.65661,0.65661,0.65661,0.65661,0.65661
0.67642,0.67642,0.67642,0.67642,0.67642
0.65663,0.65663,0.65663,0.65663,0.65663
0.6764,0.6764,0.6764,0.6764,0.6764
0.65665,0.65665,0.65665,0.65665,0.65665
0.67638,0.67638,0.67638,0.67638,0.67638
0.65667,0.65667,0.65667,0.65667,0.65667
0.67637,0.67637,0.67637,0.67637,0.67637
0.65669,0.65669,0.65669,0.65669,0.65669
0.67635,0.67635,0.67635,0.67635,0.67635
0.6567,0.6567,0.6567,0.6567,0.6567
0.67633,0.67633,0.67633,0.67633,0.67633
0.65672,0.65672,0.65672,0.65672,0.65672
0.67632,0.67632,0.67632,0.67632,0.67632
0.65674,0.65674,0.65674,0.65674,0.65674
0.6763,0.6763,0.6763,0.6763,0.6763
0.65676,0.65676,0.65676,0.65676,0.65676
0.67628,0.67628,0.67628,0.67628,0.67628
0.65677,0.65677,0.65677,0.65677,0.65677
0.67627,0.67627,0.67627,0.67627,0.67627
0.65679,0.65679,0.65679,0.65679,0.65679
0.67625,0.67625,0.67625,0.67625,0.67625
0.65681,0.65681,0.65681,0.65681,0.65681
0.67623,0.67623,0.67623,0.67623,0.67623
0.65682,0.65682,0.65682,0.65682,0.65682
0.67622,0.67622,0.67622,0.67622,0.67622
0.65684,0.65684,0.65684,0.65684,0.65684
0.6762,0.6762,0.6762,0.6762,0.6762
0.65686,0.65686,0.65686,0.65686,0.65686
0.67619,0.67619,0.67619,0.67619,0.67619
0.65687,0.65687,0.65687,0.65687,0.65687
0.67617,0.67617,0.67617,0.67617,0.67617
0.65689,0.65689,0.65689,0.65689,0.65689
0.67616,0.67616,0.67616,0.67616,0.67616
0.65691,0.65691,0.65691,0.65691,0.65691
0.67614,0.67614,0.67614,0.67614,0.67614
0.65692,0.65692,0.65692,0.65692,0.65692
0.67612,0.67612,0.67612,0.67612,0.67612
0.65694,0.65694,0.65694,0.65694,0.65694
0.67611,0.67611,0.67611,0.67611,0.67611
0.65696,0.65696,0.65696,0.65696,0.65696
0.67609,0.67609,0.67609,0.67609,0.67609
0.65697,0.65697,0.65697,0.65697,0.65697
0.67608,0.67608,0.67608,0.67608,0.67608
0.65699,0.65699,0.65699,0.65699,0.65699
0.67606,0.67606,0.67606,0.67606,0.67606
0.65701,0.65701,0.65701,0.65701,0.65701
0.67605,0.67605,0.67605,0.67605,0.67605
0.65702,0.65702,0.65702,0.65702,0.65702
0.67603,0.67603,0.67603,0.67603,0.67603
0.65704,0.65704,0.65704,0.65704,0.65704
0.67602,0.67602,0.67602,0.67602,0.67602
0.65705,0.65705,0.65705,0.65705,0.65705
0.676,0.676,0.676,0.676,0.676
0.65707,0.65707,0.65707,0.65707,0.65707
0.67599,0.67599,0.67599,0.67599,0.67599
0.65708,0.65708,0.65708,0.65708,0.65708
0.67597,0.67597,0.67597,0.67597,0.67597
0.6571,0.6571,0.6571,0.6571,0.6571
0.67596,0.67596,0.67596,0.67596,0.67596
0.65712,0.65712,0.65712,0.65712,0.65712
0.67594,0.67594,0.67594,0.67594,0.67594
0.65713,0.65713,0.65713,0.65713,0.65713
0.67593,0.67593,0.67593,0.67593,0.67593
0.65715,0.65715,0.65715,0.65715,0.65715
0.67591,0.67591,0.67591,0.67591,0.67591
0.65716,0.65716,0.65716,0.65716,0.65716
0.6759,0.6759,0.6759,0.6759,0.6759
0.65718,0.65718,0.65718,0.65718,0.65718
0.67589,0.67589,0.67589,0.67589,0.67589
0.65719,0.65719,0.65719,0.65719,0.65719
0.67587,0.67587,0.67587,0.67587,0.67587
0.65721,0.65721,0.65721,0.65721,0.65721
0.67586,0.67586,0.67586,0.67586,0.67586
0.65722,0.65722,0.65722,0.65722,0.65722
0.67584,0.67584,0.67584,0.67584,0.67584
0.65724,0.65724,0.65724,0.65724,0.65724
0.67583,0.67583,0.67583,0.67583,0.67583
0.65725,0.65725,0.65725,0.65725,0.65725
0.67582,0.67582,0.67582,0.67582,0.67582
0.65727,0.65727,0.65727,0.65727,0.65727
0.6758,0.6758,0.6758,0.6758,0.6758
0.65728,0.65728,0.65728,0.65728,0.65728
0.67579,0.67579,0.67579,0.67579,0.67579
0.6573,0.6573,0.6573,0.6573,0.6573
0.67577,0.67577,0.67577,0.67577,0.67577
0.65731,0.65731,0.65731,0.65731,0.65731
0.67576,0.67576,0.67576,0.67576,0.67576
0.65733,0.65733,0.65733,0.65733,0.65733
0.67575,0.67575,0.67575,0.67575,0.67575
0.65734,0.65734,0.65734,0.65734,0.65734
0.67573,0.67573,0.67573,0.67573,0.67573
0.65735,0.65735,0.65735,0.65735,0.65735
0.67572,0.67572,0.67572,0.67572,0.67572
0.65737,0.65737,0.65737,0.65737,0.65737
0.67571,0.67571,0.67571,0.67571,0.67571
0.65738,0.65738,0.65738,0.65738,0.65738
0.67569,0.67569,0.67569,0.67569,0.67569
0.6574,0.6574,0.6574,0.6574,0.6574
0.67568,0.67568,0.67568,0.67568,0.67568
0.65741,0.65741,0.65741,0.65741,0.65741
0.67567,0.67567,0.67567,0.67567,0.67567
0.65743,0.65743,0.65743,0.65743,0.65743
0.67565,0.67565,0.67565,0.67565,0.67565
0.65744,0.65744,0.65744,0.65744,0.65744
0.67564,0.67564,0.67564,0.67564,0.67564
0.65745,0.65745,0.65745,0.65745,0.65745
0.67563,0.67563,0.67563,0.67563,0.67563
0.65747,0.65747,0.65747,0.65747,0.65747
0.67561,0.67561,0.67561,0.67561,0.67561
0.65748,0.65748,0.65748,0.65748,0.65748
0.6756,0.6756,0.6756,0.6756,0.6756
0.65749,0.65749,0.65749,0.65749,0.65749
0.67559,0.67559,0.67559,0.67559,0.67559
0.65751,0.65751,0.65751,0.65751,0.65751
0.67557,0.67557,0.67557,0.67557,0.67557
0.65752,0.65752,0.65752,0.65752,0.65752
0.67556,0.67556,0.67556,0.67556,0.67556
0.65754,0.65754,0.65754,0.65754,0.65754
0.67555,0.67555,0.67555,0.67555,0.67555
0.65755,0.65755,0.65755,0.65755,0.65755
0.67553,0.67553,0.67553,0.67553,0.67553
0.65756,0.65756,0.65756,0.65756,0.65756
0.67552,0.67552,0.67552,0.67552,0.67552
0.65758,0.65758,0.65758,0.65758,0.65758
0.67551,0.67551,0.67551,0.67551,0.67551
0.65759,0.65759,0.65759,0.65759,0.65759
0.6755,0.6755,0.6755,0.6755,0.6755
0.6576,0.6576,0.6576,0.6576,0.6576
0.67548,0.67548,0.67548,0.67548,0.67548
0.65762,0.65762,0.65762,0.65762,0.65762
0.67547,0.67547,0.67547,0.67547,0.67547
0.65763,0.65763,0.65763,0.65763,0.65763
0.67546,0.67546,0.67546,0.67546,0.67546
0.65764,0.65764,0.65764,0.65764,0.65764
0.67545,0.67545,0.67545,0.67545,0.67545
0.65766,0.65766,0.65766,0.65766,0.65766
0.67543,0.67543,0.67543,0.67543,0.67543
0.65767,0.65767,0.65767,0.65767,0.65767
0.67542,0.67542,0.67542,0.67542,0.67542
0.65768,0.65768,0.65768,0.65768,0.65768
0.67541,0.67541,0.67541,0.67541,0.67541
0.65769,0.65769,0.65769,0.65769,0.65769
0.6754,0.6754,0.6754,0.6754,0.6754
0.65771,0.65771,0.65771,0.65771,0.65771
0.67539,0.67539,0.67539,0.67539,0.67539
0.65772,0.65772,0.65772,0.65772,0.65772
0.67537,0.67537,0.67537,0.67537,0.67537
0.65773,0.65773,0.65773,0.65773,0.65773
0.67536,0.67536,0.67536,0.67536,0.67536
0.65774,0.65774,0.65774,0.65774,0.65774
0.67535,0.67535,0.67535,0.67535,0.67535
0.65776,0.65776,0.65776,0.65776,0.65776
0.67534,0.67534,0.67534,0.67534,0.67534
0.65777,0.65777,0.65777,0.65777,0.65777
0.67533,0.67533,0.67533,0.67533,0.67533
0.65778,0.65778,0.65778,0.65778,0.65778
0.67531,0.67531,0.67531,0.67531,0.67531
0.6578,0.6578,0.6578,0.6578,0.6578
0.6753,0.6753,0.6753,0.6753,0.6753
0.65781,0.65781,0.65781,0.65781,0.65781
0.67529,0.67529,0.67529,0.67529,0.67529
0.65782,0.65782,0.65782,0.65782,0.65782
0.67528,0.67528,0.67528,0.67528,0.67528
0.65783,0.65783,0.65783,0.65783,0.65783
0.67527,0.67527,0.67527,0.67527,0.67527
0.65784,0.65784,0.65784,0.65784,0.65784
0.67526,0.67526,0.67526,0.67526,0.67526
0.65786,0.65786,0.65786,0.65786,0.65786
0.67524,0.67524,0.67524,0.67524,0.67524
0.65787,0.65787,0.65787,0.65787,0.65787
0.67523,0.67523,0.67523,0.67523,0.67523
0.65788,0.65788,0.65788,0.65788,0.65788
0.67522,0.67522,0.67522,0.67522,0.67522
0.65789,0.65789,0.65789,0.65789,0.65789
0.67521,0.67521,0.67521,0.67521,0.67521
0.6579,0.6579,0.6579,0.6579,0.6579
0.6752,0.6752,0.6752,0.6752,0.6752
0.65792,0.65792,0.65792,0.65792,0.65792
0.67519,0.67519,0.67519,0.67519,0.67519
0.65793,0.65793,0.65793,0.65793,0.65793
0.67518,0.67518,0.67518,0.67518,0.67518
0.65794,0.65794,0.65794,0.65794,0.65794
0.67516,0.67516,0.67516,0.67516,0.67516
0.65795,0.65795,0.65795,0.65795,0.65795
0.67515,0.67515,0.67515,0.67515,0.67515
0.65796,0.65796,0.65796,0.65796,0.65796
0.67514,0.67514,0.67514,0.67514,0.67514
0.65798,0.65798,0.65798,0.65798,0.65798
0.67513,0.67513,0.67513,0.67513,0.67513
0.65799,0.65799,0.65799,0.65799,0.65799
0.67512,0.67512,0.67512,0.67512,0.67512
0.658,0.658,0.658,0.658,0.658
0.67511,0.67511,0.67511,0.67511,0.67511
0.65801,0.65801,0.65801,0.65801,0.65801
0.6751,0.6751,0.6751,0.6751,0.6751
0.65802,0.65802,0.65802,0.65802,0.65802
0.67509,0.67509,0.67509,0.67509,0.67509
0.65803,0.65803,0.65803,0.65803,0.65803
0.67508,0.67508,0.67508,0.67508,0.67508
0.65805,0.65805,0.65805,0.65805,0.65805
0.67507,0.67507,0.67507,0.67507,0.67507
0.65806,0.65806,0.65806,0.65806,0.65806
0.67505,0.67505,0.67505,0.67505,0.67505
0.65807,0.65807,0.65807,0.65807,0.65807
0.67504,0.67504,0.67504,0.67504,0.67504
0.65808,0.65808,0.65808,0.65808,0.65808
0.67503,0.67503,0.67503,0.67503,0.67503
0.65809,0.65809,0.65809,0.65809,0.65809
0.67502,0.67502,0.67502,0.67502,0.67502
0.6581,0.6581,0.6581,0.6581,0.6581
0.67501,0.67501,0.67501,0.67501,0.67501
0.65811,0.65811,0.65811,0.65811,0.65811
0.675,0.675,0.675,0.675,0.675
0.65812,0.65812,0.65812,0.65812,0.65812
0.67499,0.67499,0.67499,0.67499,0.67499
0.65813,0.65813,0.65813,0.65813,0.65813
0.67498,0.67498,0.67498,0.67498,0.67498
0.65815,0.65815,0.65815,0.65815,0.65815
0.67497,0.67497,0.67497,0.67497,0.67497
0.65816,0.65816,0.65816,0.65816,0.65816
0.67496,0.67496,0.67496,0.67496,0.67496
0.65817,0.65817,0.65817,0.65817,0.65817
0.67495,0.67495,0.67495,0.67495,0.67495
0.65818,0.65818,0.65818,0.65818,0.65818
0.67494,0.67494,0.67494,0.67494,0.67494
0.65819,0.65819,0.65819,0.65819,0.65819
0.67493,0.67493,0.67493,0.67493,0.67493
0.6582,0.6582,0.6582,0.6582,0.6582
0.67492,0.67492,0.67492,0.67492,0.67492
0.65821,0.65821,0.65821,0.65821,0.65821
0.67491,0.67491,0.67491,0.67491,0.67491
0.65822,0.65822,0.65822,0.65822,0.65822
0.6749,0.6749,0.6749,0.6749,0.6749
0.65823,0.65823,0.65823,0.65823,0.65823
0.67489,0.67489,0.67489,0.67489,0.67489
0.65824,0.65824,0.65824,0.65824,0.65824
0.67488,0.67488,0.67488,0.67488,0.67488
0.65825,0.65825,0.65825,0.65825,0.65825
0.67487,0.67487,0.67487,0.67487,0.67487
0.65826,0.65826,0.65826,0.65826,0.65826
0.67486,0.67486,0.67486,0.67486,0.67486
0.65828,0.65828,0.65828,0.65828,0.65828
0.67485,0.67485,0.67485,0.67485,0.67485
0.65829,0.65829,0.65829,0.65829,0.65829
0.67484,0.67484,0.67484,0.67484,0.67484
0.6583,0.6583,0.6583,0.6583,0.6583
0.67483,0.67483,0.67483,0.67483,0.67483
0.65831,0.65831,0.65831,0.65831,0.65831
0.67482,0.67482,0.67482,0.67482,0.67482
0.65832,0.65832,0.65832,0.65832,0.65832
0.67481,0.67481,0.67481,0.67481,0.67481
0.65833,0.65833,0.65833,0.65833,0.65833
0.6748,0.6748,0.6748,0.6748,0.6748
0.65834,0.65834,0.65834,0.65834,0.65834
0.67479,0.67479,0.67479,0.67479,0.67479
0.65835,0.65835,0.65835,0.65835,0.65835
0.67478,0.67478,0.67478,0.67478,0.67478
0.65836,0.65836,0.65836,0.65836,0.65836
0.67477,0.67477,0.67477,0.67477,0.67477
0.65837,0.65837,0.65837,0.65837,0.65837
0.67476,0.67476,0.67476,0.67476,0.67476
0.65838,0.65838,0.65838,0.65838,0.65838
0.67475,0.67475,0.67475,0.67475,0.67475
0.65839,0.65839,0.65839,0.65839,0.65839
0.67474,0.67474,0.67474,0.67474,0.67474
0.6584,0.6584,0.6584,0.6584,0.6584
0.67473,0.67473,0.67473,0.67473,0.67473
0.65841,0.65841,0.65841,0.65841,0.65841
0.67472,0.67472,0.67472,0.67472,0.67472
0.65842,0.65842,0.65842,0.65842,0.65842
0.67471,0.67471,0.67471,0.67471,0.67471
0.65843,0.65843,0.65843,0.65843,0.65843
0.6747,0.6747,0.6747,0.6747,0.6747
0.65844,0.65844,0.65844,0.65844,0.65844
0.67469,0.67469,0.67469,0.67469,0.67469
0.65845,0.65845,0.65845,0.65845,0.65845
0.67468,0.67468,0.67468,0.67468,0.67468
0.65846,0.65846,0.65846,0.65846,0.65846
0.67467,0.67467,0.67467,0.67467,0.67467
0.65847,0.65847,0.65847,0.65847,0.65847
0.67466,0.67466,0.67466,0.67466,0.67466
0.65848,0.65848,0.65848,0.65848,0.65848
0.67465,0.67465,0.67465,0.67465,0.67465
0.65849,0.65849,0.65849,0.65849,0.65849
0.67464,0.67464,0.67464,0.67464,0.67464
0.6585,0.6585,0.6585,0.6585,0.6585
0.67464,0.67464,0.67464,0.67464,0.67464
0.65851,0.65851,0.65851,0.65851,0.65851
0.67463,0.67463,0.67463,0.67463,0.67463
0.65852,0.65852,0.65852,0.65852,0.65852
0.67462,0.67462,0.67462,0.67462,0.67462
0.65853,0.65853,0.65853,0.65853,0.65853
0.67461,0.67461,0.67461,0.67461,0.67461
0.65854,0.65854,0.65854,0.65854,0.65854
0.6746,0.6746,0.6746,0.6746,0.6746
0.65855,0.65855,0.65855,0.65855,0.65855
0.67459,0.67459,0.67459,0.67459,0.67459
0.65856,0.65856,0.65856,0.65856,0.65856
0.67458,0.67458,0.67458,0.67458,0.67458
0.65856,0.65856,0.65856,0.65856,0.65856
0.67457,0.67457,0.67457,0.67457,0.67457
0.65857,0.65857,0.65857,0.65857,0.65857
0.67456,0.67456,0.67456,0.67456,0.67456
0.65858,0.65858,0.65858,0.65858,0.65858
0.67455,0.67455,0.67455,0.67455,0.67455
0.65859,0.65859,0.65859,0.65859,0.65859
0.67454,0.67454,0.67454,0.67454,0.67454
0.6586,0.6586,0.6586,0.6586,0.6586
0.67454,0.67454,0.67454,0.67454,0.67454
0.65861,0.65861,0.65861,0.65861,0.65861
0.67453,0.67453,0.67453,0.67453,0.67453
0.65862,0.65862,0.65862,0.65862,0.65862
0.67452,0.67452,0.67452,0.67452,0.67452
0.65863,0.65863,0.65863,0.65863,0.65863
0.67451,0.67451,0.67451,0.67451,0.67451
0.65864,0.65864,0.65864,0.65864,0.65864
0.6745,0.6745,0.6745,0.6745,0.6745
0.65865,0.65865,0.65865,0.65865,0.65865
0.67449,0.67449,0.67449,0.67449,0.67449
0.65866,0.65866,0.65866,0.65866,0.65866
0.67448,0.67448,0.67448,0.67448,0.67448
0.65867,0.65867,0.65867,0.65867,0.65867
0.67447,0.67447,0.67447,0.67447,0.67447
0.65868,0.65868,0.65868,0.65868,0.65868
0.67447,0.67447,0.67447,0.67447,0.67447
0.65869,0.65869,0.65869,0.65869,0.65869
0.67446,0.67446,0.67446,0.67446,0.67446
0.65869,0.65869,0.65869,0.65869,0.65869
0.67445,0.67445,0.67445,0.67445,0.67445
0.6587,0.6587,0.6587,0.6587,0.6587
0.67444,0.67444,0.67444,0.67444,0.67444
0.65871,0.65871,0.65871,0.65871,0.65871
0.67443,0.67443,0.67443,0.67443,0.67443
0.65872,0.65872,0.65872,0.65872,0.65872
0.67442,0.67442,0.67442,0.67442,0.67442
0.65873,0.65873,0.65873,0.65873,0.65873
0.67441,0.67441,0.67441,0.67441,0.67441
0.65874,0.65874,0.65874,0.65874,0.65874
0.67441,0.67441,0.67441,0.67441,0.67441
0.65875,0.65875,0.65875,0.65875,0.65875
0.6744,0.6744,0.6744,0.6744,0.6744
0.65876,0.65876,0.65876,0.65876,0.65876
0.67439,0.67439,0.67439,0.67439,0.67439
0.65877,0.65877,0.65877,0.65877,0.65877
0.67438,0.67438,0.67438,0.67438,0.67438
0.65877,0.65877,0.65877,0.65877,0.65877
0.67437,0.67437,0.67437,0.67437,0.67437
0.65878,0.65878,0.65878,0.65878,0.65878
0.67436,0.67436,0.67436,0.67436,0.67436
0.65879,0.65879,0.65879,0.65879,0.65879
0.67436,0.67436,0.67436,0.67436,0.67436
0.6588,0.6588,0.6588,0.6588,0.6588
0.67435,0.67435,0.67435,0.67435,0.67435
0.65881,0.65881,0.65881,0.65881,0.65881
0.67434,0.67434,0.67434,0.67434,0.67434
0.65882,0.65882,0.65882,0.65882,0.65882
0.67433,0.67433,0.67433,0.67433,0.67433
0.65883,0.65883,0.65883,0.65883,0.65883
0.67432,0.67432,0.67432,0.67432,0.67432
0.65883,0.65883,0.65883,0.65883,0.65883
0.67431,0.67431,0.67431,0.67431,0.67431
0.65884,0.65884,0.65884,0.65884,0.65884
0.67431,0.67431,0.67431,0.67431,0.67431
0.65885,0.65885,0.65885,0.65885,0.65885
0.6743,0.6743,0.6743,0.6743,0.6743
0.65886,0.65886,0.65886,0.65886,0.65886
0.67429,0.67429,0.67429,0.67429,0.67429
0.65887,0.65887,0.65887,0.65887,0.65887
0.67428,0.67428,0.67428,0.67428,0.67428
0.65888,0.65888,0.65888,0.65888,0.65888
0.67427,0.67427,0.67427,0.67427,0.67427
0.65889,0.65889,0.65889,0.65889,0.65889
0.67427,0.67427,0.67427,0.67427,0.67427
0.65889,0.65889,0.65889,0.65889,0.65889
0.67426,0.67426,0.67426,0.67426,0.67426
0.6589,0.6589,0.6589,0.6589,0.6589
0.67425,0.67425,0.67425,0.67425,0.67425
0.65891,0.65891,0.65891,0.65891,0.65891
0.67424,0.67424,0.67424,0.67424,0.67424
0.65892,0.65892,0.65892,0.65892,0.65892
0.67423,0.67423,0.67423,0.67423,0.67423
0.65893,0.65893,0.65893,0.65893,0.65893
0.67423,0.67423,0.67423,0.67423,0.67423
0.65894,0.65894,0.65894,0.65894,0.65894
0.67422,0.67422,0.67422,0.67422,0.67422
0.65894,0.65894,0.65894,0.65894,0.65894
0.67421,0.67421,0.67421,0.67421,0.67421
0.65895,0.65895,0.65895,0.65895,0.65895
0.6742,0.6742,0.6742,0.6742,0.6742
0.65896,0.65896,0.65896,0.65896,0.65896
0.6742,0.6742,0.6742,0.6742,0.6742
0.65897,0.65897,0.65897,0.65897,0.65897
0.67419,0.67419,0.67419,0.67419,0.67419
0.65898,0.65898,0.65898,0.65898,0.65898
0.67418,0.67418,0.67418,0.67418,0.67418
0.65898,0.65898,0.65898,0.65898,0.65898
0.67417,0.67417,0.67417,0.67417,0.67417
0.65899,0.65899,0.65899,0.65899,0.65899
0.67416,0.67416,0.67416,0.67416,0.67416
0.659,0.659,0.659,0.659,0.659
0.67416,0.67416,0.67416,0.67416,0.67416
0.65901,0.65901,0.65901,0.65901,0.65901
0.67415,0.67415,0.67415,0.67415,0.67415
0.65902,0.65902,0.65902,0.65902,0.65902
0.67414,0.67414,0.67414,0.67414,0.67414
0.65902,0.65902,0.65902,0.65902,0.65902
0.67413,0.67413,0.67413,0.67413,0.67413
0.65903,0.65903,0.65903,0.65903,0.65903
0.67413,0.67413,0.67413,0.67413,0.67413
0.65904,0.65904,0.65904,0.65904,0.65904
0.67412,0.67412,0.67412,0.67412,0.67412
0.65905,0.65905,0.65905,0.65905,0.65905
0.67411,0.67411,0.67411,0.67411,0.67411
0.65906,0.65906,0.65906,0.65906,0.65906
0.6741,0.6741,0.6741,0.6741,0.6741
0.65906,0.65906,0.65906,0.65906,0.65906
0.6741,0.6741,0.6741,0.6741,0.6741
0.65907,0.65907,0.65907,0.65907,0.65907
0.67409,0.67409,0.67409,0.67409,0.67409
0.65908,0.65908,0.65908,0.65908,0.65908
0.67408,0.67408,0.67408,0.67408,0.67408
0.65909,0.65909,0.65909,0.65909,0.65909
0.67407,0.67407,0.67407,0.67407,0.67407
0.6591,0.6591,0.6591,0.6591,0.6591
0.67407,0.67407,0.67407,0.67407,0.67407
0.6591,0.6591,0.6591,0.6591,0.6591
0.67406,0.67406,0.67406,0.67406,0.67406
0.65911,0.65911,0.65911,0.65911,0.65911
0.67405,0.67405,0.67405,0.67405,0.67405
0.65912,0.65912,0.65912,0.65912,0.65912
0.67404,0.67404,0.67404,0.67404,0.67404
0.65913,0.65913,0.65913,0.65913,0.65913
0.67404,0.67404,0.67404,0.67404,0.67404
0.65913,0.65913,0.65913,0.65913,0.65913
0.67403,0.67403,0.67403,0.67403,0.67403
0.65914,0.65914,0.65914,0.65914,0.65914
0.67402,0.67402,0.67402,0.67402,0.67402
0.65915,0.65915,0.65915,0.65915,0.65915
0.67402,0.67402,0.67402,0.67402,0.67402
0.65916,0.65916,0.65916,0.65916,0.65916
0.67401,0.67401,0.67401,0.67401,0.67401
0.65916,0.65916,0.65916,0.65916,0.65916
0.674,0.674,0.674,0.674,0.674
0.65917,0.65917,0.65917,0.65917,0.65917
0.67399,0.67399,0.67399,0.67399,0.67399
0.65918,0.65918,0.65918,0.65918,0.65918
0.67399,0.67399,0.67399,0.67399,0.67399
0.65919,0.65919,0.65919,0.65919,0.65919
0.67398,0.67398,0.67398,0.67398,0.67398
0.65919,0.65919,0.65919,0.65919,0.65919
0.67397,0.67397,0.67397,0.67397,0.67397
0.6592,0.6592,0.6592,0.6592,0.6592
0.67396,0.67396,0.67396,0.67396,0.67396
0.65921,0.65921,0.65921,0.65921,0.65921
