0.1,0.2,0.3,0.5,0.6
0.5845,0.5355,0.72275,0.81375,0.6685
0.83118,0.80415,0.70077,0.67608,0.71585
0.58944,0.59413,0.68138,0.73599,0.65374
0.82679,0.8156,0.76138,0.74727,0.77216
0.55012,0.55591,0.60635,0.63637,0.59151
0.85828,0.85478,0.83651,0.83136,0.84035
0.44413,0.44687,0.4674,0.47909,0.46163
0.86646,0.86691,0.86989,0.87144,0.86909
0.4022,0.40153,0.39742,0.39565,0.39844
0.84044,0.84021,0.83874,0.83804,0.83911
0.47064,0.47093,0.47275,0.47358,0.47229
0.87212,0.87215,0.87233,0.87242,0.87228
0.39017,0.39013,0.38988,0.38977,0.38995
0.83271,0.83269,0.8326,0.83255,0.83262
0.48765,0.48767,0.48779,0.48784,0.48776
0.87447,0.87447,0.87448,0.87448,0.87447
0.3842,0.3842,0.38419,0.38419,0.38419
0.82806,0.82806,0.82806,0.82806,0.82806
0.49831,0.49832,0.49832,0.49832,0.49832
0.87499,0.87499,0.87499,0.87499,0.87499
0.38284,0.38284,0.38284,0.38284,0.38284
0.82696,0.82696,0.82696,0.82696,0.82696
0.50085,0.50085,0.50085,0.50085,0.50085
0.875,0.875,0.875,0.875,0.875
0.38282,0.38282,0.38282,0.38282,0.38282
0.82694,0.82694,0.82694,0.82694,0.82694
0.50089,0.50089,0.50089,0.50089,0.50089
0.875,0.875,0.875,0.875,0.875
0.38282,0.38282,0.38282,0.38282,0.38282
0.82694,0.82694,0.82694,0.82694,0.82694
0.50088,0.50088,0.50088,0.50088,0.50088
0.875,0.875,0.875,0.875,0.875
0.38282,0.38282,0.38282,0.38282,0.38282
0.82694,0.82694,0.82694,0.82694,0.82694
0.50088,0.50088,0.50088,0.50088,0.50088
0.875,0.875,0.875,0.875,0.875
0.38282,0.38282,0.38282,0.38282,0.38282
0.82694,0.82694,0.82694,0.82694,0.82694
0.50088,0.50088,0.50088,0.50088,0.50088
0.875,0.875,0.875,0.875,0.875
0.38282,0.38282,0.38282,0.38282,0.38282
0.82694,0.82694,0.82694,0.82694,0.82694
0.50088,0.50088,0.50088,0.50088,0.50088
0.875,0.875,0.875,0.875,0.875
0.38282,0.38282,0.38282,0.38282,0.38282
0.82694,0.82694,0.82694,0.82694,0.82694
0.50088,0.50088,0.50088,0.50088,0.50088
0.875,0.875,0.875,0.875,0.875
0.38282,0.38282,0.38282,0.38282,0.38282
0.82694,0.82694,0.82694,0.82694,0.82694
0.50088,0.50088,0.50088,0.50088,0.50088
0.875,0.875,0.875,0.875,0.875
0.38282,0.38282,0.38282,0.38282,0.38282
0.82694,0.82694,0.82694,0.82694,0.82694
0.50088,0.50088,0.50088,0.50088,0.50088
0.875,0.875,0.875,0.875,0.875
0.38282,0.38282,0.38282,0.38282,0.38282
0.82694,0.82694,0.82694,0.82694,0.82694
0.50088,0.50088,0.50088,0.50088,0.50088
0.875,0.875,0.875,0.875,0.875
0.38282,0.38282,0.38282,0.38282,0.38282
0.82694,0.82694,0.82694,0.82694,0.82694
0.50088,0.50088,0.50088,0.50088,0.50088
0.875,0.875,0.875,0.875,0.875
0.38282,0.38282,0.38282,0.38282,0.38282
0.82694,0.82694,0.82694,0.82694,0.82694
0.50088,0.50088,0.50088,0.50088,0.50088
0.875,0.875,0.875,0.875,0.875
0.38282,0.38282,0.38282,0.38282,0.38282
0.82694,0.82694,0.82694,0.82694,0.82694
0.50088,0.50088,0.50088,0.50088,0.50088
0.875,0.875,0.875,0.875,0.875
0.38282,0.38282,0.38282,0.38282,0.38282
0.82694,0.82694,0.82694,0.82694,0.82694
0.50088,0.50088,0.50088,0.50088,0.50088
0.875,0.875,0.875,0.875,0.875
0.38282,0.38282,0.38282,0.38282,0.38282
0.82694,0.82694,0.82694,0.82694,0.82694
0.50088,0.50088,0.50088,0.50088,0.50088
0.875,0.875,0.875,0.875,0.875
0.38282,0.38282,0.38282,0.38282,0.38282
0.82694,0.82694,0.82694,0.82694,0.82694
0.50088,0.50088,0.50088,0.50088,0.50088
0.875,0.875,0.875,0.875,0.875
0.38282,0.38282,0.38282,0.38282,0.38282
0.82694,0.82694,0.82694,0.82694,0.82694
0.50088,0.50088,0.50088,0.50088,0.50088
0.875,0.875,0.875,0.875,0.875
0.38282,0.38282,0.38282,0.38282,0.38282
0.82694,0.82694,0.82694,0.82694,0.82694
0.50088,0.50088,0.50088,0.50088,0.50088
0.875,0.875,0.875,0.875,0.875
0.38282,0.38282,0.38282,0.38282,0.38282
0.82694,0.82694,0.82694,0.82694,0.82694
0.50088,0.50088,0.50088,0.50088,0.50088
0.875,0.875,0.875,0.875,0.875
0.38282,0.38282,0.38282,0.38282,0.38282
0.82694,0.82694,0.82694,0.82694,0.82694
0.50088,0.50088,0.50088,0.50088,0.50088
0.875,0.875,0.875,0.875,0.875
0.38282,0.38282,0.38282,0.38282,0.38282
0.82694,0.82694,0.82694,0.82694,0.82694
0.50088,0.50088,0.50088,0.50088,0.50088
0.875,0.875,0.875,0.875,0.875
0.38282,0.38282,0.38282,0.38282,0.38282
0.82694,0.82694,0.82694,0.82694,0.82694
0.50088,0.50088,0.50088,0.50088,0.50088
0.875,0.875,0.875,0.875,0.875
0.38282,0.38282,0.38282,0.38282,0.38282
0.82694,0.82694,0.82694,0.82694,0.82694
0.50088,0.50088,0.50088,0.50088,0.50088
0.875,0.875,0.875,0.875,0.875
0.38282,0.38282,0.38282,0.38282,0.38282
0.82694,0.82694,0.82694,0.82694,0.82694
0.50088,0.50088,0.50088,0.50088,0.50088
0.875,0.875,0.875,0.875,0.875
0.38282,0.38282,0.38282,0.38282,0.38282
0.82694,0.82694,0.82694,0.82694,0.82694
0.50088,0.50088,0.50088,0.50088,0.50088
0.875,0.875,0.875,0.875,0.875
0.38282,0.38282,0.38282,0.38282,0.38282
0.82694,0.82694,0.82694,0.82694,0.82694
0.50088,0.50088,0.50088,0.50088,0.50088
0.875,0.875,0.875,0.875,0.875
0.38282,0.38282,0.38282,0.38282,0.38282
0.82694,0.82694,0.82694,0.82694,0.82694
0.50088,0.50088,0.50088,0.50088,0.50088
0.875,0.875,0.875,0.875,0.875
0.38282,0.38282,0.38282,0.38282,0.38282
0.82694,0.82694,0.82694,0.82694,0.82694
0.50088,0.50088,0.50088,0.50088,0.50088
0.875,0.875,0.875,0.875,0.875
0.38282,0.38282,0.38282,0.38282,0.38282
0.82694,0.82694,0.82694,0.82694,0.82694
0.50088,0.50088,0.50088,0.50088,0.50088
0.875,0.875,0.875,0.875,0.875
0.38282,0.38282,0.38282,0.38282,0.38282
0.82694,0.82694,0.82694,0.82694,0.82694
0.50088,0.50088,0.50088,0.50088,0.50088
0.875,0.875,0.875,0.875,0.875
0.38282,0.38282,0.38282,0.38282,0.38282
0.82694,0.82694,0.82694,0.82694,0.82694
0.50088,0.50088,0.50088,0.50088,0.50088
0.875,0.875,0.875,0.875,0.875
0.38282,0.38282,0.38282,0.38282,0.38282
0.82694,0.82694,0.82694,0.82694,0.82694
0.50088,0.50088,0.50088,0.50088,0.50088
0.875,0.875,0.875,0.875,0.875
0.38282,0.38282,0.38282,0.38282,0.38282
0.82694,0.82694,0.82694,0.82694,0.82694
0.50088,0.50088,0.50088,0.50088,0.50088
0.875,0.875,0.875,0.875,0.875
0.38282,0.38282,0.38282,0.38282,0.38282
0.82694,0.82694,0.82694,0.82694,0.82694
0.50088,0.50088,0.50088,0.50088,0.50088
0.875,0.875,0.875,0.875,0.875
0.38282,0.38282,0.38282,0.38282,0.38282
0.82694,0.82694,0.82694,0.82694,0.82694
0.50088,0.50088,0.50088,0.50088,0.50088
0.875,0.875,0.875,0.875,0.875
0.38282,0.38282,0.38282,0.38282,0.38282
0.82694,0.82694,0.82694,0.82694,0.82694
0.50088,0.50088,0.50088,0.50088,0.50088
0.875,0.875,0.875,0.875,0.875
0.38282,0.38282,0.38282,0.38282,0.38282
0.82694,0.82694,0.82694,0.82694,0.82694
0.50088,0.50088,0.50088,0.50088,0.50088
0.875,0.875,0.875,0.875,0.875
0.38282,0.38282,0.38282,0.38282,0.38282
0.82694,0.82694,0.82694,0.82694,0.82694
0.50088,0.50088,0.50088,0.50088,0.50088
0.875,0.875,0.875,0.875,0.875
0.38282,0.38282,0.38282,0.38282,0.38282
0.82694,0.82694,0.82694,0.82694,0.82694
0.50088,0.50088,0.50088,0.50088,0.50088
0.875,0.875,0.875,0.875,0.875
0.38282,0.38282,0.38282,0.38282,0.38282
0.82694,0.82694,0.82694,0.82694,0.82694
0.50088,0.50088,0.50088,0.50088,0.50088
0.875,0.875,0.875,0.875,0.875
0.38282,0.38282,0.38282,0.38282,0.38282
0.82694,0.82694,0.82694,0.82694,0.82694
0.50088,0.50088,0.50088,0.50088,0.50088
0.875,0.875,0.875,0.875,0.875
0.38282,0.38282,0.38282,0.38282,0.38282
0.82694,0.82694,0.82694,0.82694,0.82694
0.50088,0.50088,0.50088,0.50088,0.50088
0.875,0.875,0.875,0.875,0.875
0.38282,0.38282,0.38282,0.38282,0.38282
0.82694,0.82694,0.82694,0.82694,0.82694
0.50088,0.50088,0.50088,0.50088,0.50088
0.875,0.875,0.875,0.875,0.875
0.38282,0.38282,0.38282,0.38282,0.38282
0.82694,0.82694,0.82694,0.82694,0.82694
0.50088,0.50088,0.50088,0.50088,0.50088
0.875,0.875,0.875,0.875,0.875
0.38282,0.38282,0.38282,0.38282,0.38282
0.82694,0.82694,0.82694,0.82694,0.82694
0.50088,0.50088,0.50088,0.50088,0.50088
0.875,0.875,0.875,0.875,0.875
0.38282,0.38282,0.38282,0.38282,0.38282
0.82694,0.82694,0.82694,0.82694,0.82694
0.50088,0.50088,0.50088,0.50088,0.50088
0.875,0.875,0.875,0.875,0.875
0.38282,0.38282,0.38282,0.38282,0.38282
0.82694,0.82694,0.82694,0.82694,0.82694
0.50088,0.50088,0.50088,0.50088,0.50088
0.875,0.875,0.875,0.875,0.875
0.38282,0.38282,0.38282,0.38282,0.38282
0.82694,0.82694,0.82694,0.82694,0.82694
0.50088,0.50088,0.50088,0.50088,0.50088
0.875,0.875,0.875,0.875,0.875
0.38282,0.38282,0.38282,0.38282,0.38282
0.82694,0.82694,0.82694,0.82694,0.82694
0.50088,0.50088,0.50088,0.50088,0.50088
0.875,0.875,0.875,0.875,0.875
0.38282,0.38282,0.38282,0.38282,0.38282
0.82694,0.82694,0.82694,0.82694,0.82694
0.50088,0.50088,0.50088,0.50088,0.50088
0.875,0.875,0.875,0.875,0.875
0.38282,0.38282,0.38282,0.38282,0.38282
0.82694,0.82694,0.82694,0.82694,0.82694
0.50088,0.50088,0.50088,0.50088,0.50088
0.875,0.875,0.875,0.875,0.875
0.38282,0.38282,0.38282,0.38282,0.38282
0.82694,0.82694,0.82694,0.82694,0.82694
0.50088,0.50088,0.50088,0.50088,0.50088
0.875,0.875,0.875,0.875,0.875
0.38282,0.38282,0.38282,0.38282,0.38282
0.82694,0.82694,0.82694,0.82694,0.82694
0.50088,0.50088,0.50088,0.50088,0.50088
0.875,0.875,0.875,0.875,0.875
0.38282,0.38282,0.38282,0.38282,0.38282
0.82694,0.82694,0.82694,0.82694,0.82694
0.50088,0.50088,0.50088,0.50088,0.50088
0.875,0.875,0.875,0.875,0.875
0.38282,0.38282,0.38282,0.38282,0.38282
0.82694,0.82694,0.82694,0.82694,0.82694
0.50088,0.50088,0.50088,0.50088,0.50088
0.875,0.875,0.875,0.875,0.875
0.38282,0.38282,0.38282,0.38282,0.38282
0.82694,0.82694,0.82694,0.82694,0.82694
0.50088,0.50088,0.50088,0.50088,0.50088
0.875,0.875,0.875,0.875,0.875
0.38282,0.38282,0.38282,0.38282,0.38282
0.82694,0.82694,0.82694,0.82694,0.82694
0.50088,0.50088,0.50088,0.50088,0.50088
0.875,0.875,0.875,0.875,0.875
0.38282,0.38282,0.38282,0.38282,0.38282
0.82694,0.82694,0.82694,0.82694,0.82694
0.50088,0.50088,0.50088,0.50088,0.50088
0.875,0.875,0.875,0.875,0.875
0.38282,0.38282,0.38282,0.38282,0.38282
0.82694,0.82694,0.82694,0.82694,0.82694
0.50088,0.50088,0.50088,0.50088,0.50088
0.875,0.875,0.875,0.875,0.875
0.38282,0.38282,0.38282,0.38282,0.38282
0.82694,0.82694,0.82694,0.82694,0.82694
0.50088,0.50088,0.50088,0.50088,0.50088
0.875,0.875,0.875,0.875,0.875
0.38282,0.38282,0.38282,0.38282,0.38282
0.82694,0.82694,0.82694,0.82694,0.82694
0.50088,0.50088,0.50088,0.50088,0.50088
0.875,0.875,0.875,0.875,0.875
0.38282,0.38282,0.38282,0.38282,0.38282
0.82694,0.82694,0.82694,0.82694,0.82694
0.50088,0.50088,0.50088,0.50088,0.50088
0.875,0.875,0.875,0.875,0.875
0.38282,0.38282,0.38282,0.38282,0.38282
0.82694,0.82694,0.82694,0.82694,0.82694
0.50088,0.50088,0.50088,0.50088,0.50088
0.875,0.875,0.875,0.875,0.875
0.38282,0.38282,0.38282,0.38282,0.38282
0.82694,0.82694,0.82694,0.82694,0.82694
0.50088,0.50088,0.50088,0.50088,0.50088
0.875,0.875,0.875,0.875,0.875
0.38282,0.38282,0.38282,0.38282,0.38282
0.82694,0.82694,0.82694,0.82694,0.82694
0.50088,0.50088,0.50088,0.50088,0.50088
0.875,0.875,0.875,0.875,0.875
0.38282,0.38282,0.38282,0.38282,0.38282
0.82694,0.82694,0.82694,0.82694,0.82694
0.50088,0.50088,0.50088,0.50088,0.50088
0.875,0.875,0.875,0.875,0.875
0.38282,0.38282,0.38282,0.38282,0.38282
0.82694,0.82694,0.82694,0.82694,0.82694
0.50088,0.50088,0.50088,0.50088,0.50088
0.875,0.875,0.875,0.875,0.875
0.38282,0.38282,0.38282,0.38282,0.38282
0.82694,0.82694,0.82694,0.82694,0.82694
0.50088,0.50088,0.50088,0.50088,0.50088
0.875,0.875,0.875,0.875,0.875
0.38282,0.38282,0.38282,0.38282,0.38282
0.82694,0.82694,0.82694,0.82694,0.82694
0.50088,0.50088,0.50088,0.50088,0.50088
0.875,0.875,0.875,0.875,0.875
0.38282,0.38282,0.38282,0.38282,0.38282
0.82694,0.82694,0.82694,0.82694,0.82694
0.50088,0.50088,0.50088,0.50088,0.50088
0.875,0.875,0.875,0.875,0.875
0.38282,0.38282,0.38282,0.38282,0.38282
0.82694,0.82694,0.82694,0.82694,0.82694
0.50088,0.50088,0.50088,0.50088,0.50088
0.875,0.875,0.875,0.875,0.875
0.38282,0.38282,0.38282,0.38282,0.38282
0.82694,0.82694,0.82694,0.82694,0.82694
0.50088,0.50088,0.50088,0.50088,0.50088
0.875,0.875,0.875,0.875,0.875
0.38282,0.38282,0.38282,0.38282,0.38282
0.82694,0.82694,0.82694,0.82694,0.82694
0.50088,0.50088,0.50088,0.50088,0.50088
0.875,0.875,0.875,0.875,0.875
0.38282,0.38282,0.38282,0.38282,0.38282
0.82694,0.82694,0.82694,0.82694,0.82694
0.50088,0.50088,0.50088,0.50088,0.50088
0.875,0.875,0.875,0.875,0.875
0.38282,0.38282,0.38282,0.38282,0.38282
0.82694,0.82694,0.82694,0.82694,0.82694
0.50088,0.50088,0.50088,0.50088,0.50088
0.875,0.875,0.875,0.875,0.875
0.38282,0.38282,0.38282,0.38282,0.38282
0.82694,0.82694,0.82694,0.82694,0.82694
0.50088,0.50088,0.50088,0.50088,0.50088
0.875,0.875,0.875,0.875,0.875
0.38282,0.38282,0.38282,0.38282,0.38282
0.82694,0.82694,0.82694,0.82694,0.82694
0.50088,0.50088,0.50088,0.50088,0.50088
0.875,0.875,0.875,0.875,0.875
0.38282,0.38282,0.38282,0.38282,0.38282
0.82694,0.82694,0.82694,0.82694,0.82694
0.50088,0.50088,0.50088,0.50088,0.50088
0.875,0.875,0.875,0.875,0.875
0.38282,0.38282,0.38282,0.38282,0.38282
0.82694,0.82694,0.82694,0.82694,0.82694
0.50088,0.50088,0.50088,0.50088,0.50088
0.875,0.875,0.875,0.875,0.875
0.38282,0.38282,0.38282,0.38282,0.38282
0.82694,0.82694,0.82694,0.82694,0.82694
0.50088,0.50088,0.50088,0.50088,0.50088
0.875,0.875,0.875,0.875,0.875
0.38282,0.38282,0.38282,0.38282,0.38282
0.82694,0.82694,0.82694,0.82694,0.82694
0.50088,0.50088,0.50088,0.50088,0.50088
0.875,0.875,0.875,0.875,0.875
0.38282,0.38282,0.38282,0.38282,0.38282
0.82694,0.82694,0.82694,0.82694,0.82694
0.50088,0.50088,0.50088,0.50088,0.50088
0.875,0.875,0.875,0.875,0.875
0.38282,0.38282,0.38282,0.38282,0.38282
0.82694,0.82694,0.82694,0.82694,0.82694
0.50088,0.50088,0.50088,0.50088,0.50088
0.875,0.875,0.875,0.875,0.875
0.38282,0.38282,0.38282,0.38282,0.38282
0.82694,0.82694,0.82694,0.82694,0.82694
0.50088,0.50088,0.50088,0.50088,0.50088
0.875,0.875,0.875,0.875,0.875
0.38282,0.38282,0.38282,0.38282,0.38282
0.82694,0.82694,0.82694,0.82694,0.82694
0.50088,0.50088,0.50088,0.50088,0.50088
0.875,0.875,0.875,0.875,0.875
0.38282,0.38282,0.38282,0.38282,0.38282
0.82694,0.82694,0.82694,0.82694,0.82694
0.50088,0.50088,0.50088,0.50088,0.50088
0.875,0.875,0.875,0.875,0.875
0.38282,0.38282,0.38282,0.38282,0.38282
0.82694,0.82694,0.82694,0.82694,0.82694
0.50088,0.50088,0.50088,0.50088,0.50088
0.875,0.875,0.875,0.875,0.875
0.38282,0.38282,0.38282,0.38282,0.38282
0.82694,0.82694,0.82694,0.82694,0.82694
0.50088,0.50088,0.50088,0.50088,0.50088
0.875,0.875,0.875,0.875,0.875
0.38282,0.38282,0.38282,0.38282,0.38282
0.82694,0.82694,0.82694,0.82694,0.82694
0.50088,0.50088,0.50088,0.50088,0.50088
0.875,0.875,0.875,0.875,0.875
0.38282,0.38282,0.38282,0.38282,0.38282
0.82694,0.82694,0.82694,0.82694,0.82694
0.50088,0.50088,0.50088,0.50088,0.50088
0.875,0.875,0.875,0.875,0.875
0.38282,0.38282,0.38282,0.38282,0.38282
0.82694,0.82694,0.82694,0.82694,0.82694
0.50088,0.50088,0.50088,0.50088,0.50088
0.875,0.875,0.875,0.875,0.875
0.38282,0.38282,0.38282,0.38282,0.38282
0.82694,0.82694,0.82694,0.82694,0.82694
0.50088,0.50088,0.50088,0.50088,0.50088
0.875,0.875,0.875,0.875,0.875
0.38282,0.38282,0.38282,0.38282,0.38282
0.82694,0.82694,0.82694,0.82694,0.82694
0.50088,0.50088,0.50088,0.50088,0.50088
0.875,0.875,0.875,0.875,0.875
0.38282,0.38282,0.38282,0.38282,0.38282
0.82694,0.82694,0.82694,0.82694,0.82694
0.50088,0.50088,0.50088,0.50088,0.50088
0.875,0.875,0.875,0.875,0.875
0.38282,0.38282,0.38282,0.38282,0.38282
0.82694,0.82694,0.82694,0.82694,0.82694
0.50088,0.50088,0.50088,0.50088,0.50088
0.875,0.875,0.875,0.875,0.875
0.38282,0.38282,0.38282,0.38282,0.38282
0.82694,0.82694,0.82694,0.82694,0.82694
0.50088,0.50088,0.50088,0.50088,0.50088
0.875,0.875,0.875,0.875,0.875
0.38282,0.38282,0.38282,0.38282,0.38282
0.82694,0.82694,0.82694,0.82694,0.82694
0.50088,0.50088,0.50088,0.50088,0.50088
0.875,0.875,0.875,0.875,0.875
0.38282,0.38282,0.38282,0.38282,0.38282
0.82694,0.82694,0.82694,0.82694,0.82694
0.50088,0.50088,0.50088,0.50088,0.50088
0.875,0.875,0.875,0.875,0.875
0.38282,0.38282,0.38282,0.38282,0.38282
0.82694,0.82694,0.82694,0.82694,0.82694
0.50088,0.50088,0.50088,0.50088,0.50088
0.875,0.875,0.875,0.875,0.875
0.38282,0.38282,0.38282,0.38282,0.38282
0.82694,0.82694,0.82694,0.82694,0.82694
0.50088,0.50088,0.50088,0.50088,0.50088
0.875,0.875,0.875,0.875,0.875
0.38282,0.38282,0.38282,0.38282,0.38282
0.82694,0.82694,0.82694,0.82694,0.82694
0.50088,0.50088,0.50088,0.50088,0.50088
0.875,0.875,0.875,0.875,0.875
0.38282,0.38282,0.38282,0.38282,0.38282
0.82694,0.82694,0.82694,0.82694,0.82694
0.50088,0.50088,0.50088,0.50088,0.50088
0.875,0.875,0.875,0.875,0.875
0.38282,0.38282,0.38282,0.38282,0.38282
0.82694,0.82694,0.82694,0.82694,0.82694
0.50088,0.50088,0.50088,0.50088,0.50088
0.875,0.875,0.875,0.875,0.875
0.38282,0.38282,0.38282,0.38282,0.38282
0.82694,0.82694,0.82694,0.82694,0.82694
0.50088,0.50088,0.50088,0.50088,0.50088
0.875,0.875,0.875,0.875,0.875
0.38282,0.38282,0.38282,0.38282,0.38282
0.82694,0.82694,0.82694,0.82694,0.82694
0.50088,0.50088,0.50088,0.50088,0.50088
0.875,0.875,0.875,0.875,0.875
0.38282,0.38282,0.38282,0.38282,0.38282
0.82694,0.82694,0.82694,0.82694,0.82694
0.50088,0.50088,0.50088,0.50088,0.50088
0.875,0.875,0.875,0.875,0.875
0.38282,0.38282,0.38282,0.38282,0.38282
0.82694,0.82694,0.82694,0.82694,0.82694
0.50088,0.50088,0.50088,0.50088,0.50088
0.875,0.875,0.875,0.875,0.875
0.38282,0.38282,0.38282,0.38282,0.38282
0.82694,0.82694,0.82694,0.82694,0.82694
0.50088,0.50088,0.50088,0.50088,0.50088
0.875,0.875,0.875,0.875,0.875
0.38282,0.38282,0.38282,0.38282,0.38282
0.82694,0.82694,0.82694,0.82694,0.82694
0.50088,0.50088,0.50088,0.50088,0.50088
0.875,0.875,0.875,0.875,0.875
0.38282,0.38282,0.38282,0.38282,0.38282
0.82694,0.82694,0.82694,0.82694,0.82694
0.50088,0.50088,0.50088,0.50088,0.50088
0.875,0.875,0.875,0.875,0.875
0.38282,0.38282,0.38282,0.38282,0.38282
0.82694,0.82694,0.82694,0.82694,0.82694
0.50088,0.50088,0.50088,0.50088,0.50088
0.875,0.875,0.875,0.875,0.875
0.38282,0.38282,0.38282,0.38282,0.38282
0.82694,0.82694,0.82694,0.82694,0.82694
0.50088,0.50088,0.50088,0.50088,0.50088
0.875,0.875,0.875,0.875,0.875
0.38282,0.38282,0.38282,0.38282,0.38282
0.82694,0.82694,0.82694,0.82694,0.82694
0.50088,0.50088,0.50088,0.50088,0.50088
0.875,0.875,0.875,0.875,0.875
0.38282,0.38282,0.38282,0.38282,0.38282
0.82694,0.82694,0.82694,0.82694,0.82694
0.50088,0.50088,0.50088,0.50088,0.50088
0.875,0.875,0.875,0.875,0.875
0.38282,0.38282,0.38282,0.38282,0.38282
0.82694,0.82694,0.82694,0.82694,0.82694
0.50088,0.50088,0.50088,0.50088,0.50088
0.875,0.875,0.875,0.875,0.875
0.38282,0.38282,0.38282,0.38282,0.38282
0.82694,0.82694,0.82694,0.82694,0.82694
0.50088,0.50088,0.50088,0.50088,0.50088
0.875,0.875,0.875,0.875,0.875
0.38282,0.38282,0.38282,0.38282,0.38282
0.82694,0.82694,0.82694,0.82694,0.82694
0.50088,0.50088,0.50088,0.50088,0.50088
0.875,0.875,0.875,0.875,0.875
0.38282,0.38282,0.38282,0.38282,0.38282
0.82694,0.82694,0.82694,0.82694,0.82694
0.50088,0.50088,0.50088,0.50088,0.50088
0.875,0.875,0.875,0.875,0.875
0.38282,0.38282,0.38282,0.38282,0.38282
0.82694,0.82694,0.82694,0.82694,0.82694
0.50088,0.50088,0.50088,0.50088,0.50088
0.875,0.875,0.875,0.875,0.875
0.38282,0.38282,0.38282,0.38282,0.38282
0.82694,0.82694,0.82694,0.82694,0.82694
0.50088,0.50088,0.50088,0.50088,0.50088
0.875,0.875,0.875,0.875,0.875
0.38282,0.38282,0.38282,0.38282,0.38282
0.82694,0.82694,0.82694,0.82694,0.82694
0.50088,0.50088,0.50088,0.50088,0.50088
0.875,0.875,0.875,0.875,0.875
0.38282,0.38282,0.38282,0.38282,0.38282
0.82694,0.82694,0.82694,0.82694,0.82694
0.50088,0.50088,0.50088,0.50088,0.50088
0.875,0.875,0.875,0.875,0.875
0.38282,0.38282,0.38282,0.38282,0.38282
0.82694,0.82694,0.82694,0.82694,0.82694
0.50088,0.50088,0.50088,0.50088,0.50088
0.875,0.875,0.875,0.875,0.875
0.38282,0.38282,0.38282,0.38282,0.38282
0.82694,0.82694,0.82694,0.82694,0.82694
0.50088,0.50088,0.50088,0.50088,0.50088
0.875,0.875,0.875,0.875,0.875
0.38282,0.38282,0.38282,0.38282,0.38282
0.82694,0.82694,0.82694,0.82694,0.82694
0.50088,0.50088,0.50088,0.50088,0.50088
0.875,0.875,0.875,0.875,0.875
0.38282,0.38282,0.38282,0.38282,0.38282
0.82694,0.82694,0.82694,0.82694,0.82694
0.50088,0.50088,0.50088,0.50088,0.50088
0.875,0.875,0.875,0.875,0.875
0.38282,0.38282,0.38282,0.38282,0.38282
0.82694,0.82694,0.82694,0.82694,0.82694
0.50088,0.50088,0.50088,0.50088,0.50088
0.875,0.875,0.875,0.875,0.875
0.38282,0.38282,0.38282,0.38282,0.38282
0.82694,0.82694,0.82694,0.82694,0.82694
0.50088,0.50088,0.50088,0.50088,0.50088
0.875,0.875,0.875,0.875,0.875
0.38282,0.38282,0.38282,0.38282,0.38282
0.82694,0.82694,0.82694,0.82694,0.82694
0.50088,0.50088,0.50088,0.50088,0.50088
0.875,0.875,0.875,0.875,0.875
0.38282,0.38282,0.38282,0.38282,0.38282
0.82694,0.82694,0.82694,0.82694,0.82694
0.50088,0.50088,0.50088,0.50088,0.50088
0.875,0.875,0.875,0.875,0.875
0.38282,0.38282,0.38282,0.38282,0.38282
0.82694,0.82694,0.82694,0.82694,0.82694
0.50088,0.50088,0.50088,0.50088,0.50088
0.875,0.875,0.875,0.875,0.875
0.38282,0.38282,0.38282,0.38282,0.38282
0.82694,0.82694,0.82694,0.82694,0.82694
0.50088,0.50088,0.50088,0.50088,0.50088
0.875,0.875,0.875,0.875,0.875
0.38282,0.38282,0.38282,0.38282,0.38282
0.82694,0.82694,0.82694,0.82694,0.82694
0.50088,0.50088,0.50088,0.50088,0.50088
0.875,0.875,0.875,0.875,0.875
0.38282,0.38282,0.38282,0.38282,0.38282
0.82694,0.82694,0.82694,0.82694,0.82694
0.50088,0.50088,0.50088,0.50088,0.50088
0.875,0.875,0.875,0.875,0.875
0.38282,0.38282,0.38282,0.38282,0.38282
0.82694,0.82694,0.82694,0.82694,0.82694
0.50088,0.50088,0.50088,0.50088,0.50088
0.875,0.875,0.875,0.875,0.875
0.38282,0.38282,0.38282,0.38282,0.38282
0.82694,0.82694,0.82694,0.82694,0.82694
0.50088,0.50088,0.50088,0.50088,0.50088
0.875,0.875,0.875,0.875,0.875
0.38282,0.38282,0.38282,0.38282,0.38282
0.82694,0.82694,0.82694,0.82694,0.82694
0.50088,0.50088,0.50088,0.50088,0.50088
0.875,0.875,0.875,0.875,0.875
0.38282,0.38282,0.38282,0.38282,0.38282
0.82694,0.82694,0.82694,0.82694,0.82694
0.50088,0.50088,0.50088,0.50088,0.50088
0.875,0.875,0.875,0.875,0.875
0.38282,0.38282,0.38282,0.38282,0.38282
0.82694,0.82694,0.82694,0.82694,0.82694
0.50088,0.50088,0.50088,0.50088,0.50088
0.875,0.875,0.875,0.875,0.875
0.38282,0.38282,0.38282,0.38282,0.38282
0.82694,0.82694,0.82694,0.82694,0.82694
0.50088,0.50088,0.50088,0.50088,0.50088
0.875,0.875,0.875,0.875,0.875
0.38282,0.38282,0.38282,0.38282,0.38282
0.82694,0.82694,0.82694,0.82694,0.82694
0.50088,0.50088,0.50088,0.50088,0.50088
0.875,0.875,0.875,0.875,0.875
0.38282,0.38282,0.38282,0.38282,0.38282
0.82694,0.82694,0.82694,0.82694,0.82694
0.50088,0.50088,0.50088,0.50088,0.50088
0.875,0.875,0.875,0.875,0.875
0.38282,0.38282,0.38282,0.38282,0.38282
0.82694,0.82694,0.82694,0.82694,0.82694
0.50088,0.50088,0.50088,0.50088,0.50088
0.875,0.875,0.875,0.875,0.875
0.38282,0.38282,0.38282,0.38282,0.38282
0.82694,0.82694,0.82694,0.82694,0.82694
0.50088,0.50088,0.50088,0.50088,0.50088
0.875,0.875,0.875,0.875,0.875
0.38282,0.38282,0.38282,0.38282,0.38282
0.82694,0.82694,0.82694,0.82694,0.82694
0.50088,0.50088,0.50088,0.50088,0.50088
0.875,0.875,0.875,0.875,0.875
0.38282,0.38282,0.38282,0.38282,0.38282
0.82694,0.82694,0.82694,0.82694,0.82694
0.50088,0.50088,0.50088,0.50088,0.50088
0.875,0.875,0.875,0.875,0.875
0.38282,0.38282,0.38282,0.38282,0.38282
0.82694,0.82694,0.82694,0.82694,0.82694
0.50088,0.50088,0.50088,0.50088,0.50088
0.875,0.875,0.875,0.875,0.875
0.38282,0.38282,0.38282,0.38282,0.38282
0.82694,0.82694,0.82694,0.82694,0.82694
0.50088,0.50088,0.50088,0.50088,0.50088
0.875,0.875,0.875,0.875,0.875
0.38282,0.38282,0.38282,0.38282,0.38282
0.82694,0.82694,0.82694,0.82694,0.82694
0.50088,0.50088,0.50088,0.50088,0.50088
0.875,0.875,0.875,0.875,0.875
0.38282,0.38282,0.38282,0.38282,0.38282
0.82694,0.82694,0.82694,0.82694,0.82694
0.50088,0.50088,0.50088,0.50088,0.50088
0.875,0.875,0.875,0.875,0.875
0.38282,0.38282,0.38282,0.38282,0.38282
0.82694,0.82694,0.82694,0.82694,0.82694
0.50088,0.50088,0.50088,0.50088,0.50088
0.875,0.875,0.875,0.875,0.875
0.38282,0.38282,0.38282,0.38282,0.38282
0.82694,0.82694,0.82694,0.82694,0.82694
0.50088,0.50088,0.50088,0.50088,0.50088
0.875,0.875,0.875,0.875,0.875
0.38282,0.38282,0.38282,0.38282,0.38282
0.82694,0.82694,0.82694,0.82694,0.82694
0.50088,0.50088,0.50088,0.50088,0.50088
0.875,0.875,0.875,0.875,0.875
0.38282,0.38282,0.38282,0.38282,0.38282
0.82694,0.82694,0.82694,0.82694,0.82694
0.50088,0.50088,0.50088,0.50088,0.50088
0.875,0.875,0.875,0.875,0.875
0.38282,0.38282,0.38282,0.38282,0.38282
0.82694,0.82694,0.82694,0.82694,0.82694
0.50088,0.50088,0.50088,0.50088,0.50088
0.875,0.875,0.875,0.875,0.875
0.38282,0.38282,0.38282,0.38282,0.38282
0.82694,0.82694,0.82694,0.82694,0.82694
0.50088,0.50088,0.50088,0.50088,0.50088
0.875,0.875,0.875,0.875,0.875
0.38282,0.38282,0.38282,0.38282,0.38282
0.82694,0.82694,0.82694,0.82694,0.82694
0.50088,0.50088,0.50088,0.50088,0.50088
0.875,0.875,0.875,0.875,0.875
0.38282,0.38282,0.38282,0.38282,0.38282
0.82694,0.82694,0.82694,0.82694,0.82694
0.50088,0.50088,0.50088,0.50088,0.50088
0.875,0.875,0.875,0.875,0.875
0.38282,0.38282,0.38282,0.38282,0.38282
0.82694,0.82694,0.82694,0.82694,0.82694
0.50088,0.50088,0.50088,0.50088,0.50088
0.875,0.875,0.875,0.875,0.875
0.38282,0.38282,0.38282,0.38282,0.38282
0.82694,0.82694,0.82694,0.82694,0.82694
0.50088,0.50088,0.50088,0.50088,0.50088
0.875,0.875,0.875,0.875,0.875
0.38282,0.38282,0.38282,0.38282,0.38282
0.82694,0.82694,0.82694,0.82694,0.82694
0.50088,0.50088,0.50088,0.50088,0.50088
0.875,0.875,0.875,0.875,0.875
0.38282,0.38282,0.38282,0.38282,0.38282
0.82694,0.82694,0.82694,0.82694,0.82694
0.50088,0.50088,0.50088,0.50088,0.50088
0.875,0.875,0.875,0.875,0.875
0.38282,0.38282,0.38282,0.38282,0.38282
0.82694,0.82694,0.82694,0.82694,0.82694
0.50088,0.50088,0.50088,0.50088,0.50088
0.875,0.875,0.875,0.875,0.875
0.38282,0.38282,0.38282,0.38282,0.38282
0.82694,0.82694,0.82694,0.82694,0.82694
0.50088,0.50088,0.50088,0.50088,0.50088
0.875,0.875,0.875,0.875,0.875
0.38282,0.38282,0.38282,0.38282,0.38282
0.82694,0.82694,0.82694,0.82694,0.82694
0.50088,0.50088,0.50088,0.50088,0.50088
0.875,0.875,0.875,0.875,0.875
0.38282,0.38282,0.38282,0.38282,0.38282
0.82694,0.82694,0.82694,0.82694,0.82694
0.50088,0.50088,0.50088,0.50088,0.50088
0.875,0.875,0.875,0.875,0.875
0.38282,0.38282,0.38282,0.38282,0.38282
0.82694,0.82694,0.82694,0.82694,0.82694
0.50088,0.50088,0.50088,0.50088,0.50088
0.875,0.875,0.875,0.875,0.875
0.38282,0.38282,0.38282,0.38282,0.38282
0.82694,0.82694,0.82694,0.82694,0.82694
0.50088,0.50088,0.50088,0.50088,0.50088
0.875,0.875,0.875,0.875,0.875
0.38282,0.38282,0.38282,0.38282,0.38282
0.82694,0.82694,0.82694,0.82694,0.82694
0.50088,0.50088,0.50088,0.50088,0.50088
0.875,0.875,0.875,0.875,0.875
0.38282,0.38282,0.38282,0.38282,0.38282
0.82694,0.82694,0.82694,0.82694,0.82694
0.50088,0.50088,0.50088,0.50088,0.50088
0.875,0.875,0.875,0.875,0.875
0.38282,0.38282,0.38282,0.38282,0.38282
0.82694,0.82694,0.82694,0.82694,0.82694
0.50088,0.50088,0.50088,0.50088,0.50088
0.875,0.875,0.875,0.875,0.875
0.38282,0.38282,0.38282,0.38282,0.38282
0.82694,0.82694,0.82694,0.82694,0.82694
0.50088,0.50088,0.50088,0.50088,0.50088
0.875,0.875,0.875,0.875,0.875
0.38282,0.38282,0.38282,0.38282,0.38282
0.82694,0.82694,0.82694,0.82694,0.82694
0.50088,0.50088,0.50088,0.50088,0.50088
0.875,0.875,0.875,0.875,0.875
0.38282,0.38282,0.38282,0.38282,0.38282
0.82694,0.82694,0.82694,0.82694,0.82694
0.50088,0.50088,0.50088,0.50088,0.50088
0.875,0.875,0.875,0.875,0.875
0.38282,0.38282,0.38282,0.38282,0.38282
0.82694,0.82694,0.82694,0.82694,0.82694
0.50088,0.50088,0.50088,0.50088,0.50088
0.875,0.875,0.875,0.875,0.875
0.38282,0.38282,0.38282,0.38282,0.38282
0.82694,0.82694,0.82694,0.82694,0.82694
0.50088,0.50088,0.50088,0.50088,0.50088
0.875,0.875,0.875,0.875,0.875
0.38282,0.38282,0.38282,0.38282,0.38282
0.82694,0.82694,0.82694,0.82694,0.82694
0.50088,0.50088,0.50088,0.50088,0.50088
0.875,0.875,0.875,0.875,0.875
0.38282,0.38282,0.38282,0.38282,0.38282
0.82694,0.82694,0.82694,0.82694,0.82694
0.50088,0.50088,0.50088,0.50088,0.50088
0.875,0.875,0.875,0.875,0.875
0.38282,0.38282,0.38282,0.38282,0.38282
0.82694,0.82694,0.82694,0.82694,0.82694
0.50088,0.50088,0.50088,0.50088,0.50088
0.875,0.875,0.875,0.875,0.875
0.38282,0.38282,0.38282,0.38282,0.38282
0.82694,0.82694,0.82694,0.82694,0.82694
0.50088,0.50088,0.50088,0.50088,0.50088
0.875,0.875,0.875,0.875,0.875
0.38282,0.38282,0.38282,0.38282,0.38282
0.82694,0.82694,0.82694,0.82694,0.82694
0.50088,0.50088,0.50088,0.50088,0.50088
0.875,0.875,0.875,0.875,0.875
0.38282,0.38282,0.38282,0.38282,0.38282
0.82694,0.82694,0.82694,0.82694,0.82694
0.50088,0.50088,0.50088,0.50088,0.50088
0.875,0.875,0.875,0.875,0.875
0.38282,0.38282,0.38282,0.38282,0.38282
0.82694,0.82694,0.82694,0.82694,0.82694
0.50088,0.50088,0.50088,0.50088,0.50088
0.875,0.875,0.875,0.875,0.875
0.38282,0.38282,0.38282,0.38282,0.38282
0.82694,0.82694,0.82694,0.82694,0.82694
0.50088,0.50088,0.50088,0.50088,0.50088
0.875,0.875,0.875,0.875,0.875
0.38282,0.38282,0.38282,0.38282,0.38282
0.82694,0.82694,0.82694,0.82694,0.82694
0.50088,0.50088,0.50088,0.50088,0.50088
0.875,0.875,0.875,0.875,0.875
0.38282,0.38282,0.38282,0.38282,0.38282
0.82694,0.82694,0.82694,0.82694,0.82694
0.50088,0.50088,0.50088,0.50088,0.50088
0.875,0.875,0.875,0.875,0.875
0.38282,0.38282,0.38282,0.38282,0.38282
0.82694,0.82694,0.82694,0.82694,0.82694
0.50088,0.50088,0.50088,0.50088,0.50088
0.875,0.875,0.875,0.875,0.875
0.38282,0.38282,0.38282,0.38282,0.38282
0.82694,0.82694,0.82694,0.82694,0.82694
0.50088,0.50088,0.50088,0.50088,0.50088
0.875,0.875,0.875,0.875,0.875
0.38282,0.38282,0.38282,0.38282,0.38282
0.82694,0.82694,0.82694,0.82694,0.82694
0.50088,0.50088,0.50088,0.50088,0.50088
0.875,0.875,0.875,0.875,0.875
0.38282,0.38282,0.38282,0.38282,0.38282
0.82694,0.82694,0.82694,0.82694,0.82694
0.50088,0.50088,0.50088,0.50088,0.50088
0.875,0.875,0.875,0.875,0.875
0.38282,0.38282,0.38282,0.38282,0.38282
0.82694,0.82694,0.82694,0.82694,0.82694
0.50088,0.50088,0.50088,0.50088,0.50088
0.875,0.875,0.875,0.875,0.875
0.38282,0.38282,0.38282,0.38282,0.38282
0.82694,0.82694,0.82694,0.82694,0.82694
0.50088,0.50088,0.50088,0.50088,0.50088
0.875,0.875,0.875,0.875,0.875
0.38282,0.38282,0.38282,0.38282,0.38282
0.82694,0.82694,0.82694,0.82694,0.82694
0.50088,0.50088,0.50088,0.50088,0.50088
0.875,0.875,0.875,0.875,0.875
0.38282,0.38282,0.38282,0.38282,0.38282
0.82694,0.82694,0.82694,0.82694,0.82694
0.50088,0.50088,0.50088,0.50088,0.50088
0.875,0.875,0.875,0.875,0.875
0.38282,0.38282,0.38282,0.38282,0.38282
0.82694,0.82694,0.82694,0.82694,0.82694
0.50088,0.50088,0.50088,0.50088,0.50088
0.875,0.875,0.875,0.875,0.875
0.38282,0.38282,0.38282,0.38282,0.38282
0.82694,0.82694,0.82694,0.82694,0.82694
0.50088,0.50088,0.50088,0.50088,0.50088
0.875,0.875,0.875,0.875,0.875
0.38282,0.38282,0.38282,0.38282,0.38282
0.82694,0.82694,0.82694,0.82694,0.82694
0.50088,0.50088,0.50088,0.50088,0.50088
0.875,0.875,0.875,0.875,0.875
0.38282,0.38282,0.38282,0.38282,0.38282
0.82694,0.82694,0.82694,0.82694,0.82694
0.50088,0.50088,0.50088,0.50088,0.50088
0.875,0.875,0.875,0.875,0.875
0.38282,0.38282,0.38282,0.38282,0.38282
0.82694,0.82694,0.82694,0.82694,0.82694
0.50088,0.50088,0.50088,0.50088,0.50088
0.875,0.875,0.875,0.875,0.875
0.38282,0.38282,0.38282,0.38282,0.38282
0.82694,0.82694,0.82694,0.82694,0.82694
0.50088,0.50088,0.50088,0.50088,0.50088
0.875,0.875,0.875,0.875,0.875
0.38282,0.38282,0.38282,0.38282,0.38282
0.82694,0.82694,0.82694,0.82694,0.82694
0.50088,0.50088,0.50088,0.50088,0.50088
0.875,0.875,0.875,0.875,0.875
0.38282,0.38282,0.38282,0.38282,0.38282
0.82694,0.82694,0.82694,0.82694,0.82694
0.50088,0.50088,0.50088,0.50088,0.50088
0.875,0.875,0.875,0.875,0.875
0.38282,0.38282,0.38282,0.38282,0.38282
0.82694,0.82694,0.82694,0.82694,0.82694
0.50088,0.50088,0.50088,0.50088,0.50088
0.875,0.875,0.875,0.875,0.875
0.38282,0.38282,0.38282,0.38282,0.38282
0.82694,0.82694,0.82694,0.82694,0.82694
0.50088,0.50088,0.50088,0.50088,0.50088
0.875,0.875,0.875,0.875,0.875
0.38282,0.38282,0.38282,0.38282,0.38282
0.82694,0.82694,0.82694,0.82694,0.82694
0.50088,0.50088,0.50088,0.50088,0.50088
0.875,0.875,0.875,0.875,0.875
0.38282,0.38282,0.38282,0.38282,0.38282
0.82694,0.82694,0.82694,0.82694,0.82694
0.50088,0.50088,0.50088,0.50088,0.50088
0.875,0.875,0.875,0.875,0.875
0.38282,0.38282,0.38282,0.38282,0.38282
0.82694,0.82694,0.82694,0.82694,0.82694
0.50088,0.50088,0.50088,0.50088,0.50088
0.875,0.875,0.875,0.875,0.875
0.38282,0.38282,0.38282,0.38282,0.38282
0.82694,0.82694,0.82694,0.82694,0.82694
0.50088,0.50088,0.50088,0.50088,0.50088
0.875,0.875,0.875,0.875,0.875
0.38282,0.38282,0.38282,0.38282,0.38282
0.82694,0.82694,0.82694,0.82694,0.82694
0.50088,0.50088,0.50088,0.50088,0.50088
0.875,0.875,0.875,0.875,0.875
0.38282,0.38282,0.38282,0.38282,0.38282
0.82694,0.82694,0.82694,0.82694,0.82694
0.50088,0.50088,0.50088,0.50088,0.50088
0.875,0.875,0.875,0.875,0.875
0.38282,0.38282,0.38282,0.38282,0.38282
0.82694,0.82694,0.82694,0.82694,0.82694
0.50088,0.50088,0.50088,0.50088,0.50088
0.875,0.875,0.875,0.875,0.875
0.38282,0.38282,0.38282,0.38282,0.38282
0.82694,0.82694,0.82694,0.82694,0.82694
0.50088,0.50088,0.50088,0.50088,0.50088
0.875,0.875,0.875,0.875,0.875
0.38282,0.38282,0.38282,0.38282,0.38282
0.82694,0.82694,0.82694,0.82694,0.82694
0.50088,0.50088,0.50088,0.50088,0.50088
0.875,0.875,0.875,0.875,0.875
0.38282,0.38282,0.38282,0.38282,0.38282
0.82694,0.82694,0.82694,0.82694,0.82694
0.50088,0.50088,0.50088,0.50088,0.50088
0.875,0.875,0.875,0.875,0.875
0.38282,0.38282,0.38282,0.38282,0.38282
0.82694,0.82694,0.82694,0.82694,0.82694
0.50088,0.50088,0.50088,0.50088,0.50088
0.875,0.875,0.875,0.875,0.875
0.38282,0.38282,0.38282,0.38282,0.38282
0.82694,0.82694,0.82694,0.82694,0.82694
0.50088,0.50088,0.50088,0.50088,0.50088
0.875,0.875,0.875,0.875,0.875
0.38282,0.38282,0.38282,0.38282,0.38282
0.82694,0.82694,0.82694,0.82694,0.82694
0.50088,0.50088,0.50088,0.50088,0.50088
0.875,0.875,0.875,0.875,0.875
0.38282,0.38282,0.38282,0.38282,0.38282
0.82694,0.82694,0.82694,0.82694,0.82694
0.50088,0.50088,0.50088,0.50088,0.50088
0.875,0.875,0.875,0.875,0.875
0.38282,0.38282,0.38282,0.38282,0.38282
0.82694,0.82694,0.82694,0.82694,0.82694
0.50088,0.50088,0.50088,0.50088,0.50088
0.875,0.875,0.875,0.875,0.875
0.38282,0.38282,0.38282,0.38282,0.38282
0.82694,0.82694,0.82694,0.82694,0.82694
0.50088,0.50088,0.50088,0.50088,0.50088
0.875,0.875,0.875,0.875,0.875
0.38282,0.38282,0.38282,0.38282,0.38282
0.82694,0.82694,0.82694,0.82694,0.82694
0.50088,0.50088,0.50088,0.50088,0.50088
0.875,0.875,0.875,0.875,0.875
0.38282,0.38282,0.38282,0.38282,0.38282
0.82694,0.82694,0.82694,0.82694,0.82694
0.50088,0.50088,0.50088,0.50088,0.50088
0.875,0.875,0.875,0.875,0.875
0.38282,0.38282,0.38282,0.38282,0.38282
0.82694,0.82694,0.82694,0.82694,0.82694
0.50088,0.50088,0.50088,0.50088,0.50088
0.875,0.875,0.875,0.875,0.875
0.38282,0.38282,0.38282,0.38282,0.38282
0.82694,0.82694,0.82694,0.82694,0.82694
0.50088,0.50088,0.50088,0.50088,0.50088
0.875,0.875,0.875,0.875,0.875
0.38282,0.38282,0.38282,0.38282,0.38282
0.82694,0.82694,0.82694,0.82694,0.82694
0.50088,0.50088,0.50088,0.50088,0.50088
0.875,0.875,0.875,0.875,0.875
0.38282,0.38282,0.38282,0.38282,0.38282
0.82694,0.82694,0.82694,0.82694,0.82694
0.50088,0.50088,0.50088,0.50088,0.50088
0.875,0.875,0.875,0.875,0.875
0.38282,0.38282,0.38282,0.38282,0.38282
0.82694,0.82694,0.82694,0.82694,0.82694
0.50088,0.50088,0.50088,0.50088,0.50088
0.875,0.875,0.875,0.875,0.875
0.38282,0.38282,0.38282,0.38282,0.38282
0.82694,0.82694,0.82694,0.82694,0.82694
0.50088,0.50088,0.50088,0.50088,0.50088
0.875,0.875,0.875,0.875,0.875
0.38282,0.38282,0.38282,0.38282,0.38282
0.82694,0.82694,0.82694,0.82694,0.82694
0.50088,0.50088,0.50088,0.50088,0.50088
0.875,0.875,0.875,0.875,0.875
0.38282,0.38282,0.38282,0.38282,0.38282
0.82694,0.82694,0.82694,0.82694,0.82694
0.50088,0.50088,0.50088,0.50088,0.50088
0.875,0.875,0.875,0.875,0.875
0.38282,0.38282,0.38282,0.38282,0.38282
0.82694,0.82694,0.82694,0.82694,0.82694
0.50088,0.50088,0.50088,0.50088,0.50088
0.875,0.875,0.875,0.875,0.875
0.38282,0.38282,0.38282,0.38282,0.38282
0.82694,0.82694,0.82694,0.82694,0.82694
0.50088,0.50088,0.50088,0.50088,0.50088
0.875,0.875,0.875,0.875,0.875
0.38282,0.38282,0.38282,0.38282,0.38282
0.82694,0.82694,0.82694,0.82694,0.82694
0.50088,0.50088,0.50088,0.50088,0.50088
0.875,0.875,0.875,0.875,0.875
0.38282,0.38282,0.38282,0.38282,0.38282
0.82694,0.82694,0.82694,0.82694,0.82694
0.50088,0.50088,0.50088,0.50088,0.50088
0.875,0.875,0.875,0.875,0.875
0.38282,0.38282,0.38282,0.38282,0.38282
0.82694,0.82694,0.82694,0.82694,0.82694
0.50088,0.50088,0.50088,0.50088,0.50088
0.875,0.875,0.875,0.875,0.875
0.38282,0.38282,0.38282,0.38282,0.38282
0.82694,0.82694,0.82694,0.82694,0.82694
0.50088,0.50088,0.50088,0.50088,0.50088
0.875,0.875,0.875,0.875,0.875
0.38282,0.38282,0.38282,0.38282,0.38282
0.82694,0.82694,0.82694,0.82694,0.82694
0.50088,0.50088,0.50088,0.50088,0.50088
0.875,0.875,0.875,0.875,0.875
0.38282,0.38282,0.38282,0.38282,0.38282
0.82694,0.82694,0.82694,0.82694,0.82694
0.50088,0.50088,0.50088,0.50088,0.50088
0.875,0.875,0.875,0.875,0.875
0.38282,0.38282,0.38282,0.38282,0.38282
0.82694,0.82694,0.82694,0.82694,0.82694
0.50088,0.50088,0.50088,0.50088,0.50088
0.875,0.875,0.875,0.875,0.875
0.38282,0.38282,0.38282,0.38282,0.38282
0.82694,0.82694,0.82694,0.82694,0.82694
0.50088,0.50088,0.50088,0.50088,0.50088
0.875,0.875,0.875,0.875,0.875
0.38282,0.38282,0.38282,0.38282,0.38282
0.82694,0.82694,0.82694,0.82694,0.82694
0.50088,0.50088,0.50088,0.50088,0.50088
0.875,0.875,0.875,0.875,0.875
0.38282,0.38282,0.38282,0.38282,0.38282
0.82694,0.82694,0.82694,0.82694,0.82694
0.50088,0.50088,0.50088,0.50088,0.50088
0.875,0.875,0.875,0.875,0.875
0.38282,0.38282,0.38282,0.38282,0.38282
0.82694,0.82694,0.82694,0.82694,0.82694
0.50088,0.50088,0.50088,0.50088,0.50088
0.875,0.875,0.875,0.875,0.875
0.38282,0.38282,0.38282,0.38282,0.38282
0.82694,0.82694,0.82694,0.82694,0.82694
0.50088,0.50088,0.50088,0.50088,0.50088
0.875,0.875,0.875,0.875,0.875
0.38282,0.38282,0.38282,0.38282,0.38282
0.82694,0.82694,0.82694,0.82694,0.82694
0.50088,0.50088,0.50088,0.50088,0.50088
