0.1,0.2,0.3,0.5,0.6
0.018,0.032,0.042,0.05,0.048
0.0035352,0.0061952,0.0080472,0.0095,0.0091392
0.00070454,0.0012314,0.0015965,0.001882,0.0018111
0.00014081,0.00024597,0.00031879,0.00037568,0.00036157
2.8158e-05,4.9182e-05,6.3737e-05,7.5108e-05,7.2288e-05
5.6314e-06,9.8359e-06,1.2747e-05,1.502e-05,1.4457e-05
1.1263e-06,1.9672e-06,2.5493e-06,3.0041e-06,2.8913e-06
2.2525e-07,3.9343e-07,5.0986e-07,6.0081e-07,5.7825e-07
4.5051e-08,7.8686e-08,1.0197e-07,1.2016e-07,1.1565e-07
9.0102e-09,1.5737e-08,2.0394e-08,2.4032e-08,2.313e-08
1.802e-09,3.1474e-09,4.0789e-09,4.8065e-09,4.626e-09
3.6041e-10,6.2949e-10,8.1577e-10,9.6129e-10,9.252e-10
7.2081e-11,1.259e-10,1.6315e-10,1.9226e-10,1.8504e-10
1.4416e-11,2.518e-11,3.2631e-11,3.8452e-11,3.7008e-11
2.8833e-12,5.0359e-12,6.5262e-12,7.6903e-12,7.4016e-12
5.7665e-13,1.0072e-12,1.3052e-12,1.5381e-12,1.4803e-12
1.1533e-13,2.0144e-13,2.6105e-13,3.0761e-13,2.9607e-13
2.3066e-14,4.0287e-14,5.2209e-14,6.1523e-14,5.9213e-14
4.6132e-15,8.0575e-15,1.0442e-14,1.2305e-14,1.1843e-14
9.2264e-16,1.6115e-15,2.0884e-15,2.4609e-15,2.3685e-15
1.8453e-16,3.223e-16,4.1768e-16,4.9218e-16,4.737e-16
3.6906e-17,6.446e-17,8.3535e-17,9.8436e-17,9.4741e-17
7.3811e-18,1.2892e-17,1.6707e-17,1.9687e-17,1.8948e-17
1.4762e-18,2.5784e-18,3.3414e-18,3.9375e-18,3.7896e-18
2.9525e-19,5.1568e-19,6.6828e-19,7.8749e-19,7.5793e-19
5.9049e-20,1.0314e-19,1.3366e-19,1.575e-19,1.5159e-19
1.181e-20,2.0627e-20,2.6731e-20,3.15e-20,3.0317e-20
2.362e-21,4.1254e-21,5.3462e-21,6.2999e-21,6.0634e-21
4.7239e-22,8.2508e-22,1.0692e-21,1.26e-21,1.2127e-21
9.4479e-23,1.6502e-22,2.1385e-22,2.52e-22,2.4254e-22
1.8896e-23,3.3003e-23,4.277e-23,5.0399e-23,4.8507e-23
3.7791e-24,6.6007e-24,8.554e-24,1.008e-23,9.7015e-24
7.5583e-25,1.3201e-24,1.7108e-24,2.016e-24,1.9403e-24
1.5117e-25,2.6403e-25,3.4216e-25,4.032e-25,3.8806e-25
3.0233e-26,5.2805e-26,6.8432e-26,8.0639e-26,7.7612e-26
6.0466e-27,1.0561e-26,1.3686e-26,1.6128e-26,1.5522e-26
1.2093e-27,2.1122e-27,2.7373e-27,3.2256e-27,3.1045e-27
2.4187e-28,4.2244e-28,5.4746e-28,6.4511e-28,6.2089e-28
4.8373e-29,8.4489e-29,1.0949e-28,1.2902e-28,1.2418e-28
9.6746e-30,1.6898e-29,2.1898e-29,2.5805e-29,2.4836e-29
1.9349e-30,3.3795e-30,4.3796e-30,5.1609e-30,4.9671e-30
3.8698e-31,6.7591e-31,8.7593e-31,1.0322e-30,9.9343e-31
7.7397e-32,1.3518e-31,1.7519e-31,2.0644e-31,1.9869e-31
1.5479e-32,2.7036e-32,3.5037e-32,4.1287e-32,3.9737e-32
3.0959e-33,5.4073e-33,7.0074e-33,8.2574e-33,7.9474e-33
6.1917e-34,1.0815e-33,1.4015e-33,1.6515e-33,1.5895e-33
1.2383e-34,2.1629e-34,2.803e-34,3.303e-34,3.179e-34
2.4767e-35,4.3258e-35,5.6059e-35,6.606e-35,6.3579e-35
4.9534e-36,8.6516e-36,1.1212e-35,1.3212e-35,1.2716e-35
9.9068e-37,1.7303e-36,2.2424e-36,2.6424e-36,2.5432e-36
1.9814e-37,3.4606e-37,4.4848e-37,5.2848e-37,5.0864e-37
3.9627e-38,6.9213e-38,8.9695e-38,1.057e-37,1.0173e-37
7.9254e-39,1.3843e-38,1.7939e-38,2.1139e-38,2.0345e-38
1.5851e-39,2.7685e-39,3.5878e-39,4.2278e-39,4.0691e-39
3.1702e-40,5.537e-40,7.1756e-40,8.4556e-40,8.1382e-40
6.3403e-41,1.1074e-40,1.4351e-40,1.6911e-40,1.6276e-40
1.2681e-41,2.2148e-41,2.8702e-41,3.3823e-41,3.2553e-41
2.5361e-42,4.4296e-42,5.7405e-42,6.7645e-42,6.5105e-42
5.0723e-43,8.8593e-43,1.1481e-42,1.3529e-42,1.3021e-42
1.0145e-43,1.7719e-43,2.2962e-43,2.7058e-43,2.6042e-43
2.0289e-44,3.5437e-44,4.5924e-44,5.4116e-44,5.2084e-44
4.0578e-45,7.0874e-45,9.1848e-45,1.0823e-44,1.0417e-44
8.1156e-46,1.4175e-45,1.837e-45,2.1646e-45,2.0834e-45
1.6231e-46,2.835e-46,3.6739e-46,4.3293e-46,4.1667e-46
3.2463e-47,5.6699e-47,7.3478e-47,8.6586e-47,8.3335e-47
6.4925e-48,1.134e-47,1.4696e-47,1.7317e-47,1.6667e-47
1.2985e-48,2.268e-48,2.9391e-48,3.4634e-48,3.3334e-48
2.597e-49,4.5359e-49,5.8783e-49,6.9268e-49,6.6668e-49
5.194e-50,9.0719e-50,1.1757e-49,1.3854e-49,1.3334e-49
1.0388e-50,1.8144e-50,2.3513e-50,2.7707e-50,2.6667e-50
2.0776e-51,3.6288e-51,4.7026e-51,5.5415e-51,5.3334e-51
4.1552e-52,7.2575e-52,9.4052e-52,1.1083e-51,1.0667e-51
8.3104e-53,1.4515e-52,1.881e-52,2.2166e-52,2.1334e-52
1.6621e-53,2.903e-53,3.7621e-53,4.4332e-53,4.2667e-53
3.3242e-54,5.806e-54,7.5242e-54,8.8664e-54,8.5335e-54
6.6483e-55,1.1612e-54,1.5048e-54,1.7733e-54,1.7067e-54
1.3297e-55,2.3224e-55,3.0097e-55,3.5465e-55,3.4134e-55
2.6593e-56,4.6448e-56,6.0193e-56,7.0931e-56,6.8268e-56
5.3187e-57,9.2896e-57,1.2039e-56,1.4186e-56,1.3654e-56
1.0637e-57,1.8579e-57,2.4077e-57,2.8372e-57,2.7307e-57
2.1275e-58,3.7158e-58,4.8155e-58,5.6745e-58,5.4614e-58
4.2549e-59,7.4317e-59,9.6309e-59,1.1349e-58,1.0923e-58
8.5099e-60,1.4863e-59,1.9262e-59,2.2698e-59,2.1846e-59
1.702e-60,2.9727e-60,3.8524e-60,4.5396e-60,4.3691e-60
3.4039e-61,5.9453e-61,7.7047e-61,9.0792e-61,8.7383e-61
6.8079e-62,1.1891e-61,1.5409e-61,1.8158e-61,1.7477e-61
1.3616e-62,2.3781e-62,3.0819e-62,3.6317e-62,3.4953e-62
2.7232e-63,4.7563e-63,6.1638e-63,7.2633e-63,6.9906e-63
5.4463e-64,9.5126e-64,1.2328e-63,1.4527e-63,1.3981e-63
1.0893e-64,1.9025e-64,2.4655e-64,2.9053e-64,2.7963e-64
2.1785e-65,3.805e-65,4.931e-65,5.8107e-65,5.5925e-65
4.3571e-66,7.61e-66,9.8621e-66,1.1621e-65,1.1185e-65
8.7141e-67,1.522e-66,1.9724e-66,2.3243e-66,2.237e-66
1.7428e-67,3.044e-67,3.9448e-67,4.6485e-67,4.474e-67
3.4856e-68,6.088e-68,7.8897e-68,9.2971e-68,8.948e-68
6.9713e-69,1.2176e-68,1.5779e-68,1.8594e-68,1.7896e-68
1.3943e-69,2.4352e-69,3.1559e-69,3.7188e-69,3.5792e-69
2.7885e-70,4.8704e-70,6.3117e-70,7.4376e-70,7.1584e-70
5.577e-71,9.7409e-71,1.2623e-70,1.4875e-70,1.4317e-70
1.1154e-71,1.9482e-71,2.5247e-71,2.9751e-71,2.8634e-71
2.2308e-72,3.8963e-72,5.0494e-72,5.9501e-72,5.7267e-72
4.4616e-73,7.7927e-73,1.0099e-72,1.19e-72,1.1453e-72
8.9232e-74,1.5585e-73,2.0198e-73,2.38e-73,2.2907e-73
1.7846e-74,3.1171e-74,4.0395e-74,4.7601e-74,4.5814e-74
3.5693e-75,6.2342e-75,8.079e-75,9.5202e-75,9.1628e-75
7.1386e-76,1.2468e-75,1.6158e-75,1.904e-75,1.8326e-75
1.4277e-76,2.4937e-76,3.2316e-76,3.8081e-76,3.6651e-76
2.8554e-77,4.9873e-77,6.4632e-77,7.6162e-77,7.3302e-77
5.7109e-78,9.9746e-78,1.2926e-77,1.5232e-77,1.466e-77
1.1422e-78,1.9949e-78,2.5853e-78,3.0465e-78,2.9321e-78
2.2844e-79,3.9899e-79,5.1706e-79,6.0929e-79,5.8642e-79
4.5687e-80,7.9797e-80,1.0341e-79,1.2186e-79,1.1728e-79
9.1374e-81,1.5959e-80,2.0682e-80,2.4372e-80,2.3457e-80
1.8275e-81,3.1919e-81,4.1365e-81,4.8743e-81,4.6913e-81
3.655e-82,6.3838e-82,8.2729e-82,9.7487e-82,9.3827e-82
7.3099e-83,1.2768e-82,1.6546e-82,1.9497e-82,1.8765e-82
1.462e-83,2.5535e-83,3.3092e-83,3.8995e-83,3.7531e-83
2.924e-84,5.107e-84,6.6183e-84,7.7989e-84,7.5061e-84
5.8479e-85,1.0214e-84,1.3237e-84,1.5598e-84,1.5012e-84
1.1696e-85,2.0428e-85,2.6473e-85,3.1196e-85,3.0025e-85
2.3392e-86,4.0856e-86,5.2947e-86,6.2392e-86,6.0049e-86
4.6784e-87,8.1712e-87,1.0589e-86,1.2478e-86,1.201e-86
9.3567e-88,1.6342e-87,2.1179e-87,2.4957e-87,2.402e-87
1.8713e-88,3.2685e-88,4.2357e-88,4.9913e-88,4.8039e-88
3.7427e-89,6.537e-89,8.4715e-89,9.9826e-89,9.6079e-89
7.4854e-90,1.3074e-89,1.6943e-89,1.9965e-89,1.9216e-89
1.4971e-90,2.6148e-90,3.3886e-90,3.9931e-90,3.8431e-90
2.9941e-91,5.2296e-91,6.7772e-91,7.9861e-91,7.6863e-91
5.9883e-92,1.0459e-91,1.3554e-91,1.5972e-91,1.5373e-91
1.1977e-92,2.0918e-92,2.7109e-92,3.1944e-92,3.0745e-92
2.3953e-93,4.1837e-93,5.4217e-93,6.3889e-93,6.149e-93
4.7906e-94,8.3673e-94,1.0843e-93,1.2778e-93,1.2298e-93
9.5813e-95,1.6735e-94,2.1687e-94,2.5556e-94,2.4596e-94
1.9163e-95,3.3469e-95,4.3374e-95,5.1111e-95,4.9192e-95
3.8325e-96,6.6939e-96,8.6748e-96,1.0222e-95,9.8384e-96
7.665e-97,1.3388e-96,1.735e-96,2.0444e-96,1.9677e-96
1.533e-97,2.6775e-97,3.4699e-97,4.0889e-97,3.9354e-97
3.066e-98,5.3551e-98,6.9398e-98,8.1778e-98,7.8708e-98
6.132e-99,1.071e-98,1.388e-98,1.6356e-98,1.5742e-98
1.2264e-99,2.142e-99,2.7759e-99,3.2711e-99,3.1483e-99
2.4528e-100,4.2841e-100,5.5519e-100,6.5422e-100,6.2966e-100
4.9056e-101,8.5682e-101,1.1104e-100,1.3084e-100,1.2593e-100
9.8112e-102,1.7136e-101,2.2207e-101,2.6169e-101,2.5186e-101
1.9622e-102,3.4273e-102,4.4415e-102,5.2338e-102,5.0373e-102
3.9245e-103,6.8545e-103,8.883e-103,1.0468e-102,1.0075e-102
7.849e-104,1.3709e-103,1.7766e-103,2.0935e-103,2.0149e-103
1.5698e-104,2.7418e-104,3.5532e-104,4.187e-104,4.0298e-104
3.1396e-105,5.4836e-105,7.1064e-105,8.374e-105,8.0597e-105
6.2792e-106,1.0967e-105,1.4213e-105,1.6748e-105,1.6119e-105
1.2558e-106,2.1934e-106,2.8426e-106,3.3496e-106,3.2239e-106
2.5117e-107,4.3869e-107,5.6851e-107,6.6992e-107,6.4477e-107
5.0233e-108,8.7738e-108,1.137e-107,1.3398e-107,1.2895e-107
1.0047e-108,1.7548e-108,2.274e-108,2.6797e-108,2.5791e-108
2.0093e-109,3.5095e-109,4.5481e-109,5.3594e-109,5.1582e-109
4.0187e-110,7.019e-110,9.0962e-110,1.0719e-109,1.0316e-109
8.0373e-111,1.4038e-110,1.8192e-110,2.1438e-110,2.0633e-110
1.6075e-111,2.8076e-111,3.6385e-111,4.2875e-111,4.1265e-111
3.2149e-112,5.6152e-112,7.2769e-112,8.575e-112,8.2531e-112
6.4299e-113,1.123e-112,1.4554e-112,1.715e-112,1.6506e-112
1.286e-113,2.2461e-113,2.9108e-113,3.43e-113,3.3012e-113
2.572e-114,4.4922e-114,5.8215e-114,6.86e-114,6.6025e-114
5.1439e-115,8.9844e-115,1.1643e-114,1.372e-114,1.3205e-114
1.0288e-115,1.7969e-115,2.3286e-115,2.744e-115,2.641e-115
2.0576e-116,3.5937e-116,4.6572e-116,5.488e-116,5.282e-116
4.1151e-117,7.1875e-117,9.3145e-117,1.0976e-116,1.0564e-116
8.2302e-118,1.4375e-117,1.8629e-117,2.1952e-117,2.1128e-117
1.646e-118,2.875e-118,3.7258e-118,4.3904e-118,4.2256e-118
3.2921e-119,5.75e-119,7.4516e-119,8.7808e-119,8.4512e-119
6.5842e-120,1.15e-119,1.4903e-119,1.7562e-119,1.6902e-119
1.3168e-120,2.3e-120,2.9806e-120,3.5123e-120,3.3805e-120
2.6337e-121,4.6e-121,5.9613e-121,7.0247e-121,6.7609e-121
5.2674e-122,9.2e-122,1.1923e-121,1.4049e-121,1.3522e-121
1.0535e-122,1.84e-122,2.3845e-122,2.8099e-122,2.7044e-122
2.1069e-123,3.68e-123,4.769e-123,5.6197e-123,5.4087e-123
4.2139e-124,7.36e-124,9.538e-124,1.1239e-123,1.0817e-123
8.4278e-125,1.472e-124,1.9076e-124,2.2479e-124,2.1635e-124
1.6856e-125,2.944e-125,3.8152e-125,4.4958e-125,4.327e-125
3.3711e-126,5.888e-126,7.6304e-126,8.9916e-126,8.654e-126
6.7422e-127,1.1776e-126,1.5261e-126,1.7983e-126,1.7308e-126
1.3484e-127,2.3552e-127,3.0522e-127,3.5966e-127,3.4616e-127
2.6969e-128,4.7104e-128,6.1043e-128,7.1933e-128,6.9232e-128
5.3938e-129,9.4208e-129,1.2209e-128,1.4387e-128,1.3846e-128
1.0788e-129,1.8842e-129,2.4417e-129,2.8773e-129,2.7693e-129
2.1575e-130,3.7683e-130,4.8835e-130,5.7546e-130,5.5386e-130
4.315e-131,7.5366e-131,9.7669e-131,1.1509e-130,1.1077e-130
8.63e-132,1.5073e-131,1.9534e-131,2.3018e-131,2.2154e-131
1.726e-132,3.0147e-132,3.9068e-132,4.6037e-132,4.4308e-132
3.452e-133,6.0293e-133,7.8135e-133,9.2074e-133,8.8617e-133
6.904e-134,1.2059e-133,1.5627e-133,1.8415e-133,1.7723e-133
1.3808e-134,2.4117e-134,3.1254e-134,3.6829e-134,3.5447e-134
2.7616e-135,4.8234e-135,6.2508e-135,7.3659e-135,7.0894e-135
5.5232e-136,9.6469e-136,1.2502e-135,1.4732e-135,1.4179e-135
1.1046e-136,1.9294e-136,2.5003e-136,2.9464e-136,2.8357e-136
2.2093e-137,3.8588e-137,5.0007e-137,5.8927e-137,5.6715e-137
4.4186e-138,7.7175e-138,1.0001e-137,1.1785e-137,1.1343e-137
8.8372e-139,1.5435e-138,2.0003e-138,2.3571e-138,2.2686e-138
1.7674e-139,3.087e-139,4.0005e-139,4.7142e-139,4.5372e-139
3.5349e-140,6.174e-140,8.0011e-140,9.4283e-140,9.0744e-140
7.0697e-141,1.2348e-140,1.6002e-140,1.8857e-140,1.8149e-140
1.4139e-141,2.4696e-141,3.2004e-141,3.7713e-141,3.6297e-141
2.8279e-142,4.9392e-142,6.4009e-142,7.5427e-142,7.2595e-142
5.6558e-143,9.8784e-143,1.2802e-142,1.5085e-142,1.4519e-142
1.1312e-143,1.9757e-143,2.5603e-143,3.0171e-143,2.9038e-143
2.2623e-144,3.9514e-144,5.1207e-144,6.0341e-144,5.8076e-144
4.5246e-145,7.9027e-145,1.0241e-144,1.2068e-144,1.1615e-144
9.0492e-146,1.5805e-145,2.0483e-145,2.4137e-145,2.323e-145
1.8098e-146,3.1611e-146,4.0965e-146,4.8273e-146,4.6461e-146
3.6197e-147,6.3222e-147,8.1931e-147,9.6546e-147,9.2922e-147
7.2394e-148,1.2644e-147,1.6386e-147,1.9309e-147,1.8584e-147
1.4479e-148,2.5289e-148,3.2772e-148,3.8618e-148,3.7169e-148
2.8958e-149,5.0577e-149,6.5545e-149,7.7237e-149,7.4337e-149
5.7915e-150,1.0115e-149,1.3109e-149,1.5447e-149,1.4867e-149
1.1583e-150,2.0231e-150,2.6218e-150,3.0895e-150,2.9735e-150
2.3166e-151,4.0462e-151,5.2436e-151,6.179e-151,5.947e-151
4.6332e-152,8.0924e-152,1.0487e-151,1.2358e-151,1.1894e-151
9.2664e-153,1.6185e-152,2.0974e-152,2.4716e-152,2.3788e-152
1.8533e-153,3.237e-153,4.1949e-153,4.9432e-153,4.7576e-153
3.7066e-154,6.4739e-154,8.3897e-154,9.8863e-154,9.5152e-154
7.4131e-155,1.2948e-154,1.6779e-154,1.9773e-154,1.903e-154
1.4826e-155,2.5896e-155,3.3559e-155,3.9545e-155,3.8061e-155
2.9653e-156,5.1791e-156,6.7118e-156,7.9091e-156,7.6121e-156
5.9305e-157,1.0358e-156,1.3424e-156,1.5818e-156,1.5224e-156
1.1861e-157,2.0717e-157,2.6847e-157,3.1636e-157,3.0449e-157
2.3722e-158,4.1433e-158,5.3694e-158,6.3273e-158,6.0897e-158
4.7444e-159,8.2866e-159,1.0739e-158,1.2655e-158,1.2179e-158
9.4888e-160,1.6573e-159,2.1478e-159,2.5309e-159,2.4359e-159
1.8978e-160,3.3146e-160,4.2955e-160,5.0618e-160,4.8718e-160
3.7955e-161,6.6293e-161,8.5911e-161,1.0124e-160,9.7435e-161
7.5911e-162,1.3259e-161,1.7182e-161,2.0247e-161,1.9487e-161
1.5182e-162,2.6517e-162,3.4364e-162,4.0494e-162,3.8974e-162
3.0364e-163,5.3034e-163,6.8729e-163,8.0989e-163,7.7948e-163
6.0728e-164,1.0607e-163,1.3746e-163,1.6198e-163,1.559e-163
1.2146e-164,2.1214e-164,2.7491e-164,3.2396e-164,3.1179e-164
2.4291e-165,4.2427e-165,5.4983e-165,6.4791e-165,6.2359e-165
4.8583e-166,8.4855e-166,1.0997e-165,1.2958e-165,1.2472e-165
9.7166e-167,1.6971e-166,2.1993e-166,2.5916e-166,2.4943e-166
1.9433e-167,3.3942e-167,4.3986e-167,5.1833e-167,4.9887e-167
3.8866e-168,6.7884e-168,8.7973e-168,1.0367e-167,9.9774e-168
7.7732e-169,1.3577e-168,1.7595e-168,2.0733e-168,1.9955e-168
1.5546e-169,2.7154e-169,3.5189e-169,4.1466e-169,3.9909e-169
3.1093e-170,5.4307e-170,7.0378e-170,8.2933e-170,7.9819e-170
6.2186e-171,1.0861e-170,1.4076e-170,1.6587e-170,1.5964e-170
1.2437e-171,2.1723e-171,2.8151e-171,3.3173e-171,3.1928e-171
2.4874e-172,4.3446e-172,5.6303e-172,6.6346e-172,6.3855e-172
4.9749e-173,8.6891e-173,1.1261e-172,1.3269e-172,1.2771e-172
9.9498e-174,1.7378e-173,2.2521e-173,2.6538e-173,2.5542e-173
1.99e-174,3.4757e-174,4.5042e-174,5.3077e-174,5.1084e-174
3.9799e-175,6.9513e-175,9.0084e-175,1.0615e-174,1.0217e-174
7.9598e-176,1.3903e-175,1.8017e-175,2.1231e-175,2.0434e-175
1.592e-176,2.7805e-176,3.6034e-176,4.2461e-176,4.0867e-176
3.1839e-177,5.561e-177,7.2067e-177,8.4923e-177,8.1735e-177
6.3678e-178,1.1122e-177,1.4413e-177,1.6985e-177,1.6347e-177
1.2736e-178,2.2244e-178,2.8827e-178,3.3969e-178,3.2694e-178
2.5471e-179,4.4488e-179,5.7654e-179,6.7938e-179,6.5388e-179
5.0943e-180,8.8977e-180,1.1531e-179,1.3588e-179,1.3078e-179
1.0189e-180,1.7795e-180,2.3062e-180,2.7175e-180,2.6155e-180
2.0377e-181,3.5591e-181,4.6123e-181,5.4351e-181,5.231e-181
4.0754e-182,7.1181e-182,9.2246e-182,1.087e-181,1.0462e-181
8.1508e-183,1.4236e-182,1.8449e-182,2.174e-182,2.0924e-182
1.6302e-183,2.8473e-183,3.6898e-183,4.3481e-183,4.1848e-183
3.2603e-184,5.6945e-184,7.3797e-184,8.6961e-184,8.3696e-184
6.5207e-185,1.1389e-184,1.4759e-184,1.7392e-184,1.6739e-184
1.3041e-185,2.2778e-185,2.9519e-185,3.4784e-185,3.3479e-185
2.6083e-186,4.5556e-186,5.9037e-186,6.9569e-186,6.6957e-186
5.2165e-187,9.1112e-187,1.1807e-186,1.3914e-186,1.3391e-186
1.0433e-187,1.8222e-187,2.3615e-187,2.7828e-187,2.6783e-187
2.0866e-188,3.6445e-188,4.723e-188,5.5655e-188,5.3566e-188
4.1732e-189,7.289e-189,9.446e-189,1.1131e-188,1.0713e-188
8.3465e-190,1.4578e-189,1.8892e-189,2.2262e-189,2.1426e-189
1.6693e-190,2.9156e-190,3.7784e-190,4.4524e-190,4.2852e-190
3.3386e-191,5.8312e-191,7.5568e-191,8.9048e-191,8.5705e-191
6.6772e-192,1.1662e-191,1.5114e-191,1.781e-191,1.7141e-191
1.3354e-192,2.3325e-192,3.0227e-192,3.5619e-192,3.4282e-192
2.6709e-193,4.6649e-193,6.0454e-193,7.1239e-193,6.8564e-193
5.3417e-194,9.3299e-194,1.2091e-193,1.4248e-193,1.3713e-193
1.0683e-194,1.866e-194,2.4182e-194,2.8495e-194,2.7426e-194
2.1367e-195,3.732e-195,4.8363e-195,5.6991e-195,5.4851e-195
4.2734e-196,7.4639e-196,9.6727e-196,1.1398e-195,1.097e-195
8.5468e-197,1.4928e-196,1.9345e-196,2.2796e-196,2.194e-196
1.7094e-197,2.9856e-197,3.8691e-197,4.5593e-197,4.3881e-197
3.4187e-198,5.9711e-198,7.7382e-198,9.1185e-198,8.7762e-198
6.8374e-199,1.1942e-198,1.5476e-198,1.8237e-198,1.7552e-198
1.3675e-199,2.3885e-199,3.0953e-199,3.6474e-199,3.5105e-199
2.735e-200,4.7769e-200,6.1905e-200,7.2948e-200,7.021e-200
5.4699e-201,9.5538e-201,1.2381e-200,1.459e-200,1.4042e-200
1.094e-201,1.9108e-201,2.4762e-201,2.9179e-201,2.8084e-201
2.188e-202,3.8215e-202,4.9524e-202,5.8359e-202,5.6168e-202
4.3759e-203,7.643e-203,9.9048e-203,1.1672e-202,1.1234e-202
8.7519e-204,1.5286e-203,1.981e-203,2.3343e-203,2.2467e-203
1.7504e-204,3.0572e-204,3.9619e-204,4.6687e-204,4.4934e-204
3.5008e-205,6.1144e-205,7.9239e-205,9.3374e-205,8.9868e-205
7.0015e-206,1.2229e-205,1.5848e-205,1.8675e-205,1.7974e-205
1.4003e-206,2.4458e-206,3.1695e-206,3.7349e-206,3.5947e-206
2.8006e-207,4.8916e-207,6.3391e-207,7.4699e-207,7.1895e-207
5.6012e-208,9.7831e-208,1.2678e-207,1.494e-207,1.4379e-207
1.1202e-208,1.9566e-208,2.5356e-208,2.988e-208,2.8758e-208
2.2405e-209,3.9132e-209,5.0713e-209,5.9759e-209,5.7516e-209
4.481e-210,7.8265e-210,1.0143e-209,1.1952e-209,1.1503e-209
8.9619e-211,1.5653e-210,2.0285e-210,2.3904e-210,2.3006e-210
1.7924e-211,3.1306e-211,4.057e-211,4.7807e-211,4.6013e-211
3.5848e-212,6.2612e-212,8.114e-212,9.5615e-212,9.2025e-212
7.1696e-213,1.2522e-212,1.6228e-212,1.9123e-212,1.8405e-212
1.4339e-213,2.5045e-213,3.2456e-213,3.8246e-213,3.681e-213
2.8678e-214,5.0089e-214,6.4912e-214,7.6492e-214,7.362e-214
5.7356e-215,1.0018e-214,1.2982e-214,1.5298e-214,1.4724e-214
1.1471e-215,2.0036e-215,2.5965e-215,3.0597e-215,2.9448e-215
2.2943e-216,4.0072e-216,5.193e-216,6.1193e-216,5.8896e-216
4.5885e-217,8.0143e-217,1.0386e-216,1.2239e-216,1.1779e-216
9.177e-218,1.6029e-217,2.0772e-217,2.4477e-217,2.3558e-217
1.8354e-218,3.2057e-218,4.1544e-218,4.8955e-218,4.7117e-218
3.6708e-219,6.4115e-219,8.3088e-219,9.7909e-219,9.4234e-219
7.3416e-220,1.2823e-219,1.6618e-219,1.9582e-219,1.8847e-219
1.4683e-220,2.5646e-220,3.3235e-220,3.9164e-220,3.7693e-220
2.9366e-221,5.1292e-221,6.647e-221,7.8328e-221,7.5387e-221
5.8733e-222,1.0258e-221,1.3294e-221,1.5666e-221,1.5077e-221
1.1747e-222,2.0517e-222,2.6588e-222,3.1331e-222,3.0155e-222
2.3493e-223,4.1033e-223,5.3176e-223,6.2662e-223,6.031e-223
4.6986e-224,8.2067e-224,1.0635e-223,1.2532e-223,1.2062e-223
9.3973e-225,1.6413e-224,2.127e-224,2.5065e-224,2.4124e-224
1.8795e-225,3.2827e-225,4.2541e-225,5.013e-225,4.8248e-225
3.7589e-226,6.5653e-226,8.5082e-226,1.0026e-225,9.6495e-226
7.5178e-227,1.3131e-226,1.7016e-226,2.0052e-226,1.9299e-226
1.5036e-227,2.6261e-227,3.4033e-227,4.0104e-227,3.8598e-227
3.0071e-228,5.2523e-228,6.8066e-228,8.0207e-228,7.7196e-228
6.0143e-229,1.0505e-228,1.3613e-228,1.6041e-228,1.5439e-228
1.2029e-229,2.1009e-229,2.7226e-229,3.2083e-229,3.0878e-229
2.4057e-230,4.2018e-230,5.4452e-230,6.4166e-230,6.1757e-230
4.8114e-231,8.4036e-231,1.089e-230,1.2833e-230,1.2351e-230
9.6228e-232,1.6807e-231,2.1781e-231,2.5666e-231,2.4703e-231
1.9246e-232,3.3614e-232,4.3562e-232,5.1333e-232,4.9406e-232
3.8491e-233,6.7229e-233,8.7124e-233,1.0267e-232,9.8811e-233
7.6982e-234,1.3446e-233,1.7425e-233,2.0533e-233,1.9762e-233
1.5396e-234,2.6892e-234,3.485e-234,4.1066e-234,3.9524e-234
3.0793e-235,5.3783e-235,6.9699e-235,8.2132e-235,7.9049e-235
6.1586e-236,1.0757e-235,1.394e-235,1.6426e-235,1.581e-235
1.2317e-236,2.1513e-236,2.788e-236,3.2853e-236,3.162e-236
2.4634e-237,4.3027e-237,5.5759e-237,6.5706e-237,6.3239e-237
4.9269e-238,8.6053e-238,1.1152e-237,1.3141e-237,1.2648e-237
9.8538e-239,1.7211e-238,2.2304e-238,2.6282e-238,2.5296e-238
1.9708e-239,3.4421e-239,4.4607e-239,5.2565e-239,5.0591e-239
3.9415e-240,6.8842e-240,8.9215e-240,1.0513e-239,1.0118e-239
7.883e-241,1.3768e-240,1.7843e-240,2.1026e-240,2.0237e-240
1.5766e-241,2.7537e-241,3.5686e-241,4.2052e-241,4.0473e-241
3.1532e-242,5.5074e-242,7.1372e-242,8.4104e-242,8.0946e-242
6.3064e-243,1.1015e-242,1.4274e-242,1.6821e-242,1.6189e-242
1.2613e-243,2.203e-243,2.8549e-243,3.3641e-243,3.2378e-243
2.5226e-244,4.4059e-244,5.7098e-244,6.7283e-244,6.4757e-244
5.0451e-245,8.8118e-245,1.142e-244,1.3457e-244,1.2951e-244
1.009e-245,1.7624e-245,2.2839e-245,2.6913e-245,2.5903e-245
2.018e-246,3.5247e-246,4.5678e-246,5.3826e-246,5.1805e-246
4.0361e-247,7.0495e-247,9.1356e-247,1.0765e-246,1.0361e-246
8.0722e-248,1.4099e-247,1.8271e-247,2.1531e-247,2.0722e-247
1.6144e-248,2.8198e-248,3.6542e-248,4.3061e-248,4.1444e-248
3.2289e-249,5.6396e-249,7.3085e-249,8.6122e-249,8.2889e-249
6.4578e-250,1.1279e-249,1.4617e-249,1.7224e-249,1.6578e-249
1.2916e-250,2.2558e-250,2.9234e-250,3.4449e-250,3.3156e-250
2.5831e-251,4.5117e-251,5.8468e-251,6.8898e-251,6.6311e-251
5.1662e-252,9.0233e-252,1.1694e-251,1.378e-251,1.3262e-251
1.0332e-252,1.8047e-252,2.3387e-252,2.7559e-252,2.6524e-252
2.0665e-253,3.6093e-253,4.6774e-253,5.5118e-253,5.3049e-253
4.133e-254,7.2187e-254,9.3549e-254,1.1024e-253,1.061e-253
8.2659e-255,1.4437e-254,1.871e-254,2.2047e-254,2.122e-254
1.6532e-255,2.8875e-255,3.7419e-255,4.4095e-255,4.2439e-255
3.3064e-256,5.7749e-256,7.4839e-256,8.8189e-256,8.4878e-256
6.6127e-257,1.155e-256,1.4968e-256,1.7638e-256,1.6976e-256
1.3225e-257,2.31e-257,2.9936e-257,3.5276e-257,3.3951e-257
2.6451e-258,4.6199e-258,5.9871e-258,7.0551e-258,6.7902e-258
5.2902e-259,9.2399e-259,1.1974e-258,1.411e-258,1.358e-258
1.058e-259,1.848e-259,2.3948e-259,2.822e-259,2.7161e-259
2.1161e-260,3.696e-260,4.7897e-260,5.6441e-260,5.4322e-260
4.2322e-261,7.3919e-261,9.5794e-261,1.1288e-260,1.0864e-260
8.4643e-262,1.4784e-261,1.9159e-261,2.2576e-261,2.1729e-261
1.6929e-262,2.9568e-262,3.8318e-262,4.5153e-262,4.3458e-262
3.3857e-263,5.9135e-263,7.6635e-263,9.0306e-263,8.6915e-263
6.7715e-264,1.1827e-263,1.5327e-263,1.8061e-263,1.7383e-263
1.3543e-264,2.3654e-264,3.0654e-264,3.6122e-264,3.4766e-264
2.7086e-265,4.7308e-265,6.1308e-265,7.2244e-265,6.9532e-265
5.4172e-266,9.4616e-266,1.2262e-265,1.4449e-265,1.3906e-265
1.0834e-266,1.8923e-266,2.4523e-266,2.8898e-266,2.7813e-266
2.1669e-267,3.7847e-267,4.9046e-267,5.7796e-267,5.5626e-267
4.3337e-268,7.5693e-268,9.8093e-268,1.1559e-267,1.1125e-267
8.6675e-269,1.5139e-268,1.9619e-268,2.3118e-268,2.225e-268
1.7335e-269,3.0277e-269,3.9237e-269,4.6236e-269,4.4501e-269
3.467e-270,6.0554e-270,7.8474e-270,9.2473e-270,8.9001e-270
6.934e-271,1.2111e-270,1.5695e-270,1.8495e-270,1.78e-270
1.3868e-271,2.4222e-271,3.139e-271,3.6989e-271,3.56e-271
2.7736e-272,4.8444e-272,6.2779e-272,7.3978e-272,7.1201e-272
5.5472e-273,9.6887e-273,1.2556e-272,1.4796e-272,1.424e-272
1.1094e-273,1.9377e-273,2.5112e-273,2.9591e-273,2.848e-273
2.2189e-274,3.8755e-274,5.0224e-274,5.9183e-274,5.6961e-274
4.4377e-275,7.751e-275,1.0045e-274,1.1837e-274,1.1392e-274
8.8755e-276,1.5502e-275,2.0089e-275,2.3673e-275,2.2784e-275
1.7751e-276,3.1004e-276,4.0179e-276,4.7346e-276,4.5569e-276
3.5502e-277,6.2008e-277,8.0358e-277,9.4692e-277,9.1137e-277
7.1004e-278,1.2402e-277,1.6072e-277,1.8938e-277,1.8227e-277
1.4201e-278,2.4803e-278,3.2143e-278,3.7877e-278,3.6455e-278
2.8402e-279,4.9606e-279,6.4286e-279,7.5754e-279,7.291e-279
5.6803e-280,9.9212e-280,1.2857e-279,1.5151e-279,1.4582e-279
1.1361e-280,1.9842e-280,2.5714e-280,3.0302e-280,2.9164e-280
2.2721e-281,3.9685e-281,5.1429e-281,6.0603e-281,5.8328e-281
4.5442e-282,7.937e-282,1.0286e-281,1.2121e-281,1.1666e-281
9.0885e-283,1.5874e-282,2.0572e-282,2.4241e-282,2.3331e-282
1.8177e-283,3.1748e-283,4.1143e-283,4.8482e-283,4.6662e-283
3.6354e-284,6.3496e-284,8.2286e-284,9.6965e-284,9.3324e-284
7.2708e-285,1.2699e-284,1.6457e-284,1.9393e-284,1.8665e-284
1.4542e-285,2.5398e-285,3.2914e-285,3.8786e-285,3.733e-285
2.9083e-286,5.0797e-286,6.5829e-286,7.7572e-286,7.466e-286
5.8166e-287,1.0159e-286,1.3166e-286,1.5514e-286,1.4932e-286
1.1633e-287,2.0319e-287,2.6332e-287,3.1029e-287,2.9864e-287
2.3267e-288,4.0637e-288,5.2663e-288,6.2057e-288,5.9728e-288
4.6533e-289,8.1275e-289,1.0533e-288,1.2411e-288,1.1946e-288
9.3066e-290,1.6255e-289,2.1065e-289,2.4823e-289,2.3891e-289
1.8613e-290,3.251e-290,4.2131e-290,4.9646e-290,4.7782e-290
3.7226e-291,6.502e-291,8.4261e-291,9.9292e-291,9.5564e-291
7.4453e-292,1.3004e-291,1.6852e-291,1.9858e-291,1.9113e-291
1.4891e-292,2.6008e-292,3.3704e-292,3.9717e-292,3.8226e-292
2.9781e-293,5.2016e-293,6.7409e-293,7.9434e-293,7.6451e-293
5.9562e-294,1.0403e-293,1.3482e-293,1.5887e-293,1.529e-293
1.1912e-294,2.0806e-294,2.6964e-294,3.1773e-294,3.0581e-294
2.3825e-295,4.1613e-295,5.3927e-295,6.3547e-295,6.1161e-295
4.765e-296,8.3225e-296,1.0785e-295,1.2709e-295,1.2232e-295
9.53e-297,1.6645e-296,2.1571e-296,2.5419e-296,2.4464e-296
1.906e-297,3.329e-297,4.3142e-297,5.0838e-297,4.8929e-297
3.812e-298,6.658e-298,8.6283e-298,1.0168e-297,9.7858e-298
7.624e-299,1.3316e-298,1.7257e-298,2.0335e-298,1.9572e-298
1.5248e-299,2.6632e-299,3.4513e-299,4.067e-299,3.9143e-299
3.0496e-300,5.3264e-300,6.9027e-300,8.134e-300,7.8286e-300
6.0992e-301,1.0653e-300,1.3805e-300,1.6268e-300,1.5657e-300
1.2198e-301,2.1306e-301,2.7611e-301,3.2536e-301,3.1314e-301
2.4397e-302,4.2611e-302,5.5221e-302,6.5072e-302,6.2629e-302
4.8793e-303,8.5223e-303,1.1044e-302,1.3014e-302,1.2526e-302
9.7587e-304,1.7045e-303,2.2089e-303,2.6029e-303,2.5052e-303
1.9517e-304,3.4089e-304,4.4177e-304,5.2058e-304,5.0103e-304
3.9035e-305,6.8178e-305,8.8354e-305,1.0412e-304,1.0021e-304
7.807e-306,1.3636e-305,1.7671e-305,2.0823e-305,2.0041e-305
1.5614e-306,2.7271e-306,3.5342e-306,4.1646e-306,4.0083e-306
3.1228e-307,5.4543e-307,7.0683e-307,8.3292e-307,8.0165e-307
6.2456e-308,1.0909e-307,1.4137e-307,1.6658e-307,1.6033e-307
1.2491e-308,2.1817e-308,2.8273e-308,3.3317e-308,3.2066e-308
2.4982e-309,4.3634e-309,5.6547e-309,6.6634e-309,6.4132e-309
4.9964e-310,8.7268e-310,1.1309e-309,1.3327e-309,1.2826e-309
9.9929e-311,1.7454e-310,2.2619e-310,2.6653e-310,2.5653e-310
1.9986e-311,3.4907e-311,4.5237e-311,5.3307e-311,5.1306e-311
3.9972e-312,6.9815e-312,9.0475e-312,1.0661e-311,1.0261e-311
7.9943e-313,1.3963e-312,1.8095e-312,2.1323e-312,2.0522e-312
1.5989e-313,2.7926e-313,3.619e-313,4.2646e-313,4.1045e-313
3.1977e-314,5.5852e-314,7.238e-314,8.5291e-314,8.2089e-314
6.3955e-315,1.117e-314,1.4476e-314,1.7058e-314,1.6418e-314
1.2791e-315,2.2341e-315,2.8952e-315,3.4116e-315,3.2836e-315
2.5582e-316,4.4681e-316,5.7904e-316,6.8233e-316,6.5671e-316
5.1164e-317,8.9363e-317,1.1581e-316,1.3647e-316,1.3134e-316
1.0233e-317,1.7873e-317,2.3162e-317,2.7293e-317,2.6269e-317
2.0465e-318,3.5745e-318,4.6323e-318,5.4586e-318,5.2537e-318
4.0931e-319,7.149e-319,9.2646e-319,1.0917e-318,1.0507e-318
8.1862e-320,1.4298e-319,1.8529e-319,2.1835e-319,2.1015e-319
1.6373e-320,2.8597e-320,3.706e-320,4.367e-320,4.203e-320
3.2757e-321,5.7213e-321,7.411e-321,8.7351e-321,8.4041e-321
6.5711e-322,1.1462e-321,1.4822e-321,1.749e-321,1.6798e-321
1.334e-322,2.2727e-322,2.9644e-322,3.5079e-322,3.3596e-322
2.4703e-323,4.4466e-323,5.9288e-323,6.9169e-323,6.9169e-323
4.9407e-324,9.8813e-324,9.8813e-324,1.4822e-323,1.4822e-323
0,0,0,4.9407e-324,4.9407e-324
0,0,0,0,0
0,0,0,0,0
0,0,0,0,0
0,0,0,0,0
0,0,0,0,0
0,0,0,0,0
0,0,0,0,0
0,0,0,0,0
0,0,0,0,0
0,0,0,0,0
0,0,0,0,0
0,0,0,0,0
0,0,0,0,0
0,0,0,0,0
0,0,0,0,0
0,0,0,0,0
0,0,0,0,0
0,0,0,0,0
0,0,0,0,0
0,0,0,0,0
0,0,0,0,0
0,0,0,0,0
0,0,0,0,0
0,0,0,0,0
0,0,0,0,0
0,0,0,0,0
0,0,0,0,0
0,0,0,0,0
0,0,0,0,0
0,0,0,0,0
0,0,0,0,0
0,0,0,0,0
0,0,0,0,0
0,0,0,0,0
0,0,0,0,0
0,0,0,0,0
0,0,0,0,0
0,0,0,0,0
0,0,0,0,0
0,0,0,0,0
0,0,0,0,0
0,0,0,0,0
0,0,0,0,0
0,0,0,0,0
0,0,0,0,0
0,0,0,0,0
0,0,0,0,0
0,0,0,0,0
0,0,0,0,0
0,0,0,0,0
0,0,0,0,0
0,0,0,0,0
0,0,0,0,0
0,0,0,0,0
0,0,0,0,0
0,0,0,0,0
0,0,0,0,0
0,0,0,0,0
0,0,0,0,0
0,0,0,0,0
0,0,0,0,0
0,0,0,0,0
0,0,0,0,0
0,0,0,0,0
0,0,0,0,0
0,0,0,0,0
0,0,0,0,0
0,0,0,0,0
0,0,0,0,0
0,0,0,0,0
0,0,0,0,0
0,0,0,0,0
0,0,0,0,0
0,0,0,0,0
0,0,0,0,0
0,0,0,0,0
0,0,0,0,0
0,0,0,0,0
0,0,0,0,0
0,0,0,0,0
0,0,0,0,0
0,0,0,0,0
0,0,0,0,0
0,0,0,0,0
0,0,0,0,0
0,0,0,0,0
0,0,0,0,0
0,0,0,0,0
0,0,0,0,0
0,0,0,0,0
0,0,0,0,0
0,0,0,0,0
0,0,0,0,0
0,0,0,0,0
0,0,0,0,0
0,0,0,0,0
0,0,0,0,0
0,0,0,0,0
0,0,0,0,0
0,0,0,0,0
0,0,0,0,0
0,0,0,0,0
0,0,0,0,0
0,0,0,0,0
0,0,0,0,0
0,0,0,0,0
0,0,0,0,0
0,0,0,0,0
0,0,0,0,0
0,0,0,0,0
0,0,0,0,0
0,0,0,0,0
0,0,0,0,0
0,0,0,0,0
0,0,0,0,0
0,0,0,0,0
0,0,0,0,0
0,0,0,0,0
0,0,0,0,0
0,0,0,0,0
0,0,0,0,0
0,0,0,0,0
0,0,0,0,0
0,0,0,0,0
0,0,0,0,0
0,0,0,0,0
0,0,0,0,0
0,0,0,0,0
0,0,0,0,0
0,0,0,0,0
0,0,0,0,0
0,0,0,0,0
0,0,0,0,0
0,0,0,0,0
0,0,0,0,0
0,0,0,0,0
0,0,0,0,0
0,0,0,0,0
0,0,0,0,0
0,0,0,0,0
0,0,0,0,0
0,0,0,0,0
0,0,0,0,0
0,0,0,0,0
0,0,0,0,0
0,0,0,0,0
0,0,0,0,0
0,0,0,0,0
0,0,0,0,0
0,0,0,0,0
0,0,0,0,0
0,0,0,0,0
0,0,0,0,0
0,0,0,0,0
0,0,0,0,0
0,0,0,0,0
0,0,0,0,0
0,0,0,0,0
0,0,0,0,0
0,0,0,0,0
0,0,0,0,0
0,0,0,0,0
0,0,0,0,0
0,0,0,0,0
0,0,0,0,0
0,0,0,0,0
0,0,0,0,0
0,0,0,0,0
0,0,0,0,0
0,0,0,0,0
0,0,0,0,0
0,0,0,0,0
0,0,0,0,0
0,0,0,0,0
0,0,0,0,0
0,0,0,0,0
0,0,0,0,0
0,0,0,0,0
0,0,0,0,0
0,0,0,0,0
0,0,0,0,0
0,0,0,0,0
0,0,0,0,0
0,0,0,0,0
0,0,0,0,0
0,0,0,0,0
0,0,0,0,0
0,0,0,0,0
0,0,0,0,0
0,0,0,0,0
0,0,0,0,0
0,0,0,0,0
0,0,0,0,0
0,0,0,0,0
0,0,0,0,0
0,0,0,0,0
0,0,0,0,0
0,0,0,0,0
0,0,0,0,0
0,0,0,0,0
0,0,0,0,0
0,0,0,0,0
0,0,0,0,0
0,0,0,0,0
0,0,0,0,0
0,0,0,0,0
0,0,0,0,0
0,0,0,0,0
0,0,0,0,0
0,0,0,0,0
0,0,0,0,0
0,0,0,0,0
0,0,0,0,0
0,0,0,0,0
0,0,0,0,0
0,0,0,0,0
0,0,0,0,0
0,0,0,0,0
0,0,0,0,0
0,0,0,0,0
0,0,0,0,0
0,0,0,0,0
0,0,0,0,0
0,0,0,0,0
0,0,0,0,0
0,0,0,0,0
0,0,0,0,0
0,0,0,0,0
0,0,0,0,0
0,0,0,0,0
0,0,0,0,0
0,0,0,0,0
0,0,0,0,0
0,0,0,0,0
0,0,0,0,0
0,0,0,0,0
0,0,0,0,0
0,0,0,0,0
0,0,0,0,0
0,0,0,0,0
0,0,0,0,0
0,0,0,0,0
0,0,0,0,0
0,0,0,0,0
0,0,0,0,0
0,0,0,0,0
0,0,0,0,0
0,0,0,0,0
0,0,0,0,0
0,0,0,0,0
0,0,0,0,0
0,0,0,0,0
0,0,0,0,0
0,0,0,0,0
0,0,0,0,0
0,0,0,0,0
0,0,0,0,0
0,0,0,0,0
0,0,0,0,0
0,0,0,0,0
0,0,0,0,0
0,0,0,0,0
0,0,0,0,0
0,0,0,0,0
0,0,0,0,0
0,0,0,0,0
0,0,0,0,0
0,0,0,0,0
0,0,0,0,0
0,0,0,0,0
0,0,0,0,0
0,0,0,0,0
0,0,0,0,0
0,0,0,0,0
0,0,0,0,0
0,0,0,0,0
0,0,0,0,0
0,0,0,0,0
0,0,0,0,0
0,0,0,0,0
0,0,0,0,0
0,0,0,0,0
0,0,0,0,0
0,0,0,0,0
0,0,0,0,0
0,0,0,0,0
0,0,0,0,0
0,0,0,0,0
0,0,0,0,0
0,0,0,0,0
0,0,0,0,0
0,0,0,0,0
0,0,0,0,0
0,0,0,0,0
0,0,0,0,0
0,0,0,0,0
0,0,0,0,0
0,0,0,0,0
0,0,0,0,0
0,0,0,0,0
0,0,0,0,0
0,0,0,0,0
0,0,0,0,0
0,0,0,0,0
0,0,0,0,0
0,0,0,0,0
0,0,0,0,0
0,0,0,0,0
0,0,0,0,0
0,0,0,0,0
0,0,0,0,0
0,0,0,0,0
0,0,0,0,0
0,0,0,0,0
0,0,0,0,0
0,0,0,0,0
0,0,0,0,0
0,0,0,0,0
0,0,0,0,0
0,0,0,0,0
0,0,0,0,0
0,0,0,0,0
0,0,0,0,0
0,0,0,0,0
0,0,0,0,0
0,0,0,0,0
0,0,0,0,0
0,0,0,0,0
0,0,0,0,0
0,0,0,0,0
0,0,0,0,0
0,0,0,0,0
0,0,0,0,0
0,0,0,0,0
0,0,0,0,0
0,0,0,0,0
0,0,0,0,0
0,0,0,0,0
0,0,0,0,0
0,0,0,0,0
0,0,0,0,0
0,0,0,0,0
0,0,0,0,0
0,0,0,0,0
0,0,0,0,0
0,0,0,0,0
0,0,0,0,0
0,0,0,0,0
0,0,0,0,0
0,0,0,0,0
0,0,0,0,0
0,0,0,0,0
0,0,0,0,0
0,0,0,0,0
0,0,0,0,0
0,0,0,0,0
0,0,0,0,0
0,0,0,0,0
0,0,0,0,0
0,0,0,0,0
0,0,0,0,0
0,0,0,0,0
0,0,0,0,0
0,0,0,0,0
0,0,0,0,0
0,0,0,0,0
0,0,0,0,0
0,0,0,0,0
0,0,0,0,0
0,0,0,0,0
0,0,0,0,0
0,0,0,0,0
0,0,0,0,0
0,0,0,0,0
0,0,0,0,0
0,0,0,0,0
0,0,0,0,0
0,0,0,0,0
0,0,0,0,0
0,0,0,0,0
0,0,0,0,0
0,0,0,0,0
0,0,0,0,0
0,0,0,0,0
0,0,0,0,0
0,0,0,0,0
0,0,0,0,0
0,0,0,0,0
0,0,0,0,0
0,0,0,0,0
0,0,0,0,0
0,0,0,0,0
0,0,0,0,0
0,0,0,0,0
0,0,0,0,0
0,0,0,0,0
0,0,0,0,0
0,0,0,0,0
0,0,0,0,0
0,0,0,0,0
0,0,0,0,0
0,0,0,0,0
0,0,0,0,0
0,0,0,0,0
0,0,0,0,0
0,0,0,0,0
0,0,0,0,0
0,0,0,0,0
0,0,0,0,0
0,0,0,0,0
0,0,0,0,0
0,0,0,0,0
0,0,0,0,0
0,0,0,0,0
0,0,0,0,0
0,0,0,0,0
0,0,0,0,0
0,0,0,0,0
0,0,0,0,0
0,0,0,0,0
0,0,0,0,0
0,0,0,0,0
0,0,0,0,0
0,0,0,0,0
0,0,0,0,0
0,0,0,0,0
0,0,0,0,0
0,0,0,0,0
0,0,0,0,0
0,0,0,0,0
0,0,0,0,0
0,0,0,0,0
0,0,0,0,0
0,0,0,0,0
0,0,0,0,0
0,0,0,0,0
0,0,0,0,0
0,0,0,0,0
0,0,0,0,0
0,0,0,0,0
0,0,0,0,0
0,0,0,0,0
0,0,0,0,0
0,0,0,0,0
0,0,0,0,0
0,0,0,0,0
0,0,0,0,0
0,0,0,0,0
0,0,0,0,0
0,0,0,0,0
0,0,0,0,0
0,0,0,0,0
0,0,0,0,0
0,0,0,0,0
0,0,0,0,0
0,0,0,0,0
0,0,0,0,0
0,0,0,0,0
0,0,0,0,0
0,0,0,0,0
0,0,0,0,0
0,0,0,0,0
0,0,0,0,0
0,0,0,0,0
0,0,0,0,0
0,0,0,0,0
0,0,0,0,0
0,0,0,0,0
0,0,0,0,0
0,0,0,0,0
0,0,0,0,0
0,0,0,0,0
0,0,0,0,0
0,0,0,0,0
0,0,0,0,0
0,0,0,0,0
0,0,0,0,0
0,0,0,0,0
0,0,0,0,0
0,0,0,0,0
0,0,0,0,0
0,0,0,0,0
0,0,0,0,0
0,0,0,0,0
0,0,0,0,0
0,0,0,0,0
0,0,0,0,0
0,0,0,0,0
0,0,0,0,0
0,0,0,0,0
0,0,0,0,0
0,0,0,0,0
0,0,0,0,0
0,0,0,0,0
0,0,0,0,0
0,0,0,0,0
0,0,0,0,0
0,0,0,0,0
0,0,0,0,0
0,0,0,0,0
0,0,0,0,0
0,0,0,0,0
0,0,0,0,0
0,0,0,0,0
0,0,0,0,0
0,0,0,0,0
0,0,0,0,0
0,0,0,0,0
0,0,0,0,0
0,0,0,0,0
0,0,0,0,0
0,0,0,0,0
0,0,0,0,0
0,0,0,0,0
0,0,0,0,0
0,0,0,0,0
0,0,0,0,0
0,0,0,0,0
0,0,0,0,0
0,0,0,0,0
0,0,0,0,0
0,0,0,0,0
0,0,0,0,0
0,0,0,0,0
0,0,0,0,0
0,0,0,0,0
0,0,0,0,0
0,0,0,0,0
0,0,0,0,0
0,0,0,0,0
0,0,0,0,0
0,0,0,0,0
0,0,0,0,0
0,0,0,0,0
0,0,0,0,0
0,0,0,0,0
0,0,0,0,0
