0.1,0.2,0.3,0.5,0.6
0.2171,0.1989,0.26845,0.30225,0.2483
0.22371,0.22883,0.24505,0.25653,0.24608
0.23244,0.23201,0.23922,0.24297,0.23815
0.23321,0.23348,0.23574,0.2371,0.23563
0.23312,0.23314,0.234,0.23447,0.23391
0.2326,0.23262,0.23292,0.23309,0.2329
0.23212,0.23213,0.23224,0.2323,0.23223
0.23174,0.23174,0.23178,0.2318,0.23178
0.23146,0.23146,0.23147,0.23148,0.23147
0.23125,0.23125,0.23126,0.23126,0.23126
0.23111,0.23111,0.23111,0.23111,0.23111
0.23101,0.23101,0.23101,0.23101,0.23101
0.23094,0.23094,0.23094,0.23094,0.23094
0.23089,0.23089,0.23089,0.23089,0.23089
0.23085,0.23085,0.23085,0.23085,0.23085
0.23083,0.23083,0.23083,0.23083,0.23083
0.23081,0.23081,0.23081,0.23081,0.23081
0.2308,0.2308,0.2308,0.2308,0.2308
0.23079,0.23079,0.23079,0.23079,0.23079
0.23078,0.23078,0.23078,0.23078,0.23078
0.23078,0.23078,0.23078,0.23078,0.23078
0.23078,0.23078,0.23078,0.23078,0.23078
0.23077,0.23077,0.23077,0.23077,0.23077
0.23077,0.23077,0.23077,0.23077,0.23077
0.23077,0.23077,0.23077,0.23077,0.23077
0.23077,0.23077,0.23077,0.23077,0.23077
0.23077,0.23077,0.23077,0.23077,0.23077
0.23077,0.23077,0.23077,0.23077,0.23077
0.23077,0.23077,0.23077,0.23077,0.23077
0.23077,0.23077,0.23077,0.23077,0.23077
0.23077,0.23077,0.23077,0.23077,0.23077
0.23077,0.23077,0.23077,0.23077,0.23077
0.23077,0.23077,0.23077,0.23077,0.23077
0.23077,0.23077,0.23077,0.23077,0.23077
0.23077,0.23077,0.23077,0.23077,0.23077
0.23077,0.23077,0.23077,0.23077,0.23077
0.23077,0.23077,0.23077,0.23077,0.23077
0.23077,0.23077,0.23077,0.23077,0.23077
0.23077,0.23077,0.23077,0.23077,0.23077
0.23077,0.23077,0.23077,0.23077,0.23077
0.23077,0.23077,0.23077,0.23077,0.23077
0.23077,0.23077,0.23077,0.23077,0.23077
0.23077,0.23077,0.23077,0.23077,0.23077
0.23077,0.23077,0.23077,0.23077,0.23077
0.23077,0.23077,0.23077,0.23077,0.23077
0.23077,0.23077,0.23077,0.23077,0.23077
0.23077,0.23077,0.23077,0.23077,0.23077
0.23077,0.23077,0.23077,0.23077,0.23077
0.23077,0.23077,0.23077,0.23077,0.23077
0.23077,0.23077,0.23077,0.23077,0.23077
0.23077,0.23077,0.23077,0.23077,0.23077
0.23077,0.23077,0.23077,0.23077,0.23077
0.23077,0.23077,0.23077,0.23077,0.23077
0.23077,0.23077,0.23077,0.23077,0.23077
0.23077,0.23077,0.23077,0.23077,0.23077
0.23077,0.23077,0.23077,0.23077,0.23077
0.23077,0.23077,0.23077,0.23077,0.23077
0.23077,0.23077,0.23077,0.23077,0.23077
0.23077,0.23077,0.23077,0.23077,0.23077
0.23077,0.23077,0.23077,0.23077,0.23077
0.23077,0.23077,0.23077,0.23077,0.23077
0.23077,0.23077,0.23077,0.23077,0.23077
0.23077,0.23077,0.23077,0.23077,0.23077
0.23077,0.23077,0.23077,0.23077,0.23077
0.23077,0.23077,0.23077,0.23077,0.23077
0.23077,0.23077,0.23077,0.23077,0.23077
0.23077,0.23077,0.23077,0.23077,0.23077
0.23077,0.23077,0.23077,0.23077,0.23077
0.23077,0.23077,0.23077,0.23077,0.23077
0.23077,0.23077,0.23077,0.23077,0.23077
0.23077,0.23077,0.23077,0.23077,0.23077
0.23077,0.23077,0.23077,0.23077,0.23077
0.23077,0.23077,0.23077,0.23077,0.23077
0.23077,0.23077,0.23077,0.23077,0.23077
0.23077,0.23077,0.23077,0.23077,0.23077
0.23077,0.23077,0.23077,0.23077,0.23077
0.23077,0.23077,0.23077,0.23077,0.23077
0.23077,0.23077,0.23077,0.23077,0.23077
0.23077,0.23077,0.23077,0.23077,0.23077
0.23077,0.23077,0.23077,0.23077,0.23077
0.23077,0.23077,0.23077,0.23077,0.23077
0.23077,0.23077,0.23077,0.23077,0.23077
0.23077,0.23077,0.23077,0.23077,0.23077
0.23077,0.23077,0.23077,0.23077,0.23077
0.23077,0.23077,0.23077,0.23077,0.23077
0.23077,0.23077,0.23077,0.23077,0.23077
0.23077,0.23077,0.23077,0.23077,0.23077
0.23077,0.23077,0.23077,0.23077,0.23077
0.23077,0.23077,0.23077,0.23077,0.23077
0.23077,0.23077,0.23077,0.23077,0.23077
0.23077,0.23077,0.23077,0.23077,0.23077
0.23077,0.23077,0.23077,0.23077,0.23077
0.23077,0.23077,0.23077,0.23077,0.23077
0.23077,0.23077,0.23077,0.23077,0.23077
0.23077,0.23077,0.23077,0.23077,0.23077
0.23077,0.23077,0.23077,0.23077,0.23077
0.23077,0.23077,0.23077,0.23077,0.23077
0.23077,0.23077,0.23077,0.23077,0.23077
0.23077,0.23077,0.23077,0.23077,0.23077
0.23077,0.23077,0.23077,0.23077,0.23077
0.23077,0.23077,0.23077,0.23077,0.23077
0.23077,0.23077,0.23077,0.23077,0.23077
0.23077,0.23077,0.23077,0.23077,0.23077
0.23077,0.23077,0.23077,0.23077,0.23077
0.23077,0.23077,0.23077,0.23077,0.23077
0.23077,0.23077,0.23077,0.23077,0.23077
0.23077,0.23077,0.23077,0.23077,0.23077
0.23077,0.23077,0.23077,0.23077,0.23077
0.23077,0.23077,0.23077,0.23077,0.23077
0.23077,0.23077,0.23077,0.23077,0.23077
0.23077,0.23077,0.23077,0.23077,0.23077
0.23077,0.23077,0.23077,0.23077,0.23077
0.23077,0.23077,0.23077,0.23077,0.23077
0.23077,0.23077,0.23077,0.23077,0.23077
0.23077,0.23077,0.23077,0.23077,0.23077
0.23077,0.23077,0.23077,0.23077,0.23077
0.23077,0.23077,0.23077,0.23077,0.23077
0.23077,0.23077,0.23077,0.23077,0.23077
0.23077,0.23077,0.23077,0.23077,0.23077
0.23077,0.23077,0.23077,0.23077,0.23077
0.23077,0.23077,0.23077,0.23077,0.23077
0.23077,0.23077,0.23077,0.23077,0.23077
0.23077,0.23077,0.23077,0.23077,0.23077
0.23077,0.23077,0.23077,0.23077,0.23077
0.23077,0.23077,0.23077,0.23077,0.23077
0.23077,0.23077,0.23077,0.23077,0.23077
0.23077,0.23077,0.23077,0.23077,0.23077
0.23077,0.23077,0.23077,0.23077,0.23077
0.23077,0.23077,0.23077,0.23077,0.23077
0.23077,0.23077,0.23077,0.23077,0.23077
0.23077,0.23077,0.23077,0.23077,0.23077
0.23077,0.23077,0.23077,0.23077,0.23077
0.23077,0.23077,0.23077,0.23077,0.23077
0.23077,0.23077,0.23077,0.23077,0.23077
0.23077,0.23077,0.23077,0.23077,0.23077
0.23077,0.23077,0.23077,0.23077,0.23077
0.23077,0.23077,0.23077,0.23077,0.23077
0.23077,0.23077,0.23077,0.23077,0.23077
0.23077,0.23077,0.23077,0.23077,0.23077
0.23077,0.23077,0.23077,0.23077,0.23077
0.23077,0.23077,0.23077,0.23077,0.23077
0.23077,0.23077,0.23077,0.23077,0.23077
0.23077,0.23077,0.23077,0.23077,0.23077
0.23077,0.23077,0.23077,0.23077,0.23077
0.23077,0.23077,0.23077,0.23077,0.23077
0.23077,0.23077,0.23077,0.23077,0.23077
0.23077,0.23077,0.23077,0.23077,0.23077
0.23077,0.23077,0.23077,0.23077,0.23077
0.23077,0.23077,0.23077,0.23077,0.23077
0.23077,0.23077,0.23077,0.23077,0.23077
0.23077,0.23077,0.23077,0.23077,0.23077
0.23077,0.23077,0.23077,0.23077,0.23077
0.23077,0.23077,0.23077,0.23077,0.23077
0.23077,0.23077,0.23077,0.23077,0.23077
0.23077,0.23077,0.23077,0.23077,0.23077
0.23077,0.23077,0.23077,0.23077,0.23077
0.23077,0.23077,0.23077,0.23077,0.23077
0.23077,0.23077,0.23077,0.23077,0.23077
0.23077,0.23077,0.23077,0.23077,0.23077
0.23077,0.23077,0.23077,0.23077,0.23077
0.23077,0.23077,0.23077,0.23077,0.23077
0.23077,0.23077,0.23077,0.23077,0.23077
0.23077,0.23077,0.23077,0.23077,0.23077
0.23077,0.23077,0.23077,0.23077,0.23077
0.23077,0.23077,0.23077,0.23077,0.23077
0.23077,0.23077,0.23077,0.23077,0.23077
0.23077,0.23077,0.23077,0.23077,0.23077
0.23077,0.23077,0.23077,0.23077,0.23077
0.23077,0.23077,0.23077,0.23077,0.23077
0.23077,0.23077,0.23077,0.23077,0.23077
0.23077,0.23077,0.23077,0.23077,0.23077
0.23077,0.23077,0.23077,0.23077,0.23077
0.23077,0.23077,0.23077,0.23077,0.23077
0.23077,0.23077,0.23077,0.23077,0.23077
0.23077,0.23077,0.23077,0.23077,0.23077
0.23077,0.23077,0.23077,0.23077,0.23077
0.23077,0.23077,0.23077,0.23077,0.23077
0.23077,0.23077,0.23077,0.23077,0.23077
0.23077,0.23077,0.23077,0.23077,0.23077
0.23077,0.23077,0.23077,0.23077,0.23077
0.23077,0.23077,0.23077,0.23077,0.23077
0.23077,0.23077,0.23077,0.23077,0.23077
0.23077,0.23077,0.23077,0.23077,0.23077
0.23077,0.23077,0.23077,0.23077,0.23077
0.23077,0.23077,0.23077,0.23077,0.23077
0.23077,0.23077,0.23077,0.23077,0.23077
0.23077,0.23077,0.23077,0.23077,0.23077
0.23077,0.23077,0.23077,0.23077,0.23077
0.23077,0.23077,0.23077,0.23077,0.23077
0.23077,0.23077,0.23077,0.23077,0.23077
0.23077,0.23077,0.23077,0.23077,0.23077
0.23077,0.23077,0.23077,0.23077,0.23077
0.23077,0.23077,0.23077,0.23077,0.23077
0.23077,0.23077,0.23077,0.23077,0.23077
0.23077,0.23077,0.23077,0.23077,0.23077
0.23077,0.23077,0.23077,0.23077,0.23077
0.23077,0.23077,0.23077,0.23077,0.23077
0.23077,0.23077,0.23077,0.23077,0.23077
0.23077,0.23077,0.23077,0.23077,0.23077
0.23077,0.23077,0.23077,0.23077,0.23077
0.23077,0.23077,0.23077,0.23077,0.23077
0.23077,0.23077,0.23077,0.23077,0.23077
0.23077,0.23077,0.23077,0.23077,0.23077
0.23077,0.23077,0.23077,0.23077,0.23077
0.23077,0.23077,0.23077,0.23077,0.23077
0.23077,0.23077,0.23077,0.23077,0.23077
0.23077,0.23077,0.23077,0.23077,0.23077
0.23077,0.23077,0.23077,0.23077,0.23077
0.23077,0.23077,0.23077,0.23077,0.23077
0.23077,0.23077,0.23077,0.23077,0.23077
0.23077,0.23077,0.23077,0.23077,0.23077
0.23077,0.23077,0.23077,0.23077,0.23077
0.23077,0.23077,0.23077,0.23077,0.23077
0.23077,0.23077,0.23077,0.23077,0.23077
0.23077,0.23077,0.23077,0.23077,0.23077
0.23077,0.23077,0.23077,0.23077,0.23077
0.23077,0.23077,0.23077,0.23077,0.23077
0.23077,0.23077,0.23077,0.23077,0.23077
0.23077,0.23077,0.23077,0.23077,0.23077
0.23077,0.23077,0.23077,0.23077,0.23077
0.23077,0.23077,0.23077,0.23077,0.23077
0.23077,0.23077,0.23077,0.23077,0.23077
0.23077,0.23077,0.23077,0.23077,0.23077
0.23077,0.23077,0.23077,0.23077,0.23077
0.23077,0.23077,0.23077,0.23077,0.23077
0.23077,0.23077,0.23077,0.23077,0.23077
0.23077,0.23077,0.23077,0.23077,0.23077
0.23077,0.23077,0.23077,0.23077,0.23077
0.23077,0.23077,0.23077,0.23077,0.23077
0.23077,0.23077,0.23077,0.23077,0.23077
0.23077,0.23077,0.23077,0.23077,0.23077
0.23077,0.23077,0.23077,0.23077,0.23077
0.23077,0.23077,0.23077,0.23077,0.23077
0.23077,0.23077,0.23077,0.23077,0.23077
0.23077,0.23077,0.23077,0.23077,0.23077
0.23077,0.23077,0.23077,0.23077,0.23077
0.23077,0.23077,0.23077,0.23077,0.23077
0.23077,0.23077,0.23077,0.23077,0.23077
0.23077,0.23077,0.23077,0.23077,0.23077
0.23077,0.23077,0.23077,0.23077,0.23077
0.23077,0.23077,0.23077,0.23077,0.23077
0.23077,0.23077,0.23077,0.23077,0.23077
0.23077,0.23077,0.23077,0.23077,0.23077
0.23077,0.23077,0.23077,0.23077,0.23077
0.23077,0.23077,0.23077,0.23077,0.23077
0.23077,0.23077,0.23077,0.23077,0.23077
0.23077,0.23077,0.23077,0.23077,0.23077
0.23077,0.23077,0.23077,0.23077,0.23077
0.23077,0.23077,0.23077,0.23077,0.23077
0.23077,0.23077,0.23077,0.23077,0.23077
0.23077,0.23077,0.23077,0.23077,0.23077
0.23077,0.23077,0.23077,0.23077,0.23077
0.23077,0.23077,0.23077,0.23077,0.23077
0.23077,0.23077,0.23077,0.23077,0.23077
0.23077,0.23077,0.23077,0.23077,0.23077
0.23077,0.23077,0.23077,0.23077,0.23077
0.23077,0.23077,0.23077,0.23077,0.23077
0.23077,0.23077,0.23077,0.23077,0.23077
0.23077,0.23077,0.23077,0.23077,0.23077
0.23077,0.23077,0.23077,0.23077,0.23077
0.23077,0.23077,0.23077,0.23077,0.23077
0.23077,0.23077,0.23077,0.23077,0.23077
0.23077,0.23077,0.23077,0.23077,0.23077
0.23077,0.23077,0.23077,0.23077,0.23077
0.23077,0.23077,0.23077,0.23077,0.23077
0.23077,0.23077,0.23077,0.23077,0.23077
0.23077,0.23077,0.23077,0.23077,0.23077
0.23077,0.23077,0.23077,0.23077,0.23077
0.23077,0.23077,0.23077,0.23077,0.23077
0.23077,0.23077,0.23077,0.23077,0.23077
0.23077,0.23077,0.23077,0.23077,0.23077
0.23077,0.23077,0.23077,0.23077,0.23077
0.23077,0.23077,0.23077,0.23077,0.23077
0.23077,0.23077,0.23077,0.23077,0.23077
0.23077,0.23077,0.23077,0.23077,0.23077
0.23077,0.23077,0.23077,0.23077,0.23077
0.23077,0.23077,0.23077,0.23077,0.23077
0.23077,0.23077,0.23077,0.23077,0.23077
0.23077,0.23077,0.23077,0.23077,0.23077
0.23077,0.23077,0.23077,0.23077,0.23077
0.23077,0.23077,0.23077,0.23077,0.23077
0.23077,0.23077,0.23077,0.23077,0.23077
0.23077,0.23077,0.23077,0.23077,0.23077
0.23077,0.23077,0.23077,0.23077,0.23077
0.23077,0.23077,0.23077,0.23077,0.23077
0.23077,0.23077,0.23077,0.23077,0.23077
0.23077,0.23077,0.23077,0.23077,0.23077
0.23077,0.23077,0.23077,0.23077,0.23077
0.23077,0.23077,0.23077,0.23077,0.23077
0.23077,0.23077,0.23077,0.23077,0.23077
0.23077,0.23077,0.23077,0.23077,0.23077
0.23077,0.23077,0.23077,0.23077,0.23077
0.23077,0.23077,0.23077,0.23077,0.23077
0.23077,0.23077,0.23077,0.23077,0.23077
0.23077,0.23077,0.23077,0.23077,0.23077
0.23077,0.23077,0.23077,0.23077,0.23077
0.23077,0.23077,0.23077,0.23077,0.23077
0.23077,0.23077,0.23077,0.23077,0.23077
0.23077,0.23077,0.23077,0.23077,0.23077
0.23077,0.23077,0.23077,0.23077,0.23077
0.23077,0.23077,0.23077,0.23077,0.23077
0.23077,0.23077,0.23077,0.23077,0.23077
0.23077,0.23077,0.23077,0.23077,0.23077
0.23077,0.23077,0.23077,0.23077,0.23077
0.23077,0.23077,0.23077,0.23077,0.23077
0.23077,0.23077,0.23077,0.23077,0.23077
0.23077,0.23077,0.23077,0.23077,0.23077
0.23077,0.23077,0.23077,0.23077,0.23077
0.23077,0.23077,0.23077,0.23077,0.23077
0.23077,0.23077,0.23077,0.23077,0.23077
0.23077,0.23077,0.23077,0.23077,0.23077
0.23077,0.23077,0.23077,0.23077,0.23077
0.23077,0.23077,0.23077,0.23077,0.23077
0.23077,0.23077,0.23077,0.23077,0.23077
0.23077,0.23077,0.23077,0.23077,0.23077
0.23077,0.23077,0.23077,0.23077,0.23077
0.23077,0.23077,0.23077,0.23077,0.23077
0.23077,0.23077,0.23077,0.23077,0.23077
0.23077,0.23077,0.23077,0.23077,0.23077
0.23077,0.23077,0.23077,0.23077,0.23077
0.23077,0.23077,0.23077,0.23077,0.23077
0.23077,0.23077,0.23077,0.23077,0.23077
0.23077,0.23077,0.23077,0.23077,0.23077
0.23077,0.23077,0.23077,0.23077,0.23077
0.23077,0.23077,0.23077,0.23077,0.23077
0.23077,0.23077,0.23077,0.23077,0.23077
0.23077,0.23077,0.23077,0.23077,0.23077
0.23077,0.23077,0.23077,0.23077,0.23077
0.23077,0.23077,0.23077,0.23077,0.23077
0.23077,0.23077,0.23077,0.23077,0.23077
0.23077,0.23077,0.23077,0.23077,0.23077
0.23077,0.23077,0.23077,0.23077,0.23077
0.23077,0.23077,0.23077,0.23077,0.23077
0.23077,0.23077,0.23077,0.23077,0.23077
0.23077,0.23077,0.23077,0.23077,0.23077
0.23077,0.23077,0.23077,0.23077,0.23077
0.23077,0.23077,0.23077,0.23077,0.23077
0.23077,0.23077,0.23077,0.23077,0.23077
0.23077,0.23077,0.23077,0.23077,0.23077
0.23077,0.23077,0.23077,0.23077,0.23077
0.23077,0.23077,0.23077,0.23077,0.23077
0.23077,0.23077,0.23077,0.23077,0.23077
0.23077,0.23077,0.23077,0.23077,0.23077
0.23077,0.23077,0.23077,0.23077,0.23077
0.23077,0.23077,0.23077,0.23077,0.23077
0.23077,0.23077,0.23077,0.23077,0.23077
0.23077,0.23077,0.23077,0.23077,0.23077
0.23077,0.23077,0.23077,0.23077,0.23077
0.23077,0.23077,0.23077,0.23077,0.23077
0.23077,0.23077,0.23077,0.23077,0.23077
0.23077,0.23077,0.23077,0.23077,0.23077
0.23077,0.23077,0.23077,0.23077,0.23077
0.23077,0.23077,0.23077,0.23077,0.23077
0.23077,0.23077,0.23077,0.23077,0.23077
0.23077,0.23077,0.23077,0.23077,0.23077
0.23077,0.23077,0.23077,0.23077,0.23077
0.23077,0.23077,0.23077,0.23077,0.23077
0.23077,0.23077,0.23077,0.23077,0.23077
0.23077,0.23077,0.23077,0.23077,0.23077
0.23077,0.23077,0.23077,0.23077,0.23077
0.23077,0.23077,0.23077,0.23077,0.23077
0.23077,0.23077,0.23077,0.23077,0.23077
0.23077,0.23077,0.23077,0.23077,0.23077
0.23077,0.23077,0.23077,0.23077,0.23077
0.23077,0.23077,0.23077,0.23077,0.23077
0.23077,0.23077,0.23077,0.23077,0.23077
0.23077,0.23077,0.23077,0.23077,0.23077
0.23077,0.23077,0.23077,0.23077,0.23077
0.23077,0.23077,0.23077,0.23077,0.23077
0.23077,0.23077,0.23077,0.23077,0.23077
0.23077,0.23077,0.23077,0.23077,0.23077
0.23077,0.23077,0.23077,0.23077,0.23077
0.23077,0.23077,0.23077,0.23077,0.23077
0.23077,0.23077,0.23077,0.23077,0.23077
0.23077,0.23077,0.23077,0.23077,0.23077
0.23077,0.23077,0.23077,0.23077,0.23077
0.23077,0.23077,0.23077,0.23077,0.23077
0.23077,0.23077,0.23077,0.23077,0.23077
0.23077,0.23077,0.23077,0.23077,0.23077
0.23077,0.23077,0.23077,0.23077,0.23077
0.23077,0.23077,0.23077,0.23077,0.23077
0.23077,0.23077,0.23077,0.23077,0.23077
0.23077,0.23077,0.23077,0.23077,0.23077
0.23077,0.23077,0.23077,0.23077,0.23077
0.23077,0.23077,0.23077,0.23077,0.23077
0.23077,0.23077,0.23077,0.23077,0.23077
0.23077,0.23077,0.23077,0.23077,0.23077
0.23077,0.23077,0.23077,0.23077,0.23077
0.23077,0.23077,0.23077,0.23077,0.23077
0.23077,0.23077,0.23077,0.23077,0.23077
0.23077,0.23077,0.23077,0.23077,0.23077
0.23077,0.23077,0.23077,0.23077,0.23077
0.23077,0.23077,0.23077,0.23077,0.23077
0.23077,0.23077,0.23077,0.23077,0.23077
0.23077,0.23077,0.23077,0.23077,0.23077
0.23077,0.23077,0.23077,0.23077,0.23077
0.23077,0.23077,0.23077,0.23077,0.23077
0.23077,0.23077,0.23077,0.23077,0.23077
0.23077,0.23077,0.23077,0.23077,0.23077
0.23077,0.23077,0.23077,0.23077,0.23077
0.23077,0.23077,0.23077,0.23077,0.23077
0.23077,0.23077,0.23077,0.23077,0.23077
0.23077,0.23077,0.23077,0.23077,0.23077
0.23077,0.23077,0.23077,0.23077,0.23077
0.23077,0.23077,0.23077,0.23077,0.23077
0.23077,0.23077,0.23077,0.23077,0.23077
0.23077,0.23077,0.23077,0.23077,0.23077
0.23077,0.23077,0.23077,0.23077,0.23077
0.23077,0.23077,0.23077,0.23077,0.23077
0.23077,0.23077,0.23077,0.23077,0.23077
0.23077,0.23077,0.23077,0.23077,0.23077
0.23077,0.23077,0.23077,0.23077,0.23077
0.23077,0.23077,0.23077,0.23077,0.23077
0.23077,0.23077,0.23077,0.23077,0.23077
0.23077,0.23077,0.23077,0.23077,0.23077
0.23077,0.23077,0.23077,0.23077,0.23077
0.23077,0.23077,0.23077,0.23077,0.23077
0.23077,0.23077,0.23077,0.23077,0.23077
0.23077,0.23077,0.23077,0.23077,0.23077
0.23077,0.23077,0.23077,0.23077,0.23077
0.23077,0.23077,0.23077,0.23077,0.23077
0.23077,0.23077,0.23077,0.23077,0.23077
0.23077,0.23077,0.23077,0.23077,0.23077
0.23077,0.23077,0.23077,0.23077,0.23077
0.23077,0.23077,0.23077,0.23077,0.23077
0.23077,0.23077,0.23077,0.23077,0.23077
0.23077,0.23077,0.23077,0.23077,0.23077
0.23077,0.23077,0.23077,0.23077,0.23077
0.23077,0.23077,0.23077,0.23077,0.23077
0.23077,0.23077,0.23077,0.23077,0.23077
0.23077,0.23077,0.23077,0.23077,0.23077
0.23077,0.23077,0.23077,0.23077,0.23077
0.23077,0.23077,0.23077,0.23077,0.23077
0.23077,0.23077,0.23077,0.23077,0.23077
0.23077,0.23077,0.23077,0.23077,0.23077
0.23077,0.23077,0.23077,0.23077,0.23077
0.23077,0.23077,0.23077,0.23077,0.23077
0.23077,0.23077,0.23077,0.23077,0.23077
0.23077,0.23077,0.23077,0.23077,0.23077
0.23077,0.23077,0.23077,0.23077,0.23077
0.23077,0.23077,0.23077,0.23077,0.23077
0.23077,0.23077,0.23077,0.23077,0.23077
0.23077,0.23077,0.23077,0.23077,0.23077
0.23077,0.23077,0.23077,0.23077,0.23077
0.23077,0.23077,0.23077,0.23077,0.23077
0.23077,0.23077,0.23077,0.23077,0.23077
0.23077,0.23077,0.23077,0.23077,0.23077
0.23077,0.23077,0.23077,0.23077,0.23077
0.23077,0.23077,0.23077,0.23077,0.23077
0.23077,0.23077,0.23077,0.23077,0.23077
0.23077,0.23077,0.23077,0.23077,0.23077
0.23077,0.23077,0.23077,0.23077,0.23077
0.23077,0.23077,0.23077,0.23077,0.23077
0.23077,0.23077,0.23077,0.23077,0.23077
0.23077,0.23077,0.23077,0.23077,0.23077
0.23077,0.23077,0.23077,0.23077,0.23077
0.23077,0.23077,0.23077,0.23077,0.23077
0.23077,0.23077,0.23077,0.23077,0.23077
0.23077,0.23077,0.23077,0.23077,0.23077
0.23077,0.23077,0.23077,0.23077,0.23077
0.23077,0.23077,0.23077,0.23077,0.23077
0.23077,0.23077,0.23077,0.23077,0.23077
0.23077,0.23077,0.23077,0.23077,0.23077
0.23077,0.23077,0.23077,0.23077,0.23077
0.23077,0.23077,0.23077,0.23077,0.23077
0.23077,0.23077,0.23077,0.23077,0.23077
0.23077,0.23077,0.23077,0.23077,0.23077
0.23077,0.23077,0.23077,0.23077,0.23077
0.23077,0.23077,0.23077,0.23077,0.23077
0.23077,0.23077,0.23077,0.23077,0.23077
0.23077,0.23077,0.23077,0.23077,0.23077
0.23077,0.23077,0.23077,0.23077,0.23077
0.23077,0.23077,0.23077,0.23077,0.23077
0.23077,0.23077,0.23077,0.23077,0.23077
0.23077,0.23077,0.23077,0.23077,0.23077
0.23077,0.23077,0.23077,0.23077,0.23077
0.23077,0.23077,0.23077,0.23077,0.23077
0.23077,0.23077,0.23077,0.23077,0.23077
0.23077,0.23077,0.23077,0.23077,0.23077
0.23077,0.23077,0.23077,0.23077,0.23077
0.23077,0.23077,0.23077,0.23077,0.23077
0.23077,0.23077,0.23077,0.23077,0.23077
0.23077,0.23077,0.23077,0.23077,0.23077
0.23077,0.23077,0.23077,0.23077,0.23077
0.23077,0.23077,0.23077,0.23077,0.23077
0.23077,0.23077,0.23077,0.23077,0.23077
0.23077,0.23077,0.23077,0.23077,0.23077
0.23077,0.23077,0.23077,0.23077,0.23077
0.23077,0.23077,0.23077,0.23077,0.23077
0.23077,0.23077,0.23077,0.23077,0.23077
0.23077,0.23077,0.23077,0.23077,0.23077
0.23077,0.23077,0.23077,0.23077,0.23077
0.23077,0.23077,0.23077,0.23077,0.23077
0.23077,0.23077,0.23077,0.23077,0.23077
0.23077,0.23077,0.23077,0.23077,0.23077
0.23077,0.23077,0.23077,0.23077,0.23077
0.23077,0.23077,0.23077,0.23077,0.23077
0.23077,0.23077,0.23077,0.23077,0.23077
0.23077,0.23077,0.23077,0.23077,0.23077
0.23077,0.23077,0.23077,0.23077,0.23077
0.23077,0.23077,0.23077,0.23077,0.23077
0.23077,0.23077,0.23077,0.23077,0.23077
0.23077,0.23077,0.23077,0.23077,0.23077
0.23077,0.23077,0.23077,0.23077,0.23077
0.23077,0.23077,0.23077,0.23077,0.23077
0.23077,0.23077,0.23077,0.23077,0.23077
0.23077,0.23077,0.23077,0.23077,0.23077
0.23077,0.23077,0.23077,0.23077,0.23077
0.23077,0.23077,0.23077,0.23077,0.23077
0.23077,0.23077,0.23077,0.23077,0.23077
0.23077,0.23077,0.23077,0.23077,0.23077
0.23077,0.23077,0.23077,0.23077,0.23077
0.23077,0.23077,0.23077,0.23077,0.23077
0.23077,0.23077,0.23077,0.23077,0.23077
0.23077,0.23077,0.23077,0.23077,0.23077
0.23077,0.23077,0.23077,0.23077,0.23077
0.23077,0.23077,0.23077,0.23077,0.23077
0.23077,0.23077,0.23077,0.23077,0.23077
0.23077,0.23077,0.23077,0.23077,0.23077
0.23077,0.23077,0.23077,0.23077,0.23077
0.23077,0.23077,0.23077,0.23077,0.23077
0.23077,0.23077,0.23077,0.23077,0.23077
0.23077,0.23077,0.23077,0.23077,0.23077
0.23077,0.23077,0.23077,0.23077,0.23077
0.23077,0.23077,0.23077,0.23077,0.23077
0.23077,0.23077,0.23077,0.23077,0.23077
0.23077,0.23077,0.23077,0.23077,0.23077
0.23077,0.23077,0.23077,0.23077,0.23077
0.23077,0.23077,0.23077,0.23077,0.23077
0.23077,0.23077,0.23077,0.23077,0.23077
0.23077,0.23077,0.23077,0.23077,0.23077
0.23077,0.23077,0.23077,0.23077,0.23077
0.23077,0.23077,0.23077,0.23077,0.23077
0.23077,0.23077,0.23077,0.23077,0.23077
0.23077,0.23077,0.23077,0.23077,0.23077
0.23077,0.23077,0.23077,0.23077,0.23077
0.23077,0.23077,0.23077,0.23077,0.23077
0.23077,0.23077,0.23077,0.23077,0.23077
0.23077,0.23077,0.23077,0.23077,0.23077
0.23077,0.23077,0.23077,0.23077,0.23077
0.23077,0.23077,0.23077,0.23077,0.23077
0.23077,0.23077,0.23077,0.23077,0.23077
0.23077,0.23077,0.23077,0.23077,0.23077
0.23077,0.23077,0.23077,0.23077,0.23077
0.23077,0.23077,0.23077,0.23077,0.23077
0.23077,0.23077,0.23077,0.23077,0.23077
0.23077,0.23077,0.23077,0.23077,0.23077
0.23077,0.23077,0.23077,0.23077,0.23077
0.23077,0.23077,0.23077,0.23077,0.23077
0.23077,0.23077,0.23077,0.23077,0.23077
0.23077,0.23077,0.23077,0.23077,0.23077
0.23077,0.23077,0.23077,0.23077,0.23077
0.23077,0.23077,0.23077,0.23077,0.23077
0.23077,0.23077,0.23077,0.23077,0.23077
0.23077,0.23077,0.23077,0.23077,0.23077
0.23077,0.23077,0.23077,0.23077,0.23077
0.23077,0.23077,0.23077,0.23077,0.23077
0.23077,0.23077,0.23077,0.23077,0.23077
0.23077,0.23077,0.23077,0.23077,0.23077
0.23077,0.23077,0.23077,0.23077,0.23077
0.23077,0.23077,0.23077,0.23077,0.23077
0.23077,0.23077,0.23077,0.23077,0.23077
0.23077,0.23077,0.23077,0.23077,0.23077
0.23077,0.23077,0.23077,0.23077,0.23077
0.23077,0.23077,0.23077,0.23077,0.23077
0.23077,0.23077,0.23077,0.23077,0.23077
0.23077,0.23077,0.23077,0.23077,0.23077
0.23077,0.23077,0.23077,0.23077,0.23077
0.23077,0.23077,0.23077,0.23077,0.23077
0.23077,0.23077,0.23077,0.23077,0.23077
0.23077,0.23077,0.23077,0.23077,0.23077
0.23077,0.23077,0.23077,0.23077,0.23077
0.23077,0.23077,0.23077,0.23077,0.23077
0.23077,0.23077,0.23077,0.23077,0.23077
0.23077,0.23077,0.23077,0.23077,0.23077
0.23077,0.23077,0.23077,0.23077,0.23077
0.23077,0.23077,0.23077,0.23077,0.23077
0.23077,0.23077,0.23077,0.23077,0.23077
0.23077,0.23077,0.23077,0.23077,0.23077
0.23077,0.23077,0.23077,0.23077,0.23077
0.23077,0.23077,0.23077,0.23077,0.23077
0.23077,0.23077,0.23077,0.23077,0.23077
0.23077,0.23077,0.23077,0.23077,0.23077
0.23077,0.23077,0.23077,0.23077,0.23077
0.23077,0.23077,0.23077,0.23077,0.23077
0.23077,0.23077,0.23077,0.23077,0.23077
0.23077,0.23077,0.23077,0.23077,0.23077
0.23077,0.23077,0.23077,0.23077,0.23077
0.23077,0.23077,0.23077,0.23077,0.23077
0.23077,0.23077,0.23077,0.23077,0.23077
0.23077,0.23077,0.23077,0.23077,0.23077
0.23077,0.23077,0.23077,0.23077,0.23077
0.23077,0.23077,0.23077,0.23077,0.23077
0.23077,0.23077,0.23077,0.23077,0.23077
0.23077,0.23077,0.23077,0.23077,0.23077
0.23077,0.23077,0.23077,0.23077,0.23077
0.23077,0.23077,0.23077,0.23077,0.23077
0.23077,0.23077,0.23077,0.23077,0.23077
0.23077,0.23077,0.23077,0.23077,0.23077
0.23077,0.23077,0.23077,0.23077,0.23077
0.23077,0.23077,0.23077,0.23077,0.23077
0.23077,0.23077,0.23077,0.23077,0.23077
0.23077,0.23077,0.23077,0.23077,0.23077
0.23077,0.23077,0.23077,0.23077,0.23077
0.23077,0.23077,0.23077,0.23077,0.23077
0.23077,0.23077,0.23077,0.23077,0.23077
0.23077,0.23077,0.23077,0.23077,0.23077
0.23077,0.23077,0.23077,0.23077,0.23077
0.23077,0.23077,0.23077,0.23077,0.23077
0.23077,0.23077,0.23077,0.23077,0.23077
0.23077,0.23077,0.23077,0.23077,0.23077
0.23077,0.23077,0.23077,0.23077,0.23077
0.23077,0.23077,0.23077,0.23077,0.23077
0.23077,0.23077,0.23077,0.23077,0.23077
0.23077,0.23077,0.23077,0.23077,0.23077
0.23077,0.23077,0.23077,0.23077,0.23077
0.23077,0.23077,0.23077,0.23077,0.23077
0.23077,0.23077,0.23077,0.23077,0.23077
0.23077,0.23077,0.23077,0.23077,0.23077
0.23077,0.23077,0.23077,0.23077,0.23077
0.23077,0.23077,0.23077,0.23077,0.23077
0.23077,0.23077,0.23077,0.23077,0.23077
0.23077,0.23077,0.23077,0.23077,0.23077
0.23077,0.23077,0.23077,0.23077,0.23077
0.23077,0.23077,0.23077,0.23077,0.23077
0.23077,0.23077,0.23077,0.23077,0.23077
0.23077,0.23077,0.23077,0.23077,0.23077
0.23077,0.23077,0.23077,0.23077,0.23077
0.23077,0.23077,0.23077,0.23077,0.23077
0.23077,0.23077,0.23077,0.23077,0.23077
0.23077,0.23077,0.23077,0.23077,0.23077
0.23077,0.23077,0.23077,0.23077,0.23077
0.23077,0.23077,0.23077,0.23077,0.23077
0.23077,0.23077,0.23077,0.23077,0.23077
0.23077,0.23077,0.23077,0.23077,0.23077
0.23077,0.23077,0.23077,0.23077,0.23077
0.23077,0.23077,0.23077,0.23077,0.23077
0.23077,0.23077,0.23077,0.23077,0.23077
0.23077,0.23077,0.23077,0.23077,0.23077
0.23077,0.23077,0.23077,0.23077,0.23077
0.23077,0.23077,0.23077,0.23077,0.23077
0.23077,0.23077,0.23077,0.23077,0.23077
0.23077,0.23077,0.23077,0.23077,0.23077
0.23077,0.23077,0.23077,0.23077,0.23077
0.23077,0.23077,0.23077,0.23077,0.23077
0.23077,0.23077,0.23077,0.23077,0.23077
0.23077,0.23077,0.23077,0.23077,0.23077
0.23077,0.23077,0.23077,0.23077,0.23077
0.23077,0.23077,0.23077,0.23077,0.23077
0.23077,0.23077,0.23077,0.23077,0.23077
0.23077,0.23077,0.23077,0.23077,0.23077
0.23077,0.23077,0.23077,0.23077,0.23077
0.23077,0.23077,0.23077,0.23077,0.23077
0.23077,0.23077,0.23077,0.23077,0.23077
0.23077,0.23077,0.23077,0.23077,0.23077
0.23077,0.23077,0.23077,0.23077,0.23077
0.23077,0.23077,0.23077,0.23077,0.23077
0.23077,0.23077,0.23077,0.23077,0.23077
0.23077,0.23077,0.23077,0.23077,0.23077
0.23077,0.23077,0.23077,0.23077,0.23077
0.23077,0.23077,0.23077,0.23077,0.23077
0.23077,0.23077,0.23077,0.23077,0.23077
0.23077,0.23077,0.23077,0.23077,0.23077
0.23077,0.23077,0.23077,0.23077,0.23077
0.23077,0.23077,0.23077,0.23077,0.23077
0.23077,0.23077,0.23077,0.23077,0.23077
0.23077,0.23077,0.23077,0.23077,0.23077
0.23077,0.23077,0.23077,0.23077,0.23077
0.23077,0.23077,0.23077,0.23077,0.23077
0.23077,0.23077,0.23077,0.23077,0.23077
0.23077,0.23077,0.23077,0.23077,0.23077
0.23077,0.23077,0.23077,0.23077,0.23077
0.23077,0.23077,0.23077,0.23077,0.23077
0.23077,0.23077,0.23077,0.23077,0.23077
0.23077,0.23077,0.23077,0.23077,0.23077
0.23077,0.23077,0.23077,0.23077,0.23077
0.23077,0.23077,0.23077,0.23077,0.23077
0.23077,0.23077,0.23077,0.23077,0.23077
0.23077,0.23077,0.23077,0.23077,0.23077
0.23077,0.23077,0.23077,0.23077,0.23077
0.23077,0.23077,0.23077,0.23077,0.23077
0.23077,0.23077,0.23077,0.23077,0.23077
0.23077,0.23077,0.23077,0.23077,0.23077
0.23077,0.23077,0.23077,0.23077,0.23077
0.23077,0.23077,0.23077,0.23077,0.23077
0.23077,0.23077,0.23077,0.23077,0.23077
0.23077,0.23077,0.23077,0.23077,0.23077
0.23077,0.23077,0.23077,0.23077,0.23077
0.23077,0.23077,0.23077,0.23077,0.23077
0.23077,0.23077,0.23077,0.23077,0.23077
0.23077,0.23077,0.23077,0.23077,0.23077
0.23077,0.23077,0.23077,0.23077,0.23077
0.23077,0.23077,0.23077,0.23077,0.23077
0.23077,0.23077,0.23077,0.23077,0.23077
0.23077,0.23077,0.23077,0.23077,0.23077
0.23077,0.23077,0.23077,0.23077,0.23077
0.23077,0.23077,0.23077,0.23077,0.23077
0.23077,0.23077,0.23077,0.23077,0.23077
0.23077,0.23077,0.23077,0.23077,0.23077
0.23077,0.23077,0.23077,0.23077,0.23077
0.23077,0.23077,0.23077,0.23077,0.23077
0.23077,0.23077,0.23077,0.23077,0.23077
0.23077,0.23077,0.23077,0.23077,0.23077
0.23077,0.23077,0.23077,0.23077,0.23077
0.23077,0.23077,0.23077,0.23077,0.23077
0.23077,0.23077,0.23077,0.23077,0.23077
0.23077,0.23077,0.23077,0.23077,0.23077
0.23077,0.23077,0.23077,0.23077,0.23077
0.23077,0.23077,0.23077,0.23077,0.23077
0.23077,0.23077,0.23077,0.23077,0.23077
0.23077,0.23077,0.23077,0.23077,0.23077
0.23077,0.23077,0.23077,0.23077,0.23077
0.23077,0.23077,0.23077,0.23077,0.23077
0.23077,0.23077,0.23077,0.23077,0.23077
0.23077,0.23077,0.23077,0.23077,0.23077
0.23077,0.23077,0.23077,0.23077,0.23077
0.23077,0.23077,0.23077,0.23077,0.23077
0.23077,0.23077,0.23077,0.23077,0.23077
0.23077,0.23077,0.23077,0.23077,0.23077
0.23077,0.23077,0.23077,0.23077,0.23077
0.23077,0.23077,0.23077,0.23077,0.23077
0.23077,0.23077,0.23077,0.23077,0.23077
0.23077,0.23077,0.23077,0.23077,0.23077
0.23077,0.23077,0.23077,0.23077,0.23077
0.23077,0.23077,0.23077,0.23077,0.23077
0.23077,0.23077,0.23077,0.23077,0.23077
0.23077,0.23077,0.23077,0.23077,0.23077
0.23077,0.23077,0.23077,0.23077,0.23077
0.23077,0.23077,0.23077,0.23077,0.23077
0.23077,0.23077,0.23077,0.23077,0.23077
0.23077,0.23077,0.23077,0.23077,0.23077
0.23077,0.23077,0.23077,0.23077,0.23077
0.23077,0.23077,0.23077,0.23077,0.23077
0.23077,0.23077,0.23077,0.23077,0.23077
0.23077,0.23077,0.23077,0.23077,0.23077
0.23077,0.23077,0.23077,0.23077,0.23077
0.23077,0.23077,0.23077,0.23077,0.23077
0.23077,0.23077,0.23077,0.23077,0.23077
0.23077,0.23077,0.23077,0.23077,0.23077
0.23077,0.23077,0.23077,0.23077,0.23077
0.23077,0.23077,0.23077,0.23077,0.23077
0.23077,0.23077,0.23077,0.23077,0.23077
0.23077,0.23077,0.23077,0.23077,0.23077
0.23077,0.23077,0.23077,0.23077,0.23077
0.23077,0.23077,0.23077,0.23077,0.23077
0.23077,0.23077,0.23077,0.23077,0.23077
0.23077,0.23077,0.23077,0.23077,0.23077
0.23077,0.23077,0.23077,0.23077,0.23077
0.23077,0.23077,0.23077,0.23077,0.23077
0.23077,0.23077,0.23077,0.23077,0.23077
0.23077,0.23077,0.23077,0.23077,0.23077
0.23077,0.23077,0.23077,0.23077,0.23077
0.23077,0.23077,0.23077,0.23077,0.23077
0.23077,0.23077,0.23077,0.23077,0.23077
0.23077,0.23077,0.23077,0.23077,0.23077
0.23077,0.23077,0.23077,0.23077,0.23077
0.23077,0.23077,0.23077,0.23077,0.23077
0.23077,0.23077,0.23077,0.23077,0.23077
0.23077,0.23077,0.23077,0.23077,0.23077
0.23077,0.23077,0.23077,0.23077,0.23077
0.23077,0.23077,0.23077,0.23077,0.23077
0.23077,0.23077,0.23077,0.23077,0.23077
0.23077,0.23077,0.23077,0.23077,0.23077
0.23077,0.23077,0.23077,0.23077,0.23077
0.23077,0.23077,0.23077,0.23077,0.23077
0.23077,0.23077,0.23077,0.23077,0.23077
0.23077,0.23077,0.23077,0.23077,0.23077
0.23077,0.23077,0.23077,0.23077,0.23077
0.23077,0.23077,0.23077,0.23077,0.23077
0.23077,0.23077,0.23077,0.23077,0.23077
0.23077,0.23077,0.23077,0.23077,0.23077
0.23077,0.23077,0.23077,0.23077,0.23077
0.23077,0.23077,0.23077,0.23077,0.23077
0.23077,0.23077,0.23077,0.23077,0.23077
0.23077,0.23077,0.23077,0.23077,0.23077
0.23077,0.23077,0.23077,0.23077,0.23077
0.23077,0.23077,0.23077,0.23077,0.23077
0.23077,0.23077,0.23077,0.23077,0.23077
0.23077,0.23077,0.23077,0.23077,0.23077
0.23077,0.23077,0.23077,0.23077,0.23077
0.23077,0.23077,0.23077,0.23077,0.23077
0.23077,0.23077,0.23077,0.23077,0.23077
0.23077,0.23077,0.23077,0.23077,0.23077
0.23077,0.23077,0.23077,0.23077,0.23077
0.23077,0.23077,0.23077,0.23077,0.23077
0.23077,0.23077,0.23077,0.23077,0.23077
0.23077,0.23077,0.23077,0.23077,0.23077
0.23077,0.23077,0.23077,0.23077,0.23077
0.23077,0.23077,0.23077,0.23077,0.23077
0.23077,0.23077,0.23077,0.23077,0.23077
0.23077,0.23077,0.23077,0.23077,0.23077
0.23077,0.23077,0.23077,0.23077,0.23077
0.23077,0.23077,0.23077,0.23077,0.23077
0.23077,0.23077,0.23077,0.23077,0.23077
0.23077,0.23077,0.23077,0.23077,0.23077
0.23077,0.23077,0.23077,0.23077,0.23077
0.23077,0.23077,0.23077,0.23077,0.23077
0.23077,0.23077,0.23077,0.23077,0.23077
0.23077,0.23077,0.23077,0.23077,0.23077
0.23077,0.23077,0.23077,0.23077,0.23077
0.23077,0.23077,0.23077,0.23077,0.23077
0.23077,0.23077,0.23077,0.23077,0.23077
0.23077,0.23077,0.23077,0.23077,0.23077
0.23077,0.23077,0.23077,0.23077,0.23077
0.23077,0.23077,0.23077,0.23077,0.23077
0.23077,0.23077,0.23077,0.23077,0.23077
0.23077,0.23077,0.23077,0.23077,0.23077
0.23077,0.23077,0.23077,0.23077,0.23077
0.23077,0.23077,0.23077,0.23077,0.23077
0.23077,0.23077,0.23077,0.23077,0.23077
0.23077,0.23077,0.23077,0.23077,0.23077
0.23077,0.23077,0.23077,0.23077,0.23077
0.23077,0.23077,0.23077,0.23077,0.23077
0.23077,0.23077,0.23077,0.23077,0.23077
0.23077,0.23077,0.23077,0.23077,0.23077
0.23077,0.23077,0.23077,0.23077,0.23077
0.23077,0.23077,0.23077,0.23077,0.23077
0.23077,0.23077,0.23077,0.23077,0.23077
0.23077,0.23077,0.23077,0.23077,0.23077
0.23077,0.23077,0.23077,0.23077,0.23077
0.23077,0.23077,0.23077,0.23077,0.23077
0.23077,0.23077,0.23077,0.23077,0.23077
0.23077,0.23077,0.23077,0.23077,0.23077
0.23077,0.23077,0.23077,0.23077,0.23077
0.23077,0.23077,0.23077,0.23077,0.23077
0.23077,0.23077,0.23077,0.23077,0.23077
0.23077,0.23077,0.23077,0.23077,0.23077
0.23077,0.23077,0.23077,0.23077,0.23077
0.23077,0.23077,0.23077,0.23077,0.23077
0.23077,0.23077,0.23077,0.23077,0.23077
0.23077,0.23077,0.23077,0.23077,0.23077
0.23077,0.23077,0.23077,0.23077,0.23077
0.23077,0.23077,0.23077,0.23077,0.23077
0.23077,0.23077,0.23077,0.23077,0.23077
0.23077,0.23077,0.23077,0.23077,0.23077
0.23077,0.23077,0.23077,0.23077,0.23077
0.23077,0.23077,0.23077,0.23077,0.23077
0.23077,0.23077,0.23077,0.23077,0.23077
0.23077,0.23077,0.23077,0.23077,0.23077
0.23077,0.23077,0.23077,0.23077,0.23077
0.23077,0.23077,0.23077,0.23077,0.23077
0.23077,0.23077,0.23077,0.23077,0.23077
0.23077,0.23077,0.23077,0.23077,0.23077
0.23077,0.23077,0.23077,0.23077,0.23077
0.23077,0.23077,0.23077,0.23077,0.23077
0.23077,0.23077,0.23077,0.23077,0.23077
0.23077,0.23077,0.23077,0.23077,0.23077
0.23077,0.23077,0.23077,0.23077,0.23077
0.23077,0.23077,0.23077,0.23077,0.23077
0.23077,0.23077,0.23077,0.23077,0.23077
0.23077,0.23077,0.23077,0.23077,0.23077
0.23077,0.23077,0.23077,0.23077,0.23077
0.23077,0.23077,0.23077,0.23077,0.23077
0.23077,0.23077,0.23077,0.23077,0.23077
0.23077,0.23077,0.23077,0.23077,0.23077
0.23077,0.23077,0.23077,0.23077,0.23077
0.23077,0.23077,0.23077,0.23077,0.23077
0.23077,0.23077,0.23077,0.23077,0.23077
0.23077,0.23077,0.23077,0.23077,0.23077
0.23077,0.23077,0.23077,0.23077,0.23077
0.23077,0.23077,0.23077,0.23077,0.23077
0.23077,0.23077,0.23077,0.23077,0.23077
0.23077,0.23077,0.23077,0.23077,0.23077
0.23077,0.23077,0.23077,0.23077,0.23077
0.23077,0.23077,0.23077,0.23077,0.23077
0.23077,0.23077,0.23077,0.23077,0.23077
0.23077,0.23077,0.23077,0.23077,0.23077
0.23077,0.23077,0.23077,0.23077,0.23077
0.23077,0.23077,0.23077,0.23077,0.23077
0.23077,0.23077,0.23077,0.23077,0.23077
0.23077,0.23077,0.23077,0.23077,0.23077
0.23077,0.23077,0.23077,0.23077,0.23077
0.23077,0.23077,0.23077,0.23077,0.23077
0.23077,0.23077,0.23077,0.23077,0.23077
0.23077,0.23077,0.23077,0.23077,0.23077
0.23077,0.23077,0.23077,0.23077,0.23077
0.23077,0.23077,0.23077,0.23077,0.23077
0.23077,0.23077,0.23077,0.23077,0.23077
0.23077,0.23077,0.23077,0.23077,0.23077
0.23077,0.23077,0.23077,0.23077,0.23077
0.23077,0.23077,0.23077,0.23077,0.23077
0.23077,0.23077,0.23077,0.23077,0.23077
0.23077,0.23077,0.23077,0.23077,0.23077
0.23077,0.23077,0.23077,0.23077,0.23077
0.23077,0.23077,0.23077,0.23077,0.23077
0.23077,0.23077,0.23077,0.23077,0.23077
0.23077,0.23077,0.23077,0.23077,0.23077
0.23077,0.23077,0.23077,0.23077,0.23077
0.23077,0.23077,0.23077,0.23077,0.23077
0.23077,0.23077,0.23077,0.23077,0.23077
0.23077,0.23077,0.23077,0.23077,0.23077
0.23077,0.23077,0.23077,0.23077,0.23077
0.23077,0.23077,0.23077,0.23077,0.23077
0.23077,0.23077,0.23077,0.23077,0.23077
0.23077,0.23077,0.23077,0.23077,0.23077
0.23077,0.23077,0.23077,0.23077,0.23077
0.23077,0.23077,0.23077,0.23077,0.23077
0.23077,0.23077,0.23077,0.23077,0.23077
0.23077,0.23077,0.23077,0.23077,0.23077
0.23077,0.23077,0.23077,0.23077,0.23077
0.23077,0.23077,0.23077,0.23077,0.23077
0.23077,0.23077,0.23077,0.23077,0.23077
0.23077,0.23077,0.23077,0.23077,0.23077
0.23077,0.23077,0.23077,0.23077,0.23077
0.23077,0.23077,0.23077,0.23077,0.23077
0.23077,0.23077,0.23077,0.23077,0.23077
0.23077,0.23077,0.23077,0.23077,0.23077
0.23077,0.23077,0.23077,0.23077,0.23077
0.23077,0.23077,0.23077,0.23077,0.23077
0.23077,0.23077,0.23077,0.23077,0.23077
0.23077,0.23077,0.23077,0.23077,0.23077
0.23077,0.23077,0.23077,0.23077,0.23077
0.23077,0.23077,0.23077,0.23077,0.23077
0.23077,0.23077,0.23077,0.23077,0.23077
0.23077,0.23077,0.23077,0.23077,0.23077
0.23077,0.23077,0.23077,0.23077,0.23077
0.23077,0.23077,0.23077,0.23077,0.23077
0.23077,0.23077,0.23077,0.23077,0.23077
0.23077,0.23077,0.23077,0.23077,0.23077
0.23077,0.23077,0.23077,0.23077,0.23077
0.23077,0.23077,0.23077,0.23077,0.23077
0.23077,0.23077,0.23077,0.23077,0.23077
0.23077,0.23077,0.23077,0.23077,0.23077
0.23077,0.23077,0.23077,0.23077,0.23077
0.23077,0.23077,0.23077,0.23077,0.23077
0.23077,0.23077,0.23077,0.23077,0.23077
0.23077,0.23077,0.23077,0.23077,0.23077
0.23077,0.23077,0.23077,0.23077,0.23077
0.23077,0.23077,0.23077,0.23077,0.23077
0.23077,0.23077,0.23077,0.23077,0.23077
0.23077,0.23077,0.23077,0.23077,0.23077
0.23077,0.23077,0.23077,0.23077,0.23077
0.23077,0.23077,0.23077,0.23077,0.23077
0.23077,0.23077,0.23077,0.23077,0.23077
0.23077,0.23077,0.23077,0.23077,0.23077
0.23077,0.23077,0.23077,0.23077,0.23077
0.23077,0.23077,0.23077,0.23077,0.23077
0.23077,0.23077,0.23077,0.23077,0.23077
0.23077,0.23077,0.23077,0.23077,0.23077
0.23077,0.23077,0.23077,0.23077,0.23077
0.23077,0.23077,0.23077,0.23077,0.23077
0.23077,0.23077,0.23077,0.23077,0.23077
0.23077,0.23077,0.23077,0.23077,0.23077
0.23077,0.23077,0.23077,0.23077,0.23077
0.23077,0.23077,0.23077,0.23077,0.23077
0.23077,0.23077,0.23077,0.23077,0.23077
0.23077,0.23077,0.23077,0.23077,0.23077
0.23077,0.23077,0.23077,0.23077,0.23077
0.23077,0.23077,0.23077,0.23077,0.23077
0.23077,0.23077,0.23077,0.23077,0.23077
0.23077,0.23077,0.23077,0.23077,0.23077
0.23077,0.23077,0.23077,0.23077,0.23077
0.23077,0.23077,0.23077,0.23077,0.23077
0.23077,0.23077,0.23077,0.23077,0.23077
0.23077,0.23077,0.23077,0.23077,0.23077
0.23077,0.23077,0.23077,0.23077,0.23077
0.23077,0.23077,0.23077,0.23077,0.23077
0.23077,0.23077,0.23077,0.23077,0.23077
0.23077,0.23077,0.23077,0.23077,0.23077
0.23077,0.23077,0.23077,0.23077,0.23077
0.23077,0.23077,0.23077,0.23077,0.23077
0.23077,0.23077,0.23077,0.23077,0.23077
0.23077,0.23077,0.23077,0.23077,0.23077
0.23077,0.23077,0.23077,0.23077,0.23077
0.23077,0.23077,0.23077,0.23077,0.23077
0.23077,0.23077,0.23077,0.23077,0.23077
0.23077,0.23077,0.23077,0.23077,0.23077
0.23077,0.23077,0.23077,0.23077,0.23077
0.23077,0.23077,0.23077,0.23077,0.23077
0.23077,0.23077,0.23077,0.23077,0.23077
0.23077,0.23077,0.23077,0.23077,0.23077
0.23077,0.23077,0.23077,0.23077,0.23077
0.23077,0.23077,0.23077,0.23077,0.23077
0.23077,0.23077,0.23077,0.23077,0.23077
0.23077,0.23077,0.23077,0.23077,0.23077
0.23077,0.23077,0.23077,0.23077,0.23077
0.23077,0.23077,0.23077,0.23077,0.23077
0.23077,0.23077,0.23077,0.23077,0.23077
0.23077,0.23077,0.23077,0.23077,0.23077
0.23077,0.23077,0.23077,0.23077,0.23077
0.23077,0.23077,0.23077,0.23077,0.23077
0.23077,0.23077,0.23077,0.23077,0.23077
0.23077,0.23077,0.23077,0.23077,0.23077
0.23077,0.23077,0.23077,0.23077,0.23077
0.23077,0.23077,0.23077,0.23077,0.23077
0.23077,0.23077,0.23077,0.23077,0.23077
0.23077,0.23077,0.23077,0.23077,0.23077
0.23077,0.23077,0.23077,0.23077,0.23077
0.23077,0.23077,0.23077,0.23077,0.23077
0.23077,0.23077,0.23077,0.23077,0.23077
0.23077,0.23077,0.23077,0.23077,0.23077
0.23077,0.23077,0.23077,0.23077,0.23077
0.23077,0.23077,0.23077,0.23077,0.23077
0.23077,0.23077,0.23077,0.23077,0.23077
0.23077,0.23077,0.23077,0.23077,0.23077
0.23077,0.23077,0.23077,0.23077,0.23077
0.23077,0.23077,0.23077,0.23077,0.23077
0.23077,0.23077,0.23077,0.23077,0.23077
0.23077,0.23077,0.23077,0.23077,0.23077
