0.1,0.2,0.3,0.5,0.6
0.0945,0.0755,0.10275,0.11375,0.0885
0.038134,0.043486,0.042997,0.043934,0.045969
0.021061,0.019591,0.020867,0.021226,0.019897
0.0097401,0.010196,0.010018,0.010024,0.010288
0.0050441,0.0049062,0.0049994,0.0050186,0.004912
0.0024492,0.0024925,0.0024707,0.0024687,0.0024971
0.001242,0.0012286,0.0012367,0.0012381,0.0012283
0.00061415,0.00061838,0.00061608,0.00061579,0.00061868
0.00030886,0.00030753,0.0003083,0.00030842,0.00030748
0.00015377,0.00015419,0.00015396,0.00015392,0.00015421
7.7068e-05,7.6937e-05,7.7012e-05,7.7023e-05,7.6931e-05
3.8471e-05,3.8512e-05,3.8489e-05,3.8485e-05,3.8514e-05
1.9254e-05,1.9241e-05,1.9248e-05,1.9249e-05,1.924e-05
9.6207e-06,9.6247e-06,9.6224e-06,9.6221e-06,9.6249e-06
4.8122e-06,4.8109e-06,4.8116e-06,4.8117e-06,4.8108e-06
2.4055e-06,2.4059e-06,2.4057e-06,2.4056e-06,2.4059e-06
1.2029e-06,1.2028e-06,1.2029e-06,1.2029e-06,1.2028e-06
6.014e-07,6.0144e-07,6.0142e-07,6.0142e-07,6.0144e-07
3.0072e-07,3.0071e-07,3.0071e-07,3.0071e-07,3.0071e-07
1.5035e-07,1.5036e-07,1.5036e-07,1.5036e-07,1.5036e-07
7.5179e-08,7.5177e-08,7.5178e-08,7.5178e-08,7.5177e-08
3.7589e-08,3.7589e-08,3.7589e-08,3.7589e-08,3.7589e-08
1.8795e-08,1.8794e-08,1.8795e-08,1.8795e-08,1.8794e-08
9.3972e-09,9.3973e-09,9.3972e-09,9.3972e-09,9.3973e-09
4.6986e-09,4.6986e-09,4.6986e-09,4.6986e-09,4.6986e-09
2.3493e-09,2.3493e-09,2.3493e-09,2.3493e-09,2.3493e-09
1.1747e-09,1.1747e-09,1.1747e-09,1.1747e-09,1.1747e-09
5.8733e-10,5.8733e-10,5.8733e-10,5.8733e-10,5.8733e-10
2.9366e-10,2.9366e-10,2.9366e-10,2.9366e-10,2.9366e-10
1.4683e-10,1.4683e-10,1.4683e-10,1.4683e-10,1.4683e-10
7.3416e-11,7.3416e-11,7.3416e-11,7.3416e-11,7.3416e-11
3.6708e-11,3.6708e-11,3.6708e-11,3.6708e-11,3.6708e-11
1.8354e-11,1.8354e-11,1.8354e-11,1.8354e-11,1.8354e-11
9.177e-12,9.177e-12,9.177e-12,9.177e-12,9.177e-12
4.5885e-12,4.5885e-12,4.5885e-12,4.5885e-12,4.5885e-12
2.2942e-12,2.2942e-12,2.2942e-12,2.2942e-12,2.2942e-12
1.1471e-12,1.1471e-12,1.1471e-12,1.1471e-12,1.1471e-12
5.7356e-13,5.7356e-13,5.7356e-13,5.7356e-13,5.7356e-13
2.8678e-13,2.8678e-13,2.8678e-13,2.8678e-13,2.8678e-13
1.4339e-13,1.4339e-13,1.4339e-13,1.4339e-13,1.4339e-13
7.1695e-14,7.1695e-14,7.1695e-14,7.1695e-14,7.1695e-14
3.5848e-14,3.5848e-14,3.5848e-14,3.5848e-14,3.5848e-14
1.7924e-14,1.7924e-14,1.7924e-14,1.7924e-14,1.7924e-14
8.9619e-15,8.9619e-15,8.9619e-15,8.9619e-15,8.9619e-15
4.481e-15,4.481e-15,4.481e-15,4.481e-15,4.481e-15
2.2405e-15,2.2405e-15,2.2405e-15,2.2405e-15,2.2405e-15
1.1202e-15,1.1202e-15,1.1202e-15,1.1202e-15,1.1202e-15
5.6012e-16,5.6012e-16,5.6012e-16,5.6012e-16,5.6012e-16
2.8006e-16,2.8006e-16,2.8006e-16,2.8006e-16,2.8006e-16
1.4003e-16,1.4003e-16,1.4003e-16,1.4003e-16,1.4003e-16
7.0015e-17,7.0015e-17,7.0015e-17,7.0015e-17,7.0015e-17
3.5007e-17,3.5007e-17,3.5007e-17,3.5007e-17,3.5007e-17
1.7504e-17,1.7504e-17,1.7504e-17,1.7504e-17,1.7504e-17
8.7519e-18,8.7519e-18,8.7519e-18,8.7519e-18,8.7519e-18
4.3759e-18,4.3759e-18,4.3759e-18,4.3759e-18,4.3759e-18
2.188e-18,2.188e-18,2.188e-18,2.188e-18,2.188e-18
1.094e-18,1.094e-18,1.094e-18,1.094e-18,1.094e-18
5.4699e-19,5.4699e-19,5.4699e-19,5.4699e-19,5.4699e-19
2.735e-19,2.735e-19,2.735e-19,2.735e-19,2.735e-19
1.3675e-19,1.3675e-19,1.3675e-19,1.3675e-19,1.3675e-19
6.8374e-20,6.8374e-20,6.8374e-20,6.8374e-20,6.8374e-20
3.4187e-20,3.4187e-20,3.4187e-20,3.4187e-20,3.4187e-20
1.7093e-20,1.7093e-20,1.7093e-20,1.7093e-20,1.7093e-20
8.5467e-21,8.5467e-21,8.5467e-21,8.5467e-21,8.5467e-21
4.2734e-21,4.2734e-21,4.2734e-21,4.2734e-21,4.2734e-21
2.1367e-21,2.1367e-21,2.1367e-21,2.1367e-21,2.1367e-21
1.0683e-21,1.0683e-21,1.0683e-21,1.0683e-21,1.0683e-21
5.3417e-22,5.3417e-22,5.3417e-22,5.3417e-22,5.3417e-22
2.6709e-22,2.6709e-22,2.6709e-22,2.6709e-22,2.6709e-22
1.3354e-22,1.3354e-22,1.3354e-22,1.3354e-22,1.3354e-22
6.6771e-23,6.6771e-23,6.6771e-23,6.6771e-23,6.6771e-23
3.3386e-23,3.3386e-23,3.3386e-23,3.3386e-23,3.3386e-23
1.6693e-23,1.6693e-23,1.6693e-23,1.6693e-23,1.6693e-23
8.3464e-24,8.3464e-24,8.3464e-24,8.3464e-24,8.3464e-24
4.1732e-24,4.1732e-24,4.1732e-24,4.1732e-24,4.1732e-24
2.0866e-24,2.0866e-24,2.0866e-24,2.0866e-24,2.0866e-24
1.0433e-24,1.0433e-24,1.0433e-24,1.0433e-24,1.0433e-24
5.2165e-25,5.2165e-25,5.2165e-25,5.2165e-25,5.2165e-25
2.6083e-25,2.6083e-25,2.6083e-25,2.6083e-25,2.6083e-25
1.3041e-25,1.3041e-25,1.3041e-25,1.3041e-25,1.3041e-25
6.5206e-26,6.5206e-26,6.5206e-26,6.5206e-26,6.5206e-26
3.2603e-26,3.2603e-26,3.2603e-26,3.2603e-26,3.2603e-26
1.6302e-26,1.6302e-26,1.6302e-26,1.6302e-26,1.6302e-26
8.1508e-27,8.1508e-27,8.1508e-27,8.1508e-27,8.1508e-27
4.0754e-27,4.0754e-27,4.0754e-27,4.0754e-27,4.0754e-27
2.0377e-27,2.0377e-27,2.0377e-27,2.0377e-27,2.0377e-27
1.0189e-27,1.0189e-27,1.0189e-27,1.0189e-27,1.0189e-27
5.0943e-28,5.0943e-28,5.0943e-28,5.0943e-28,5.0943e-28
2.5471e-28,2.5471e-28,2.5471e-28,2.5471e-28,2.5471e-28
1.2736e-28,1.2736e-28,1.2736e-28,1.2736e-28,1.2736e-28
6.3678e-29,6.3678e-29,6.3678e-29,6.3678e-29,6.3678e-29
3.1839e-29,3.1839e-29,3.1839e-29,3.1839e-29,3.1839e-29
1.592e-29,1.592e-29,1.592e-29,1.592e-29,1.592e-29
7.9598e-30,7.9598e-30,7.9598e-30,7.9598e-30,7.9598e-30
3.9799e-30,3.9799e-30,3.9799e-30,3.9799e-30,3.9799e-30
1.9899e-30,1.9899e-30,1.9899e-30,1.9899e-30,1.9899e-30
9.9497e-31,9.9497e-31,9.9497e-31,9.9497e-31,9.9497e-31
4.9749e-31,4.9749e-31,4.9749e-31,4.9749e-31,4.9749e-31
2.4874e-31,2.4874e-31,2.4874e-31,2.4874e-31,2.4874e-31
1.2437e-31,1.2437e-31,1.2437e-31,1.2437e-31,1.2437e-31
6.2186e-32,6.2186e-32,6.2186e-32,6.2186e-32,6.2186e-32
3.1093e-32,3.1093e-32,3.1093e-32,3.1093e-32,3.1093e-32
1.5546e-32,1.5546e-32,1.5546e-32,1.5546e-32,1.5546e-32
7.7732e-33,7.7732e-33,7.7732e-33,7.7732e-33,7.7732e-33
3.8866e-33,3.8866e-33,3.8866e-33,3.8866e-33,3.8866e-33
1.9433e-33,1.9433e-33,1.9433e-33,1.9433e-33,1.9433e-33
9.7165e-34,9.7165e-34,9.7165e-34,9.7165e-34,9.7165e-34
4.8583e-34,4.8583e-34,4.8583e-34,4.8583e-34,4.8583e-34
2.4291e-34,2.4291e-34,2.4291e-34,2.4291e-34,2.4291e-34
1.2146e-34,1.2146e-34,1.2146e-34,1.2146e-34,1.2146e-34
6.0728e-35,6.0728e-35,6.0728e-35,6.0728e-35,6.0728e-35
3.0364e-35,3.0364e-35,3.0364e-35,3.0364e-35,3.0364e-35
1.5182e-35,1.5182e-35,1.5182e-35,1.5182e-35,1.5182e-35
7.591e-36,7.591e-36,7.591e-36,7.591e-36,7.591e-36
3.7955e-36,3.7955e-36,3.7955e-36,3.7955e-36,3.7955e-36
1.8978e-36,1.8978e-36,1.8978e-36,1.8978e-36,1.8978e-36
9.4888e-37,9.4888e-37,9.4888e-37,9.4888e-37,9.4888e-37
4.7444e-37,4.7444e-37,4.7444e-37,4.7444e-37,4.7444e-37
2.3722e-37,2.3722e-37,2.3722e-37,2.3722e-37,2.3722e-37
1.1861e-37,1.1861e-37,1.1861e-37,1.1861e-37,1.1861e-37
5.9305e-38,5.9305e-38,5.9305e-38,5.9305e-38,5.9305e-38
2.9652e-38,2.9652e-38,2.9652e-38,2.9652e-38,2.9652e-38
1.4826e-38,1.4826e-38,1.4826e-38,1.4826e-38,1.4826e-38
7.4131e-39,7.4131e-39,7.4131e-39,7.4131e-39,7.4131e-39
3.7066e-39,3.7066e-39,3.7066e-39,3.7066e-39,3.7066e-39
1.8533e-39,1.8533e-39,1.8533e-39,1.8533e-39,1.8533e-39
9.2664e-40,9.2664e-40,9.2664e-40,9.2664e-40,9.2664e-40
4.6332e-40,4.6332e-40,4.6332e-40,4.6332e-40,4.6332e-40
2.3166e-40,2.3166e-40,2.3166e-40,2.3166e-40,2.3166e-40
1.1583e-40,1.1583e-40,1.1583e-40,1.1583e-40,1.1583e-40
5.7915e-41,5.7915e-41,5.7915e-41,5.7915e-41,5.7915e-41
2.8957e-41,2.8957e-41,2.8957e-41,2.8957e-41,2.8957e-41
1.4479e-41,1.4479e-41,1.4479e-41,1.4479e-41,1.4479e-41
7.2394e-42,7.2394e-42,7.2394e-42,7.2394e-42,7.2394e-42
3.6197e-42,3.6197e-42,3.6197e-42,3.6197e-42,3.6197e-42
1.8098e-42,1.8098e-42,1.8098e-42,1.8098e-42,1.8098e-42
9.0492e-43,9.0492e-43,9.0492e-43,9.0492e-43,9.0492e-43
4.5246e-43,4.5246e-43,4.5246e-43,4.5246e-43,4.5246e-43
2.2623e-43,2.2623e-43,2.2623e-43,2.2623e-43,2.2623e-43
1.1312e-43,1.1312e-43,1.1312e-43,1.1312e-43,1.1312e-43
5.6558e-44,5.6558e-44,5.6558e-44,5.6558e-44,5.6558e-44
2.8279e-44,2.8279e-44,2.8279e-44,2.8279e-44,2.8279e-44
1.4139e-44,1.4139e-44,1.4139e-44,1.4139e-44,1.4139e-44
7.0697e-45,7.0697e-45,7.0697e-45,7.0697e-45,7.0697e-45
3.5349e-45,3.5349e-45,3.5349e-45,3.5349e-45,3.5349e-45
1.7674e-45,1.7674e-45,1.7674e-45,1.7674e-45,1.7674e-45
8.8371e-46,8.8371e-46,8.8371e-46,8.8371e-46,8.8371e-46
4.4186e-46,4.4186e-46,4.4186e-46,4.4186e-46,4.4186e-46
2.2093e-46,2.2093e-46,2.2093e-46,2.2093e-46,2.2093e-46
1.1046e-46,1.1046e-46,1.1046e-46,1.1046e-46,1.1046e-46
5.5232e-47,5.5232e-47,5.5232e-47,5.5232e-47,5.5232e-47
2.7616e-47,2.7616e-47,2.7616e-47,2.7616e-47,2.7616e-47
1.3808e-47,1.3808e-47,1.3808e-47,1.3808e-47,1.3808e-47
6.904e-48,6.904e-48,6.904e-48,6.904e-48,6.904e-48
3.452e-48,3.452e-48,3.452e-48,3.452e-48,3.452e-48
1.726e-48,1.726e-48,1.726e-48,1.726e-48,1.726e-48
8.63e-49,8.63e-49,8.63e-49,8.63e-49,8.63e-49
4.315e-49,4.315e-49,4.315e-49,4.315e-49,4.315e-49
2.1575e-49,2.1575e-49,2.1575e-49,2.1575e-49,2.1575e-49
1.0788e-49,1.0788e-49,1.0788e-49,1.0788e-49,1.0788e-49
5.3938e-50,5.3938e-50,5.3938e-50,5.3938e-50,5.3938e-50
2.6969e-50,2.6969e-50,2.6969e-50,2.6969e-50,2.6969e-50
1.3484e-50,1.3484e-50,1.3484e-50,1.3484e-50,1.3484e-50
6.7422e-51,6.7422e-51,6.7422e-51,6.7422e-51,6.7422e-51
3.3711e-51,3.3711e-51,3.3711e-51,3.3711e-51,3.3711e-51
1.6855e-51,1.6855e-51,1.6855e-51,1.6855e-51,1.6855e-51
8.4277e-52,8.4277e-52,8.4277e-52,8.4277e-52,8.4277e-52
4.2139e-52,4.2139e-52,4.2139e-52,4.2139e-52,4.2139e-52
2.1069e-52,2.1069e-52,2.1069e-52,2.1069e-52,2.1069e-52
1.0535e-52,1.0535e-52,1.0535e-52,1.0535e-52,1.0535e-52
5.2673e-53,5.2673e-53,5.2673e-53,5.2673e-53,5.2673e-53
2.6337e-53,2.6337e-53,2.6337e-53,2.6337e-53,2.6337e-53
1.3168e-53,1.3168e-53,1.3168e-53,1.3168e-53,1.3168e-53
6.5842e-54,6.5842e-54,6.5842e-54,6.5842e-54,6.5842e-54
3.2921e-54,3.2921e-54,3.2921e-54,3.2921e-54,3.2921e-54
1.646e-54,1.646e-54,1.646e-54,1.646e-54,1.646e-54
8.2302e-55,8.2302e-55,8.2302e-55,8.2302e-55,8.2302e-55
4.1151e-55,4.1151e-55,4.1151e-55,4.1151e-55,4.1151e-55
2.0576e-55,2.0576e-55,2.0576e-55,2.0576e-55,2.0576e-55
1.0288e-55,1.0288e-55,1.0288e-55,1.0288e-55,1.0288e-55
5.1439e-56,5.1439e-56,5.1439e-56,5.1439e-56,5.1439e-56
2.5719e-56,2.5719e-56,2.5719e-56,2.5719e-56,2.5719e-56
1.286e-56,1.286e-56,1.286e-56,1.286e-56,1.286e-56
6.4299e-57,6.4299e-57,6.4299e-57,6.4299e-57,6.4299e-57
3.2149e-57,3.2149e-57,3.2149e-57,3.2149e-57,3.2149e-57
1.6075e-57,1.6075e-57,1.6075e-57,1.6075e-57,1.6075e-57
8.0373e-58,8.0373e-58,8.0373e-58,8.0373e-58,8.0373e-58
4.0187e-58,4.0187e-58,4.0187e-58,4.0187e-58,4.0187e-58
2.0093e-58,2.0093e-58,2.0093e-58,2.0093e-58,2.0093e-58
1.0047e-58,1.0047e-58,1.0047e-58,1.0047e-58,1.0047e-58
5.0233e-59,5.0233e-59,5.0233e-59,5.0233e-59,5.0233e-59
2.5117e-59,2.5117e-59,2.5117e-59,2.5117e-59,2.5117e-59
1.2558e-59,1.2558e-59,1.2558e-59,1.2558e-59,1.2558e-59
6.2792e-60,6.2792e-60,6.2792e-60,6.2792e-60,6.2792e-60
3.1396e-60,3.1396e-60,3.1396e-60,3.1396e-60,3.1396e-60
1.5698e-60,1.5698e-60,1.5698e-60,1.5698e-60,1.5698e-60
7.8489e-61,7.8489e-61,7.8489e-61,7.8489e-61,7.8489e-61
3.9245e-61,3.9245e-61,3.9245e-61,3.9245e-61,3.9245e-61
1.9622e-61,1.9622e-61,1.9622e-61,1.9622e-61,1.9622e-61
9.8112e-62,9.8112e-62,9.8112e-62,9.8112e-62,9.8112e-62
4.9056e-62,4.9056e-62,4.9056e-62,4.9056e-62,4.9056e-62
2.4528e-62,2.4528e-62,2.4528e-62,2.4528e-62,2.4528e-62
1.2264e-62,1.2264e-62,1.2264e-62,1.2264e-62,1.2264e-62
6.132e-63,6.132e-63,6.132e-63,6.132e-63,6.132e-63
3.066e-63,3.066e-63,3.066e-63,3.066e-63,3.066e-63
1.533e-63,1.533e-63,1.533e-63,1.533e-63,1.533e-63
7.665e-64,7.665e-64,7.665e-64,7.665e-64,7.665e-64
3.8325e-64,3.8325e-64,3.8325e-64,3.8325e-64,3.8325e-64
1.9162e-64,1.9162e-64,1.9162e-64,1.9162e-64,1.9162e-64
9.5812e-65,9.5812e-65,9.5812e-65,9.5812e-65,9.5812e-65
4.7906e-65,4.7906e-65,4.7906e-65,4.7906e-65,4.7906e-65
2.3953e-65,2.3953e-65,2.3953e-65,2.3953e-65,2.3953e-65
1.1977e-65,1.1977e-65,1.1977e-65,1.1977e-65,1.1977e-65
5.9883e-66,5.9883e-66,5.9883e-66,5.9883e-66,5.9883e-66
2.9941e-66,2.9941e-66,2.9941e-66,2.9941e-66,2.9941e-66
1.4971e-66,1.4971e-66,1.4971e-66,1.4971e-66,1.4971e-66
7.4853e-67,7.4853e-67,7.4853e-67,7.4853e-67,7.4853e-67
3.7427e-67,3.7427e-67,3.7427e-67,3.7427e-67,3.7427e-67
1.8713e-67,1.8713e-67,1.8713e-67,1.8713e-67,1.8713e-67
9.3567e-68,9.3567e-68,9.3567e-68,9.3567e-68,9.3567e-68
4.6783e-68,4.6783e-68,4.6783e-68,4.6783e-68,4.6783e-68
2.3392e-68,2.3392e-68,2.3392e-68,2.3392e-68,2.3392e-68
1.1696e-68,1.1696e-68,1.1696e-68,1.1696e-68,1.1696e-68
5.8479e-69,5.8479e-69,5.8479e-69,5.8479e-69,5.8479e-69
2.924e-69,2.924e-69,2.924e-69,2.924e-69,2.924e-69
1.462e-69,1.462e-69,1.462e-69,1.462e-69,1.462e-69
7.3099e-70,7.3099e-70,7.3099e-70,7.3099e-70,7.3099e-70
3.6549e-70,3.6549e-70,3.6549e-70,3.6549e-70,3.6549e-70
1.8275e-70,1.8275e-70,1.8275e-70,1.8275e-70,1.8275e-70
9.1374e-71,9.1374e-71,9.1374e-71,9.1374e-71,9.1374e-71
4.5687e-71,4.5687e-71,4.5687e-71,4.5687e-71,4.5687e-71
2.2843e-71,2.2843e-71,2.2843e-71,2.2843e-71,2.2843e-71
1.1422e-71,1.1422e-71,1.1422e-71,1.1422e-71,1.1422e-71
5.7109e-72,5.7109e-72,5.7109e-72,5.7109e-72,5.7109e-72
2.8554e-72,2.8554e-72,2.8554e-72,2.8554e-72,2.8554e-72
1.4277e-72,1.4277e-72,1.4277e-72,1.4277e-72,1.4277e-72
7.1386e-73,7.1386e-73,7.1386e-73,7.1386e-73,7.1386e-73
3.5693e-73,3.5693e-73,3.5693e-73,3.5693e-73,3.5693e-73
1.7846e-73,1.7846e-73,1.7846e-73,1.7846e-73,1.7846e-73
8.9232e-74,8.9232e-74,8.9232e-74,8.9232e-74,8.9232e-74
4.4616e-74,4.4616e-74,4.4616e-74,4.4616e-74,4.4616e-74
2.2308e-74,2.2308e-74,2.2308e-74,2.2308e-74,2.2308e-74
1.1154e-74,1.1154e-74,1.1154e-74,1.1154e-74,1.1154e-74
5.577e-75,5.577e-75,5.577e-75,5.577e-75,5.577e-75
2.7885e-75,2.7885e-75,2.7885e-75,2.7885e-75,2.7885e-75
1.3943e-75,1.3943e-75,1.3943e-75,1.3943e-75,1.3943e-75
6.9713e-76,6.9713e-76,6.9713e-76,6.9713e-76,6.9713e-76
3.4856e-76,3.4856e-76,3.4856e-76,3.4856e-76,3.4856e-76
1.7428e-76,1.7428e-76,1.7428e-76,1.7428e-76,1.7428e-76
8.7141e-77,8.7141e-77,8.7141e-77,8.7141e-77,8.7141e-77
4.357e-77,4.357e-77,4.357e-77,4.357e-77,4.357e-77
2.1785e-77,2.1785e-77,2.1785e-77,2.1785e-77,2.1785e-77
1.0893e-77,1.0893e-77,1.0893e-77,1.0893e-77,1.0893e-77
5.4463e-78,5.4463e-78,5.4463e-78,5.4463e-78,5.4463e-78
2.7231e-78,2.7231e-78,2.7231e-78,2.7231e-78,2.7231e-78
1.3616e-78,1.3616e-78,1.3616e-78,1.3616e-78,1.3616e-78
6.8079e-79,6.8079e-79,6.8079e-79,6.8079e-79,6.8079e-79
3.4039e-79,3.4039e-79,3.4039e-79,3.4039e-79,3.4039e-79
1.702e-79,1.702e-79,1.702e-79,1.702e-79,1.702e-79
8.5098e-80,8.5098e-80,8.5098e-80,8.5098e-80,8.5098e-80
4.2549e-80,4.2549e-80,4.2549e-80,4.2549e-80,4.2549e-80
2.1275e-80,2.1275e-80,2.1275e-80,2.1275e-80,2.1275e-80
1.0637e-80,1.0637e-80,1.0637e-80,1.0637e-80,1.0637e-80
5.3187e-81,5.3187e-81,5.3187e-81,5.3187e-81,5.3187e-81
2.6593e-81,2.6593e-81,2.6593e-81,2.6593e-81,2.6593e-81
1.3297e-81,1.3297e-81,1.3297e-81,1.3297e-81,1.3297e-81
6.6483e-82,6.6483e-82,6.6483e-82,6.6483e-82,6.6483e-82
3.3242e-82,3.3242e-82,3.3242e-82,3.3242e-82,3.3242e-82
1.6621e-82,1.6621e-82,1.6621e-82,1.6621e-82,1.6621e-82
8.3104e-83,8.3104e-83,8.3104e-83,8.3104e-83,8.3104e-83
4.1552e-83,4.1552e-83,4.1552e-83,4.1552e-83,4.1552e-83
2.0776e-83,2.0776e-83,2.0776e-83,2.0776e-83,2.0776e-83
1.0388e-83,1.0388e-83,1.0388e-83,1.0388e-83,1.0388e-83
5.194e-84,5.194e-84,5.194e-84,5.194e-84,5.194e-84
2.597e-84,2.597e-84,2.597e-84,2.597e-84,2.597e-84
1.2985e-84,1.2985e-84,1.2985e-84,1.2985e-84,1.2985e-84
6.4925e-85,6.4925e-85,6.4925e-85,6.4925e-85,6.4925e-85
3.2462e-85,3.2462e-85,3.2462e-85,3.2462e-85,3.2462e-85
1.6231e-85,1.6231e-85,1.6231e-85,1.6231e-85,1.6231e-85
8.1156e-86,8.1156e-86,8.1156e-86,8.1156e-86,8.1156e-86
4.0578e-86,4.0578e-86,4.0578e-86,4.0578e-86,4.0578e-86
2.0289e-86,2.0289e-86,2.0289e-86,2.0289e-86,2.0289e-86
1.0145e-86,1.0145e-86,1.0145e-86,1.0145e-86,1.0145e-86
5.0723e-87,5.0723e-87,5.0723e-87,5.0723e-87,5.0723e-87
2.5361e-87,2.5361e-87,2.5361e-87,2.5361e-87,2.5361e-87
1.2681e-87,1.2681e-87,1.2681e-87,1.2681e-87,1.2681e-87
6.3403e-88,6.3403e-88,6.3403e-88,6.3403e-88,6.3403e-88
3.1702e-88,3.1702e-88,3.1702e-88,3.1702e-88,3.1702e-88
1.5851e-88,1.5851e-88,1.5851e-88,1.5851e-88,1.5851e-88
7.9254e-89,7.9254e-89,7.9254e-89,7.9254e-89,7.9254e-89
3.9627e-89,3.9627e-89,3.9627e-89,3.9627e-89,3.9627e-89
1.9814e-89,1.9814e-89,1.9814e-89,1.9814e-89,1.9814e-89
9.9068e-90,9.9068e-90,9.9068e-90,9.9068e-90,9.9068e-90
4.9534e-90,4.9534e-90,4.9534e-90,4.9534e-90,4.9534e-90
2.4767e-90,2.4767e-90,2.4767e-90,2.4767e-90,2.4767e-90
1.2383e-90,1.2383e-90,1.2383e-90,1.2383e-90,1.2383e-90
6.1917e-91,6.1917e-91,6.1917e-91,6.1917e-91,6.1917e-91
3.0959e-91,3.0959e-91,3.0959e-91,3.0959e-91,3.0959e-91
1.5479e-91,1.5479e-91,1.5479e-91,1.5479e-91,1.5479e-91
7.7397e-92,7.7397e-92,7.7397e-92,7.7397e-92,7.7397e-92
3.8698e-92,3.8698e-92,3.8698e-92,3.8698e-92,3.8698e-92
1.9349e-92,1.9349e-92,1.9349e-92,1.9349e-92,1.9349e-92
9.6746e-93,9.6746e-93,9.6746e-93,9.6746e-93,9.6746e-93
4.8373e-93,4.8373e-93,4.8373e-93,4.8373e-93,4.8373e-93
2.4186e-93,2.4186e-93,2.4186e-93,2.4186e-93,2.4186e-93
1.2093e-93,1.2093e-93,1.2093e-93,1.2093e-93,1.2093e-93
6.0466e-94,6.0466e-94,6.0466e-94,6.0466e-94,6.0466e-94
3.0233e-94,3.0233e-94,3.0233e-94,3.0233e-94,3.0233e-94
1.5117e-94,1.5117e-94,1.5117e-94,1.5117e-94,1.5117e-94
7.5583e-95,7.5583e-95,7.5583e-95,7.5583e-95,7.5583e-95
3.7791e-95,3.7791e-95,3.7791e-95,3.7791e-95,3.7791e-95
1.8896e-95,1.8896e-95,1.8896e-95,1.8896e-95,1.8896e-95
9.4478e-96,9.4478e-96,9.4478e-96,9.4478e-96,9.4478e-96
4.7239e-96,4.7239e-96,4.7239e-96,4.7239e-96,4.7239e-96
2.362e-96,2.362e-96,2.362e-96,2.362e-96,2.362e-96
1.181e-96,1.181e-96,1.181e-96,1.181e-96,1.181e-96
5.9049e-97,5.9049e-97,5.9049e-97,5.9049e-97,5.9049e-97
2.9524e-97,2.9524e-97,2.9524e-97,2.9524e-97,2.9524e-97
1.4762e-97,1.4762e-97,1.4762e-97,1.4762e-97,1.4762e-97
7.3811e-98,7.3811e-98,7.3811e-98,7.3811e-98,7.3811e-98
3.6906e-98,3.6906e-98,3.6906e-98,3.6906e-98,3.6906e-98
1.8453e-98,1.8453e-98,1.8453e-98,1.8453e-98,1.8453e-98
9.2264e-99,9.2264e-99,9.2264e-99,9.2264e-99,9.2264e-99
4.6132e-99,4.6132e-99,4.6132e-99,4.6132e-99,4.6132e-99
2.3066e-99,2.3066e-99,2.3066e-99,2.3066e-99,2.3066e-99
1.1533e-99,1.1533e-99,1.1533e-99,1.1533e-99,1.1533e-99
5.7665e-100,5.7665e-100,5.7665e-100,5.7665e-100,5.7665e-100
2.8832e-100,2.8832e-100,2.8832e-100,2.8832e-100,2.8832e-100
1.4416e-100,1.4416e-100,1.4416e-100,1.4416e-100,1.4416e-100
7.2081e-101,7.2081e-101,7.2081e-101,7.2081e-101,7.2081e-101
3.6041e-101,3.6041e-101,3.6041e-101,3.6041e-101,3.6041e-101
1.802e-101,1.802e-101,1.802e-101,1.802e-101,1.802e-101
9.0101e-102,9.0101e-102,9.0101e-102,9.0101e-102,9.0101e-102
4.5051e-102,4.5051e-102,4.5051e-102,4.5051e-102,4.5051e-102
2.2525e-102,2.2525e-102,2.2525e-102,2.2525e-102,2.2525e-102
1.1263e-102,1.1263e-102,1.1263e-102,1.1263e-102,1.1263e-102
5.6313e-103,5.6313e-103,5.6313e-103,5.6313e-103,5.6313e-103
2.8157e-103,2.8157e-103,2.8157e-103,2.8157e-103,2.8157e-103
1.4078e-103,1.4078e-103,1.4078e-103,1.4078e-103,1.4078e-103
7.0392e-104,7.0392e-104,7.0392e-104,7.0392e-104,7.0392e-104
3.5196e-104,3.5196e-104,3.5196e-104,3.5196e-104,3.5196e-104
1.7598e-104,1.7598e-104,1.7598e-104,1.7598e-104,1.7598e-104
8.799e-105,8.799e-105,8.799e-105,8.799e-105,8.799e-105
4.3995e-105,4.3995e-105,4.3995e-105,4.3995e-105,4.3995e-105
2.1997e-105,2.1997e-105,2.1997e-105,2.1997e-105,2.1997e-105
1.0999e-105,1.0999e-105,1.0999e-105,1.0999e-105,1.0999e-105
5.4994e-106,5.4994e-106,5.4994e-106,5.4994e-106,5.4994e-106
2.7497e-106,2.7497e-106,2.7497e-106,2.7497e-106,2.7497e-106
1.3748e-106,1.3748e-106,1.3748e-106,1.3748e-106,1.3748e-106
6.8742e-107,6.8742e-107,6.8742e-107,6.8742e-107,6.8742e-107
3.4371e-107,3.4371e-107,3.4371e-107,3.4371e-107,3.4371e-107
1.7185e-107,1.7185e-107,1.7185e-107,1.7185e-107,1.7185e-107
8.5927e-108,8.5927e-108,8.5927e-108,8.5927e-108,8.5927e-108
4.2964e-108,4.2964e-108,4.2964e-108,4.2964e-108,4.2964e-108
2.1482e-108,2.1482e-108,2.1482e-108,2.1482e-108,2.1482e-108
1.0741e-108,1.0741e-108,1.0741e-108,1.0741e-108,1.0741e-108
5.3705e-109,5.3705e-109,5.3705e-109,5.3705e-109,5.3705e-109
2.6852e-109,2.6852e-109,2.6852e-109,2.6852e-109,2.6852e-109
1.3426e-109,1.3426e-109,1.3426e-109,1.3426e-109,1.3426e-109
6.7131e-110,6.7131e-110,6.7131e-110,6.7131e-110,6.7131e-110
3.3565e-110,3.3565e-110,3.3565e-110,3.3565e-110,3.3565e-110
1.6783e-110,1.6783e-110,1.6783e-110,1.6783e-110,1.6783e-110
8.3914e-111,8.3914e-111,8.3914e-111,8.3914e-111,8.3914e-111
4.1957e-111,4.1957e-111,4.1957e-111,4.1957e-111,4.1957e-111
2.0978e-111,2.0978e-111,2.0978e-111,2.0978e-111,2.0978e-111
1.0489e-111,1.0489e-111,1.0489e-111,1.0489e-111,1.0489e-111
5.2446e-112,5.2446e-112,5.2446e-112,5.2446e-112,5.2446e-112
2.6223e-112,2.6223e-112,2.6223e-112,2.6223e-112,2.6223e-112
1.3111e-112,1.3111e-112,1.3111e-112,1.3111e-112,1.3111e-112
6.5557e-113,6.5557e-113,6.5557e-113,6.5557e-113,6.5557e-113
3.2779e-113,3.2779e-113,3.2779e-113,3.2779e-113,3.2779e-113
1.6389e-113,1.6389e-113,1.6389e-113,1.6389e-113,1.6389e-113
8.1947e-114,8.1947e-114,8.1947e-114,8.1947e-114,8.1947e-114
4.0973e-114,4.0973e-114,4.0973e-114,4.0973e-114,4.0973e-114
2.0487e-114,2.0487e-114,2.0487e-114,2.0487e-114,2.0487e-114
1.0243e-114,1.0243e-114,1.0243e-114,1.0243e-114,1.0243e-114
5.1217e-115,5.1217e-115,5.1217e-115,5.1217e-115,5.1217e-115
2.5608e-115,2.5608e-115,2.5608e-115,2.5608e-115,2.5608e-115
1.2804e-115,1.2804e-115,1.2804e-115,1.2804e-115,1.2804e-115
6.4021e-116,6.4021e-116,6.4021e-116,6.4021e-116,6.4021e-116
3.201e-116,3.201e-116,3.201e-116,3.201e-116,3.201e-116
1.6005e-116,1.6005e-116,1.6005e-116,1.6005e-116,1.6005e-116
8.0026e-117,8.0026e-117,8.0026e-117,8.0026e-117,8.0026e-117
4.0013e-117,4.0013e-117,4.0013e-117,4.0013e-117,4.0013e-117
2.0007e-117,2.0007e-117,2.0007e-117,2.0007e-117,2.0007e-117
1.0003e-117,1.0003e-117,1.0003e-117,1.0003e-117,1.0003e-117
5.0016e-118,5.0016e-118,5.0016e-118,5.0016e-118,5.0016e-118
2.5008e-118,2.5008e-118,2.5008e-118,2.5008e-118,2.5008e-118
1.2504e-118,1.2504e-118,1.2504e-118,1.2504e-118,1.2504e-118
6.252e-119,6.252e-119,6.252e-119,6.252e-119,6.252e-119
3.126e-119,3.126e-119,3.126e-119,3.126e-119,3.126e-119
1.563e-119,1.563e-119,1.563e-119,1.563e-119,1.563e-119
7.8151e-120,7.8151e-120,7.8151e-120,7.8151e-120,7.8151e-120
3.9075e-120,3.9075e-120,3.9075e-120,3.9075e-120,3.9075e-120
1.9538e-120,1.9538e-120,1.9538e-120,1.9538e-120,1.9538e-120
9.7688e-121,9.7688e-121,9.7688e-121,9.7688e-121,9.7688e-121
4.8844e-121,4.8844e-121,4.8844e-121,4.8844e-121,4.8844e-121
2.4422e-121,2.4422e-121,2.4422e-121,2.4422e-121,2.4422e-121
1.2211e-121,1.2211e-121,1.2211e-121,1.2211e-121,1.2211e-121
6.1055e-122,6.1055e-122,6.1055e-122,6.1055e-122,6.1055e-122
3.0528e-122,3.0528e-122,3.0528e-122,3.0528e-122,3.0528e-122
1.5264e-122,1.5264e-122,1.5264e-122,1.5264e-122,1.5264e-122
7.6319e-123,7.6319e-123,7.6319e-123,7.6319e-123,7.6319e-123
3.8159e-123,3.8159e-123,3.8159e-123,3.8159e-123,3.8159e-123
1.908e-123,1.908e-123,1.908e-123,1.908e-123,1.908e-123
9.5399e-124,9.5399e-124,9.5399e-124,9.5399e-124,9.5399e-124
4.7699e-124,4.7699e-124,4.7699e-124,4.7699e-124,4.7699e-124
2.385e-124,2.385e-124,2.385e-124,2.385e-124,2.385e-124
1.1925e-124,1.1925e-124,1.1925e-124,1.1925e-124,1.1925e-124
5.9624e-125,5.9624e-125,5.9624e-125,5.9624e-125,5.9624e-125
2.9812e-125,2.9812e-125,2.9812e-125,2.9812e-125,2.9812e-125
1.4906e-125,1.4906e-125,1.4906e-125,1.4906e-125,1.4906e-125
7.453e-126,7.453e-126,7.453e-126,7.453e-126,7.453e-126
3.7265e-126,3.7265e-126,3.7265e-126,3.7265e-126,3.7265e-126
1.8633e-126,1.8633e-126,1.8633e-126,1.8633e-126,1.8633e-126
9.3163e-127,9.3163e-127,9.3163e-127,9.3163e-127,9.3163e-127
4.6581e-127,4.6581e-127,4.6581e-127,4.6581e-127,4.6581e-127
2.3291e-127,2.3291e-127,2.3291e-127,2.3291e-127,2.3291e-127
1.1645e-127,1.1645e-127,1.1645e-127,1.1645e-127,1.1645e-127
5.8227e-128,5.8227e-128,5.8227e-128,5.8227e-128,5.8227e-128
2.9113e-128,2.9113e-128,2.9113e-128,2.9113e-128,2.9113e-128
1.4557e-128,1.4557e-128,1.4557e-128,1.4557e-128,1.4557e-128
7.2783e-129,7.2783e-129,7.2783e-129,7.2783e-129,7.2783e-129
3.6392e-129,3.6392e-129,3.6392e-129,3.6392e-129,3.6392e-129
1.8196e-129,1.8196e-129,1.8196e-129,1.8196e-129,1.8196e-129
9.0979e-130,9.0979e-130,9.0979e-130,9.0979e-130,9.0979e-130
4.549e-130,4.549e-130,4.549e-130,4.549e-130,4.549e-130
2.2745e-130,2.2745e-130,2.2745e-130,2.2745e-130,2.2745e-130
1.1372e-130,1.1372e-130,1.1372e-130,1.1372e-130,1.1372e-130
5.6862e-131,5.6862e-131,5.6862e-131,5.6862e-131,5.6862e-131
2.8431e-131,2.8431e-131,2.8431e-131,2.8431e-131,2.8431e-131
1.4216e-131,1.4216e-131,1.4216e-131,1.4216e-131,1.4216e-131
7.1078e-132,7.1078e-132,7.1078e-132,7.1078e-132,7.1078e-132
3.5539e-132,3.5539e-132,3.5539e-132,3.5539e-132,3.5539e-132
1.7769e-132,1.7769e-132,1.7769e-132,1.7769e-132,1.7769e-132
8.8847e-133,8.8847e-133,8.8847e-133,8.8847e-133,8.8847e-133
4.4423e-133,4.4423e-133,4.4423e-133,4.4423e-133,4.4423e-133
2.2212e-133,2.2212e-133,2.2212e-133,2.2212e-133,2.2212e-133
1.1106e-133,1.1106e-133,1.1106e-133,1.1106e-133,1.1106e-133
5.5529e-134,5.5529e-134,5.5529e-134,5.5529e-134,5.5529e-134
2.7765e-134,2.7765e-134,2.7765e-134,2.7765e-134,2.7765e-134
1.3882e-134,1.3882e-134,1.3882e-134,1.3882e-134,1.3882e-134
6.9412e-135,6.9412e-135,6.9412e-135,6.9412e-135,6.9412e-135
3.4706e-135,3.4706e-135,3.4706e-135,3.4706e-135,3.4706e-135
1.7353e-135,1.7353e-135,1.7353e-135,1.7353e-135,1.7353e-135
8.6765e-136,8.6765e-136,8.6765e-136,8.6765e-136,8.6765e-136
4.3382e-136,4.3382e-136,4.3382e-136,4.3382e-136,4.3382e-136
2.1691e-136,2.1691e-136,2.1691e-136,2.1691e-136,2.1691e-136
1.0846e-136,1.0846e-136,1.0846e-136,1.0846e-136,1.0846e-136
5.4228e-137,5.4228e-137,5.4228e-137,5.4228e-137,5.4228e-137
2.7114e-137,2.7114e-137,2.7114e-137,2.7114e-137,2.7114e-137
1.3557e-137,1.3557e-137,1.3557e-137,1.3557e-137,1.3557e-137
6.7785e-138,6.7785e-138,6.7785e-138,6.7785e-138,6.7785e-138
3.3892e-138,3.3892e-138,3.3892e-138,3.3892e-138,3.3892e-138
1.6946e-138,1.6946e-138,1.6946e-138,1.6946e-138,1.6946e-138
8.4731e-139,8.4731e-139,8.4731e-139,8.4731e-139,8.4731e-139
4.2366e-139,4.2366e-139,4.2366e-139,4.2366e-139,4.2366e-139
2.1183e-139,2.1183e-139,2.1183e-139,2.1183e-139,2.1183e-139
1.0591e-139,1.0591e-139,1.0591e-139,1.0591e-139,1.0591e-139
5.2957e-140,5.2957e-140,5.2957e-140,5.2957e-140,5.2957e-140
2.6478e-140,2.6478e-140,2.6478e-140,2.6478e-140,2.6478e-140
1.3239e-140,1.3239e-140,1.3239e-140,1.3239e-140,1.3239e-140
6.6196e-141,6.6196e-141,6.6196e-141,6.6196e-141,6.6196e-141
3.3098e-141,3.3098e-141,3.3098e-141,3.3098e-141,3.3098e-141
1.6549e-141,1.6549e-141,1.6549e-141,1.6549e-141,1.6549e-141
8.2745e-142,8.2745e-142,8.2745e-142,8.2745e-142,8.2745e-142
4.1373e-142,4.1373e-142,4.1373e-142,4.1373e-142,4.1373e-142
2.0686e-142,2.0686e-142,2.0686e-142,2.0686e-142,2.0686e-142
1.0343e-142,1.0343e-142,1.0343e-142,1.0343e-142,1.0343e-142
5.1716e-143,5.1716e-143,5.1716e-143,5.1716e-143,5.1716e-143
2.5858e-143,2.5858e-143,2.5858e-143,2.5858e-143,2.5858e-143
1.2929e-143,1.2929e-143,1.2929e-143,1.2929e-143,1.2929e-143
6.4645e-144,6.4645e-144,6.4645e-144,6.4645e-144,6.4645e-144
3.2322e-144,3.2322e-144,3.2322e-144,3.2322e-144,3.2322e-144
1.6161e-144,1.6161e-144,1.6161e-144,1.6161e-144,1.6161e-144
8.0806e-145,8.0806e-145,8.0806e-145,8.0806e-145,8.0806e-145
4.0403e-145,4.0403e-145,4.0403e-145,4.0403e-145,4.0403e-145
2.0201e-145,2.0201e-145,2.0201e-145,2.0201e-145,2.0201e-145
1.0101e-145,1.0101e-145,1.0101e-145,1.0101e-145,1.0101e-145
5.0504e-146,5.0504e-146,5.0504e-146,5.0504e-146,5.0504e-146
2.5252e-146,2.5252e-146,2.5252e-146,2.5252e-146,2.5252e-146
1.2626e-146,1.2626e-146,1.2626e-146,1.2626e-146,1.2626e-146
6.313e-147,6.313e-147,6.313e-147,6.313e-147,6.313e-147
3.1565e-147,3.1565e-147,3.1565e-147,3.1565e-147,3.1565e-147
1.5782e-147,1.5782e-147,1.5782e-147,1.5782e-147,1.5782e-147
7.8912e-148,7.8912e-148,7.8912e-148,7.8912e-148,7.8912e-148
3.9456e-148,3.9456e-148,3.9456e-148,3.9456e-148,3.9456e-148
1.9728e-148,1.9728e-148,1.9728e-148,1.9728e-148,1.9728e-148
9.864e-149,9.864e-149,9.864e-149,9.864e-149,9.864e-149
4.932e-149,4.932e-149,4.932e-149,4.932e-149,4.932e-149
2.466e-149,2.466e-149,2.466e-149,2.466e-149,2.466e-149
1.233e-149,1.233e-149,1.233e-149,1.233e-149,1.233e-149
6.165e-150,6.165e-150,6.165e-150,6.165e-150,6.165e-150
3.0825e-150,3.0825e-150,3.0825e-150,3.0825e-150,3.0825e-150
1.5412e-150,1.5412e-150,1.5412e-150,1.5412e-150,1.5412e-150
7.7062e-151,7.7062e-151,7.7062e-151,7.7062e-151,7.7062e-151
3.8531e-151,3.8531e-151,3.8531e-151,3.8531e-151,3.8531e-151
1.9266e-151,1.9266e-151,1.9266e-151,1.9266e-151,1.9266e-151
9.6328e-152,9.6328e-152,9.6328e-152,9.6328e-152,9.6328e-152
4.8164e-152,4.8164e-152,4.8164e-152,4.8164e-152,4.8164e-152
2.4082e-152,2.4082e-152,2.4082e-152,2.4082e-152,2.4082e-152
1.2041e-152,1.2041e-152,1.2041e-152,1.2041e-152,1.2041e-152
6.0205e-153,6.0205e-153,6.0205e-153,6.0205e-153,6.0205e-153
3.0103e-153,3.0103e-153,3.0103e-153,3.0103e-153,3.0103e-153
1.5051e-153,1.5051e-153,1.5051e-153,1.5051e-153,1.5051e-153
7.5256e-154,7.5256e-154,7.5256e-154,7.5256e-154,7.5256e-154
3.7628e-154,3.7628e-154,3.7628e-154,3.7628e-154,3.7628e-154
1.8814e-154,1.8814e-154,1.8814e-154,1.8814e-154,1.8814e-154
9.407e-155,9.407e-155,9.407e-155,9.407e-155,9.407e-155
4.7035e-155,4.7035e-155,4.7035e-155,4.7035e-155,4.7035e-155
2.3518e-155,2.3518e-155,2.3518e-155,2.3518e-155,2.3518e-155
1.1759e-155,1.1759e-155,1.1759e-155,1.1759e-155,1.1759e-155
5.8794e-156,5.8794e-156,5.8794e-156,5.8794e-156,5.8794e-156
2.9397e-156,2.9397e-156,2.9397e-156,2.9397e-156,2.9397e-156
1.4698e-156,1.4698e-156,1.4698e-156,1.4698e-156,1.4698e-156
7.3492e-157,7.3492e-157,7.3492e-157,7.3492e-157,7.3492e-157
3.6746e-157,3.6746e-157,3.6746e-157,3.6746e-157,3.6746e-157
1.8373e-157,1.8373e-157,1.8373e-157,1.8373e-157,1.8373e-157
9.1866e-158,9.1866e-158,9.1866e-158,9.1866e-158,9.1866e-158
4.5933e-158,4.5933e-158,4.5933e-158,4.5933e-158,4.5933e-158
2.2966e-158,2.2966e-158,2.2966e-158,2.2966e-158,2.2966e-158
1.1483e-158,1.1483e-158,1.1483e-158,1.1483e-158,1.1483e-158
5.7416e-159,5.7416e-159,5.7416e-159,5.7416e-159,5.7416e-159
2.8708e-159,2.8708e-159,2.8708e-159,2.8708e-159,2.8708e-159
1.4354e-159,1.4354e-159,1.4354e-159,1.4354e-159,1.4354e-159
7.177e-160,7.177e-160,7.177e-160,7.177e-160,7.177e-160
3.5885e-160,3.5885e-160,3.5885e-160,3.5885e-160,3.5885e-160
1.7942e-160,1.7942e-160,1.7942e-160,1.7942e-160,1.7942e-160
8.9712e-161,8.9712e-161,8.9712e-161,8.9712e-161,8.9712e-161
4.4856e-161,4.4856e-161,4.4856e-161,4.4856e-161,4.4856e-161
2.2428e-161,2.2428e-161,2.2428e-161,2.2428e-161,2.2428e-161
1.1214e-161,1.1214e-161,1.1214e-161,1.1214e-161,1.1214e-161
5.607e-162,5.607e-162,5.607e-162,5.607e-162,5.607e-162
2.8035e-162,2.8035e-162,2.8035e-162,2.8035e-162,2.8035e-162
1.4018e-162,1.4018e-162,1.4018e-162,1.4018e-162,1.4018e-162
7.0088e-163,7.0088e-163,7.0088e-163,7.0088e-163,7.0088e-163
3.5044e-163,3.5044e-163,3.5044e-163,3.5044e-163,3.5044e-163
1.7522e-163,1.7522e-163,1.7522e-163,1.7522e-163,1.7522e-163
8.761e-164,8.761e-164,8.761e-164,8.761e-164,8.761e-164
4.3805e-164,4.3805e-164,4.3805e-164,4.3805e-164,4.3805e-164
2.1902e-164,2.1902e-164,2.1902e-164,2.1902e-164,2.1902e-164
1.0951e-164,1.0951e-164,1.0951e-164,1.0951e-164,1.0951e-164
5.4756e-165,5.4756e-165,5.4756e-165,5.4756e-165,5.4756e-165
2.7378e-165,2.7378e-165,2.7378e-165,2.7378e-165,2.7378e-165
1.3689e-165,1.3689e-165,1.3689e-165,1.3689e-165,1.3689e-165
6.8445e-166,6.8445e-166,6.8445e-166,6.8445e-166,6.8445e-166
3.4223e-166,3.4223e-166,3.4223e-166,3.4223e-166,3.4223e-166
1.7111e-166,1.7111e-166,1.7111e-166,1.7111e-166,1.7111e-166
8.5556e-167,8.5556e-167,8.5556e-167,8.5556e-167,8.5556e-167
4.2778e-167,4.2778e-167,4.2778e-167,4.2778e-167,4.2778e-167
2.1389e-167,2.1389e-167,2.1389e-167,2.1389e-167,2.1389e-167
1.0695e-167,1.0695e-167,1.0695e-167,1.0695e-167,1.0695e-167
5.3473e-168,5.3473e-168,5.3473e-168,5.3473e-168,5.3473e-168
2.6736e-168,2.6736e-168,2.6736e-168,2.6736e-168,2.6736e-168
1.3368e-168,1.3368e-168,1.3368e-168,1.3368e-168,1.3368e-168
6.6841e-169,6.6841e-169,6.6841e-169,6.6841e-169,6.6841e-169
3.342e-169,3.342e-169,3.342e-169,3.342e-169,3.342e-169
1.671e-169,1.671e-169,1.671e-169,1.671e-169,1.671e-169
8.3551e-170,8.3551e-170,8.3551e-170,8.3551e-170,8.3551e-170
4.1776e-170,4.1776e-170,4.1776e-170,4.1776e-170,4.1776e-170
2.0888e-170,2.0888e-170,2.0888e-170,2.0888e-170,2.0888e-170
1.0444e-170,1.0444e-170,1.0444e-170,1.0444e-170,1.0444e-170
5.222e-171,5.222e-171,5.222e-171,5.222e-171,5.222e-171
2.611e-171,2.611e-171,2.611e-171,2.611e-171,2.611e-171
1.3055e-171,1.3055e-171,1.3055e-171,1.3055e-171,1.3055e-171
6.5274e-172,6.5274e-172,6.5274e-172,6.5274e-172,6.5274e-172
3.2637e-172,3.2637e-172,3.2637e-172,3.2637e-172,3.2637e-172
1.6319e-172,1.6319e-172,1.6319e-172,1.6319e-172,1.6319e-172
8.1593e-173,8.1593e-173,8.1593e-173,8.1593e-173,8.1593e-173
4.0796e-173,4.0796e-173,4.0796e-173,4.0796e-173,4.0796e-173
2.0398e-173,2.0398e-173,2.0398e-173,2.0398e-173,2.0398e-173
1.0199e-173,1.0199e-173,1.0199e-173,1.0199e-173,1.0199e-173
5.0996e-174,5.0996e-174,5.0996e-174,5.0996e-174,5.0996e-174
2.5498e-174,2.5498e-174,2.5498e-174,2.5498e-174,2.5498e-174
1.2749e-174,1.2749e-174,1.2749e-174,1.2749e-174,1.2749e-174
6.3745e-175,6.3745e-175,6.3745e-175,6.3745e-175,6.3745e-175
3.1872e-175,3.1872e-175,3.1872e-175,3.1872e-175,3.1872e-175
1.5936e-175,1.5936e-175,1.5936e-175,1.5936e-175,1.5936e-175
7.9681e-176,7.9681e-176,7.9681e-176,7.9681e-176,7.9681e-176
3.984e-176,3.984e-176,3.984e-176,3.984e-176,3.984e-176
1.992e-176,1.992e-176,1.992e-176,1.992e-176,1.992e-176
9.9601e-177,9.9601e-177,9.9601e-177,9.9601e-177,9.9601e-177
4.98e-177,4.98e-177,4.98e-177,4.98e-177,4.98e-177
2.49e-177,2.49e-177,2.49e-177,2.49e-177,2.49e-177
1.245e-177,1.245e-177,1.245e-177,1.245e-177,1.245e-177
6.2251e-178,6.2251e-178,6.2251e-178,6.2251e-178,6.2251e-178
3.1125e-178,3.1125e-178,3.1125e-178,3.1125e-178,3.1125e-178
1.5563e-178,1.5563e-178,1.5563e-178,1.5563e-178,1.5563e-178
7.7813e-179,7.7813e-179,7.7813e-179,7.7813e-179,7.7813e-179
3.8907e-179,3.8907e-179,3.8907e-179,3.8907e-179,3.8907e-179
1.9453e-179,1.9453e-179,1.9453e-179,1.9453e-179,1.9453e-179
9.7266e-180,9.7266e-180,9.7266e-180,9.7266e-180,9.7266e-180
4.8633e-180,4.8633e-180,4.8633e-180,4.8633e-180,4.8633e-180
2.4317e-180,2.4317e-180,2.4317e-180,2.4317e-180,2.4317e-180
1.2158e-180,1.2158e-180,1.2158e-180,1.2158e-180,1.2158e-180
6.0792e-181,6.0792e-181,6.0792e-181,6.0792e-181,6.0792e-181
3.0396e-181,3.0396e-181,3.0396e-181,3.0396e-181,3.0396e-181
1.5198e-181,1.5198e-181,1.5198e-181,1.5198e-181,1.5198e-181
7.5989e-182,7.5989e-182,7.5989e-182,7.5989e-182,7.5989e-182
3.7995e-182,3.7995e-182,3.7995e-182,3.7995e-182,3.7995e-182
1.8997e-182,1.8997e-182,1.8997e-182,1.8997e-182,1.8997e-182
9.4987e-183,9.4987e-183,9.4987e-183,9.4987e-183,9.4987e-183
4.7493e-183,4.7493e-183,4.7493e-183,4.7493e-183,4.7493e-183
2.3747e-183,2.3747e-183,2.3747e-183,2.3747e-183,2.3747e-183
1.1873e-183,1.1873e-183,1.1873e-183,1.1873e-183,1.1873e-183
5.9367e-184,5.9367e-184,5.9367e-184,5.9367e-184,5.9367e-184
2.9683e-184,2.9683e-184,2.9683e-184,2.9683e-184,2.9683e-184
1.4842e-184,1.4842e-184,1.4842e-184,1.4842e-184,1.4842e-184
7.4208e-185,7.4208e-185,7.4208e-185,7.4208e-185,7.4208e-185
3.7104e-185,3.7104e-185,3.7104e-185,3.7104e-185,3.7104e-185
1.8552e-185,1.8552e-185,1.8552e-185,1.8552e-185,1.8552e-185
9.276e-186,9.276e-186,9.276e-186,9.276e-186,9.276e-186
4.638e-186,4.638e-186,4.638e-186,4.638e-186,4.638e-186
2.319e-186,2.319e-186,2.319e-186,2.319e-186,2.319e-186
1.1595e-186,1.1595e-186,1.1595e-186,1.1595e-186,1.1595e-186
5.7975e-187,5.7975e-187,5.7975e-187,5.7975e-187,5.7975e-187
2.8988e-187,2.8988e-187,2.8988e-187,2.8988e-187,2.8988e-187
1.4494e-187,1.4494e-187,1.4494e-187,1.4494e-187,1.4494e-187
7.2469e-188,7.2469e-188,7.2469e-188,7.2469e-188,7.2469e-188
3.6235e-188,3.6235e-188,3.6235e-188,3.6235e-188,3.6235e-188
1.8117e-188,1.8117e-188,1.8117e-188,1.8117e-188,1.8117e-188
9.0586e-189,9.0586e-189,9.0586e-189,9.0586e-189,9.0586e-189
4.5293e-189,4.5293e-189,4.5293e-189,4.5293e-189,4.5293e-189
2.2647e-189,2.2647e-189,2.2647e-189,2.2647e-189,2.2647e-189
1.1323e-189,1.1323e-189,1.1323e-189,1.1323e-189,1.1323e-189
5.6617e-190,5.6617e-190,5.6617e-190,5.6617e-190,5.6617e-190
2.8308e-190,2.8308e-190,2.8308e-190,2.8308e-190,2.8308e-190
1.4154e-190,1.4154e-190,1.4154e-190,1.4154e-190,1.4154e-190
7.0771e-191,7.0771e-191,7.0771e-191,7.0771e-191,7.0771e-191
3.5385e-191,3.5385e-191,3.5385e-191,3.5385e-191,3.5385e-191
1.7693e-191,1.7693e-191,1.7693e-191,1.7693e-191,1.7693e-191
8.8463e-192,8.8463e-192,8.8463e-192,8.8463e-192,8.8463e-192
4.4232e-192,4.4232e-192,4.4232e-192,4.4232e-192,4.4232e-192
2.2116e-192,2.2116e-192,2.2116e-192,2.2116e-192,2.2116e-192
1.1058e-192,1.1058e-192,1.1058e-192,1.1058e-192,1.1058e-192
5.529e-193,5.529e-193,5.529e-193,5.529e-193,5.529e-193
2.7645e-193,2.7645e-193,2.7645e-193,2.7645e-193,2.7645e-193
1.3822e-193,1.3822e-193,1.3822e-193,1.3822e-193,1.3822e-193
6.9112e-194,6.9112e-194,6.9112e-194,6.9112e-194,6.9112e-194
3.4556e-194,3.4556e-194,3.4556e-194,3.4556e-194,3.4556e-194
1.7278e-194,1.7278e-194,1.7278e-194,1.7278e-194,1.7278e-194
8.639e-195,8.639e-195,8.639e-195,8.639e-195,8.639e-195
4.3195e-195,4.3195e-195,4.3195e-195,4.3195e-195,4.3195e-195
2.1597e-195,2.1597e-195,2.1597e-195,2.1597e-195,2.1597e-195
1.0799e-195,1.0799e-195,1.0799e-195,1.0799e-195,1.0799e-195
5.3994e-196,5.3994e-196,5.3994e-196,5.3994e-196,5.3994e-196
2.6997e-196,2.6997e-196,2.6997e-196,2.6997e-196,2.6997e-196
1.3498e-196,1.3498e-196,1.3498e-196,1.3498e-196,1.3498e-196
6.7492e-197,6.7492e-197,6.7492e-197,6.7492e-197,6.7492e-197
3.3746e-197,3.3746e-197,3.3746e-197,3.3746e-197,3.3746e-197
1.6873e-197,1.6873e-197,1.6873e-197,1.6873e-197,1.6873e-197
8.4365e-198,8.4365e-198,8.4365e-198,8.4365e-198,8.4365e-198
4.2183e-198,4.2183e-198,4.2183e-198,4.2183e-198,4.2183e-198
2.1091e-198,2.1091e-198,2.1091e-198,2.1091e-198,2.1091e-198
1.0546e-198,1.0546e-198,1.0546e-198,1.0546e-198,1.0546e-198
5.2728e-199,5.2728e-199,5.2728e-199,5.2728e-199,5.2728e-199
2.6364e-199,2.6364e-199,2.6364e-199,2.6364e-199,2.6364e-199
1.3182e-199,1.3182e-199,1.3182e-199,1.3182e-199,1.3182e-199
6.591e-200,6.591e-200,6.591e-200,6.591e-200,6.591e-200
3.2955e-200,3.2955e-200,3.2955e-200,3.2955e-200,3.2955e-200
1.6478e-200,1.6478e-200,1.6478e-200,1.6478e-200,1.6478e-200
8.2388e-201,8.2388e-201,8.2388e-201,8.2388e-201,8.2388e-201
4.1194e-201,4.1194e-201,4.1194e-201,4.1194e-201,4.1194e-201
2.0597e-201,2.0597e-201,2.0597e-201,2.0597e-201,2.0597e-201
1.0298e-201,1.0298e-201,1.0298e-201,1.0298e-201,1.0298e-201
5.1492e-202,5.1492e-202,5.1492e-202,5.1492e-202,5.1492e-202
2.5746e-202,2.5746e-202,2.5746e-202,2.5746e-202,2.5746e-202
1.2873e-202,1.2873e-202,1.2873e-202,1.2873e-202,1.2873e-202
6.4366e-203,6.4366e-203,6.4366e-203,6.4366e-203,6.4366e-203
3.2183e-203,3.2183e-203,3.2183e-203,3.2183e-203,3.2183e-203
1.6091e-203,1.6091e-203,1.6091e-203,1.6091e-203,1.6091e-203
8.0457e-204,8.0457e-204,8.0457e-204,8.0457e-204,8.0457e-204
4.0228e-204,4.0228e-204,4.0228e-204,4.0228e-204,4.0228e-204
2.0114e-204,2.0114e-204,2.0114e-204,2.0114e-204,2.0114e-204
1.0057e-204,1.0057e-204,1.0057e-204,1.0057e-204,1.0057e-204
5.0286e-205,5.0286e-205,5.0286e-205,5.0286e-205,5.0286e-205
2.5143e-205,2.5143e-205,2.5143e-205,2.5143e-205,2.5143e-205
1.2571e-205,1.2571e-205,1.2571e-205,1.2571e-205,1.2571e-205
6.2857e-206,6.2857e-206,6.2857e-206,6.2857e-206,6.2857e-206
3.1428e-206,3.1428e-206,3.1428e-206,3.1428e-206,3.1428e-206
1.5714e-206,1.5714e-206,1.5714e-206,1.5714e-206,1.5714e-206
7.8571e-207,7.8571e-207,7.8571e-207,7.8571e-207,7.8571e-207
3.9286e-207,3.9286e-207,3.9286e-207,3.9286e-207,3.9286e-207
1.9643e-207,1.9643e-207,1.9643e-207,1.9643e-207,1.9643e-207
9.8214e-208,9.8214e-208,9.8214e-208,9.8214e-208,9.8214e-208
4.9107e-208,4.9107e-208,4.9107e-208,4.9107e-208,4.9107e-208
2.4553e-208,2.4553e-208,2.4553e-208,2.4553e-208,2.4553e-208
1.2277e-208,1.2277e-208,1.2277e-208,1.2277e-208,1.2277e-208
6.1384e-209,6.1384e-209,6.1384e-209,6.1384e-209,6.1384e-209
3.0692e-209,3.0692e-209,3.0692e-209,3.0692e-209,3.0692e-209
1.5346e-209,1.5346e-209,1.5346e-209,1.5346e-209,1.5346e-209
7.673e-210,7.673e-210,7.673e-210,7.673e-210,7.673e-210
3.8365e-210,3.8365e-210,3.8365e-210,3.8365e-210,3.8365e-210
1.9182e-210,1.9182e-210,1.9182e-210,1.9182e-210,1.9182e-210
9.5912e-211,9.5912e-211,9.5912e-211,9.5912e-211,9.5912e-211
4.7956e-211,4.7956e-211,4.7956e-211,4.7956e-211,4.7956e-211
2.3978e-211,2.3978e-211,2.3978e-211,2.3978e-211,2.3978e-211
1.1989e-211,1.1989e-211,1.1989e-211,1.1989e-211,1.1989e-211
5.9945e-212,5.9945e-212,5.9945e-212,5.9945e-212,5.9945e-212
2.9973e-212,2.9973e-212,2.9973e-212,2.9973e-212,2.9973e-212
1.4986e-212,1.4986e-212,1.4986e-212,1.4986e-212,1.4986e-212
7.4931e-213,7.4931e-213,7.4931e-213,7.4931e-213,7.4931e-213
3.7466e-213,3.7466e-213,3.7466e-213,3.7466e-213,3.7466e-213
1.8733e-213,1.8733e-213,1.8733e-213,1.8733e-213,1.8733e-213
9.3664e-214,9.3664e-214,9.3664e-214,9.3664e-214,9.3664e-214
4.6832e-214,4.6832e-214,4.6832e-214,4.6832e-214,4.6832e-214
2.3416e-214,2.3416e-214,2.3416e-214,2.3416e-214,2.3416e-214
1.1708e-214,1.1708e-214,1.1708e-214,1.1708e-214,1.1708e-214
5.854e-215,5.854e-215,5.854e-215,5.854e-215,5.854e-215
2.927e-215,2.927e-215,2.927e-215,2.927e-215,2.927e-215
1.4635e-215,1.4635e-215,1.4635e-215,1.4635e-215,1.4635e-215
7.3175e-216,7.3175e-216,7.3175e-216,7.3175e-216,7.3175e-216
3.6588e-216,3.6588e-216,3.6588e-216,3.6588e-216,3.6588e-216
1.8294e-216,1.8294e-216,1.8294e-216,1.8294e-216,1.8294e-216
9.1469e-217,9.1469e-217,9.1469e-217,9.1469e-217,9.1469e-217
4.5734e-217,4.5734e-217,4.5734e-217,4.5734e-217,4.5734e-217
2.2867e-217,2.2867e-217,2.2867e-217,2.2867e-217,2.2867e-217
1.1434e-217,1.1434e-217,1.1434e-217,1.1434e-217,1.1434e-217
5.7168e-218,5.7168e-218,5.7168e-218,5.7168e-218,5.7168e-218
2.8584e-218,2.8584e-218,2.8584e-218,2.8584e-218,2.8584e-218
1.4292e-218,1.4292e-218,1.4292e-218,1.4292e-218,1.4292e-218
7.146e-219,7.146e-219,7.146e-219,7.146e-219,7.146e-219
3.573e-219,3.573e-219,3.573e-219,3.573e-219,3.573e-219
1.7865e-219,1.7865e-219,1.7865e-219,1.7865e-219,1.7865e-219
8.9325e-220,8.9325e-220,8.9325e-220,8.9325e-220,8.9325e-220
4.4663e-220,4.4663e-220,4.4663e-220,4.4663e-220,4.4663e-220
2.2331e-220,2.2331e-220,2.2331e-220,2.2331e-220,2.2331e-220
1.1166e-220,1.1166e-220,1.1166e-220,1.1166e-220,1.1166e-220
5.5828e-221,5.5828e-221,5.5828e-221,5.5828e-221,5.5828e-221
2.7914e-221,2.7914e-221,2.7914e-221,2.7914e-221,2.7914e-221
1.3957e-221,1.3957e-221,1.3957e-221,1.3957e-221,1.3957e-221
6.9785e-222,6.9785e-222,6.9785e-222,6.9785e-222,6.9785e-222
3.4893e-222,3.4893e-222,3.4893e-222,3.4893e-222,3.4893e-222
1.7446e-222,1.7446e-222,1.7446e-222,1.7446e-222,1.7446e-222
8.7232e-223,8.7232e-223,8.7232e-223,8.7232e-223,8.7232e-223
4.3616e-223,4.3616e-223,4.3616e-223,4.3616e-223,4.3616e-223
2.1808e-223,2.1808e-223,2.1808e-223,2.1808e-223,2.1808e-223
1.0904e-223,1.0904e-223,1.0904e-223,1.0904e-223,1.0904e-223
5.452e-224,5.452e-224,5.452e-224,5.452e-224,5.452e-224
2.726e-224,2.726e-224,2.726e-224,2.726e-224,2.726e-224
1.363e-224,1.363e-224,1.363e-224,1.363e-224,1.363e-224
6.815e-225,6.815e-225,6.815e-225,6.815e-225,6.815e-225
3.4075e-225,3.4075e-225,3.4075e-225,3.4075e-225,3.4075e-225
1.7037e-225,1.7037e-225,1.7037e-225,1.7037e-225,1.7037e-225
8.5187e-226,8.5187e-226,8.5187e-226,8.5187e-226,8.5187e-226
4.2594e-226,4.2594e-226,4.2594e-226,4.2594e-226,4.2594e-226
2.1297e-226,2.1297e-226,2.1297e-226,2.1297e-226,2.1297e-226
1.0648e-226,1.0648e-226,1.0648e-226,1.0648e-226,1.0648e-226
5.3242e-227,5.3242e-227,5.3242e-227,5.3242e-227,5.3242e-227
2.6621e-227,2.6621e-227,2.6621e-227,2.6621e-227,2.6621e-227
1.331e-227,1.331e-227,1.331e-227,1.331e-227,1.331e-227
6.6552e-228,6.6552e-228,6.6552e-228,6.6552e-228,6.6552e-228
3.3276e-228,3.3276e-228,3.3276e-228,3.3276e-228,3.3276e-228
1.6638e-228,1.6638e-228,1.6638e-228,1.6638e-228,1.6638e-228
8.319e-229,8.319e-229,8.319e-229,8.319e-229,8.319e-229
4.1595e-229,4.1595e-229,4.1595e-229,4.1595e-229,4.1595e-229
2.0798e-229,2.0798e-229,2.0798e-229,2.0798e-229,2.0798e-229
1.0399e-229,1.0399e-229,1.0399e-229,1.0399e-229,1.0399e-229
5.1994e-230,5.1994e-230,5.1994e-230,5.1994e-230,5.1994e-230
2.5997e-230,2.5997e-230,2.5997e-230,2.5997e-230,2.5997e-230
1.2999e-230,1.2999e-230,1.2999e-230,1.2999e-230,1.2999e-230
6.4993e-231,6.4993e-231,6.4993e-231,6.4993e-231,6.4993e-231
3.2496e-231,3.2496e-231,3.2496e-231,3.2496e-231,3.2496e-231
1.6248e-231,1.6248e-231,1.6248e-231,1.6248e-231,1.6248e-231
8.1241e-232,8.1241e-232,8.1241e-232,8.1241e-232,8.1241e-232
4.062e-232,4.062e-232,4.062e-232,4.062e-232,4.062e-232
2.031e-232,2.031e-232,2.031e-232,2.031e-232,2.031e-232
1.0155e-232,1.0155e-232,1.0155e-232,1.0155e-232,1.0155e-232
5.0775e-233,5.0775e-233,5.0775e-233,5.0775e-233,5.0775e-233
2.5388e-233,2.5388e-233,2.5388e-233,2.5388e-233,2.5388e-233
1.2694e-233,1.2694e-233,1.2694e-233,1.2694e-233,1.2694e-233
6.3469e-234,6.3469e-234,6.3469e-234,6.3469e-234,6.3469e-234
3.1735e-234,3.1735e-234,3.1735e-234,3.1735e-234,3.1735e-234
1.5867e-234,1.5867e-234,1.5867e-234,1.5867e-234,1.5867e-234
7.9337e-235,7.9337e-235,7.9337e-235,7.9337e-235,7.9337e-235
3.9668e-235,3.9668e-235,3.9668e-235,3.9668e-235,3.9668e-235
1.9834e-235,1.9834e-235,1.9834e-235,1.9834e-235,1.9834e-235
9.9171e-236,9.9171e-236,9.9171e-236,9.9171e-236,9.9171e-236
4.9585e-236,4.9585e-236,4.9585e-236,4.9585e-236,4.9585e-236
2.4793e-236,2.4793e-236,2.4793e-236,2.4793e-236,2.4793e-236
1.2396e-236,1.2396e-236,1.2396e-236,1.2396e-236,1.2396e-236
6.1982e-237,6.1982e-237,6.1982e-237,6.1982e-237,6.1982e-237
3.0991e-237,3.0991e-237,3.0991e-237,3.0991e-237,3.0991e-237
1.5495e-237,1.5495e-237,1.5495e-237,1.5495e-237,1.5495e-237
7.7477e-238,7.7477e-238,7.7477e-238,7.7477e-238,7.7477e-238
3.8739e-238,3.8739e-238,3.8739e-238,3.8739e-238,3.8739e-238
1.9369e-238,1.9369e-238,1.9369e-238,1.9369e-238,1.9369e-238
9.6846e-239,9.6846e-239,9.6846e-239,9.6846e-239,9.6846e-239
4.8423e-239,4.8423e-239,4.8423e-239,4.8423e-239,4.8423e-239
2.4212e-239,2.4212e-239,2.4212e-239,2.4212e-239,2.4212e-239
1.2106e-239,1.2106e-239,1.2106e-239,1.2106e-239,1.2106e-239
6.0529e-240,6.0529e-240,6.0529e-240,6.0529e-240,6.0529e-240
3.0265e-240,3.0265e-240,3.0265e-240,3.0265e-240,3.0265e-240
1.5132e-240,1.5132e-240,1.5132e-240,1.5132e-240,1.5132e-240
7.5661e-241,7.5661e-241,7.5661e-241,7.5661e-241,7.5661e-241
3.7831e-241,3.7831e-241,3.7831e-241,3.7831e-241,3.7831e-241
1.8915e-241,1.8915e-241,1.8915e-241,1.8915e-241,1.8915e-241
9.4577e-242,9.4577e-242,9.4577e-242,9.4577e-242,9.4577e-242
4.7288e-242,4.7288e-242,4.7288e-242,4.7288e-242,4.7288e-242
2.3644e-242,2.3644e-242,2.3644e-242,2.3644e-242,2.3644e-242
1.1822e-242,1.1822e-242,1.1822e-242,1.1822e-242,1.1822e-242
5.911e-243,5.911e-243,5.911e-243,5.911e-243,5.911e-243
2.9555e-243,2.9555e-243,2.9555e-243,2.9555e-243,2.9555e-243
1.4778e-243,1.4778e-243,1.4778e-243,1.4778e-243,1.4778e-243
7.3888e-244,7.3888e-244,7.3888e-244,7.3888e-244,7.3888e-244
3.6944e-244,3.6944e-244,3.6944e-244,3.6944e-244,3.6944e-244
1.8472e-244,1.8472e-244,1.8472e-244,1.8472e-244,1.8472e-244
9.236e-245,9.236e-245,9.236e-245,9.236e-245,9.236e-245
4.618e-245,4.618e-245,4.618e-245,4.618e-245,4.618e-245
2.309e-245,2.309e-245,2.309e-245,2.309e-245,2.309e-245
1.1545e-245,1.1545e-245,1.1545e-245,1.1545e-245,1.1545e-245
5.7725e-246,5.7725e-246,5.7725e-246,5.7725e-246,5.7725e-246
2.8862e-246,2.8862e-246,2.8862e-246,2.8862e-246,2.8862e-246
1.4431e-246,1.4431e-246,1.4431e-246,1.4431e-246,1.4431e-246
7.2156e-247,7.2156e-247,7.2156e-247,7.2156e-247,7.2156e-247
3.6078e-247,3.6078e-247,3.6078e-247,3.6078e-247,3.6078e-247
1.8039e-247,1.8039e-247,1.8039e-247,1.8039e-247,1.8039e-247
9.0195e-248,9.0195e-248,9.0195e-248,9.0195e-248,9.0195e-248
4.5098e-248,4.5098e-248,4.5098e-248,4.5098e-248,4.5098e-248
2.2549e-248,2.2549e-248,2.2549e-248,2.2549e-248,2.2549e-248
1.1274e-248,1.1274e-248,1.1274e-248,1.1274e-248,1.1274e-248
5.6372e-249,5.6372e-249,5.6372e-249,5.6372e-249,5.6372e-249
2.8186e-249,2.8186e-249,2.8186e-249,2.8186e-249,2.8186e-249
1.4093e-249,1.4093e-249,1.4093e-249,1.4093e-249,1.4093e-249
7.0465e-250,7.0465e-250,7.0465e-250,7.0465e-250,7.0465e-250
3.5233e-250,3.5233e-250,3.5233e-250,3.5233e-250,3.5233e-250
1.7616e-250,1.7616e-250,1.7616e-250,1.7616e-250,1.7616e-250
8.8081e-251,8.8081e-251,8.8081e-251,8.8081e-251,8.8081e-251
4.4041e-251,4.4041e-251,4.4041e-251,4.4041e-251,4.4041e-251
2.202e-251,2.202e-251,2.202e-251,2.202e-251,2.202e-251
1.101e-251,1.101e-251,1.101e-251,1.101e-251,1.101e-251
5.5051e-252,5.5051e-252,5.5051e-252,5.5051e-252,5.5051e-252
2.7525e-252,2.7525e-252,2.7525e-252,2.7525e-252,2.7525e-252
1.3763e-252,1.3763e-252,1.3763e-252,1.3763e-252,1.3763e-252
6.8814e-253,6.8814e-253,6.8814e-253,6.8814e-253,6.8814e-253
3.4407e-253,3.4407e-253,3.4407e-253,3.4407e-253,3.4407e-253
1.7203e-253,1.7203e-253,1.7203e-253,1.7203e-253,1.7203e-253
8.6017e-254,8.6017e-254,8.6017e-254,8.6017e-254,8.6017e-254
4.3008e-254,4.3008e-254,4.3008e-254,4.3008e-254,4.3008e-254
2.1504e-254,2.1504e-254,2.1504e-254,2.1504e-254,2.1504e-254
1.0752e-254,1.0752e-254,1.0752e-254,1.0752e-254,1.0752e-254
5.3761e-255,5.3761e-255,5.3761e-255,5.3761e-255,5.3761e-255
2.688e-255,2.688e-255,2.688e-255,2.688e-255,2.688e-255
1.344e-255,1.344e-255,1.344e-255,1.344e-255,1.344e-255
6.7201e-256,6.7201e-256,6.7201e-256,6.7201e-256,6.7201e-256
3.36e-256,3.36e-256,3.36e-256,3.36e-256,3.36e-256
1.68e-256,1.68e-256,1.68e-256,1.68e-256,1.68e-256
8.4001e-257,8.4001e-257,8.4001e-257,8.4001e-257,8.4001e-257
4.2e-257,4.2e-257,4.2e-257,4.2e-257,4.2e-257
2.1e-257,2.1e-257,2.1e-257,2.1e-257,2.1e-257
1.05e-257,1.05e-257,1.05e-257,1.05e-257,1.05e-257
5.2501e-258,5.2501e-258,5.2501e-258,5.2501e-258,5.2501e-258
2.625e-258,2.625e-258,2.625e-258,2.625e-258,2.625e-258
1.3125e-258,1.3125e-258,1.3125e-258,1.3125e-258,1.3125e-258
6.5626e-259,6.5626e-259,6.5626e-259,6.5626e-259,6.5626e-259
3.2813e-259,3.2813e-259,3.2813e-259,3.2813e-259,3.2813e-259
1.6406e-259,1.6406e-259,1.6406e-259,1.6406e-259,1.6406e-259
8.2032e-260,8.2032e-260,8.2032e-260,8.2032e-260,8.2032e-260
4.1016e-260,4.1016e-260,4.1016e-260,4.1016e-260,4.1016e-260
2.0508e-260,2.0508e-260,2.0508e-260,2.0508e-260,2.0508e-260
1.0254e-260,1.0254e-260,1.0254e-260,1.0254e-260,1.0254e-260
5.127e-261,5.127e-261,5.127e-261,5.127e-261,5.127e-261
2.5635e-261,2.5635e-261,2.5635e-261,2.5635e-261,2.5635e-261
1.2818e-261,1.2818e-261,1.2818e-261,1.2818e-261,1.2818e-261
6.4088e-262,6.4088e-262,6.4088e-262,6.4088e-262,6.4088e-262
3.2044e-262,3.2044e-262,3.2044e-262,3.2044e-262,3.2044e-262
1.6022e-262,1.6022e-262,1.6022e-262,1.6022e-262,1.6022e-262
8.011e-263,8.011e-263,8.011e-263,8.011e-263,8.011e-263
4.0055e-263,4.0055e-263,4.0055e-263,4.0055e-263,4.0055e-263
2.0027e-263,2.0027e-263,2.0027e-263,2.0027e-263,2.0027e-263
1.0014e-263,1.0014e-263,1.0014e-263,1.0014e-263,1.0014e-263
5.0068e-264,5.0068e-264,5.0068e-264,5.0068e-264,5.0068e-264
2.5034e-264,2.5034e-264,2.5034e-264,2.5034e-264,2.5034e-264
1.2517e-264,1.2517e-264,1.2517e-264,1.2517e-264,1.2517e-264
6.2586e-265,6.2586e-265,6.2586e-265,6.2586e-265,6.2586e-265
3.1293e-265,3.1293e-265,3.1293e-265,3.1293e-265,3.1293e-265
1.5646e-265,1.5646e-265,1.5646e-265,1.5646e-265,1.5646e-265
7.8232e-266,7.8232e-266,7.8232e-266,7.8232e-266,7.8232e-266
3.9116e-266,3.9116e-266,3.9116e-266,3.9116e-266,3.9116e-266
1.9558e-266,1.9558e-266,1.9558e-266,1.9558e-266,1.9558e-266
9.779e-267,9.779e-267,9.779e-267,9.779e-267,9.779e-267
4.8895e-267,4.8895e-267,4.8895e-267,4.8895e-267,4.8895e-267
2.4447e-267,2.4447e-267,2.4447e-267,2.4447e-267,2.4447e-267
1.2224e-267,1.2224e-267,1.2224e-267,1.2224e-267,1.2224e-267
6.1119e-268,6.1119e-268,6.1119e-268,6.1119e-268,6.1119e-268
3.0559e-268,3.0559e-268,3.0559e-268,3.0559e-268,3.0559e-268
1.528e-268,1.528e-268,1.528e-268,1.528e-268,1.528e-268
7.6398e-269,7.6398e-269,7.6398e-269,7.6398e-269,7.6398e-269
3.8199e-269,3.8199e-269,3.8199e-269,3.8199e-269,3.8199e-269
1.91e-269,1.91e-269,1.91e-269,1.91e-269,1.91e-269
9.5498e-270,9.5498e-270,9.5498e-270,9.5498e-270,9.5498e-270
4.7749e-270,4.7749e-270,4.7749e-270,4.7749e-270,4.7749e-270
2.3874e-270,2.3874e-270,2.3874e-270,2.3874e-270,2.3874e-270
1.1937e-270,1.1937e-270,1.1937e-270,1.1937e-270,1.1937e-270
5.9686e-271,5.9686e-271,5.9686e-271,5.9686e-271,5.9686e-271
2.9843e-271,2.9843e-271,2.9843e-271,2.9843e-271,2.9843e-271
1.4922e-271,1.4922e-271,1.4922e-271,1.4922e-271,1.4922e-271
7.4608e-272,7.4608e-272,7.4608e-272,7.4608e-272,7.4608e-272
3.7304e-272,3.7304e-272,3.7304e-272,3.7304e-272,3.7304e-272
1.8652e-272,1.8652e-272,1.8652e-272,1.8652e-272,1.8652e-272
9.326e-273,9.326e-273,9.326e-273,9.326e-273,9.326e-273
4.663e-273,4.663e-273,4.663e-273,4.663e-273,4.663e-273
2.3315e-273,2.3315e-273,2.3315e-273,2.3315e-273,2.3315e-273
1.1657e-273,1.1657e-273,1.1657e-273,1.1657e-273,1.1657e-273
5.8287e-274,5.8287e-274,5.8287e-274,5.8287e-274,5.8287e-274
2.9144e-274,2.9144e-274,2.9144e-274,2.9144e-274,2.9144e-274
1.4572e-274,1.4572e-274,1.4572e-274,1.4572e-274,1.4572e-274
7.2859e-275,7.2859e-275,7.2859e-275,7.2859e-275,7.2859e-275
3.643e-275,3.643e-275,3.643e-275,3.643e-275,3.643e-275
1.8215e-275,1.8215e-275,1.8215e-275,1.8215e-275,1.8215e-275
9.1074e-276,9.1074e-276,9.1074e-276,9.1074e-276,9.1074e-276
4.5537e-276,4.5537e-276,4.5537e-276,4.5537e-276,4.5537e-276
2.2768e-276,2.2768e-276,2.2768e-276,2.2768e-276,2.2768e-276
1.1384e-276,1.1384e-276,1.1384e-276,1.1384e-276,1.1384e-276
5.6921e-277,5.6921e-277,5.6921e-277,5.6921e-277,5.6921e-277
2.8461e-277,2.8461e-277,2.8461e-277,2.8461e-277,2.8461e-277
1.423e-277,1.423e-277,1.423e-277,1.423e-277,1.423e-277
7.1152e-278,7.1152e-278,7.1152e-278,7.1152e-278,7.1152e-278
3.5576e-278,3.5576e-278,3.5576e-278,3.5576e-278,3.5576e-278
1.7788e-278,1.7788e-278,1.7788e-278,1.7788e-278,1.7788e-278
8.8939e-279,8.8939e-279,8.8939e-279,8.8939e-279,8.8939e-279
4.447e-279,4.447e-279,4.447e-279,4.447e-279,4.447e-279
2.2235e-279,2.2235e-279,2.2235e-279,2.2235e-279,2.2235e-279
1.1117e-279,1.1117e-279,1.1117e-279,1.1117e-279,1.1117e-279
5.5587e-280,5.5587e-280,5.5587e-280,5.5587e-280,5.5587e-280
2.7794e-280,2.7794e-280,2.7794e-280,2.7794e-280,2.7794e-280
1.3897e-280,1.3897e-280,1.3897e-280,1.3897e-280,1.3897e-280
6.9484e-281,6.9484e-281,6.9484e-281,6.9484e-281,6.9484e-281
3.4742e-281,3.4742e-281,3.4742e-281,3.4742e-281,3.4742e-281
1.7371e-281,1.7371e-281,1.7371e-281,1.7371e-281,1.7371e-281
8.6855e-282,8.6855e-282,8.6855e-282,8.6855e-282,8.6855e-282
4.3427e-282,4.3427e-282,4.3427e-282,4.3427e-282,4.3427e-282
2.1714e-282,2.1714e-282,2.1714e-282,2.1714e-282,2.1714e-282
1.0857e-282,1.0857e-282,1.0857e-282,1.0857e-282,1.0857e-282
5.4284e-283,5.4284e-283,5.4284e-283,5.4284e-283,5.4284e-283
2.7142e-283,2.7142e-283,2.7142e-283,2.7142e-283,2.7142e-283
1.3571e-283,1.3571e-283,1.3571e-283,1.3571e-283,1.3571e-283
6.7855e-284,6.7855e-284,6.7855e-284,6.7855e-284,6.7855e-284
3.3928e-284,3.3928e-284,3.3928e-284,3.3928e-284,3.3928e-284
1.6964e-284,1.6964e-284,1.6964e-284,1.6964e-284,1.6964e-284
8.4819e-285,8.4819e-285,8.4819e-285,8.4819e-285,8.4819e-285
4.241e-285,4.241e-285,4.241e-285,4.241e-285,4.241e-285
2.1205e-285,2.1205e-285,2.1205e-285,2.1205e-285,2.1205e-285
1.0602e-285,1.0602e-285,1.0602e-285,1.0602e-285,1.0602e-285
5.3012e-286,5.3012e-286,5.3012e-286,5.3012e-286,5.3012e-286
2.6506e-286,2.6506e-286,2.6506e-286,2.6506e-286,2.6506e-286
1.3253e-286,1.3253e-286,1.3253e-286,1.3253e-286,1.3253e-286
6.6265e-287,6.6265e-287,6.6265e-287,6.6265e-287,6.6265e-287
3.3133e-287,3.3133e-287,3.3133e-287,3.3133e-287,3.3133e-287
1.6566e-287,1.6566e-287,1.6566e-287,1.6566e-287,1.6566e-287
8.2831e-288,8.2831e-288,8.2831e-288,8.2831e-288,8.2831e-288
4.1416e-288,4.1416e-288,4.1416e-288,4.1416e-288,4.1416e-288
2.0708e-288,2.0708e-288,2.0708e-288,2.0708e-288,2.0708e-288
1.0354e-288,1.0354e-288,1.0354e-288,1.0354e-288,1.0354e-288
5.177e-289,5.177e-289,5.177e-289,5.177e-289,5.177e-289
2.5885e-289,2.5885e-289,2.5885e-289,2.5885e-289,2.5885e-289
1.2942e-289,1.2942e-289,1.2942e-289,1.2942e-289,1.2942e-289
6.4712e-290,6.4712e-290,6.4712e-290,6.4712e-290,6.4712e-290
3.2356e-290,3.2356e-290,3.2356e-290,3.2356e-290,3.2356e-290
1.6178e-290,1.6178e-290,1.6178e-290,1.6178e-290,1.6178e-290
8.089e-291,8.089e-291,8.089e-291,8.089e-291,8.089e-291
4.0445e-291,4.0445e-291,4.0445e-291,4.0445e-291,4.0445e-291
2.0222e-291,2.0222e-291,2.0222e-291,2.0222e-291,2.0222e-291
1.0111e-291,1.0111e-291,1.0111e-291,1.0111e-291,1.0111e-291
5.0556e-292,5.0556e-292,5.0556e-292,5.0556e-292,5.0556e-292
2.5278e-292,2.5278e-292,2.5278e-292,2.5278e-292,2.5278e-292
1.2639e-292,1.2639e-292,1.2639e-292,1.2639e-292,1.2639e-292
6.3195e-293,6.3195e-293,6.3195e-293,6.3195e-293,6.3195e-293
3.1598e-293,3.1598e-293,3.1598e-293,3.1598e-293,3.1598e-293
1.5799e-293,1.5799e-293,1.5799e-293,1.5799e-293,1.5799e-293
7.8994e-294,7.8994e-294,7.8994e-294,7.8994e-294,7.8994e-294
3.9497e-294,3.9497e-294,3.9497e-294,3.9497e-294,3.9497e-294
1.9749e-294,1.9749e-294,1.9749e-294,1.9749e-294,1.9749e-294
9.8743e-295,9.8743e-295,9.8743e-295,9.8743e-295,9.8743e-295
4.9371e-295,4.9371e-295,4.9371e-295,4.9371e-295,4.9371e-295
2.4686e-295,2.4686e-295,2.4686e-295,2.4686e-295,2.4686e-295
1.2343e-295,1.2343e-295,1.2343e-295,1.2343e-295,1.2343e-295
6.1714e-296,6.1714e-296,6.1714e-296,6.1714e-296,6.1714e-296
3.0857e-296,3.0857e-296,3.0857e-296,3.0857e-296,3.0857e-296
1.5429e-296,1.5429e-296,1.5429e-296,1.5429e-296,1.5429e-296
7.7143e-297,7.7143e-297,7.7143e-297,7.7143e-297,7.7143e-297
3.8571e-297,3.8571e-297,3.8571e-297,3.8571e-297,3.8571e-297
1.9286e-297,1.9286e-297,1.9286e-297,1.9286e-297,1.9286e-297
9.6428e-298,9.6428e-298,9.6428e-298,9.6428e-298,9.6428e-298
4.8214e-298,4.8214e-298,4.8214e-298,4.8214e-298,4.8214e-298
2.4107e-298,2.4107e-298,2.4107e-298,2.4107e-298,2.4107e-298
1.2054e-298,1.2054e-298,1.2054e-298,1.2054e-298,1.2054e-298
6.0268e-299,6.0268e-299,6.0268e-299,6.0268e-299,6.0268e-299
3.0134e-299,3.0134e-299,3.0134e-299,3.0134e-299,3.0134e-299
1.5067e-299,1.5067e-299,1.5067e-299,1.5067e-299,1.5067e-299
7.5335e-300,7.5335e-300,7.5335e-300,7.5335e-300,7.5335e-300
3.7667e-300,3.7667e-300,3.7667e-300,3.7667e-300,3.7667e-300
1.8834e-300,1.8834e-300,1.8834e-300,1.8834e-300,1.8834e-300
9.4168e-301,9.4168e-301,9.4168e-301,9.4168e-301,9.4168e-301
4.7084e-301,4.7084e-301,4.7084e-301,4.7084e-301,4.7084e-301
2.3542e-301,2.3542e-301,2.3542e-301,2.3542e-301,2.3542e-301
1.1771e-301,1.1771e-301,1.1771e-301,1.1771e-301,1.1771e-301
5.8855e-302,5.8855e-302,5.8855e-302,5.8855e-302,5.8855e-302
2.9428e-302,2.9428e-302,2.9428e-302,2.9428e-302,2.9428e-302
