0.1,0.2,0.3,0.5,0.6
0.468,0.462,0.621,0.705,0.594
0.73952,0.73417,0.69331,0.67844,0.70065
0.59557,0.59893,0.62715,0.64192,0.6214
0.71697,0.71548,0.70366,0.69802,0.70597
0.61354,0.61458,0.62315,0.62744,0.62144
0.70944,0.70899,0.70537,0.70359,0.70609
0.61983,0.62015,0.62277,0.62408,0.62225
0.70633,0.70619,0.70506,0.70451,0.70529
0.62272,0.62282,0.62363,0.62404,0.62347
0.70463,0.70459,0.70423,0.70406,0.7043
0.62452,0.62455,0.6248,0.62493,0.62475
0.70343,0.70341,0.7033,0.70325,0.70333
0.62589,0.6259,0.62598,0.62602,0.62597
0.70243,0.70243,0.70239,0.70238,0.7024
0.62708,0.62708,0.6271,0.62712,0.6271
0.70155,0.70155,0.70154,0.70153,0.70154
0.62814,0.62814,0.62815,0.62815,0.62814
0.70074,0.70074,0.70074,0.70073,0.70074
0.62911,0.62911,0.62911,0.62912,0.62911
0.69999,0.69999,0.69999,0.69999,0.69999
0.63001,0.63001,0.63001,0.63001,0.63001
0.69929,0.69929,0.69929,0.69929,0.69929
0.63085,0.63085,0.63085,0.63085,0.63085
0.69863,0.69863,0.69863,0.69863,0.69863
0.63163,0.63163,0.63163,0.63163,0.63163
0.69802,0.69802,0.69802,0.69802,0.69802
0.63237,0.63237,0.63237,0.63237,0.63237
0.69744,0.69744,0.69744,0.69744,0.69744
0.63306,0.63306,0.63306,0.63306,0.63306
0.69689,0.69689,0.69689,0.69689,0.69689
0.6337,0.6337,0.6337,0.6337,0.6337
0.69637,0.69637,0.69637,0.69637,0.69637
0.63432,0.63432,0.63432,0.63432,0.63432
0.69588,0.69588,0.69588,0.69588,0.69588
0.6349,0.6349,0.6349,0.6349,0.6349
0.69541,0.69541,0.69541,0.69541,0.69541
0.63545,0.63545,0.63545,0.63545,0.63545
0.69496,0.69496,0.69496,0.69496,0.69496
0.63597,0.63597,0.63597,0.63597,0.63597
0.69454,0.69454,0.69454,0.69454,0.69454
0.63647,0.63647,0.63647,0.63647,0.63647
0.69413,0.69413,0.69413,0.69413,0.69413
0.63694,0.63694,0.63694,0.63694,0.63694
0.69374,0.69374,0.69374,0.69374,0.69374
0.63739,0.63739,0.63739,0.63739,0.63739
0.69337,0.69337,0.69337,0.69337,0.69337
0.63782,0.63782,0.63782,0.63782,0.63782
0.69301,0.69301,0.69301,0.69301,0.69301
0.63824,0.63824,0.63824,0.63824,0.63824
0.69267,0.69267,0.69267,0.69267,0.69267
0.63863,0.63863,0.63863,0.63863,0.63863
0.69234,0.69234,0.69234,0.69234,0.69234
0.63901,0.63901,0.63901,0.63901,0.63901
0.69203,0.69203,0.69203,0.69203,0.69203
0.63938,0.63938,0.63938,0.63938,0.63938
0.69172,0.69172,0.69172,0.69172,0.69172
0.63973,0.63973,0.63973,0.63973,0.63973
0.69143,0.69143,0.69143,0.69143,0.69143
0.64007,0.64007,0.64007,0.64007,0.64007
0.69115,0.69115,0.69115,0.69115,0.69115
0.64039,0.64039,0.64039,0.64039,0.64039
0.69087,0.69087,0.69087,0.69087,0.69087
0.6407,0.6407,0.6407,0.6407,0.6407
0.69061,0.69061,0.69061,0.69061,0.69061
0.64101,0.64101,0.64101,0.64101,0.64101
0.69035,0.69035,0.69035,0.69035,0.69035
0.6413,0.6413,0.6413,0.6413,0.6413
0.6901,0.6901,0.6901,0.6901,0.6901
0.64158,0.64158,0.64158,0.64158,0.64158
0.68986,0.68986,0.68986,0.68986,0.68986
0.64186,0.64186,0.64186,0.64186,0.64186
0.68963,0.68963,0.68963,0.68963,0.68963
0.64212,0.64212,0.64212,0.64212,0.64212
0.68941,0.68941,0.68941,0.68941,0.68941
0.64238,0.64238,0.64238,0.64238,0.64238
0.68919,0.68919,0.68919,0.68919,0.68919
0.64263,0.64263,0.64263,0.64263,0.64263
0.68897,0.68897,0.68897,0.68897,0.68897
0.64287,0.64287,0.64287,0.64287,0.64287
0.68877,0.68877,0.68877,0.68877,0.68877
0.6431,0.6431,0.6431,0.6431,0.6431
0.68857,0.68857,0.68857,0.68857,0.68857
0.64333,0.64333,0.64333,0.64333,0.64333
0.68837,0.68837,0.68837,0.68837,0.68837
0.64355,0.64355,0.64355,0.64355,0.64355
0.68818,0.68818,0.68818,0.68818,0.68818
0.64376,0.64376,0.64376,0.64376,0.64376
0.688,0.688,0.688,0.688,0.688
0.64397,0.64397,0.64397,0.64397,0.64397
0.68782,0.68782,0.68782,0.68782,0.68782
0.64418,0.64418,0.64418,0.64418,0.64418
0.68764,0.68764,0.68764,0.68764,0.68764
0.64437,0.64437,0.64437,0.64437,0.64437
0.68747,0.68747,0.68747,0.68747,0.68747
0.64457,0.64457,0.64457,0.64457,0.64457
0.6873,0.6873,0.6873,0.6873,0.6873
0.64475,0.64475,0.64475,0.64475,0.64475
0.68714,0.68714,0.68714,0.68714,0.68714
0.64494,0.64494,0.64494,0.64494,0.64494
0.68698,0.68698,0.68698,0.68698,0.68698
0.64512,0.64512,0.64512,0.64512,0.64512
0.68682,0.68682,0.68682,0.68682,0.68682
0.64529,0.64529,0.64529,0.64529,0.64529
0.68667,0.68667,0.68667,0.68667,0.68667
0.64546,0.64546,0.64546,0.64546,0.64546
0.68652,0.68652,0.68652,0.68652,0.68652
0.64563,0.64563,0.64563,0.64563,0.64563
0.68638,0.68638,0.68638,0.68638,0.68638
0.64579,0.64579,0.64579,0.64579,0.64579
0.68624,0.68624,0.68624,0.68624,0.68624
0.64595,0.64595,0.64595,0.64595,0.64595
0.6861,0.6861,0.6861,0.6861,0.6861
0.6461,0.6461,0.6461,0.6461,0.6461
0.68596,0.68596,0.68596,0.68596,0.68596
0.64625,0.64625,0.64625,0.64625,0.64625
0.68583,0.68583,0.68583,0.68583,0.68583
0.6464,0.6464,0.6464,0.6464,0.6464
0.6857,0.6857,0.6857,0.6857,0.6857
0.64655,0.64655,0.64655,0.64655,0.64655
0.68557,0.68557,0.68557,0.68557,0.68557
0.64669,0.64669,0.64669,0.64669,0.64669
0.68545,0.68545,0.68545,0.68545,0.68545
0.64683,0.64683,0.64683,0.64683,0.64683
0.68532,0.68532,0.68532,0.68532,0.68532
0.64697,0.64697,0.64697,0.64697,0.64697
0.6852,0.6852,0.6852,0.6852,0.6852
0.6471,0.6471,0.6471,0.6471,0.6471
0.68509,0.68509,0.68509,0.68509,0.68509
0.64723,0.64723,0.64723,0.64723,0.64723
0.68497,0.68497,0.68497,0.68497,0.68497
0.64736,0.64736,0.64736,0.64736,0.64736
0.68486,0.68486,0.68486,0.68486,0.68486
0.64748,0.64748,0.64748,0.64748,0.64748
0.68475,0.68475,0.68475,0.68475,0.68475
0.64761,0.64761,0.64761,0.64761,0.64761
0.68464,0.68464,0.68464,0.68464,0.68464
0.64773,0.64773,0.64773,0.64773,0.64773
0.68453,0.68453,0.68453,0.68453,0.68453
0.64785,0.64785,0.64785,0.64785,0.64785
0.68442,0.68442,0.68442,0.68442,0.68442
0.64796,0.64796,0.64796,0.64796,0.64796
0.68432,0.68432,0.68432,0.68432,0.68432
0.64808,0.64808,0.64808,0.64808,0.64808
0.68422,0.68422,0.68422,0.68422,0.68422
0.64819,0.64819,0.64819,0.64819,0.64819
0.68412,0.68412,0.68412,0.68412,0.68412
0.6483,0.6483,0.6483,0.6483,0.6483
0.68402,0.68402,0.68402,0.68402,0.68402
0.64841,0.64841,0.64841,0.64841,0.64841
0.68392,0.68392,0.68392,0.68392,0.68392
0.64852,0.64852,0.64852,0.64852,0.64852
0.68383,0.68383,0.68383,0.68383,0.68383
0.64862,0.64862,0.64862,0.64862,0.64862
0.68374,0.68374,0.68374,0.68374,0.68374
0.64872,0.64872,0.64872,0.64872,0.64872
0.68364,0.68364,0.68364,0.68364,0.68364
0.64882,0.64882,0.64882,0.64882,0.64882
0.68355,0.68355,0.68355,0.68355,0.68355
0.64892,0.64892,0.64892,0.64892,0.64892
0.68346,0.68346,0.68346,0.68346,0.68346
0.64902,0.64902,0.64902,0.64902,0.64902
0.68338,0.68338,0.68338,0.68338,0.68338
0.64912,0.64912,0.64912,0.64912,0.64912
0.68329,0.68329,0.68329,0.68329,0.68329
0.64921,0.64921,0.64921,0.64921,0.64921
0.68321,0.68321,0.68321,0.68321,0.68321
0.64931,0.64931,0.64931,0.64931,0.64931
0.68312,0.68312,0.68312,0.68312,0.68312
0.6494,0.6494,0.6494,0.6494,0.6494
0.68304,0.68304,0.68304,0.68304,0.68304
0.64949,0.64949,0.64949,0.64949,0.64949
0.68296,0.68296,0.68296,0.68296,0.68296
0.64958,0.64958,0.64958,0.64958,0.64958
0.68288,0.68288,0.68288,0.68288,0.68288
0.64966,0.64966,0.64966,0.64966,0.64966
0.6828,0.6828,0.6828,0.6828,0.6828
0.64975,0.64975,0.64975,0.64975,0.64975
0.68272,0.68272,0.68272,0.68272,0.68272
0.64984,0.64984,0.64984,0.64984,0.64984
0.68265,0.68265,0.68265,0.68265,0.68265
0.64992,0.64992,0.64992,0.64992,0.64992
0.68257,0.68257,0.68257,0.68257,0.68257
0.65,0.65,0.65,0.65,0.65
0.6825,0.6825,0.6825,0.6825,0.6825
0.65008,0.65008,0.65008,0.65008,0.65008
0.68243,0.68243,0.68243,0.68243,0.68243
0.65016,0.65016,0.65016,0.65016,0.65016
0.68235,0.68235,0.68235,0.68235,0.68235
0.65024,0.65024,0.65024,0.65024,0.65024
0.68228,0.68228,0.68228,0.68228,0.68228
0.65032,0.65032,0.65032,0.65032,0.65032
0.68221,0.68221,0.68221,0.68221,0.68221
0.6504,0.6504,0.6504,0.6504,0.6504
0.68214,0.68214,0.68214,0.68214,0.68214
0.65047,0.65047,0.65047,0.65047,0.65047
0.68207,0.68207,0.68207,0.68207,0.68207
0.65055,0.65055,0.65055,0.65055,0.65055
0.68201,0.68201,0.68201,0.68201,0.68201
0.65062,0.65062,0.65062,0.65062,0.65062
0.68194,0.68194,0.68194,0.68194,0.68194
0.65069,0.65069,0.65069,0.65069,0.65069
0.68187,0.68187,0.68187,0.68187,0.68187
0.65076,0.65076,0.65076,0.65076,0.65076
0.68181,0.68181,0.68181,0.68181,0.68181
0.65084,0.65084,0.65084,0.65084,0.65084
0.68175,0.68175,0.68175,0.68175,0.68175
0.65091,0.65091,0.65091,0.65091,0.65091
0.68168,0.68168,0.68168,0.68168,0.68168
0.65097,0.65097,0.65097,0.65097,0.65097
0.68162,0.68162,0.68162,0.68162,0.68162
0.65104,0.65104,0.65104,0.65104,0.65104
0.68156,0.68156,0.68156,0.68156,0.68156
0.65111,0.65111,0.65111,0.65111,0.65111
0.6815,0.6815,0.6815,0.6815,0.6815
0.65118,0.65118,0.65118,0.65118,0.65118
0.68144,0.68144,0.68144,0.68144,0.68144
0.65124,0.65124,0.65124,0.65124,0.65124
0.68138,0.68138,0.68138,0.68138,0.68138
0.6513,0.6513,0.6513,0.6513,0.6513
0.68132,0.68132,0.68132,0.68132,0.68132
0.65137,0.65137,0.65137,0.65137,0.65137
0.68126,0.68126,0.68126,0.68126,0.68126
0.65143,0.65143,0.65143,0.65143,0.65143
0.68121,0.68121,0.68121,0.68121,0.68121
0.65149,0.65149,0.65149,0.65149,0.65149
0.68115,0.68115,0.68115,0.68115,0.68115
0.65156,0.65156,0.65156,0.65156,0.65156
0.68109,0.68109,0.68109,0.68109,0.68109
0.65162,0.65162,0.65162,0.65162,0.65162
0.68104,0.68104,0.68104,0.68104,0.68104
0.65168,0.65168,0.65168,0.65168,0.65168
0.68098,0.68098,0.68098,0.68098,0.68098
0.65174,0.65174,0.65174,0.65174,0.65174
0.68093,0.68093,0.68093,0.68093,0.68093
0.65179,0.65179,0.65179,0.65179,0.65179
0.68088,0.68088,0.68088,0.68088,0.68088
0.65185,0.65185,0.65185,0.65185,0.65185
0.68082,0.68082,0.68082,0.68082,0.68082
0.65191,0.65191,0.65191,0.65191,0.65191
0.68077,0.68077,0.68077,0.68077,0.68077
0.65197,0.65197,0.65197,0.65197,0.65197
0.68072,0.68072,0.68072,0.68072,0.68072
0.65202,0.65202,0.65202,0.65202,0.65202
0.68067,0.68067,0.68067,0.68067,0.68067
0.65208,0.65208,0.65208,0.65208,0.65208
0.68062,0.68062,0.68062,0.68062,0.68062
0.65213,0.65213,0.65213,0.65213,0.65213
0.68057,0.68057,0.68057,0.68057,0.68057
0.65219,0.65219,0.65219,0.65219,0.65219
0.68052,0.68052,0.68052,0.68052,0.68052
0.65224,0.65224,0.65224,0.65224,0.65224
0.68047,0.68047,0.68047,0.68047,0.68047
0.65229,0.65229,0.65229,0.65229,0.65229
0.68042,0.68042,0.68042,0.68042,0.68042
0.65234,0.65234,0.65234,0.65234,0.65234
0.68037,0.68037,0.68037,0.68037,0.68037
0.6524,0.6524,0.6524,0.6524,0.6524
0.68033,0.68033,0.68033,0.68033,0.68033
0.65245,0.65245,0.65245,0.65245,0.65245
0.68028,0.68028,0.68028,0.68028,0.68028
0.6525,0.6525,0.6525,0.6525,0.6525
0.68023,0.68023,0.68023,0.68023,0.68023
0.65255,0.65255,0.65255,0.65255,0.65255
0.68019,0.68019,0.68019,0.68019,0.68019
0.6526,0.6526,0.6526,0.6526,0.6526
0.68014,0.68014,0.68014,0.68014,0.68014
0.65265,0.65265,0.65265,0.65265,0.65265
0.6801,0.6801,0.6801,0.6801,0.6801
0.6527,0.6527,0.6527,0.6527,0.6527
0.68005,0.68005,0.68005,0.68005,0.68005
0.65274,0.65274,0.65274,0.65274,0.65274
0.68001,0.68001,0.68001,0.68001,0.68001
0.65279,0.65279,0.65279,0.65279,0.65279
0.67996,0.67996,0.67996,0.67996,0.67996
0.65284,0.65284,0.65284,0.65284,0.65284
0.67992,0.67992,0.67992,0.67992,0.67992
0.65288,0.65288,0.65288,0.65288,0.65288
0.67988,0.67988,0.67988,0.67988,0.67988
0.65293,0.65293,0.65293,0.65293,0.65293
0.67984,0.67984,0.67984,0.67984,0.67984
0.65298,0.65298,0.65298,0.65298,0.65298
0.67979,0.67979,0.67979,0.67979,0.67979
0.65302,0.65302,0.65302,0.65302,0.65302
0.67975,0.67975,0.67975,0.67975,0.67975
0.65307,0.65307,0.65307,0.65307,0.65307
0.67971,0.67971,0.67971,0.67971,0.67971
0.65311,0.65311,0.65311,0.65311,0.65311
0.67967,0.67967,0.67967,0.67967,0.67967
0.65315,0.65315,0.65315,0.65315,0.65315
0.67963,0.67963,0.67963,0.67963,0.67963
0.6532,0.6532,0.6532,0.6532,0.6532
0.67959,0.67959,0.67959,0.67959,0.67959
0.65324,0.65324,0.65324,0.65324,0.65324
0.67955,0.67955,0.67955,0.67955,0.67955
0.65328,0.65328,0.65328,0.65328,0.65328
0.67951,0.67951,0.67951,0.67951,0.67951
0.65333,0.65333,0.65333,0.65333,0.65333
0.67947,0.67947,0.67947,0.67947,0.67947
0.65337,0.65337,0.65337,0.65337,0.65337
0.67943,0.67943,0.67943,0.67943,0.67943
0.65341,0.65341,0.65341,0.65341,0.65341
0.6794,0.6794,0.6794,0.6794,0.6794
0.65345,0.65345,0.65345,0.65345,0.65345
0.67936,0.67936,0.67936,0.67936,0.67936
0.65349,0.65349,0.65349,0.65349,0.65349
0.67932,0.67932,0.67932,0.67932,0.67932
0.65353,0.65353,0.65353,0.65353,0.65353
0.67928,0.67928,0.67928,0.67928,0.67928
0.65357,0.65357,0.65357,0.65357,0.65357
0.67925,0.67925,0.67925,0.67925,0.67925
0.65361,0.65361,0.65361,0.65361,0.65361
0.67921,0.67921,0.67921,0.67921,0.67921
0.65365,0.65365,0.65365,0.65365,0.65365
0.67917,0.67917,0.67917,0.67917,0.67917
0.65369,0.65369,0.65369,0.65369,0.65369
0.67914,0.67914,0.67914,0.67914,0.67914
0.65373,0.65373,0.65373,0.65373,0.65373
0.6791,0.6791,0.6791,0.6791,0.6791
0.65377,0.65377,0.65377,0.65377,0.65377
0.67907,0.67907,0.67907,0.67907,0.67907
0.6538,0.6538,0.6538,0.6538,0.6538
0.67903,0.67903,0.67903,0.67903,0.67903
0.65384,0.65384,0.65384,0.65384,0.65384
0.679,0.679,0.679,0.679,0.679
0.65388,0.65388,0.65388,0.65388,0.65388
0.67896,0.67896,0.67896,0.67896,0.67896
0.65392,0.65392,0.65392,0.65392,0.65392
0.67893,0.67893,0.67893,0.67893,0.67893
0.65395,0.65395,0.65395,0.65395,0.65395
0.6789,0.6789,0.6789,0.6789,0.6789
0.65399,0.65399,0.65399,0.65399,0.65399
0.67886,0.67886,0.67886,0.67886,0.67886
0.65402,0.65402,0.65402,0.65402,0.65402
0.67883,0.67883,0.67883,0.67883,0.67883
0.65406,0.65406,0.65406,0.65406,0.65406
0.6788,0.6788,0.6788,0.6788,0.6788
0.6541,0.6541,0.6541,0.6541,0.6541
0.67876,0.67876,0.67876,0.67876,0.67876
0.65413,0.65413,0.65413,0.65413,0.65413
0.67873,0.67873,0.67873,0.67873,0.67873
0.65417,0.65417,0.65417,0.65417,0.65417
0.6787,0.6787,0.6787,0.6787,0.6787
0.6542,0.6542,0.6542,0.6542,0.6542
0.67867,0.67867,0.67867,0.67867,0.67867
0.65423,0.65423,0.65423,0.65423,0.65423
0.67864,0.67864,0.67864,0.67864,0.67864
0.65427,0.65427,0.65427,0.65427,0.65427
0.6786,0.6786,0.6786,0.6786,0.6786
0.6543,0.6543,0.6543,0.6543,0.6543
0.67857,0.67857,0.67857,0.67857,0.67857
0.65434,0.65434,0.65434,0.65434,0.65434
0.67854,0.67854,0.67854,0.67854,0.67854
0.65437,0.65437,0.65437,0.65437,0.65437
0.67851,0.67851,0.67851,0.67851,0.67851
0.6544,0.6544,0.6544,0.6544,0.6544
0.67848,0.67848,0.67848,0.67848,0.67848
0.65443,0.65443,0.65443,0.65443,0.65443
0.67845,0.67845,0.67845,0.67845,0.67845
0.65447,0.65447,0.65447,0.65447,0.65447
0.67842,0.67842,0.67842,0.67842,0.67842
0.6545,0.6545,0.6545,0.6545,0.6545
0.67839,0.67839,0.67839,0.67839,0.67839
0.65453,0.65453,0.65453,0.65453,0.65453
0.67836,0.67836,0.67836,0.67836,0.67836
0.65456,0.65456,0.65456,0.65456,0.65456
0.67833,0.67833,0.67833,0.67833,0.67833
0.65459,0.65459,0.65459,0.65459,0.65459
0.6783,0.6783,0.6783,0.6783,0.6783
0.65462,0.65462,0.65462,0.65462,0.65462
0.67827,0.67827,0.67827,0.67827,0.67827
0.65466,0.65466,0.65466,0.65466,0.65466
0.67825,0.67825,0.67825,0.67825,0.67825
0.65469,0.65469,0.65469,0.65469,0.65469
0.67822,0.67822,0.67822,0.67822,0.67822
0.65472,0.65472,0.65472,0.65472,0.65472
0.67819,0.67819,0.67819,0.67819,0.67819
0.65475,0.65475,0.65475,0.65475,0.65475
0.67816,0.67816,0.67816,0.67816,0.67816
0.65478,0.65478,0.65478,0.65478,0.65478
0.67813,0.67813,0.67813,0.67813,0.67813
0.65481,0.65481,0.65481,0.65481,0.65481
0.67811,0.67811,0.67811,0.67811,0.67811
0.65484,0.65484,0.65484,0.65484,0.65484
0.67808,0.67808,0.67808,0.67808,0.67808
0.65486,0.65486,0.65486,0.65486,0.65486
0.67805,0.67805,0.67805,0.67805,0.67805
0.65489,0.65489,0.65489,0.65489,0.65489
0.67802,0.67802,0.67802,0.67802,0.67802
0.65492,0.65492,0.65492,0.65492,0.65492
0.678,0.678,0.678,0.678,0.678
0.65495,0.65495,0.65495,0.65495,0.65495
0.67797,0.67797,0.67797,0.67797,0.67797
0.65498,0.65498,0.65498,0.65498,0.65498
0.67794,0.67794,0.67794,0.67794,0.67794
0.65501,0.65501,0.65501,0.65501,0.65501
0.67792,0.67792,0.67792,0.67792,0.67792
0.65504,0.65504,0.65504,0.65504,0.65504
0.67789,0.67789,0.67789,0.67789,0.67789
0.65506,0.65506,0.65506,0.65506,0.65506
0.67787,0.67787,0.67787,0.67787,0.67787
0.65509,0.65509,0.65509,0.65509,0.65509
0.67784,0.67784,0.67784,0.67784,0.67784
0.65512,0.65512,0.65512,0.65512,0.65512
0.67781,0.67781,0.67781,0.67781,0.67781
0.65515,0.65515,0.65515,0.65515,0.65515
0.67779,0.67779,0.67779,0.67779,0.67779
0.65517,0.65517,0.65517,0.65517,0.65517
0.67776,0.67776,0.67776,0.67776,0.67776
0.6552,0.6552,0.6552,0.6552,0.6552
0.67774,0.67774,0.67774,0.67774,0.67774
0.65523,0.65523,0.65523,0.65523,0.65523
0.67771,0.67771,0.67771,0.67771,0.67771
0.65525,0.65525,0.65525,0.65525,0.65525
0.67769,0.67769,0.67769,0.67769,0.67769
0.65528,0.65528,0.65528,0.65528,0.65528
0.67766,0.67766,0.67766,0.67766,0.67766
0.65531,0.65531,0.65531,0.65531,0.65531
0.67764,0.67764,0.67764,0.67764,0.67764
0.65533,0.65533,0.65533,0.65533,0.65533
0.67762,0.67762,0.67762,0.67762,0.67762
0.65536,0.65536,0.65536,0.65536,0.65536
0.67759,0.67759,0.67759,0.67759,0.67759
0.65538,0.65538,0.65538,0.65538,0.65538
0.67757,0.67757,0.67757,0.67757,0.67757
0.65541,0.65541,0.65541,0.65541,0.65541
0.67754,0.67754,0.67754,0.67754,0.67754
0.65543,0.65543,0.65543,0.65543,0.65543
0.67752,0.67752,0.67752,0.67752,0.67752
0.65546,0.65546,0.65546,0.65546,0.65546
0.6775,0.6775,0.6775,0.6775,0.6775
0.65548,0.65548,0.65548,0.65548,0.65548
0.67747,0.67747,0.67747,0.67747,0.67747
0.65551,0.65551,0.65551,0.65551,0.65551
0.67745,0.67745,0.67745,0.67745,0.67745
0.65553,0.65553,0.65553,0.65553,0.65553
0.67743,0.67743,0.67743,0.67743,0.67743
0.65556,0.65556,0.65556,0.65556,0.65556
0.67741,0.67741,0.67741,0.67741,0.67741
0.65558,0.65558,0.65558,0.65558,0.65558
0.67738,0.67738,0.67738,0.67738,0.67738
0.65561,0.65561,0.65561,0.65561,0.65561
0.67736,0.67736,0.67736,0.67736,0.67736
0.65563,0.65563,0.65563,0.65563,0.65563
0.67734,0.67734,0.67734,0.67734,0.67734
0.65565,0.65565,0.65565,0.65565,0.65565
0.67732,0.67732,0.67732,0.67732,0.67732
0.65568,0.65568,0.65568,0.65568,0.65568
0.67729,0.67729,0.67729,0.67729,0.67729
0.6557,0.6557,0.6557,0.6557,0.6557
0.67727,0.67727,0.67727,0.67727,0.67727
0.65572,0.65572,0.65572,0.65572,0.65572
0.67725,0.67725,0.67725,0.67725,0.67725
0.65575,0.65575,0.65575,0.65575,0.65575
0.67723,0.67723,0.67723,0.67723,0.67723
0.65577,0.65577,0.65577,0.65577,0.65577
0.67721,0.67721,0.67721,0.67721,0.67721
0.65579,0.65579,0.65579,0.65579,0.65579
0.67719,0.67719,0.67719,0.67719,0.67719
0.65582,0.65582,0.65582,0.65582,0.65582
0.67716,0.67716,0.67716,0.67716,0.67716
0.65584,0.65584,0.65584,0.65584,0.65584
0.67714,0.67714,0.67714,0.67714,0.67714
0.65586,0.65586,0.65586,0.65586,0.65586
0.67712,0.67712,0.67712,0.67712,0.67712
0.65588,0.65588,0.65588,0.65588,0.65588
0.6771,0.6771,0.6771,0.6771,0.6771
0.65591,0.65591,0.65591,0.65591,0.65591
0.67708,0.67708,0.67708,0.67708,0.67708
0.65593,0.65593,0.65593,0.65593,0.65593
0.67706,0.67706,0.67706,0.67706,0.67706
0.65595,0.65595,0.65595,0.65595,0.65595
0.67704,0.67704,0.67704,0.67704,0.67704
0.65597,0.65597,0.65597,0.65597,0.65597
0.67702,0.67702,0.67702,0.67702,0.67702
0.65599,0.65599,0.65599,0.65599,0.65599
0.677,0.677,0.677,0.677,0.677
0.65601,0.65601,0.65601,0.65601,0.65601
0.67698,0.67698,0.67698,0.67698,0.67698
0.65604,0.65604,0.65604,0.65604,0.65604
0.67696,0.67696,0.67696,0.67696,0.67696
0.65606,0.65606,0.65606,0.65606,0.65606
0.67694,0.67694,0.67694,0.67694,0.67694
0.65608,0.65608,0.65608,0.65608,0.65608
0.67692,0.67692,0.67692,0.67692,0.67692
0.6561,0.6561,0.6561,0.6561,0.6561
0.6769,0.6769,0.6769,0.6769,0.6769
0.65612,0.65612,0.65612,0.65612,0.65612
0.67688,0.67688,0.67688,0.67688,0.67688
0.65614,0.65614,0.65614,0.65614,0.65614
0.67686,0.67686,0.67686,0.67686,0.67686
0.65616,0.65616,0.65616,0.65616,0.65616
0.67684,0.67684,0.67684,0.67684,0.67684
0.65618,0.65618,0.65618,0.65618,0.65618
0.67682,0.67682,0.67682,0.67682,0.67682
0.6562,0.6562,0.6562,0.6562,0.6562
0.6768,0.6768,0.6768,0.6768,0.6768
0.65622,0.65622,0.65622,0.65622,0.65622
0.67678,0.67678,0.67678,0.67678,0.67678
0.65624,0.65624,0.65624,0.65624,0.65624
0.67676,0.67676,0.67676,0.67676,0.67676
0.65626,0.65626,0.65626,0.65626,0.65626
0.67675,0.67675,0.67675,0.67675,0.67675
0.65628,0.65628,0.65628,0.65628,0.65628
0.67673,0.67673,0.67673,0.67673,0.67673
0.6563,0.6563,0.6563,0.6563,0.6563
0.67671,0.67671,0.67671,0.67671,0.67671
0.65632,0.65632,0.65632,0.65632,0.65632
0.67669,0.67669,0.67669,0.67669,0.67669
0.65634,0.65634,0.65634,0.65634,0.65634
0.67667,0.67667,0.67667,0.67667,0.67667
0.65636,0.65636,0.65636,0.65636,0.65636
0.67665,0.67665,0.67665,0.67665,0.67665
0.65638,0.65638,0.65638,0.65638,0.65638
0.67663,0.67663,0.67663,0.67663,0.67663
0.6564,0.6564,0.6564,0.6564,0.6564
0.67662,0.67662,0.67662,0.67662,0.67662
0.65642,0.65642,0.65642,0.65642,0.65642
0.6766,0.6766,0.6766,0.6766,0.6766
0.65644,0.65644,0.65644,0.65644,0.65644
0.67658,0.67658,0.67658,0.67658,0.67658
0.65646,0.65646,0.65646,0.65646,0.65646
0.67656,0.67656,0.67656,0.67656,0.67656
0.65648,0.65648,0.65648,0.65648,0.65648
0.67655,0.67655,0.67655,0.67655,0.67655
0.6565,0.6565,0.6565,0.6565,0.6565
0.67653,0.67653,0.67653,0.67653,0.67653
0.65651,0.65651,0.65651,0.65651,0.65651
0.67651,0.67651,0.67651,0.67651,0.67651
0.65653,0.65653,0.65653,0.65653,0.65653
0.67649,0.67649,0.67649,0.67649,0.67649
0.65655,0.65655,0.65655,0.65655,0.65655
0.67648,0.67648,0.67648,0.67648,0.67648
0.65657,0.65657,0.65657,0.65657,0.65657
0.67646,0.67646,0.67646,0.67646,0.67646
0.65659,0.65659,0.65659,0.65659,0.65659
0.67644,0.67644,0.67644,0.67644,0.67644
0.65661,0.65661,0.65661,0.65661,0.65661
0.67642,0.67642,0.67642,0.67642,0.67642
0.65662,0.65662,0.65662,0.65662,0.65662
0.67641,0.67641,0.67641,0.67641,0.67641
0.65664,0.65664,0.65664,0.65664,0.65664
0.67639,0.67639,0.67639,0.67639,0.67639
0.65666,0.65666,0.65666,0.65666,0.65666
0.67637,0.67637,0.67637,0.67637,0.67637
0.65668,0.65668,0.65668,0.65668,0.65668
0.67636,0.67636,0.67636,0.67636,0.67636
0.6567,0.6567,0.6567,0.6567,0.6567
0.67634,0.67634,0.67634,0.67634,0.67634
0.65671,0.65671,0.65671,0.65671,0.65671
0.67632,0.67632,0.67632,0.67632,0.67632
0.65673,0.65673,0.65673,0.65673,0.65673
0.67631,0.67631,0.67631,0.67631,0.67631
0.65675,0.65675,0.65675,0.65675,0.65675
0.67629,0.67629,0.67629,0.67629,0.67629
0.65676,0.65676,0.65676,0.65676,0.65676
0.67627,0.67627,0.67627,0.67627,0.67627
0.65678,0.65678,0.65678,0.65678,0.65678
0.67626,0.67626,0.67626,0.67626,0.67626
0.6568,0.6568,0.6568,0.6568,0.6568
0.67624,0.67624,0.67624,0.67624,0.67624
0.65682,0.65682,0.65682,0.65682,0.65682
0.67623,0.67623,0.67623,0.67623,0.67623
0.65683,0.65683,0.65683,0.65683,0.65683
0.67621,0.67621,0.67621,0.67621,0.67621
0.65685,0.65685,0.65685,0.65685,0.65685
0.67619,0.67619,0.67619,0.67619,0.67619
0.65687,0.65687,0.65687,0.65687,0.65687
0.67618,0.67618,0.67618,0.67618,0.67618
0.65688,0.65688,0.65688,0.65688,0.65688
0.67616,0.67616,0.67616,0.67616,0.67616
0.6569,0.6569,0.6569,0.6569,0.6569
0.67615,0.67615,0.67615,0.67615,0.67615
0.65692,0.65692,0.65692,0.65692,0.65692
0.67613,0.67613,0.67613,0.67613,0.67613
0.65693,0.65693,0.65693,0.65693,0.65693
0.67612,0.67612,0.67612,0.67612,0.67612
0.65695,0.65695,0.65695,0.65695,0.65695
0.6761,0.6761,0.6761,0.6761,0.6761
0.65697,0.65697,0.65697,0.65697,0.65697
0.67609,0.67609,0.67609,0.67609,0.67609
0.65698,0.65698,0.65698,0.65698,0.65698
0.67607,0.67607,0.67607,0.67607,0.67607
0.657,0.657,0.657,0.657,0.657
0.67605,0.67605,0.67605,0.67605,0.67605
0.65701,0.65701,0.65701,0.65701,0.65701
0.67604,0.67604,0.67604,0.67604,0.67604
0.65703,0.65703,0.65703,0.65703,0.65703
0.67602,0.67602,0.67602,0.67602,0.67602
0.65705,0.65705,0.65705,0.65705,0.65705
0.67601,0.67601,0.67601,0.67601,0.67601
0.65706,0.65706,0.65706,0.65706,0.65706
0.67599,0.67599,0.67599,0.67599,0.67599
0.65708,0.65708,0.65708,0.65708,0.65708
0.67598,0.67598,0.67598,0.67598,0.67598
0.65709,0.65709,0.65709,0.65709,0.65709
0.67597,0.67597,0.67597,0.67597,0.67597
0.65711,0.65711,0.65711,0.65711,0.65711
0.67595,0.67595,0.67595,0.67595,0.67595
0.65712,0.65712,0.65712,0.65712,0.65712
0.67594,0.67594,0.67594,0.67594,0.67594
0.65714,0.65714,0.65714,0.65714,0.65714
0.67592,0.67592,0.67592,0.67592,0.67592
0.65715,0.65715,0.65715,0.65715,0.65715
0.67591,0.67591,0.67591,0.67591,0.67591
0.65717,0.65717,0.65717,0.65717,0.65717
0.67589,0.67589,0.67589,0.67589,0.67589
0.65719,0.65719,0.65719,0.65719,0.65719
0.67588,0.67588,0.67588,0.67588,0.67588
0.6572,0.6572,0.6572,0.6572,0.6572
0.67586,0.67586,0.67586,0.67586,0.67586
0.65722,0.65722,0.65722,0.65722,0.65722
0.67585,0.67585,0.67585,0.67585,0.67585
0.65723,0.65723,0.65723,0.65723,0.65723
0.67584,0.67584,0.67584,0.67584,0.67584
0.65725,0.65725,0.65725,0.65725,0.65725
0.67582,0.67582,0.67582,0.67582,0.67582
0.65726,0.65726,0.65726,0.65726,0.65726
0.67581,0.67581,0.67581,0.67581,0.67581
0.65728,0.65728,0.65728,0.65728,0.65728
0.67579,0.67579,0.67579,0.67579,0.67579
0.65729,0.65729,0.65729,0.65729,0.65729
0.67578,0.67578,0.67578,0.67578,0.67578
0.6573,0.6573,0.6573,0.6573,0.6573
0.67577,0.67577,0.67577,0.67577,0.67577
0.65732,0.65732,0.65732,0.65732,0.65732
0.67575,0.67575,0.67575,0.67575,0.67575
0.65733,0.65733,0.65733,0.65733,0.65733
0.67574,0.67574,0.67574,0.67574,0.67574
0.65735,0.65735,0.65735,0.65735,0.65735
0.67572,0.67572,0.67572,0.67572,0.67572
0.65736,0.65736,0.65736,0.65736,0.65736
0.67571,0.67571,0.67571,0.67571,0.67571
0.65738,0.65738,0.65738,0.65738,0.65738
0.6757,0.6757,0.6757,0.6757,0.6757
0.65739,0.65739,0.65739,0.65739,0.65739
0.67568,0.67568,0.67568,0.67568,0.67568
0.6574,0.6574,0.6574,0.6574,0.6574
0.67567,0.67567,0.67567,0.67567,0.67567
0.65742,0.65742,0.65742,0.65742,0.65742
0.67566,0.67566,0.67566,0.67566,0.67566
0.65743,0.65743,0.65743,0.65743,0.65743
0.67564,0.67564,0.67564,0.67564,0.67564
0.65745,0.65745,0.65745,0.65745,0.65745
0.67563,0.67563,0.67563,0.67563,0.67563
0.65746,0.65746,0.65746,0.65746,0.65746
0.67562,0.67562,0.67562,0.67562,0.67562
0.65747,0.65747,0.65747,0.65747,0.65747
0.67561,0.67561,0.67561,0.67561,0.67561
0.65749,0.65749,0.65749,0.65749,0.65749
0.67559,0.67559,0.67559,0.67559,0.67559
0.6575,0.6575,0.6575,0.6575,0.6575
0.67558,0.67558,0.67558,0.67558,0.67558
0.65752,0.65752,0.65752,0.65752,0.65752
0.67557,0.67557,0.67557,0.67557,0.67557
0.65753,0.65753,0.65753,0.65753,0.65753
0.67555,0.67555,0.67555,0.67555,0.67555
0.65754,0.65754,0.65754,0.65754,0.65754
0.67554,0.67554,0.67554,0.67554,0.67554
0.65756,0.65756,0.65756,0.65756,0.65756
0.67553,0.67553,0.67553,0.67553,0.67553
0.65757,0.65757,0.65757,0.65757,0.65757
0.67552,0.67552,0.67552,0.67552,0.67552
0.65758,0.65758,0.65758,0.65758,0.65758
0.6755,0.6755,0.6755,0.6755,0.6755
0.6576,0.6576,0.6576,0.6576,0.6576
0.67549,0.67549,0.67549,0.67549,0.67549
0.65761,0.65761,0.65761,0.65761,0.65761
0.67548,0.67548,0.67548,0.67548,0.67548
0.65762,0.65762,0.65762,0.65762,0.65762
0.67546,0.67546,0.67546,0.67546,0.67546
0.65764,0.65764,0.65764,0.65764,0.65764
0.67545,0.67545,0.67545,0.67545,0.67545
0.65765,0.65765,0.65765,0.65765,0.65765
0.67544,0.67544,0.67544,0.67544,0.67544
0.65766,0.65766,0.65766,0.65766,0.65766
0.67543,0.67543,0.67543,0.67543,0.67543
0.65768,0.65768,0.65768,0.65768,0.65768
0.67542,0.67542,0.67542,0.67542,0.67542
0.65769,0.65769,0.65769,0.65769,0.65769
0.6754,0.6754,0.6754,0.6754,0.6754
0.6577,0.6577,0.6577,0.6577,0.6577
0.67539,0.67539,0.67539,0.67539,0.67539
0.65771,0.65771,0.65771,0.65771,0.65771
0.67538,0.67538,0.67538,0.67538,0.67538
0.65773,0.65773,0.65773,0.65773,0.65773
0.67537,0.67537,0.67537,0.67537,0.67537
0.65774,0.65774,0.65774,0.65774,0.65774
0.67535,0.67535,0.67535,0.67535,0.67535
0.65775,0.65775,0.65775,0.65775,0.65775
0.67534,0.67534,0.67534,0.67534,0.67534
0.65776,0.65776,0.65776,0.65776,0.65776
0.67533,0.67533,0.67533,0.67533,0.67533
0.65778,0.65778,0.65778,0.65778,0.65778
0.67532,0.67532,0.67532,0.67532,0.67532
0.65779,0.65779,0.65779,0.65779,0.65779
0.67531,0.67531,0.67531,0.67531,0.67531
0.6578,0.6578,0.6578,0.6578,0.6578
0.6753,0.6753,0.6753,0.6753,0.6753
0.65781,0.65781,0.65781,0.65781,0.65781
0.67528,0.67528,0.67528,0.67528,0.67528
0.65783,0.65783,0.65783,0.65783,0.65783
0.67527,0.67527,0.67527,0.67527,0.67527
0.65784,0.65784,0.65784,0.65784,0.65784
0.67526,0.67526,0.67526,0.67526,0.67526
0.65785,0.65785,0.65785,0.65785,0.65785
0.67525,0.67525,0.67525,0.67525,0.67525
0.65786,0.65786,0.65786,0.65786,0.65786
0.67524,0.67524,0.67524,0.67524,0.67524
0.65788,0.65788,0.65788,0.65788,0.65788
0.67523,0.67523,0.67523,0.67523,0.67523
0.65789,0.65789,0.65789,0.65789,0.65789
0.67521,0.67521,0.67521,0.67521,0.67521
0.6579,0.6579,0.6579,0.6579,0.6579
0.6752,0.6752,0.6752,0.6752,0.6752
0.65791,0.65791,0.65791,0.65791,0.65791
0.67519,0.67519,0.67519,0.67519,0.67519
0.65792,0.65792,0.65792,0.65792,0.65792
0.67518,0.67518,0.67518,0.67518,0.67518
0.65794,0.65794,0.65794,0.65794,0.65794
0.67517,0.67517,0.67517,0.67517,0.67517
0.65795,0.65795,0.65795,0.65795,0.65795
0.67516,0.67516,0.67516,0.67516,0.67516
0.65796,0.65796,0.65796,0.65796,0.65796
0.67515,0.67515,0.67515,0.67515,0.67515
0.65797,0.65797,0.65797,0.65797,0.65797
0.67514,0.67514,0.67514,0.67514,0.67514
0.65798,0.65798,0.65798,0.65798,0.65798
0.67512,0.67512,0.67512,0.67512,0.67512
0.65799,0.65799,0.65799,0.65799,0.65799
0.67511,0.67511,0.67511,0.67511,0.67511
0.65801,0.65801,0.65801,0.65801,0.65801
0.6751,0.6751,0.6751,0.6751,0.6751
0.65802,0.65802,0.65802,0.65802,0.65802
0.67509,0.67509,0.67509,0.67509,0.67509
0.65803,0.65803,0.65803,0.65803,0.65803
0.67508,0.67508,0.67508,0.67508,0.67508
0.65804,0.65804,0.65804,0.65804,0.65804
0.67507,0.67507,0.67507,0.67507,0.67507
0.65805,0.65805,0.65805,0.65805,0.65805
0.67506,0.67506,0.67506,0.67506,0.67506
0.65806,0.65806,0.65806,0.65806,0.65806
0.67505,0.67505,0.67505,0.67505,0.67505
0.65807,0.65807,0.65807,0.65807,0.65807
0.67504,0.67504,0.67504,0.67504,0.67504
0.65809,0.65809,0.65809,0.65809,0.65809
0.67503,0.67503,0.67503,0.67503,0.67503
0.6581,0.6581,0.6581,0.6581,0.6581
0.67502,0.67502,0.67502,0.67502,0.67502
0.65811,0.65811,0.65811,0.65811,0.65811
0.67501,0.67501,0.67501,0.67501,0.67501
0.65812,0.65812,0.65812,0.65812,0.65812
0.675,0.675,0.675,0.675,0.675
0.65813,0.65813,0.65813,0.65813,0.65813
0.67498,0.67498,0.67498,0.67498,0.67498
0.65814,0.65814,0.65814,0.65814,0.65814
0.67497,0.67497,0.67497,0.67497,0.67497
0.65815,0.65815,0.65815,0.65815,0.65815
0.67496,0.67496,0.67496,0.67496,0.67496
0.65816,0.65816,0.65816,0.65816,0.65816
0.67495,0.67495,0.67495,0.67495,0.67495
0.65817,0.65817,0.65817,0.65817,0.65817
0.67494,0.67494,0.67494,0.67494,0.67494
0.65818,0.65818,0.65818,0.65818,0.65818
0.67493,0.67493,0.67493,0.67493,0.67493
0.6582,0.6582,0.6582,0.6582,0.6582
0.67492,0.67492,0.67492,0.67492,0.67492
0.65821,0.65821,0.65821,0.65821,0.65821
0.67491,0.67491,0.67491,0.67491,0.67491
0.65822,0.65822,0.65822,0.65822,0.65822
0.6749,0.6749,0.6749,0.6749,0.6749
0.65823,0.65823,0.65823,0.65823,0.65823
0.67489,0.67489,0.67489,0.67489,0.67489
0.65824,0.65824,0.65824,0.65824,0.65824
0.67488,0.67488,0.67488,0.67488,0.67488
0.65825,0.65825,0.65825,0.65825,0.65825
0.67487,0.67487,0.67487,0.67487,0.67487
0.65826,0.65826,0.65826,0.65826,0.65826
0.67486,0.67486,0.67486,0.67486,0.67486
0.65827,0.65827,0.65827,0.65827,0.65827
0.67485,0.67485,0.67485,0.67485,0.67485
0.65828,0.65828,0.65828,0.65828,0.65828
0.67484,0.67484,0.67484,0.67484,0.67484
0.65829,0.65829,0.65829,0.65829,0.65829
0.67483,0.67483,0.67483,0.67483,0.67483
0.6583,0.6583,0.6583,0.6583,0.6583
0.67482,0.67482,0.67482,0.67482,0.67482
0.65831,0.65831,0.65831,0.65831,0.65831
0.67481,0.67481,0.67481,0.67481,0.67481
0.65832,0.65832,0.65832,0.65832,0.65832
0.6748,0.6748,0.6748,0.6748,0.6748
0.65833,0.65833,0.65833,0.65833,0.65833
0.67479,0.67479,0.67479,0.67479,0.67479
0.65834,0.65834,0.65834,0.65834,0.65834
0.67478,0.67478,0.67478,0.67478,0.67478
0.65835,0.65835,0.65835,0.65835,0.65835
0.67477,0.67477,0.67477,0.67477,0.67477
0.65836,0.65836,0.65836,0.65836,0.65836
0.67476,0.67476,0.67476,0.67476,0.67476
0.65837,0.65837,0.65837,0.65837,0.65837
0.67475,0.67475,0.67475,0.67475,0.67475
0.65838,0.65838,0.65838,0.65838,0.65838
0.67474,0.67474,0.67474,0.67474,0.67474
0.65839,0.65839,0.65839,0.65839,0.65839
0.67473,0.67473,0.67473,0.67473,0.67473
0.6584,0.6584,0.6584,0.6584,0.6584
0.67472,0.67472,0.67472,0.67472,0.67472
0.65841,0.65841,0.65841,0.65841,0.65841
0.67471,0.67471,0.67471,0.67471,0.67471
0.65842,0.65842,0.65842,0.65842,0.65842
0.67471,0.67471,0.67471,0.67471,0.67471
0.65843,0.65843,0.65843,0.65843,0.65843
0.6747,0.6747,0.6747,0.6747,0.6747
0.65844,0.65844,0.65844,0.65844,0.65844
0.67469,0.67469,0.67469,0.67469,0.67469
0.65845,0.65845,0.65845,0.65845,0.65845
0.67468,0.67468,0.67468,0.67468,0.67468
0.65846,0.65846,0.65846,0.65846,0.65846
0.67467,0.67467,0.67467,0.67467,0.67467
0.65847,0.65847,0.65847,0.65847,0.65847
0.67466,0.67466,0.67466,0.67466,0.67466
0.65848,0.65848,0.65848,0.65848,0.65848
0.67465,0.67465,0.67465,0.67465,0.67465
0.65849,0.65849,0.65849,0.65849,0.65849
0.67464,0.67464,0.67464,0.67464,0.67464
0.6585,0.6585,0.6585,0.6585,0.6585
0.67463,0.67463,0.67463,0.67463,0.67463
0.65851,0.65851,0.65851,0.65851,0.65851
0.67462,0.67462,0.67462,0.67462,0.67462
0.65852,0.65852,0.65852,0.65852,0.65852
0.67461,0.67461,0.67461,0.67461,0.67461
0.65853,0.65853,0.65853,0.65853,0.65853
0.6746,0.6746,0.6746,0.6746,0.6746
0.65854,0.65854,0.65854,0.65854,0.65854
0.67459,0.67459,0.67459,0.67459,0.67459
0.65855,0.65855,0.65855,0.65855,0.65855
0.67458,0.67458,0.67458,0.67458,0.67458
0.65856,0.65856,0.65856,0.65856,0.65856
0.67458,0.67458,0.67458,0.67458,0.67458
0.65857,0.65857,0.65857,0.65857,0.65857
0.67457,0.67457,0.67457,0.67457,0.67457
0.65858,0.65858,0.65858,0.65858,0.65858
0.67456,0.67456,0.67456,0.67456,0.67456
0.65859,0.65859,0.65859,0.65859,0.65859
0.67455,0.67455,0.67455,0.67455,0.67455
0.6586,0.6586,0.6586,0.6586,0.6586
0.67454,0.67454,0.67454,0.67454,0.67454
0.65861,0.65861,0.65861,0.65861,0.65861
0.67453,0.67453,0.67453,0.67453,0.67453
0.65862,0.65862,0.65862,0.65862,0.65862
0.67452,0.67452,0.67452,0.67452,0.67452
0.65863,0.65863,0.65863,0.65863,0.65863
0.67451,0.67451,0.67451,0.67451,0.67451
0.65864,0.65864,0.65864,0.65864,0.65864
0.6745,0.6745,0.6745,0.6745,0.6745
0.65864,0.65864,0.65864,0.65864,0.65864
0.6745,0.6745,0.6745,0.6745,0.6745
0.65865,0.65865,0.65865,0.65865,0.65865
0.67449,0.67449,0.67449,0.67449,0.67449
0.65866,0.65866,0.65866,0.65866,0.65866
0.67448,0.67448,0.67448,0.67448,0.67448
0.65867,0.65867,0.65867,0.65867,0.65867
0.67447,0.67447,0.67447,0.67447,0.67447
0.65868,0.65868,0.65868,0.65868,0.65868
0.67446,0.67446,0.67446,0.67446,0.67446
0.65869,0.65869,0.65869,0.65869,0.65869
0.67445,0.67445,0.67445,0.67445,0.67445
0.6587,0.6587,0.6587,0.6587,0.6587
0.67444,0.67444,0.67444,0.67444,0.67444
0.65871,0.65871,0.65871,0.65871,0.65871
0.67444,0.67444,0.67444,0.67444,0.67444
0.65872,0.65872,0.65872,0.65872,0.65872
0.67443,0.67443,0.67443,0.67443,0.67443
0.65873,0.65873,0.65873,0.65873,0.65873
0.67442,0.67442,0.67442,0.67442,0.67442
0.65873,0.65873,0.65873,0.65873,0.65873
0.67441,0.67441,0.67441,0.67441,0.67441
0.65874,0.65874,0.65874,0.65874,0.65874
0.6744,0.6744,0.6744,0.6744,0.6744
0.65875,0.65875,0.65875,0.65875,0.65875
0.67439,0.67439,0.67439,0.67439,0.67439
0.65876,0.65876,0.65876,0.65876,0.65876
0.67438,0.67438,0.67438,0.67438,0.67438
0.65877,0.65877,0.65877,0.65877,0.65877
0.67438,0.67438,0.67438,0.67438,0.67438
0.65878,0.65878,0.65878,0.65878,0.65878
0.67437,0.67437,0.67437,0.67437,0.67437
0.65879,0.65879,0.65879,0.65879,0.65879
0.67436,0.67436,0.67436,0.67436,0.67436
0.6588,0.6588,0.6588,0.6588,0.6588
0.67435,0.67435,0.67435,0.67435,0.67435
0.65881,0.65881,0.65881,0.65881,0.65881
0.67434,0.67434,0.67434,0.67434,0.67434
0.65881,0.65881,0.65881,0.65881,0.65881
0.67433,0.67433,0.67433,0.67433,0.67433
0.65882,0.65882,0.65882,0.65882,0.65882
0.67433,0.67433,0.67433,0.67433,0.67433
0.65883,0.65883,0.65883,0.65883,0.65883
0.67432,0.67432,0.67432,0.67432,0.67432
0.65884,0.65884,0.65884,0.65884,0.65884
0.67431,0.67431,0.67431,0.67431,0.67431
0.65885,0.65885,0.65885,0.65885,0.65885
0.6743,0.6743,0.6743,0.6743,0.6743
0.65886,0.65886,0.65886,0.65886,0.65886
0.67429,0.67429,0.67429,0.67429,0.67429
0.65887,0.65887,0.65887,0.65887,0.65887
0.67429,0.67429,0.67429,0.67429,0.67429
0.65887,0.65887,0.65887,0.65887,0.65887
0.67428,0.67428,0.67428,0.67428,0.67428
0.65888,0.65888,0.65888,0.65888,0.65888
0.67427,0.67427,0.67427,0.67427,0.67427
0.65889,0.65889,0.65889,0.65889,0.65889
0.67426,0.67426,0.67426,0.67426,0.67426
0.6589,0.6589,0.6589,0.6589,0.6589
0.67425,0.67425,0.67425,0.67425,0.67425
0.65891,0.65891,0.65891,0.65891,0.65891
0.67425,0.67425,0.67425,0.67425,0.67425
0.65892,0.65892,0.65892,0.65892,0.65892
0.67424,0.67424,0.67424,0.67424,0.67424
0.65892,0.65892,0.65892,0.65892,0.65892
0.67423,0.67423,0.67423,0.67423,0.67423
0.65893,0.65893,0.65893,0.65893,0.65893
0.67422,0.67422,0.67422,0.67422,0.67422
0.65894,0.65894,0.65894,0.65894,0.65894
0.67421,0.67421,0.67421,0.67421,0.67421
0.65895,0.65895,0.65895,0.65895,0.65895
0.67421,0.67421,0.67421,0.67421,0.67421
0.65896,0.65896,0.65896,0.65896,0.65896
0.6742,0.6742,0.6742,0.6742,0.6742
0.65896,0.65896,0.65896,0.65896,0.65896
0.67419,0.67419,0.67419,0.67419,0.67419
0.65897,0.65897,0.65897,0.65897,0.65897
0.67418,0.67418,0.67418,0.67418,0.67418
0.65898,0.65898,0.65898,0.65898,0.65898
0.67418,0.67418,0.67418,0.67418,0.67418
0.65899,0.65899,0.65899,0.65899,0.65899
0.67417,0.67417,0.67417,0.67417,0.67417
0.659,0.659,0.659,0.659,0.659
0.67416,0.67416,0.67416,0.67416,0.67416
0.65901,0.65901,0.65901,0.65901,0.65901
0.67415,0.67415,0.67415,0.67415,0.67415
0.65901,0.65901,0.65901,0.65901,0.65901
0.67414,0.67414,0.67414,0.67414,0.67414
0.65902,0.65902,0.65902,0.65902,0.65902
0.67414,0.67414,0.67414,0.67414,0.67414
0.65903,0.65903,0.65903,0.65903,0.65903
0.67413,0.67413,0.67413,0.67413,0.67413
0.65904,0.65904,0.65904,0.65904,0.65904
0.67412,0.67412,0.67412,0.67412,0.67412
0.65904,0.65904,0.65904,0.65904,0.65904
0.67411,0.67411,0.67411,0.67411,0.67411
0.65905,0.65905,0.65905,0.65905,0.65905
0.67411,0.67411,0.67411,0.67411,0.67411
0.65906,0.65906,0.65906,0.65906,0.65906
0.6741,0.6741,0.6741,0.6741,0.6741
0.65907,0.65907,0.65907,0.65907,0.65907
0.67409,0.67409,0.67409,0.67409,0.67409
0.65908,0.65908,0.65908,0.65908,0.65908
0.67408,0.67408,0.67408,0.67408,0.67408
0.65908,0.65908,0.65908,0.65908,0.65908
0.67408,0.67408,0.67408,0.67408,0.67408
0.65909,0.65909,0.65909,0.65909,0.65909
0.67407,0.67407,0.67407,0.67407,0.67407
0.6591,0.6591,0.6591,0.6591,0.6591
0.67406,0.67406,0.67406,0.67406,0.67406
0.65911,0.65911,0.65911,0.65911,0.65911
0.67405,0.67405,0.67405,0.67405,0.67405
0.65911,0.65911,0.65911,0.65911,0.65911
0.67405,0.67405,0.67405,0.67405,0.67405
0.65912,0.65912,0.65912,0.65912,0.65912
0.67404,0.67404,0.67404,0.67404,0.67404
0.65913,0.65913,0.65913,0.65913,0.65913
0.67403,0.67403,0.67403,0.67403,0.67403
0.65914,0.65914,0.65914,0.65914,0.65914
0.67403,0.67403,0.67403,0.67403,0.67403
0.65915,0.65915,0.65915,0.65915,0.65915
0.67402,0.67402,0.67402,0.67402,0.67402
0.65915,0.65915,0.65915,0.65915,0.65915
0.67401,0.67401,0.67401,0.67401,0.67401
0.65916,0.65916,0.65916,0.65916,0.65916
0.674,0.674,0.674,0.674,0.674
0.65917,0.65917,0.65917,0.65917,0.65917
0.674,0.674,0.674,0.674,0.674
0.65918,0.65918,0.65918,0.65918,0.65918
0.67399,0.67399,0.67399,0.67399,0.67399
0.65918,0.65918,0.65918,0.65918,0.65918
0.67398,0.67398,0.67398,0.67398,0.67398
0.65919,0.65919,0.65919,0.65919,0.65919
0.67398,0.67398,0.67398,0.67398,0.67398
0.6592,0.6592,0.6592,0.6592,0.6592
0.67397,0.67397,0.67397,0.67397,0.67397
0.65921,0.65921,0.65921,0.65921,0.65921
0.67396,0.67396,0.67396,0.67396,0.67396
0.65921,0.65921,0.65921,0.65921,0.65921
0.67395,0.67395,0.67395,0.67395,0.67395
0.65922,0.65922,0.65922,0.65922,0.65922
0.67395,0.67395,0.67395,0.67395,0.67395
0.65923,0.65923,0.65923,0.65923,0.65923
0.67394,0.67394,0.67394,0.67394,0.67394
0.65923,0.65923,0.65923,0.65923,0.65923
