0.1,0.2,0.3,0.5,0.6
0.3752,0.4368,0.5824,0.672,0.5936
0.66669,0.68077,0.66979,0.64159,0.65999
0.62069,0.6134,0.62204,0.63584,0.63021
0.65883,0.6619,0.65744,0.65116,0.65303
0.62982,0.62796,0.63088,0.63462,0.63374
0.6525,0.65346,0.6519,0.64995,0.65037
0.63508,0.63449,0.63545,0.63664,0.6364
0.6488,0.64912,0.64859,0.64794,0.64807
0.63807,0.63788,0.6382,0.63859,0.63851
0.64658,0.64669,0.64651,0.64629,0.64634
0.63986,0.6398,0.6399,0.64003,0.64001
0.64522,0.64525,0.64519,0.64512,0.64513
0.64096,0.64094,0.64098,0.64102,0.64101
0.64436,0.64437,0.64435,0.64433,0.64433
0.64165,0.64164,0.64166,0.64167,0.64167
0.64382,0.64382,0.64381,0.64381,0.64381
0.64209,0.64209,0.64209,0.64209,0.64209
0.64347,0.64347,0.64347,0.64347,0.64347
0.64237,0.64237,0.64237,0.64237,0.64237
0.64325,0.64325,0.64325,0.64325,0.64325
0.64254,0.64254,0.64254,0.64254,0.64254
0.64311,0.64311,0.64311,0.64311,0.64311
0.64266,0.64266,0.64266,0.64266,0.64266
0.64302,0.64302,0.64302,0.64302,0.64302
0.64273,0.64273,0.64273,0.64273,0.64273
0.64296,0.64296,0.64296,0.64296,0.64296
0.64277,0.64277,0.64277,0.64277,0.64277
0.64292,0.64292,0.64292,0.64292,0.64292
0.6428,0.6428,0.6428,0.6428,0.6428
0.6429,0.6429,0.6429,0.6429,0.6429
0.64282,0.64282,0.64282,0.64282,0.64282
0.64288,0.64288,0.64288,0.64288,0.64288
0.64284,0.64284,0.64284,0.64284,0.64284
0.64287,0.64287,0.64287,0.64287,0.64287
0.64284,0.64284,0.64284,0.64284,0.64284
0.64287,0.64287,0.64287,0.64287,0.64287
0.64285,0.64285,0.64285,0.64285,0.64285
0.64286,0.64286,0.64286,0.64286,0.64286
0.64285,0.64285,0.64285,0.64285,0.64285
0.64286,0.64286,0.64286,0.64286,0.64286
0.64285,0.64285,0.64285,0.64285,0.64285
0.64286,0.64286,0.64286,0.64286,0.64286
0.64285,0.64285,0.64285,0.64285,0.64285
0.64286,0.64286,0.64286,0.64286,0.64286
0.64286,0.64286,0.64286,0.64286,0.64286
0.64286,0.64286,0.64286,0.64286,0.64286
0.64286,0.64286,0.64286,0.64286,0.64286
0.64286,0.64286,0.64286,0.64286,0.64286
0.64286,0.64286,0.64286,0.64286,0.64286
0.64286,0.64286,0.64286,0.64286,0.64286
0.64286,0.64286,0.64286,0.64286,0.64286
0.64286,0.64286,0.64286,0.64286,0.64286
0.64286,0.64286,0.64286,0.64286,0.64286
0.64286,0.64286,0.64286,0.64286,0.64286
0.64286,0.64286,0.64286,0.64286,0.64286
0.64286,0.64286,0.64286,0.64286,0.64286
0.64286,0.64286,0.64286,0.64286,0.64286
0.64286,0.64286,0.64286,0.64286,0.64286
0.64286,0.64286,0.64286,0.64286,0.64286
0.64286,0.64286,0.64286,0.64286,0.64286
0.64286,0.64286,0.64286,0.64286,0.64286
0.64286,0.64286,0.64286,0.64286,0.64286
0.64286,0.64286,0.64286,0.64286,0.64286
0.64286,0.64286,0.64286,0.64286,0.64286
0.64286,0.64286,0.64286,0.64286,0.64286
0.64286,0.64286,0.64286,0.64286,0.64286
0.64286,0.64286,0.64286,0.64286,0.64286
0.64286,0.64286,0.64286,0.64286,0.64286
0.64286,0.64286,0.64286,0.64286,0.64286
0.64286,0.64286,0.64286,0.64286,0.64286
0.64286,0.64286,0.64286,0.64286,0.64286
0.64286,0.64286,0.64286,0.64286,0.64286
0.64286,0.64286,0.64286,0.64286,0.64286
0.64286,0.64286,0.64286,0.64286,0.64286
0.64286,0.64286,0.64286,0.64286,0.64286
0.64286,0.64286,0.64286,0.64286,0.64286
0.64286,0.64286,0.64286,0.64286,0.64286
0.64286,0.64286,0.64286,0.64286,0.64286
0.64286,0.64286,0.64286,0.64286,0.64286
0.64286,0.64286,0.64286,0.64286,0.64286
0.64286,0.64286,0.64286,0.64286,0.64286
0.64286,0.64286,0.64286,0.64286,0.64286
0.64286,0.64286,0.64286,0.64286,0.64286
0.64286,0.64286,0.64286,0.64286,0.64286
0.64286,0.64286,0.64286,0.64286,0.64286
0.64286,0.64286,0.64286,0.64286,0.64286
0.64286,0.64286,0.64286,0.64286,0.64286
0.64286,0.64286,0.64286,0.64286,0.64286
0.64286,0.64286,0.64286,0.64286,0.64286
0.64286,0.64286,0.64286,0.64286,0.64286
0.64286,0.64286,0.64286,0.64286,0.64286
0.64286,0.64286,0.64286,0.64286,0.64286
0.64286,0.64286,0.64286,0.64286,0.64286
0.64286,0.64286,0.64286,0.64286,0.64286
0.64286,0.64286,0.64286,0.64286,0.64286
0.64286,0.64286,0.64286,0.64286,0.64286
0.64286,0.64286,0.64286,0.64286,0.64286
0.64286,0.64286,0.64286,0.64286,0.64286
0.64286,0.64286,0.64286,0.64286,0.64286
0.64286,0.64286,0.64286,0.64286,0.64286
0.64286,0.64286,0.64286,0.64286,0.64286
0.64286,0.64286,0.64286,0.64286,0.64286
0.64286,0.64286,0.64286,0.64286,0.64286
0.64286,0.64286,0.64286,0.64286,0.64286
0.64286,0.64286,0.64286,0.64286,0.64286
0.64286,0.64286,0.64286,0.64286,0.64286
0.64286,0.64286,0.64286,0.64286,0.64286
0.64286,0.64286,0.64286,0.64286,0.64286
0.64286,0.64286,0.64286,0.64286,0.64286
0.64286,0.64286,0.64286,0.64286,0.64286
0.64286,0.64286,0.64286,0.64286,0.64286
0.64286,0.64286,0.64286,0.64286,0.64286
0.64286,0.64286,0.64286,0.64286,0.64286
0.64286,0.64286,0.64286,0.64286,0.64286
0.64286,0.64286,0.64286,0.64286,0.64286
0.64286,0.64286,0.64286,0.64286,0.64286
0.64286,0.64286,0.64286,0.64286,0.64286
0.64286,0.64286,0.64286,0.64286,0.64286
0.64286,0.64286,0.64286,0.64286,0.64286
0.64286,0.64286,0.64286,0.64286,0.64286
0.64286,0.64286,0.64286,0.64286,0.64286
0.64286,0.64286,0.64286,0.64286,0.64286
0.64286,0.64286,0.64286,0.64286,0.64286
0.64286,0.64286,0.64286,0.64286,0.64286
0.64286,0.64286,0.64286,0.64286,0.64286
0.64286,0.64286,0.64286,0.64286,0.64286
0.64286,0.64286,0.64286,0.64286,0.64286
0.64286,0.64286,0.64286,0.64286,0.64286
0.64286,0.64286,0.64286,0.64286,0.64286
0.64286,0.64286,0.64286,0.64286,0.64286
0.64286,0.64286,0.64286,0.64286,0.64286
0.64286,0.64286,0.64286,0.64286,0.64286
0.64286,0.64286,0.64286,0.64286,0.64286
0.64286,0.64286,0.64286,0.64286,0.64286
0.64286,0.64286,0.64286,0.64286,0.64286
0.64286,0.64286,0.64286,0.64286,0.64286
0.64286,0.64286,0.64286,0.64286,0.64286
0.64286,0.64286,0.64286,0.64286,0.64286
0.64286,0.64286,0.64286,0.64286,0.64286
0.64286,0.64286,0.64286,0.64286,0.64286
0.64286,0.64286,0.64286,0.64286,0.64286
0.64286,0.64286,0.64286,0.64286,0.64286
0.64286,0.64286,0.64286,0.64286,0.64286
0.64286,0.64286,0.64286,0.64286,0.64286
0.64286,0.64286,0.64286,0.64286,0.64286
0.64286,0.64286,0.64286,0.64286,0.64286
0.64286,0.64286,0.64286,0.64286,0.64286
0.64286,0.64286,0.64286,0.64286,0.64286
0.64286,0.64286,0.64286,0.64286,0.64286
0.64286,0.64286,0.64286,0.64286,0.64286
0.64286,0.64286,0.64286,0.64286,0.64286
0.64286,0.64286,0.64286,0.64286,0.64286
0.64286,0.64286,0.64286,0.64286,0.64286
0.64286,0.64286,0.64286,0.64286,0.64286
0.64286,0.64286,0.64286,0.64286,0.64286
0.64286,0.64286,0.64286,0.64286,0.64286
0.64286,0.64286,0.64286,0.64286,0.64286
0.64286,0.64286,0.64286,0.64286,0.64286
0.64286,0.64286,0.64286,0.64286,0.64286
0.64286,0.64286,0.64286,0.64286,0.64286
0.64286,0.64286,0.64286,0.64286,0.64286
0.64286,0.64286,0.64286,0.64286,0.64286
0.64286,0.64286,0.64286,0.64286,0.64286
0.64286,0.64286,0.64286,0.64286,0.64286
0.64286,0.64286,0.64286,0.64286,0.64286
0.64286,0.64286,0.64286,0.64286,0.64286
0.64286,0.64286,0.64286,0.64286,0.64286
0.64286,0.64286,0.64286,0.64286,0.64286
0.64286,0.64286,0.64286,0.64286,0.64286
0.64286,0.64286,0.64286,0.64286,0.64286
0.64286,0.64286,0.64286,0.64286,0.64286
0.64286,0.64286,0.64286,0.64286,0.64286
0.64286,0.64286,0.64286,0.64286,0.64286
0.64286,0.64286,0.64286,0.64286,0.64286
0.64286,0.64286,0.64286,0.64286,0.64286
0.64286,0.64286,0.64286,0.64286,0.64286
0.64286,0.64286,0.64286,0.64286,0.64286
0.64286,0.64286,0.64286,0.64286,0.64286
0.64286,0.64286,0.64286,0.64286,0.64286
0.64286,0.64286,0.64286,0.64286,0.64286
0.64286,0.64286,0.64286,0.64286,0.64286
0.64286,0.64286,0.64286,0.64286,0.64286
0.64286,0.64286,0.64286,0.64286,0.64286
0.64286,0.64286,0.64286,0.64286,0.64286
0.64286,0.64286,0.64286,0.64286,0.64286
0.64286,0.64286,0.64286,0.64286,0.64286
0.64286,0.64286,0.64286,0.64286,0.64286
0.64286,0.64286,0.64286,0.64286,0.64286
0.64286,0.64286,0.64286,0.64286,0.64286
0.64286,0.64286,0.64286,0.64286,0.64286
0.64286,0.64286,0.64286,0.64286,0.64286
0.64286,0.64286,0.64286,0.64286,0.64286
0.64286,0.64286,0.64286,0.64286,0.64286
0.64286,0.64286,0.64286,0.64286,0.64286
0.64286,0.64286,0.64286,0.64286,0.64286
0.64286,0.64286,0.64286,0.64286,0.64286
0.64286,0.64286,0.64286,0.64286,0.64286
0.64286,0.64286,0.64286,0.64286,0.64286
0.64286,0.64286,0.64286,0.64286,0.64286
0.64286,0.64286,0.64286,0.64286,0.64286
0.64286,0.64286,0.64286,0.64286,0.64286
0.64286,0.64286,0.64286,0.64286,0.64286
0.64286,0.64286,0.64286,0.64286,0.64286
0.64286,0.64286,0.64286,0.64286,0.64286
0.64286,0.64286,0.64286,0.64286,0.64286
0.64286,0.64286,0.64286,0.64286,0.64286
0.64286,0.64286,0.64286,0.64286,0.64286
0.64286,0.64286,0.64286,0.64286,0.64286
0.64286,0.64286,0.64286,0.64286,0.64286
0.64286,0.64286,0.64286,0.64286,0.64286
0.64286,0.64286,0.64286,0.64286,0.64286
0.64286,0.64286,0.64286,0.64286,0.64286
0.64286,0.64286,0.64286,0.64286,0.64286
0.64286,0.64286,0.64286,0.64286,0.64286
0.64286,0.64286,0.64286,0.64286,0.64286
0.64286,0.64286,0.64286,0.64286,0.64286
0.64286,0.64286,0.64286,0.64286,0.64286
0.64286,0.64286,0.64286,0.64286,0.64286
0.64286,0.64286,0.64286,0.64286,0.64286
0.64286,0.64286,0.64286,0.64286,0.64286
0.64286,0.64286,0.64286,0.64286,0.64286
0.64286,0.64286,0.64286,0.64286,0.64286
0.64286,0.64286,0.64286,0.64286,0.64286
0.64286,0.64286,0.64286,0.64286,0.64286
0.64286,0.64286,0.64286,0.64286,0.64286
0.64286,0.64286,0.64286,0.64286,0.64286
0.64286,0.64286,0.64286,0.64286,0.64286
0.64286,0.64286,0.64286,0.64286,0.64286
0.64286,0.64286,0.64286,0.64286,0.64286
0.64286,0.64286,0.64286,0.64286,0.64286
0.64286,0.64286,0.64286,0.64286,0.64286
0.64286,0.64286,0.64286,0.64286,0.64286
0.64286,0.64286,0.64286,0.64286,0.64286
0.64286,0.64286,0.64286,0.64286,0.64286
0.64286,0.64286,0.64286,0.64286,0.64286
0.64286,0.64286,0.64286,0.64286,0.64286
0.64286,0.64286,0.64286,0.64286,0.64286
0.64286,0.64286,0.64286,0.64286,0.64286
0.64286,0.64286,0.64286,0.64286,0.64286
0.64286,0.64286,0.64286,0.64286,0.64286
0.64286,0.64286,0.64286,0.64286,0.64286
0.64286,0.64286,0.64286,0.64286,0.64286
0.64286,0.64286,0.64286,0.64286,0.64286
0.64286,0.64286,0.64286,0.64286,0.64286
0.64286,0.64286,0.64286,0.64286,0.64286
0.64286,0.64286,0.64286,0.64286,0.64286
0.64286,0.64286,0.64286,0.64286,0.64286
0.64286,0.64286,0.64286,0.64286,0.64286
0.64286,0.64286,0.64286,0.64286,0.64286
0.64286,0.64286,0.64286,0.64286,0.64286
0.64286,0.64286,0.64286,0.64286,0.64286
0.64286,0.64286,0.64286,0.64286,0.64286
0.64286,0.64286,0.64286,0.64286,0.64286
0.64286,0.64286,0.64286,0.64286,0.64286
0.64286,0.64286,0.64286,0.64286,0.64286
0.64286,0.64286,0.64286,0.64286,0.64286
0.64286,0.64286,0.64286,0.64286,0.64286
0.64286,0.64286,0.64286,0.64286,0.64286
0.64286,0.64286,0.64286,0.64286,0.64286
0.64286,0.64286,0.64286,0.64286,0.64286
0.64286,0.64286,0.64286,0.64286,0.64286
0.64286,0.64286,0.64286,0.64286,0.64286
0.64286,0.64286,0.64286,0.64286,0.64286
0.64286,0.64286,0.64286,0.64286,0.64286
0.64286,0.64286,0.64286,0.64286,0.64286
0.64286,0.64286,0.64286,0.64286,0.64286
0.64286,0.64286,0.64286,0.64286,0.64286
0.64286,0.64286,0.64286,0.64286,0.64286
0.64286,0.64286,0.64286,0.64286,0.64286
0.64286,0.64286,0.64286,0.64286,0.64286
0.64286,0.64286,0.64286,0.64286,0.64286
0.64286,0.64286,0.64286,0.64286,0.64286
0.64286,0.64286,0.64286,0.64286,0.64286
0.64286,0.64286,0.64286,0.64286,0.64286
0.64286,0.64286,0.64286,0.64286,0.64286
0.64286,0.64286,0.64286,0.64286,0.64286
0.64286,0.64286,0.64286,0.64286,0.64286
0.64286,0.64286,0.64286,0.64286,0.64286
0.64286,0.64286,0.64286,0.64286,0.64286
0.64286,0.64286,0.64286,0.64286,0.64286
0.64286,0.64286,0.64286,0.64286,0.64286
0.64286,0.64286,0.64286,0.64286,0.64286
0.64286,0.64286,0.64286,0.64286,0.64286
0.64286,0.64286,0.64286,0.64286,0.64286
0.64286,0.64286,0.64286,0.64286,0.64286
0.64286,0.64286,0.64286,0.64286,0.64286
0.64286,0.64286,0.64286,0.64286,0.64286
0.64286,0.64286,0.64286,0.64286,0.64286
0.64286,0.64286,0.64286,0.64286,0.64286
0.64286,0.64286,0.64286,0.64286,0.64286
0.64286,0.64286,0.64286,0.64286,0.64286
0.64286,0.64286,0.64286,0.64286,0.64286
0.64286,0.64286,0.64286,0.64286,0.64286
0.64286,0.64286,0.64286,0.64286,0.64286
0.64286,0.64286,0.64286,0.64286,0.64286
0.64286,0.64286,0.64286,0.64286,0.64286
0.64286,0.64286,0.64286,0.64286,0.64286
0.64286,0.64286,0.64286,0.64286,0.64286
0.64286,0.64286,0.64286,0.64286,0.64286
0.64286,0.64286,0.64286,0.64286,0.64286
0.64286,0.64286,0.64286,0.64286,0.64286
0.64286,0.64286,0.64286,0.64286,0.64286
0.64286,0.64286,0.64286,0.64286,0.64286
0.64286,0.64286,0.64286,0.64286,0.64286
0.64286,0.64286,0.64286,0.64286,0.64286
0.64286,0.64286,0.64286,0.64286,0.64286
0.64286,0.64286,0.64286,0.64286,0.64286
0.64286,0.64286,0.64286,0.64286,0.64286
0.64286,0.64286,0.64286,0.64286,0.64286
0.64286,0.64286,0.64286,0.64286,0.64286
0.64286,0.64286,0.64286,0.64286,0.64286
0.64286,0.64286,0.64286,0.64286,0.64286
0.64286,0.64286,0.64286,0.64286,0.64286
0.64286,0.64286,0.64286,0.64286,0.64286
0.64286,0.64286,0.64286,0.64286,0.64286
0.64286,0.64286,0.64286,0.64286,0.64286
0.64286,0.64286,0.64286,0.64286,0.64286
0.64286,0.64286,0.64286,0.64286,0.64286
0.64286,0.64286,0.64286,0.64286,0.64286
0.64286,0.64286,0.64286,0.64286,0.64286
0.64286,0.64286,0.64286,0.64286,0.64286
0.64286,0.64286,0.64286,0.64286,0.64286
0.64286,0.64286,0.64286,0.64286,0.64286
0.64286,0.64286,0.64286,0.64286,0.64286
0.64286,0.64286,0.64286,0.64286,0.64286
0.64286,0.64286,0.64286,0.64286,0.64286
0.64286,0.64286,0.64286,0.64286,0.64286
0.64286,0.64286,0.64286,0.64286,0.64286
0.64286,0.64286,0.64286,0.64286,0.64286
0.64286,0.64286,0.64286,0.64286,0.64286
0.64286,0.64286,0.64286,0.64286,0.64286
0.64286,0.64286,0.64286,0.64286,0.64286
0.64286,0.64286,0.64286,0.64286,0.64286
0.64286,0.64286,0.64286,0.64286,0.64286
0.64286,0.64286,0.64286,0.64286,0.64286
0.64286,0.64286,0.64286,0.64286,0.64286
0.64286,0.64286,0.64286,0.64286,0.64286
0.64286,0.64286,0.64286,0.64286,0.64286
0.64286,0.64286,0.64286,0.64286,0.64286
0.64286,0.64286,0.64286,0.64286,0.64286
0.64286,0.64286,0.64286,0.64286,0.64286
0.64286,0.64286,0.64286,0.64286,0.64286
0.64286,0.64286,0.64286,0.64286,0.64286
0.64286,0.64286,0.64286,0.64286,0.64286
0.64286,0.64286,0.64286,0.64286,0.64286
0.64286,0.64286,0.64286,0.64286,0.64286
0.64286,0.64286,0.64286,0.64286,0.64286
0.64286,0.64286,0.64286,0.64286,0.64286
0.64286,0.64286,0.64286,0.64286,0.64286
0.64286,0.64286,0.64286,0.64286,0.64286
0.64286,0.64286,0.64286,0.64286,0.64286
0.64286,0.64286,0.64286,0.64286,0.64286
0.64286,0.64286,0.64286,0.64286,0.64286
0.64286,0.64286,0.64286,0.64286,0.64286
0.64286,0.64286,0.64286,0.64286,0.64286
0.64286,0.64286,0.64286,0.64286,0.64286
0.64286,0.64286,0.64286,0.64286,0.64286
0.64286,0.64286,0.64286,0.64286,0.64286
0.64286,0.64286,0.64286,0.64286,0.64286
0.64286,0.64286,0.64286,0.64286,0.64286
0.64286,0.64286,0.64286,0.64286,0.64286
0.64286,0.64286,0.64286,0.64286,0.64286
0.64286,0.64286,0.64286,0.64286,0.64286
0.64286,0.64286,0.64286,0.64286,0.64286
0.64286,0.64286,0.64286,0.64286,0.64286
0.64286,0.64286,0.64286,0.64286,0.64286
0.64286,0.64286,0.64286,0.64286,0.64286
0.64286,0.64286,0.64286,0.64286,0.64286
0.64286,0.64286,0.64286,0.64286,0.64286
0.64286,0.64286,0.64286,0.64286,0.64286
0.64286,0.64286,0.64286,0.64286,0.64286
0.64286,0.64286,0.64286,0.64286,0.64286
0.64286,0.64286,0.64286,0.64286,0.64286
0.64286,0.64286,0.64286,0.64286,0.64286
0.64286,0.64286,0.64286,0.64286,0.64286
0.64286,0.64286,0.64286,0.64286,0.64286
0.64286,0.64286,0.64286,0.64286,0.64286
0.64286,0.64286,0.64286,0.64286,0.64286
0.64286,0.64286,0.64286,0.64286,0.64286
0.64286,0.64286,0.64286,0.64286,0.64286
0.64286,0.64286,0.64286,0.64286,0.64286
0.64286,0.64286,0.64286,0.64286,0.64286
0.64286,0.64286,0.64286,0.64286,0.64286
0.64286,0.64286,0.64286,0.64286,0.64286
0.64286,0.64286,0.64286,0.64286,0.64286
0.64286,0.64286,0.64286,0.64286,0.64286
0.64286,0.64286,0.64286,0.64286,0.64286
0.64286,0.64286,0.64286,0.64286,0.64286
0.64286,0.64286,0.64286,0.64286,0.64286
0.64286,0.64286,0.64286,0.64286,0.64286
0.64286,0.64286,0.64286,0.64286,0.64286
0.64286,0.64286,0.64286,0.64286,0.64286
0.64286,0.64286,0.64286,0.64286,0.64286
0.64286,0.64286,0.64286,0.64286,0.64286
0.64286,0.64286,0.64286,0.64286,0.64286
0.64286,0.64286,0.64286,0.64286,0.64286
0.64286,0.64286,0.64286,0.64286,0.64286
0.64286,0.64286,0.64286,0.64286,0.64286
0.64286,0.64286,0.64286,0.64286,0.64286
0.64286,0.64286,0.64286,0.64286,0.64286
0.64286,0.64286,0.64286,0.64286,0.64286
0.64286,0.64286,0.64286,0.64286,0.64286
0.64286,0.64286,0.64286,0.64286,0.64286
0.64286,0.64286,0.64286,0.64286,0.64286
0.64286,0.64286,0.64286,0.64286,0.64286
0.64286,0.64286,0.64286,0.64286,0.64286
0.64286,0.64286,0.64286,0.64286,0.64286
0.64286,0.64286,0.64286,0.64286,0.64286
0.64286,0.64286,0.64286,0.64286,0.64286
0.64286,0.64286,0.64286,0.64286,0.64286
0.64286,0.64286,0.64286,0.64286,0.64286
0.64286,0.64286,0.64286,0.64286,0.64286
0.64286,0.64286,0.64286,0.64286,0.64286
0.64286,0.64286,0.64286,0.64286,0.64286
0.64286,0.64286,0.64286,0.64286,0.64286
0.64286,0.64286,0.64286,0.64286,0.64286
0.64286,0.64286,0.64286,0.64286,0.64286
0.64286,0.64286,0.64286,0.64286,0.64286
0.64286,0.64286,0.64286,0.64286,0.64286
0.64286,0.64286,0.64286,0.64286,0.64286
0.64286,0.64286,0.64286,0.64286,0.64286
0.64286,0.64286,0.64286,0.64286,0.64286
0.64286,0.64286,0.64286,0.64286,0.64286
0.64286,0.64286,0.64286,0.64286,0.64286
0.64286,0.64286,0.64286,0.64286,0.64286
0.64286,0.64286,0.64286,0.64286,0.64286
0.64286,0.64286,0.64286,0.64286,0.64286
0.64286,0.64286,0.64286,0.64286,0.64286
0.64286,0.64286,0.64286,0.64286,0.64286
0.64286,0.64286,0.64286,0.64286,0.64286
0.64286,0.64286,0.64286,0.64286,0.64286
0.64286,0.64286,0.64286,0.64286,0.64286
0.64286,0.64286,0.64286,0.64286,0.64286
0.64286,0.64286,0.64286,0.64286,0.64286
0.64286,0.64286,0.64286,0.64286,0.64286
0.64286,0.64286,0.64286,0.64286,0.64286
0.64286,0.64286,0.64286,0.64286,0.64286
0.64286,0.64286,0.64286,0.64286,0.64286
0.64286,0.64286,0.64286,0.64286,0.64286
0.64286,0.64286,0.64286,0.64286,0.64286
0.64286,0.64286,0.64286,0.64286,0.64286
0.64286,0.64286,0.64286,0.64286,0.64286
0.64286,0.64286,0.64286,0.64286,0.64286
0.64286,0.64286,0.64286,0.64286,0.64286
0.64286,0.64286,0.64286,0.64286,0.64286
0.64286,0.64286,0.64286,0.64286,0.64286
0.64286,0.64286,0.64286,0.64286,0.64286
0.64286,0.64286,0.64286,0.64286,0.64286
0.64286,0.64286,0.64286,0.64286,0.64286
0.64286,0.64286,0.64286,0.64286,0.64286
0.64286,0.64286,0.64286,0.64286,0.64286
0.64286,0.64286,0.64286,0.64286,0.64286
0.64286,0.64286,0.64286,0.64286,0.64286
0.64286,0.64286,0.64286,0.64286,0.64286
0.64286,0.64286,0.64286,0.64286,0.64286
0.64286,0.64286,0.64286,0.64286,0.64286
0.64286,0.64286,0.64286,0.64286,0.64286
0.64286,0.64286,0.64286,0.64286,0.64286
0.64286,0.64286,0.64286,0.64286,0.64286
0.64286,0.64286,0.64286,0.64286,0.64286
0.64286,0.64286,0.64286,0.64286,0.64286
0.64286,0.64286,0.64286,0.64286,0.64286
0.64286,0.64286,0.64286,0.64286,0.64286
0.64286,0.64286,0.64286,0.64286,0.64286
0.64286,0.64286,0.64286,0.64286,0.64286
0.64286,0.64286,0.64286,0.64286,0.64286
0.64286,0.64286,0.64286,0.64286,0.64286
0.64286,0.64286,0.64286,0.64286,0.64286
0.64286,0.64286,0.64286,0.64286,0.64286
0.64286,0.64286,0.64286,0.64286,0.64286
0.64286,0.64286,0.64286,0.64286,0.64286
0.64286,0.64286,0.64286,0.64286,0.64286
0.64286,0.64286,0.64286,0.64286,0.64286
0.64286,0.64286,0.64286,0.64286,0.64286
0.64286,0.64286,0.64286,0.64286,0.64286
0.64286,0.64286,0.64286,0.64286,0.64286
0.64286,0.64286,0.64286,0.64286,0.64286
0.64286,0.64286,0.64286,0.64286,0.64286
0.64286,0.64286,0.64286,0.64286,0.64286
0.64286,0.64286,0.64286,0.64286,0.64286
0.64286,0.64286,0.64286,0.64286,0.64286
0.64286,0.64286,0.64286,0.64286,0.64286
0.64286,0.64286,0.64286,0.64286,0.64286
0.64286,0.64286,0.64286,0.64286,0.64286
0.64286,0.64286,0.64286,0.64286,0.64286
0.64286,0.64286,0.64286,0.64286,0.64286
0.64286,0.64286,0.64286,0.64286,0.64286
0.64286,0.64286,0.64286,0.64286,0.64286
0.64286,0.64286,0.64286,0.64286,0.64286
0.64286,0.64286,0.64286,0.64286,0.64286
0.64286,0.64286,0.64286,0.64286,0.64286
0.64286,0.64286,0.64286,0.64286,0.64286
0.64286,0.64286,0.64286,0.64286,0.64286
0.64286,0.64286,0.64286,0.64286,0.64286
0.64286,0.64286,0.64286,0.64286,0.64286
0.64286,0.64286,0.64286,0.64286,0.64286
0.64286,0.64286,0.64286,0.64286,0.64286
0.64286,0.64286,0.64286,0.64286,0.64286
0.64286,0.64286,0.64286,0.64286,0.64286
0.64286,0.64286,0.64286,0.64286,0.64286
0.64286,0.64286,0.64286,0.64286,0.64286
0.64286,0.64286,0.64286,0.64286,0.64286
0.64286,0.64286,0.64286,0.64286,0.64286
0.64286,0.64286,0.64286,0.64286,0.64286
0.64286,0.64286,0.64286,0.64286,0.64286
0.64286,0.64286,0.64286,0.64286,0.64286
0.64286,0.64286,0.64286,0.64286,0.64286
0.64286,0.64286,0.64286,0.64286,0.64286
0.64286,0.64286,0.64286,0.64286,0.64286
0.64286,0.64286,0.64286,0.64286,0.64286
0.64286,0.64286,0.64286,0.64286,0.64286
0.64286,0.64286,0.64286,0.64286,0.64286
0.64286,0.64286,0.64286,0.64286,0.64286
0.64286,0.64286,0.64286,0.64286,0.64286
0.64286,0.64286,0.64286,0.64286,0.64286
0.64286,0.64286,0.64286,0.64286,0.64286
0.64286,0.64286,0.64286,0.64286,0.64286
0.64286,0.64286,0.64286,0.64286,0.64286
0.64286,0.64286,0.64286,0.64286,0.64286
0.64286,0.64286,0.64286,0.64286,0.64286
0.64286,0.64286,0.64286,0.64286,0.64286
0.64286,0.64286,0.64286,0.64286,0.64286
0.64286,0.64286,0.64286,0.64286,0.64286
0.64286,0.64286,0.64286,0.64286,0.64286
0.64286,0.64286,0.64286,0.64286,0.64286
0.64286,0.64286,0.64286,0.64286,0.64286
0.64286,0.64286,0.64286,0.64286,0.64286
0.64286,0.64286,0.64286,0.64286,0.64286
0.64286,0.64286,0.64286,0.64286,0.64286
0.64286,0.64286,0.64286,0.64286,0.64286
0.64286,0.64286,0.64286,0.64286,0.64286
0.64286,0.64286,0.64286,0.64286,0.64286
0.64286,0.64286,0.64286,0.64286,0.64286
0.64286,0.64286,0.64286,0.64286,0.64286
0.64286,0.64286,0.64286,0.64286,0.64286
0.64286,0.64286,0.64286,0.64286,0.64286
0.64286,0.64286,0.64286,0.64286,0.64286
0.64286,0.64286,0.64286,0.64286,0.64286
0.64286,0.64286,0.64286,0.64286,0.64286
0.64286,0.64286,0.64286,0.64286,0.64286
0.64286,0.64286,0.64286,0.64286,0.64286
0.64286,0.64286,0.64286,0.64286,0.64286
0.64286,0.64286,0.64286,0.64286,0.64286
0.64286,0.64286,0.64286,0.64286,0.64286
0.64286,0.64286,0.64286,0.64286,0.64286
0.64286,0.64286,0.64286,0.64286,0.64286
0.64286,0.64286,0.64286,0.64286,0.64286
0.64286,0.64286,0.64286,0.64286,0.64286
0.64286,0.64286,0.64286,0.64286,0.64286
0.64286,0.64286,0.64286,0.64286,0.64286
0.64286,0.64286,0.64286,0.64286,0.64286
0.64286,0.64286,0.64286,0.64286,0.64286
0.64286,0.64286,0.64286,0.64286,0.64286
0.64286,0.64286,0.64286,0.64286,0.64286
0.64286,0.64286,0.64286,0.64286,0.64286
0.64286,0.64286,0.64286,0.64286,0.64286
0.64286,0.64286,0.64286,0.64286,0.64286
0.64286,0.64286,0.64286,0.64286,0.64286
0.64286,0.64286,0.64286,0.64286,0.64286
0.64286,0.64286,0.64286,0.64286,0.64286
0.64286,0.64286,0.64286,0.64286,0.64286
0.64286,0.64286,0.64286,0.64286,0.64286
0.64286,0.64286,0.64286,0.64286,0.64286
0.64286,0.64286,0.64286,0.64286,0.64286
0.64286,0.64286,0.64286,0.64286,0.64286
0.64286,0.64286,0.64286,0.64286,0.64286
0.64286,0.64286,0.64286,0.64286,0.64286
0.64286,0.64286,0.64286,0.64286,0.64286
0.64286,0.64286,0.64286,0.64286,0.64286
0.64286,0.64286,0.64286,0.64286,0.64286
0.64286,0.64286,0.64286,0.64286,0.64286
0.64286,0.64286,0.64286,0.64286,0.64286
0.64286,0.64286,0.64286,0.64286,0.64286
0.64286,0.64286,0.64286,0.64286,0.64286
0.64286,0.64286,0.64286,0.64286,0.64286
0.64286,0.64286,0.64286,0.64286,0.64286
0.64286,0.64286,0.64286,0.64286,0.64286
0.64286,0.64286,0.64286,0.64286,0.64286
0.64286,0.64286,0.64286,0.64286,0.64286
0.64286,0.64286,0.64286,0.64286,0.64286
0.64286,0.64286,0.64286,0.64286,0.64286
0.64286,0.64286,0.64286,0.64286,0.64286
0.64286,0.64286,0.64286,0.64286,0.64286
0.64286,0.64286,0.64286,0.64286,0.64286
0.64286,0.64286,0.64286,0.64286,0.64286
0.64286,0.64286,0.64286,0.64286,0.64286
0.64286,0.64286,0.64286,0.64286,0.64286
0.64286,0.64286,0.64286,0.64286,0.64286
0.64286,0.64286,0.64286,0.64286,0.64286
0.64286,0.64286,0.64286,0.64286,0.64286
0.64286,0.64286,0.64286,0.64286,0.64286
0.64286,0.64286,0.64286,0.64286,0.64286
0.64286,0.64286,0.64286,0.64286,0.64286
0.64286,0.64286,0.64286,0.64286,0.64286
0.64286,0.64286,0.64286,0.64286,0.64286
0.64286,0.64286,0.64286,0.64286,0.64286
0.64286,0.64286,0.64286,0.64286,0.64286
0.64286,0.64286,0.64286,0.64286,0.64286
0.64286,0.64286,0.64286,0.64286,0.64286
0.64286,0.64286,0.64286,0.64286,0.64286
0.64286,0.64286,0.64286,0.64286,0.64286
0.64286,0.64286,0.64286,0.64286,0.64286
0.64286,0.64286,0.64286,0.64286,0.64286
0.64286,0.64286,0.64286,0.64286,0.64286
0.64286,0.64286,0.64286,0.64286,0.64286
0.64286,0.64286,0.64286,0.64286,0.64286
0.64286,0.64286,0.64286,0.64286,0.64286
0.64286,0.64286,0.64286,0.64286,0.64286
0.64286,0.64286,0.64286,0.64286,0.64286
0.64286,0.64286,0.64286,0.64286,0.64286
0.64286,0.64286,0.64286,0.64286,0.64286
0.64286,0.64286,0.64286,0.64286,0.64286
0.64286,0.64286,0.64286,0.64286,0.64286
0.64286,0.64286,0.64286,0.64286,0.64286
0.64286,0.64286,0.64286,0.64286,0.64286
0.64286,0.64286,0.64286,0.64286,0.64286
0.64286,0.64286,0.64286,0.64286,0.64286
0.64286,0.64286,0.64286,0.64286,0.64286
0.64286,0.64286,0.64286,0.64286,0.64286
0.64286,0.64286,0.64286,0.64286,0.64286
0.64286,0.64286,0.64286,0.64286,0.64286
0.64286,0.64286,0.64286,0.64286,0.64286
0.64286,0.64286,0.64286,0.64286,0.64286
0.64286,0.64286,0.64286,0.64286,0.64286
0.64286,0.64286,0.64286,0.64286,0.64286
0.64286,0.64286,0.64286,0.64286,0.64286
0.64286,0.64286,0.64286,0.64286,0.64286
0.64286,0.64286,0.64286,0.64286,0.64286
0.64286,0.64286,0.64286,0.64286,0.64286
0.64286,0.64286,0.64286,0.64286,0.64286
0.64286,0.64286,0.64286,0.64286,0.64286
0.64286,0.64286,0.64286,0.64286,0.64286
0.64286,0.64286,0.64286,0.64286,0.64286
0.64286,0.64286,0.64286,0.64286,0.64286
0.64286,0.64286,0.64286,0.64286,0.64286
0.64286,0.64286,0.64286,0.64286,0.64286
0.64286,0.64286,0.64286,0.64286,0.64286
0.64286,0.64286,0.64286,0.64286,0.64286
0.64286,0.64286,0.64286,0.64286,0.64286
0.64286,0.64286,0.64286,0.64286,0.64286
0.64286,0.64286,0.64286,0.64286,0.64286
0.64286,0.64286,0.64286,0.64286,0.64286
0.64286,0.64286,0.64286,0.64286,0.64286
0.64286,0.64286,0.64286,0.64286,0.64286
0.64286,0.64286,0.64286,0.64286,0.64286
0.64286,0.64286,0.64286,0.64286,0.64286
0.64286,0.64286,0.64286,0.64286,0.64286
0.64286,0.64286,0.64286,0.64286,0.64286
0.64286,0.64286,0.64286,0.64286,0.64286
0.64286,0.64286,0.64286,0.64286,0.64286
0.64286,0.64286,0.64286,0.64286,0.64286
0.64286,0.64286,0.64286,0.64286,0.64286
0.64286,0.64286,0.64286,0.64286,0.64286
0.64286,0.64286,0.64286,0.64286,0.64286
0.64286,0.64286,0.64286,0.64286,0.64286
0.64286,0.64286,0.64286,0.64286,0.64286
0.64286,0.64286,0.64286,0.64286,0.64286
0.64286,0.64286,0.64286,0.64286,0.64286
0.64286,0.64286,0.64286,0.64286,0.64286
0.64286,0.64286,0.64286,0.64286,0.64286
0.64286,0.64286,0.64286,0.64286,0.64286
0.64286,0.64286,0.64286,0.64286,0.64286
0.64286,0.64286,0.64286,0.64286,0.64286
0.64286,0.64286,0.64286,0.64286,0.64286
0.64286,0.64286,0.64286,0.64286,0.64286
0.64286,0.64286,0.64286,0.64286,0.64286
0.64286,0.64286,0.64286,0.64286,0.64286
0.64286,0.64286,0.64286,0.64286,0.64286
0.64286,0.64286,0.64286,0.64286,0.64286
0.64286,0.64286,0.64286,0.64286,0.64286
0.64286,0.64286,0.64286,0.64286,0.64286
0.64286,0.64286,0.64286,0.64286,0.64286
0.64286,0.64286,0.64286,0.64286,0.64286
0.64286,0.64286,0.64286,0.64286,0.64286
0.64286,0.64286,0.64286,0.64286,0.64286
0.64286,0.64286,0.64286,0.64286,0.64286
0.64286,0.64286,0.64286,0.64286,0.64286
0.64286,0.64286,0.64286,0.64286,0.64286
0.64286,0.64286,0.64286,0.64286,0.64286
0.64286,0.64286,0.64286,0.64286,0.64286
0.64286,0.64286,0.64286,0.64286,0.64286
0.64286,0.64286,0.64286,0.64286,0.64286
0.64286,0.64286,0.64286,0.64286,0.64286
0.64286,0.64286,0.64286,0.64286,0.64286
0.64286,0.64286,0.64286,0.64286,0.64286
0.64286,0.64286,0.64286,0.64286,0.64286
0.64286,0.64286,0.64286,0.64286,0.64286
0.64286,0.64286,0.64286,0.64286,0.64286
0.64286,0.64286,0.64286,0.64286,0.64286
0.64286,0.64286,0.64286,0.64286,0.64286
0.64286,0.64286,0.64286,0.64286,0.64286
0.64286,0.64286,0.64286,0.64286,0.64286
0.64286,0.64286,0.64286,0.64286,0.64286
0.64286,0.64286,0.64286,0.64286,0.64286
0.64286,0.64286,0.64286,0.64286,0.64286
0.64286,0.64286,0.64286,0.64286,0.64286
0.64286,0.64286,0.64286,0.64286,0.64286
0.64286,0.64286,0.64286,0.64286,0.64286
0.64286,0.64286,0.64286,0.64286,0.64286
0.64286,0.64286,0.64286,0.64286,0.64286
0.64286,0.64286,0.64286,0.64286,0.64286
0.64286,0.64286,0.64286,0.64286,0.64286
0.64286,0.64286,0.64286,0.64286,0.64286
0.64286,0.64286,0.64286,0.64286,0.64286
0.64286,0.64286,0.64286,0.64286,0.64286
0.64286,0.64286,0.64286,0.64286,0.64286
0.64286,0.64286,0.64286,0.64286,0.64286
0.64286,0.64286,0.64286,0.64286,0.64286
0.64286,0.64286,0.64286,0.64286,0.64286
0.64286,0.64286,0.64286,0.64286,0.64286
0.64286,0.64286,0.64286,0.64286,0.64286
0.64286,0.64286,0.64286,0.64286,0.64286
0.64286,0.64286,0.64286,0.64286,0.64286
0.64286,0.64286,0.64286,0.64286,0.64286
0.64286,0.64286,0.64286,0.64286,0.64286
0.64286,0.64286,0.64286,0.64286,0.64286
0.64286,0.64286,0.64286,0.64286,0.64286
0.64286,0.64286,0.64286,0.64286,0.64286
0.64286,0.64286,0.64286,0.64286,0.64286
0.64286,0.64286,0.64286,0.64286,0.64286
0.64286,0.64286,0.64286,0.64286,0.64286
0.64286,0.64286,0.64286,0.64286,0.64286
0.64286,0.64286,0.64286,0.64286,0.64286
0.64286,0.64286,0.64286,0.64286,0.64286
0.64286,0.64286,0.64286,0.64286,0.64286
0.64286,0.64286,0.64286,0.64286,0.64286
0.64286,0.64286,0.64286,0.64286,0.64286
0.64286,0.64286,0.64286,0.64286,0.64286
0.64286,0.64286,0.64286,0.64286,0.64286
0.64286,0.64286,0.64286,0.64286,0.64286
0.64286,0.64286,0.64286,0.64286,0.64286
0.64286,0.64286,0.64286,0.64286,0.64286
0.64286,0.64286,0.64286,0.64286,0.64286
0.64286,0.64286,0.64286,0.64286,0.64286
0.64286,0.64286,0.64286,0.64286,0.64286
0.64286,0.64286,0.64286,0.64286,0.64286
0.64286,0.64286,0.64286,0.64286,0.64286
0.64286,0.64286,0.64286,0.64286,0.64286
0.64286,0.64286,0.64286,0.64286,0.64286
0.64286,0.64286,0.64286,0.64286,0.64286
0.64286,0.64286,0.64286,0.64286,0.64286
0.64286,0.64286,0.64286,0.64286,0.64286
0.64286,0.64286,0.64286,0.64286,0.64286
0.64286,0.64286,0.64286,0.64286,0.64286
0.64286,0.64286,0.64286,0.64286,0.64286
0.64286,0.64286,0.64286,0.64286,0.64286
0.64286,0.64286,0.64286,0.64286,0.64286
0.64286,0.64286,0.64286,0.64286,0.64286
0.64286,0.64286,0.64286,0.64286,0.64286
0.64286,0.64286,0.64286,0.64286,0.64286
0.64286,0.64286,0.64286,0.64286,0.64286
0.64286,0.64286,0.64286,0.64286,0.64286
0.64286,0.64286,0.64286,0.64286,0.64286
0.64286,0.64286,0.64286,0.64286,0.64286
0.64286,0.64286,0.64286,0.64286,0.64286
0.64286,0.64286,0.64286,0.64286,0.64286
0.64286,0.64286,0.64286,0.64286,0.64286
0.64286,0.64286,0.64286,0.64286,0.64286
0.64286,0.64286,0.64286,0.64286,0.64286
0.64286,0.64286,0.64286,0.64286,0.64286
0.64286,0.64286,0.64286,0.64286,0.64286
0.64286,0.64286,0.64286,0.64286,0.64286
0.64286,0.64286,0.64286,0.64286,0.64286
0.64286,0.64286,0.64286,0.64286,0.64286
0.64286,0.64286,0.64286,0.64286,0.64286
0.64286,0.64286,0.64286,0.64286,0.64286
0.64286,0.64286,0.64286,0.64286,0.64286
0.64286,0.64286,0.64286,0.64286,0.64286
0.64286,0.64286,0.64286,0.64286,0.64286
0.64286,0.64286,0.64286,0.64286,0.64286
0.64286,0.64286,0.64286,0.64286,0.64286
0.64286,0.64286,0.64286,0.64286,0.64286
0.64286,0.64286,0.64286,0.64286,0.64286
0.64286,0.64286,0.64286,0.64286,0.64286
0.64286,0.64286,0.64286,0.64286,0.64286
0.64286,0.64286,0.64286,0.64286,0.64286
0.64286,0.64286,0.64286,0.64286,0.64286
0.64286,0.64286,0.64286,0.64286,0.64286
0.64286,0.64286,0.64286,0.64286,0.64286
0.64286,0.64286,0.64286,0.64286,0.64286
0.64286,0.64286,0.64286,0.64286,0.64286
0.64286,0.64286,0.64286,0.64286,0.64286
0.64286,0.64286,0.64286,0.64286,0.64286
0.64286,0.64286,0.64286,0.64286,0.64286
0.64286,0.64286,0.64286,0.64286,0.64286
0.64286,0.64286,0.64286,0.64286,0.64286
0.64286,0.64286,0.64286,0.64286,0.64286
0.64286,0.64286,0.64286,0.64286,0.64286
0.64286,0.64286,0.64286,0.64286,0.64286
0.64286,0.64286,0.64286,0.64286,0.64286
0.64286,0.64286,0.64286,0.64286,0.64286
0.64286,0.64286,0.64286,0.64286,0.64286
0.64286,0.64286,0.64286,0.64286,0.64286
0.64286,0.64286,0.64286,0.64286,0.64286
0.64286,0.64286,0.64286,0.64286,0.64286
0.64286,0.64286,0.64286,0.64286,0.64286
0.64286,0.64286,0.64286,0.64286,0.64286
0.64286,0.64286,0.64286,0.64286,0.64286
0.64286,0.64286,0.64286,0.64286,0.64286
0.64286,0.64286,0.64286,0.64286,0.64286
0.64286,0.64286,0.64286,0.64286,0.64286
0.64286,0.64286,0.64286,0.64286,0.64286
0.64286,0.64286,0.64286,0.64286,0.64286
0.64286,0.64286,0.64286,0.64286,0.64286
0.64286,0.64286,0.64286,0.64286,0.64286
0.64286,0.64286,0.64286,0.64286,0.64286
0.64286,0.64286,0.64286,0.64286,0.64286
0.64286,0.64286,0.64286,0.64286,0.64286
0.64286,0.64286,0.64286,0.64286,0.64286
0.64286,0.64286,0.64286,0.64286,0.64286
0.64286,0.64286,0.64286,0.64286,0.64286
0.64286,0.64286,0.64286,0.64286,0.64286
0.64286,0.64286,0.64286,0.64286,0.64286
0.64286,0.64286,0.64286,0.64286,0.64286
0.64286,0.64286,0.64286,0.64286,0.64286
0.64286,0.64286,0.64286,0.64286,0.64286
0.64286,0.64286,0.64286,0.64286,0.64286
0.64286,0.64286,0.64286,0.64286,0.64286
0.64286,0.64286,0.64286,0.64286,0.64286
0.64286,0.64286,0.64286,0.64286,0.64286
0.64286,0.64286,0.64286,0.64286,0.64286
0.64286,0.64286,0.64286,0.64286,0.64286
0.64286,0.64286,0.64286,0.64286,0.64286
0.64286,0.64286,0.64286,0.64286,0.64286
0.64286,0.64286,0.64286,0.64286,0.64286
0.64286,0.64286,0.64286,0.64286,0.64286
0.64286,0.64286,0.64286,0.64286,0.64286
0.64286,0.64286,0.64286,0.64286,0.64286
0.64286,0.64286,0.64286,0.64286,0.64286
0.64286,0.64286,0.64286,0.64286,0.64286
0.64286,0.64286,0.64286,0.64286,0.64286
0.64286,0.64286,0.64286,0.64286,0.64286
0.64286,0.64286,0.64286,0.64286,0.64286
0.64286,0.64286,0.64286,0.64286,0.64286
0.64286,0.64286,0.64286,0.64286,0.64286
0.64286,0.64286,0.64286,0.64286,0.64286
0.64286,0.64286,0.64286,0.64286,0.64286
0.64286,0.64286,0.64286,0.64286,0.64286
0.64286,0.64286,0.64286,0.64286,0.64286
0.64286,0.64286,0.64286,0.64286,0.64286
0.64286,0.64286,0.64286,0.64286,0.64286
0.64286,0.64286,0.64286,0.64286,0.64286
0.64286,0.64286,0.64286,0.64286,0.64286
0.64286,0.64286,0.64286,0.64286,0.64286
0.64286,0.64286,0.64286,0.64286,0.64286
0.64286,0.64286,0.64286,0.64286,0.64286
0.64286,0.64286,0.64286,0.64286,0.64286
0.64286,0.64286,0.64286,0.64286,0.64286
0.64286,0.64286,0.64286,0.64286,0.64286
0.64286,0.64286,0.64286,0.64286,0.64286
0.64286,0.64286,0.64286,0.64286,0.64286
0.64286,0.64286,0.64286,0.64286,0.64286
0.64286,0.64286,0.64286,0.64286,0.64286
0.64286,0.64286,0.64286,0.64286,0.64286
0.64286,0.64286,0.64286,0.64286,0.64286
0.64286,0.64286,0.64286,0.64286,0.64286
0.64286,0.64286,0.64286,0.64286,0.64286
0.64286,0.64286,0.64286,0.64286,0.64286
0.64286,0.64286,0.64286,0.64286,0.64286
0.64286,0.64286,0.64286,0.64286,0.64286
0.64286,0.64286,0.64286,0.64286,0.64286
0.64286,0.64286,0.64286,0.64286,0.64286
0.64286,0.64286,0.64286,0.64286,0.64286
0.64286,0.64286,0.64286,0.64286,0.64286
0.64286,0.64286,0.64286,0.64286,0.64286
0.64286,0.64286,0.64286,0.64286,0.64286
0.64286,0.64286,0.64286,0.64286,0.64286
0.64286,0.64286,0.64286,0.64286,0.64286
0.64286,0.64286,0.64286,0.64286,0.64286
0.64286,0.64286,0.64286,0.64286,0.64286
0.64286,0.64286,0.64286,0.64286,0.64286
0.64286,0.64286,0.64286,0.64286,0.64286
0.64286,0.64286,0.64286,0.64286,0.64286
0.64286,0.64286,0.64286,0.64286,0.64286
0.64286,0.64286,0.64286,0.64286,0.64286
0.64286,0.64286,0.64286,0.64286,0.64286
0.64286,0.64286,0.64286,0.64286,0.64286
0.64286,0.64286,0.64286,0.64286,0.64286
0.64286,0.64286,0.64286,0.64286,0.64286
0.64286,0.64286,0.64286,0.64286,0.64286
0.64286,0.64286,0.64286,0.64286,0.64286
0.64286,0.64286,0.64286,0.64286,0.64286
0.64286,0.64286,0.64286,0.64286,0.64286
0.64286,0.64286,0.64286,0.64286,0.64286
0.64286,0.64286,0.64286,0.64286,0.64286
0.64286,0.64286,0.64286,0.64286,0.64286
0.64286,0.64286,0.64286,0.64286,0.64286
0.64286,0.64286,0.64286,0.64286,0.64286
0.64286,0.64286,0.64286,0.64286,0.64286
0.64286,0.64286,0.64286,0.64286,0.64286
0.64286,0.64286,0.64286,0.64286,0.64286
0.64286,0.64286,0.64286,0.64286,0.64286
0.64286,0.64286,0.64286,0.64286,0.64286
0.64286,0.64286,0.64286,0.64286,0.64286
0.64286,0.64286,0.64286,0.64286,0.64286
0.64286,0.64286,0.64286,0.64286,0.64286
0.64286,0.64286,0.64286,0.64286,0.64286
0.64286,0.64286,0.64286,0.64286,0.64286
0.64286,0.64286,0.64286,0.64286,0.64286
0.64286,0.64286,0.64286,0.64286,0.64286
0.64286,0.64286,0.64286,0.64286,0.64286
0.64286,0.64286,0.64286,0.64286,0.64286
0.64286,0.64286,0.64286,0.64286,0.64286
0.64286,0.64286,0.64286,0.64286,0.64286
0.64286,0.64286,0.64286,0.64286,0.64286
0.64286,0.64286,0.64286,0.64286,0.64286
0.64286,0.64286,0.64286,0.64286,0.64286
0.64286,0.64286,0.64286,0.64286,0.64286
0.64286,0.64286,0.64286,0.64286,0.64286
0.64286,0.64286,0.64286,0.64286,0.64286
0.64286,0.64286,0.64286,0.64286,0.64286
0.64286,0.64286,0.64286,0.64286,0.64286
0.64286,0.64286,0.64286,0.64286,0.64286
0.64286,0.64286,0.64286,0.64286,0.64286
0.64286,0.64286,0.64286,0.64286,0.64286
0.64286,0.64286,0.64286,0.64286,0.64286
0.64286,0.64286,0.64286,0.64286,0.64286
0.64286,0.64286,0.64286,0.64286,0.64286
0.64286,0.64286,0.64286,0.64286,0.64286
0.64286,0.64286,0.64286,0.64286,0.64286
0.64286,0.64286,0.64286,0.64286,0.64286
0.64286,0.64286,0.64286,0.64286,0.64286
0.64286,0.64286,0.64286,0.64286,0.64286
0.64286,0.64286,0.64286,0.64286,0.64286
0.64286,0.64286,0.64286,0.64286,0.64286
0.64286,0.64286,0.64286,0.64286,0.64286
0.64286,0.64286,0.64286,0.64286,0.64286
0.64286,0.64286,0.64286,0.64286,0.64286
0.64286,0.64286,0.64286,0.64286,0.64286
0.64286,0.64286,0.64286,0.64286,0.64286
0.64286,0.64286,0.64286,0.64286,0.64286
0.64286,0.64286,0.64286,0.64286,0.64286
0.64286,0.64286,0.64286,0.64286,0.64286
0.64286,0.64286,0.64286,0.64286,0.64286
0.64286,0.64286,0.64286,0.64286,0.64286
0.64286,0.64286,0.64286,0.64286,0.64286
0.64286,0.64286,0.64286,0.64286,0.64286
0.64286,0.64286,0.64286,0.64286,0.64286
0.64286,0.64286,0.64286,0.64286,0.64286
0.64286,0.64286,0.64286,0.64286,0.64286
0.64286,0.64286,0.64286,0.64286,0.64286
0.64286,0.64286,0.64286,0.64286,0.64286
0.64286,0.64286,0.64286,0.64286,0.64286
0.64286,0.64286,0.64286,0.64286,0.64286
0.64286,0.64286,0.64286,0.64286,0.64286
0.64286,0.64286,0.64286,0.64286,0.64286
0.64286,0.64286,0.64286,0.64286,0.64286
0.64286,0.64286,0.64286,0.64286,0.64286
0.64286,0.64286,0.64286,0.64286,0.64286
0.64286,0.64286,0.64286,0.64286,0.64286
0.64286,0.64286,0.64286,0.64286,0.64286
0.64286,0.64286,0.64286,0.64286,0.64286
0.64286,0.64286,0.64286,0.64286,0.64286
0.64286,0.64286,0.64286,0.64286,0.64286
0.64286,0.64286,0.64286,0.64286,0.64286
0.64286,0.64286,0.64286,0.64286,0.64286
0.64286,0.64286,0.64286,0.64286,0.64286
0.64286,0.64286,0.64286,0.64286,0.64286
0.64286,0.64286,0.64286,0.64286,0.64286
0.64286,0.64286,0.64286,0.64286,0.64286
0.64286,0.64286,0.64286,0.64286,0.64286
0.64286,0.64286,0.64286,0.64286,0.64286
0.64286,0.64286,0.64286,0.64286,0.64286
0.64286,0.64286,0.64286,0.64286,0.64286
0.64286,0.64286,0.64286,0.64286,0.64286
0.64286,0.64286,0.64286,0.64286,0.64286
0.64286,0.64286,0.64286,0.64286,0.64286
0.64286,0.64286,0.64286,0.64286,0.64286
0.64286,0.64286,0.64286,0.64286,0.64286
0.64286,0.64286,0.64286,0.64286,0.64286
0.64286,0.64286,0.64286,0.64286,0.64286
0.64286,0.64286,0.64286,0.64286,0.64286
0.64286,0.64286,0.64286,0.64286,0.64286
0.64286,0.64286,0.64286,0.64286,0.64286
0.64286,0.64286,0.64286,0.64286,0.64286
0.64286,0.64286,0.64286,0.64286,0.64286
0.64286,0.64286,0.64286,0.64286,0.64286
0.64286,0.64286,0.64286,0.64286,0.64286
0.64286,0.64286,0.64286,0.64286,0.64286
0.64286,0.64286,0.64286,0.64286,0.64286
0.64286,0.64286,0.64286,0.64286,0.64286
0.64286,0.64286,0.64286,0.64286,0.64286
0.64286,0.64286,0.64286,0.64286,0.64286
0.64286,0.64286,0.64286,0.64286,0.64286
0.64286,0.64286,0.64286,0.64286,0.64286
0.64286,0.64286,0.64286,0.64286,0.64286
0.64286,0.64286,0.64286,0.64286,0.64286
0.64286,0.64286,0.64286,0.64286,0.64286
0.64286,0.64286,0.64286,0.64286,0.64286
0.64286,0.64286,0.64286,0.64286,0.64286
0.64286,0.64286,0.64286,0.64286,0.64286
0.64286,0.64286,0.64286,0.64286,0.64286
0.64286,0.64286,0.64286,0.64286,0.64286
0.64286,0.64286,0.64286,0.64286,0.64286
0.64286,0.64286,0.64286,0.64286,0.64286
0.64286,0.64286,0.64286,0.64286,0.64286
0.64286,0.64286,0.64286,0.64286,0.64286
0.64286,0.64286,0.64286,0.64286,0.64286
0.64286,0.64286,0.64286,0.64286,0.64286
