0.1,0.2,0.3,0.5,0.6
0.3584,0.5056,0.6688,0.784,0.7232
0.73272,0.78439,0.70124,0.56846,0.64024
0.62918,0.56267,0.66895,0.76875,0.73082
0.73897,0.77547,0.70256,0.58892,0.63515
0.62368,0.57433,0.66815,0.76078,0.73243
0.74179,0.77191,0.70409,0.59956,0.63504
0.62084,0.57869,0.66654,0.75546,0.73144
0.74349,0.7706,0.70613,0.60692,0.63732
0.61875,0.57997,0.66414,0.7511,0.7291
0.74506,0.77049,0.70881,0.61317,0.64095
0.6165,0.57953,0.66087,0.7469,0.72583
0.74691,0.77119,0.71222,0.61934,0.6456
0.61361,0.57781,0.65662,0.74235,0.72167
0.7493,0.77252,0.71648,0.62607,0.65129
0.60981,0.57499,0.65118,0.73699,0.71643
0.75234,0.77443,0.72172,0.63392,0.65825
0.60487,0.57109,0.64432,0.73035,0.70977
0.75615,0.77688,0.72809,0.64342,0.66685
0.5986,0.56611,0.63571,0.72179,0.70116
0.76077,0.77981,0.73571,0.65523,0.67756
0.59078,0.56003,0.625,0.71044,0.68982
0.76622,0.78314,0.74468,0.6701,0.69095
0.58124,0.55294,0.61183,0.6951,0.67472
0.77244,0.78671,0.75491,0.68878,0.70756
0.5699,0.54501,0.59595,0.67419,0.65456
0.7792,0.7903,0.76608,0.71174,0.72758
0.5569,0.53665,0.57745,0.646,0.62812
0.78603,0.79361,0.77739,0.73826,0.75012
0.54296,0.52851,0.55726,0.61003,0.5955
0.7921,0.79628,0.78747,0.76504,0.77219
0.52978,0.52153,0.53787,0.57002,0.56056
0.79641,0.79807,0.79461,0.78582,0.78876
0.51997,0.51667,0.52323,0.53642,0.53229
0.79856,0.79899,0.79811,0.7961,0.79678
0.51502,0.51419,0.51584,0.51893,0.51794
0.79925,0.79933,0.79918,0.7989,0.79899
0.51346,0.51333,0.5136,0.51404,0.5139
0.79942,0.79943,0.79941,0.79937,0.79938
0.51312,0.5131,0.51314,0.51319,0.51318
0.79945,0.79945,0.79945,0.79944,0.79944
0.51306,0.51306,0.51306,0.51307,0.51306
0.79945,0.79945,0.79945,0.79945,0.79945
0.51305,0.51305,0.51305,0.51305,0.51305
0.79946,0.79946,0.79946,0.79946,0.79946
0.51304,0.51304,0.51304,0.51305,0.51304
0.79946,0.79946,0.79946,0.79946,0.79946
0.51304,0.51304,0.51304,0.51304,0.51304
0.79946,0.79946,0.79946,0.79946,0.79946
0.51304,0.51304,0.51304,0.51304,0.51304
0.79946,0.79946,0.79946,0.79946,0.79946
0.51304,0.51304,0.51304,0.51304,0.51304
0.79946,0.79946,0.79946,0.79946,0.79946
0.51304,0.51304,0.51304,0.51304,0.51304
0.79946,0.79946,0.79946,0.79946,0.79946
0.51304,0.51304,0.51304,0.51304,0.51304
0.79946,0.79946,0.79946,0.79946,0.79946
0.51304,0.51304,0.51304,0.51304,0.51304
0.79946,0.79946,0.79946,0.79946,0.79946
0.51304,0.51304,0.51304,0.51304,0.51304
0.79946,0.79946,0.79946,0.79946,0.79946
0.51304,0.51304,0.51304,0.51304,0.51304
0.79946,0.79946,0.79946,0.79946,0.79946
0.51304,0.51304,0.51304,0.51304,0.51304
0.79946,0.79946,0.79946,0.79946,0.79946
0.51304,0.51304,0.51304,0.51304,0.51304
0.79946,0.79946,0.79946,0.79946,0.79946
0.51304,0.51304,0.51304,0.51304,0.51304
0.79946,0.79946,0.79946,0.79946,0.79946
0.51304,0.51304,0.51304,0.51304,0.51304
0.79946,0.79946,0.79946,0.79946,0.79946
0.51304,0.51304,0.51304,0.51304,0.51304
0.79946,0.79946,0.79946,0.79946,0.79946
0.51304,0.51304,0.51304,0.51304,0.51304
0.79946,0.79946,0.79946,0.79946,0.79946
0.51304,0.51304,0.51304,0.51304,0.51304
0.79946,0.79946,0.79946,0.79946,0.79946
0.51304,0.51304,0.51304,0.51304,0.51304
0.79946,0.79946,0.79946,0.79946,0.79946
0.51304,0.51304,0.51304,0.51304,0.51304
0.79946,0.79946,0.79946,0.79946,0.79946
0.51304,0.51304,0.51304,0.51304,0.51304
0.79946,0.79946,0.79946,0.79946,0.79946
0.51304,0.51304,0.51304,0.51304,0.51304
0.79946,0.79946,0.79946,0.79946,0.79946
0.51304,0.51304,0.51304,0.51304,0.51304
0.79946,0.79946,0.79946,0.79946,0.79946
0.51304,0.51304,0.51304,0.51304,0.51304
0.79946,0.79946,0.79946,0.79946,0.79946
0.51304,0.51304,0.51304,0.51304,0.51304
0.79946,0.79946,0.79946,0.79946,0.79946
0.51304,0.51304,0.51304,0.51304,0.51304
0.79946,0.79946,0.79946,0.79946,0.79946
0.51304,0.51304,0.51304,0.51304,0.51304
0.79946,0.79946,0.79946,0.79946,0.79946
0.51304,0.51304,0.51304,0.51304,0.51304
0.79946,0.79946,0.79946,0.79946,0.79946
0.51304,0.51304,0.51304,0.51304,0.51304
0.79946,0.79946,0.79946,0.79946,0.79946
0.51304,0.51304,0.51304,0.51304,0.51304
0.79946,0.79946,0.79946,0.79946,0.79946
0.51304,0.51304,0.51304,0.51304,0.51304
0.79946,0.79946,0.79946,0.79946,0.79946
0.51304,0.51304,0.51304,0.51304,0.51304
0.79946,0.79946,0.79946,0.79946,0.79946
0.51304,0.51304,0.51304,0.51304,0.51304
0.79946,0.79946,0.79946,0.79946,0.79946
0.51304,0.51304,0.51304,0.51304,0.51304
0.79946,0.79946,0.79946,0.79946,0.79946
0.51304,0.51304,0.51304,0.51304,0.51304
0.79946,0.79946,0.79946,0.79946,0.79946
0.51304,0.51304,0.51304,0.51304,0.51304
0.79946,0.79946,0.79946,0.79946,0.79946
0.51304,0.51304,0.51304,0.51304,0.51304
0.79946,0.79946,0.79946,0.79946,0.79946
0.51304,0.51304,0.51304,0.51304,0.51304
0.79946,0.79946,0.79946,0.79946,0.79946
0.51304,0.51304,0.51304,0.51304,0.51304
0.79946,0.79946,0.79946,0.79946,0.79946
0.51304,0.51304,0.51304,0.51304,0.51304
0.79946,0.79946,0.79946,0.79946,0.79946
0.51304,0.51304,0.51304,0.51304,0.51304
0.79946,0.79946,0.79946,0.79946,0.79946
0.51304,0.51304,0.51304,0.51304,0.51304
0.79946,0.79946,0.79946,0.79946,0.79946
0.51304,0.51304,0.51304,0.51304,0.51304
0.79946,0.79946,0.79946,0.79946,0.79946
0.51304,0.51304,0.51304,0.51304,0.51304
0.79946,0.79946,0.79946,0.79946,0.79946
0.51304,0.51304,0.51304,0.51304,0.51304
0.79946,0.79946,0.79946,0.79946,0.79946
0.51304,0.51304,0.51304,0.51304,0.51304
0.79946,0.79946,0.79946,0.79946,0.79946
0.51304,0.51304,0.51304,0.51304,0.51304
0.79946,0.79946,0.79946,0.79946,0.79946
0.51304,0.51304,0.51304,0.51304,0.51304
0.79946,0.79946,0.79946,0.79946,0.79946
0.51304,0.51304,0.51304,0.51304,0.51304
0.79946,0.79946,0.79946,0.79946,0.79946
0.51304,0.51304,0.51304,0.51304,0.51304
0.79946,0.79946,0.79946,0.79946,0.79946
0.51304,0.51304,0.51304,0.51304,0.51304
0.79946,0.79946,0.79946,0.79946,0.79946
0.51304,0.51304,0.51304,0.51304,0.51304
0.79946,0.79946,0.79946,0.79946,0.79946
0.51304,0.51304,0.51304,0.51304,0.51304
0.79946,0.79946,0.79946,0.79946,0.79946
0.51304,0.51304,0.51304,0.51304,0.51304
0.79946,0.79946,0.79946,0.79946,0.79946
0.51304,0.51304,0.51304,0.51304,0.51304
0.79946,0.79946,0.79946,0.79946,0.79946
0.51304,0.51304,0.51304,0.51304,0.51304
0.79946,0.79946,0.79946,0.79946,0.79946
0.51304,0.51304,0.51304,0.51304,0.51304
0.79946,0.79946,0.79946,0.79946,0.79946
0.51304,0.51304,0.51304,0.51304,0.51304
0.79946,0.79946,0.79946,0.79946,0.79946
0.51304,0.51304,0.51304,0.51304,0.51304
0.79946,0.79946,0.79946,0.79946,0.79946
0.51304,0.51304,0.51304,0.51304,0.51304
0.79946,0.79946,0.79946,0.79946,0.79946
0.51304,0.51304,0.51304,0.51304,0.51304
0.79946,0.79946,0.79946,0.79946,0.79946
0.51304,0.51304,0.51304,0.51304,0.51304
0.79946,0.79946,0.79946,0.79946,0.79946
0.51304,0.51304,0.51304,0.51304,0.51304
0.79946,0.79946,0.79946,0.79946,0.79946
0.51304,0.51304,0.51304,0.51304,0.51304
0.79946,0.79946,0.79946,0.79946,0.79946
0.51304,0.51304,0.51304,0.51304,0.51304
0.79946,0.79946,0.79946,0.79946,0.79946
0.51304,0.51304,0.51304,0.51304,0.51304
0.79946,0.79946,0.79946,0.79946,0.79946
0.51304,0.51304,0.51304,0.51304,0.51304
0.79946,0.79946,0.79946,0.79946,0.79946
0.51304,0.51304,0.51304,0.51304,0.51304
0.79946,0.79946,0.79946,0.79946,0.79946
0.51304,0.51304,0.51304,0.51304,0.51304
0.79946,0.79946,0.79946,0.79946,0.79946
0.51304,0.51304,0.51304,0.51304,0.51304
0.79946,0.79946,0.79946,0.79946,0.79946
0.51304,0.51304,0.51304,0.51304,0.51304
0.79946,0.79946,0.79946,0.79946,0.79946
0.51304,0.51304,0.51304,0.51304,0.51304
0.79946,0.79946,0.79946,0.79946,0.79946
0.51304,0.51304,0.51304,0.51304,0.51304
0.79946,0.79946,0.79946,0.79946,0.79946
0.51304,0.51304,0.51304,0.51304,0.51304
0.79946,0.79946,0.79946,0.79946,0.79946
0.51304,0.51304,0.51304,0.51304,0.51304
0.79946,0.79946,0.79946,0.79946,0.79946
0.51304,0.51304,0.51304,0.51304,0.51304
0.79946,0.79946,0.79946,0.79946,0.79946
0.51304,0.51304,0.51304,0.51304,0.51304
0.79946,0.79946,0.79946,0.79946,0.79946
0.51304,0.51304,0.51304,0.51304,0.51304
0.79946,0.79946,0.79946,0.79946,0.79946
0.51304,0.51304,0.51304,0.51304,0.51304
0.79946,0.79946,0.79946,0.79946,0.79946
0.51304,0.51304,0.51304,0.51304,0.51304
0.79946,0.79946,0.79946,0.79946,0.79946
0.51304,0.51304,0.51304,0.51304,0.51304
0.79946,0.79946,0.79946,0.79946,0.79946
0.51304,0.51304,0.51304,0.51304,0.51304
0.79946,0.79946,0.79946,0.79946,0.79946
0.51304,0.51304,0.51304,0.51304,0.51304
0.79946,0.79946,0.79946,0.79946,0.79946
0.51304,0.51304,0.51304,0.51304,0.51304
0.79946,0.79946,0.79946,0.79946,0.79946
0.51304,0.51304,0.51304,0.51304,0.51304
0.79946,0.79946,0.79946,0.79946,0.79946
0.51304,0.51304,0.51304,0.51304,0.51304
0.79946,0.79946,0.79946,0.79946,0.79946
0.51304,0.51304,0.51304,0.51304,0.51304
0.79946,0.79946,0.79946,0.79946,0.79946
0.51304,0.51304,0.51304,0.51304,0.51304
0.79946,0.79946,0.79946,0.79946,0.79946
0.51304,0.51304,0.51304,0.51304,0.51304
0.79946,0.79946,0.79946,0.79946,0.79946
0.51304,0.51304,0.51304,0.51304,0.51304
0.79946,0.79946,0.79946,0.79946,0.79946
0.51304,0.51304,0.51304,0.51304,0.51304
0.79946,0.79946,0.79946,0.79946,0.79946
0.51304,0.51304,0.51304,0.51304,0.51304
0.79946,0.79946,0.79946,0.79946,0.79946
0.51304,0.51304,0.51304,0.51304,0.51304
0.79946,0.79946,0.79946,0.79946,0.79946
0.51304,0.51304,0.51304,0.51304,0.51304
0.79946,0.79946,0.79946,0.79946,0.79946
0.51304,0.51304,0.51304,0.51304,0.51304
0.79946,0.79946,0.79946,0.79946,0.79946
0.51304,0.51304,0.51304,0.51304,0.51304
0.79946,0.79946,0.79946,0.79946,0.79946
0.51304,0.51304,0.51304,0.51304,0.51304
0.79946,0.79946,0.79946,0.79946,0.79946
0.51304,0.51304,0.51304,0.51304,0.51304
0.79946,0.79946,0.79946,0.79946,0.79946
0.51304,0.51304,0.51304,0.51304,0.51304
0.79946,0.79946,0.79946,0.79946,0.79946
0.51304,0.51304,0.51304,0.51304,0.51304
0.79946,0.79946,0.79946,0.79946,0.79946
0.51304,0.51304,0.51304,0.51304,0.51304
0.79946,0.79946,0.79946,0.79946,0.79946
0.51304,0.51304,0.51304,0.51304,0.51304
0.79946,0.79946,0.79946,0.79946,0.79946
0.51304,0.51304,0.51304,0.51304,0.51304
0.79946,0.79946,0.79946,0.79946,0.79946
0.51304,0.51304,0.51304,0.51304,0.51304
0.79946,0.79946,0.79946,0.79946,0.79946
0.51304,0.51304,0.51304,0.51304,0.51304
0.79946,0.79946,0.79946,0.79946,0.79946
0.51304,0.51304,0.51304,0.51304,0.51304
0.79946,0.79946,0.79946,0.79946,0.79946
0.51304,0.51304,0.51304,0.51304,0.51304
0.79946,0.79946,0.79946,0.79946,0.79946
0.51304,0.51304,0.51304,0.51304,0.51304
0.79946,0.79946,0.79946,0.79946,0.79946
0.51304,0.51304,0.51304,0.51304,0.51304
0.79946,0.79946,0.79946,0.79946,0.79946
0.51304,0.51304,0.51304,0.51304,0.51304
0.79946,0.79946,0.79946,0.79946,0.79946
0.51304,0.51304,0.51304,0.51304,0.51304
0.79946,0.79946,0.79946,0.79946,0.79946
0.51304,0.51304,0.51304,0.51304,0.51304
0.79946,0.79946,0.79946,0.79946,0.79946
0.51304,0.51304,0.51304,0.51304,0.51304
0.79946,0.79946,0.79946,0.79946,0.79946
0.51304,0.51304,0.51304,0.51304,0.51304
0.79946,0.79946,0.79946,0.79946,0.79946
0.51304,0.51304,0.51304,0.51304,0.51304
0.79946,0.79946,0.79946,0.79946,0.79946
0.51304,0.51304,0.51304,0.51304,0.51304
0.79946,0.79946,0.79946,0.79946,0.79946
0.51304,0.51304,0.51304,0.51304,0.51304
0.79946,0.79946,0.79946,0.79946,0.79946
0.51304,0.51304,0.51304,0.51304,0.51304
0.79946,0.79946,0.79946,0.79946,0.79946
0.51304,0.51304,0.51304,0.51304,0.51304
0.79946,0.79946,0.79946,0.79946,0.79946
0.51304,0.51304,0.51304,0.51304,0.51304
0.79946,0.79946,0.79946,0.79946,0.79946
0.51304,0.51304,0.51304,0.51304,0.51304
0.79946,0.79946,0.79946,0.79946,0.79946
0.51304,0.51304,0.51304,0.51304,0.51304
0.79946,0.79946,0.79946,0.79946,0.79946
0.51304,0.51304,0.51304,0.51304,0.51304
0.79946,0.79946,0.79946,0.79946,0.79946
0.51304,0.51304,0.51304,0.51304,0.51304
0.79946,0.79946,0.79946,0.79946,0.79946
0.51304,0.51304,0.51304,0.51304,0.51304
0.79946,0.79946,0.79946,0.79946,0.79946
0.51304,0.51304,0.51304,0.51304,0.51304
0.79946,0.79946,0.79946,0.79946,0.79946
0.51304,0.51304,0.51304,0.51304,0.51304
0.79946,0.79946,0.79946,0.79946,0.79946
0.51304,0.51304,0.51304,0.51304,0.51304
0.79946,0.79946,0.79946,0.79946,0.79946
0.51304,0.51304,0.51304,0.51304,0.51304
0.79946,0.79946,0.79946,0.79946,0.79946
0.51304,0.51304,0.51304,0.51304,0.51304
0.79946,0.79946,0.79946,0.79946,0.79946
0.51304,0.51304,0.51304,0.51304,0.51304
0.79946,0.79946,0.79946,0.79946,0.79946
0.51304,0.51304,0.51304,0.51304,0.51304
0.79946,0.79946,0.79946,0.79946,0.79946
0.51304,0.51304,0.51304,0.51304,0.51304
0.79946,0.79946,0.79946,0.79946,0.79946
0.51304,0.51304,0.51304,0.51304,0.51304
0.79946,0.79946,0.79946,0.79946,0.79946
0.51304,0.51304,0.51304,0.51304,0.51304
0.79946,0.79946,0.79946,0.79946,0.79946
0.51304,0.51304,0.51304,0.51304,0.51304
0.79946,0.79946,0.79946,0.79946,0.79946
0.51304,0.51304,0.51304,0.51304,0.51304
0.79946,0.79946,0.79946,0.79946,0.79946
0.51304,0.51304,0.51304,0.51304,0.51304
0.79946,0.79946,0.79946,0.79946,0.79946
0.51304,0.51304,0.51304,0.51304,0.51304
0.79946,0.79946,0.79946,0.79946,0.79946
0.51304,0.51304,0.51304,0.51304,0.51304
0.79946,0.79946,0.79946,0.79946,0.79946
0.51304,0.51304,0.51304,0.51304,0.51304
0.79946,0.79946,0.79946,0.79946,0.79946
0.51304,0.51304,0.51304,0.51304,0.51304
0.79946,0.79946,0.79946,0.79946,0.79946
0.51304,0.51304,0.51304,0.51304,0.51304
0.79946,0.79946,0.79946,0.79946,0.79946
0.51304,0.51304,0.51304,0.51304,0.51304
0.79946,0.79946,0.79946,0.79946,0.79946
0.51304,0.51304,0.51304,0.51304,0.51304
0.79946,0.79946,0.79946,0.79946,0.79946
0.51304,0.51304,0.51304,0.51304,0.51304
0.79946,0.79946,0.79946,0.79946,0.79946
0.51304,0.51304,0.51304,0.51304,0.51304
0.79946,0.79946,0.79946,0.79946,0.79946
0.51304,0.51304,0.51304,0.51304,0.51304
0.79946,0.79946,0.79946,0.79946,0.79946
0.51304,0.51304,0.51304,0.51304,0.51304
0.79946,0.79946,0.79946,0.79946,0.79946
0.51304,0.51304,0.51304,0.51304,0.51304
0.79946,0.79946,0.79946,0.79946,0.79946
0.51304,0.51304,0.51304,0.51304,0.51304
0.79946,0.79946,0.79946,0.79946,0.79946
0.51304,0.51304,0.51304,0.51304,0.51304
0.79946,0.79946,0.79946,0.79946,0.79946
0.51304,0.51304,0.51304,0.51304,0.51304
0.79946,0.79946,0.79946,0.79946,0.79946
0.51304,0.51304,0.51304,0.51304,0.51304
0.79946,0.79946,0.79946,0.79946,0.79946
0.51304,0.51304,0.51304,0.51304,0.51304
0.79946,0.79946,0.79946,0.79946,0.79946
0.51304,0.51304,0.51304,0.51304,0.51304
0.79946,0.79946,0.79946,0.79946,0.79946
0.51304,0.51304,0.51304,0.51304,0.51304
0.79946,0.79946,0.79946,0.79946,0.79946
0.51304,0.51304,0.51304,0.51304,0.51304
0.79946,0.79946,0.79946,0.79946,0.79946
0.51304,0.51304,0.51304,0.51304,0.51304
0.79946,0.79946,0.79946,0.79946,0.79946
0.51304,0.51304,0.51304,0.51304,0.51304
0.79946,0.79946,0.79946,0.79946,0.79946
0.51304,0.51304,0.51304,0.51304,0.51304
0.79946,0.79946,0.79946,0.79946,0.79946
0.51304,0.51304,0.51304,0.51304,0.51304
0.79946,0.79946,0.79946,0.79946,0.79946
0.51304,0.51304,0.51304,0.51304,0.51304
0.79946,0.79946,0.79946,0.79946,0.79946
0.51304,0.51304,0.51304,0.51304,0.51304
0.79946,0.79946,0.79946,0.79946,0.79946
0.51304,0.51304,0.51304,0.51304,0.51304
0.79946,0.79946,0.79946,0.79946,0.79946
0.51304,0.51304,0.51304,0.51304,0.51304
0.79946,0.79946,0.79946,0.79946,0.79946
0.51304,0.51304,0.51304,0.51304,0.51304
0.79946,0.79946,0.79946,0.79946,0.79946
0.51304,0.51304,0.51304,0.51304,0.51304
0.79946,0.79946,0.79946,0.79946,0.79946
0.51304,0.51304,0.51304,0.51304,0.51304
0.79946,0.79946,0.79946,0.79946,0.79946
0.51304,0.51304,0.51304,0.51304,0.51304
0.79946,0.79946,0.79946,0.79946,0.79946
0.51304,0.51304,0.51304,0.51304,0.51304
0.79946,0.79946,0.79946,0.79946,0.79946
0.51304,0.51304,0.51304,0.51304,0.51304
0.79946,0.79946,0.79946,0.79946,0.79946
0.51304,0.51304,0.51304,0.51304,0.51304
0.79946,0.79946,0.79946,0.79946,0.79946
0.51304,0.51304,0.51304,0.51304,0.51304
0.79946,0.79946,0.79946,0.79946,0.79946
0.51304,0.51304,0.51304,0.51304,0.51304
0.79946,0.79946,0.79946,0.79946,0.79946
0.51304,0.51304,0.51304,0.51304,0.51304
0.79946,0.79946,0.79946,0.79946,0.79946
0.51304,0.51304,0.51304,0.51304,0.51304
0.79946,0.79946,0.79946,0.79946,0.79946
0.51304,0.51304,0.51304,0.51304,0.51304
0.79946,0.79946,0.79946,0.79946,0.79946
0.51304,0.51304,0.51304,0.51304,0.51304
0.79946,0.79946,0.79946,0.79946,0.79946
0.51304,0.51304,0.51304,0.51304,0.51304
0.79946,0.79946,0.79946,0.79946,0.79946
0.51304,0.51304,0.51304,0.51304,0.51304
0.79946,0.79946,0.79946,0.79946,0.79946
0.51304,0.51304,0.51304,0.51304,0.51304
0.79946,0.79946,0.79946,0.79946,0.79946
0.51304,0.51304,0.51304,0.51304,0.51304
0.79946,0.79946,0.79946,0.79946,0.79946
0.51304,0.51304,0.51304,0.51304,0.51304
0.79946,0.79946,0.79946,0.79946,0.79946
0.51304,0.51304,0.51304,0.51304,0.51304
0.79946,0.79946,0.79946,0.79946,0.79946
0.51304,0.51304,0.51304,0.51304,0.51304
0.79946,0.79946,0.79946,0.79946,0.79946
0.51304,0.51304,0.51304,0.51304,0.51304
0.79946,0.79946,0.79946,0.79946,0.79946
0.51304,0.51304,0.51304,0.51304,0.51304
0.79946,0.79946,0.79946,0.79946,0.79946
0.51304,0.51304,0.51304,0.51304,0.51304
0.79946,0.79946,0.79946,0.79946,0.79946
0.51304,0.51304,0.51304,0.51304,0.51304
0.79946,0.79946,0.79946,0.79946,0.79946
0.51304,0.51304,0.51304,0.51304,0.51304
0.79946,0.79946,0.79946,0.79946,0.79946
0.51304,0.51304,0.51304,0.51304,0.51304
0.79946,0.79946,0.79946,0.79946,0.79946
0.51304,0.51304,0.51304,0.51304,0.51304
0.79946,0.79946,0.79946,0.79946,0.79946
0.51304,0.51304,0.51304,0.51304,0.51304
0.79946,0.79946,0.79946,0.79946,0.79946
0.51304,0.51304,0.51304,0.51304,0.51304
0.79946,0.79946,0.79946,0.79946,0.79946
0.51304,0.51304,0.51304,0.51304,0.51304
0.79946,0.79946,0.79946,0.79946,0.79946
0.51304,0.51304,0.51304,0.51304,0.51304
0.79946,0.79946,0.79946,0.79946,0.79946
0.51304,0.51304,0.51304,0.51304,0.51304
0.79946,0.79946,0.79946,0.79946,0.79946
0.51304,0.51304,0.51304,0.51304,0.51304
0.79946,0.79946,0.79946,0.79946,0.79946
0.51304,0.51304,0.51304,0.51304,0.51304
0.79946,0.79946,0.79946,0.79946,0.79946
0.51304,0.51304,0.51304,0.51304,0.51304
0.79946,0.79946,0.79946,0.79946,0.79946
0.51304,0.51304,0.51304,0.51304,0.51304
0.79946,0.79946,0.79946,0.79946,0.79946
0.51304,0.51304,0.51304,0.51304,0.51304
0.79946,0.79946,0.79946,0.79946,0.79946
0.51304,0.51304,0.51304,0.51304,0.51304
0.79946,0.79946,0.79946,0.79946,0.79946
0.51304,0.51304,0.51304,0.51304,0.51304
0.79946,0.79946,0.79946,0.79946,0.79946
0.51304,0.51304,0.51304,0.51304,0.51304
0.79946,0.79946,0.79946,0.79946,0.79946
0.51304,0.51304,0.51304,0.51304,0.51304
0.79946,0.79946,0.79946,0.79946,0.79946
0.51304,0.51304,0.51304,0.51304,0.51304
0.79946,0.79946,0.79946,0.79946,0.79946
0.51304,0.51304,0.51304,0.51304,0.51304
0.79946,0.79946,0.79946,0.79946,0.79946
0.51304,0.51304,0.51304,0.51304,0.51304
0.79946,0.79946,0.79946,0.79946,0.79946
0.51304,0.51304,0.51304,0.51304,0.51304
0.79946,0.79946,0.79946,0.79946,0.79946
0.51304,0.51304,0.51304,0.51304,0.51304
0.79946,0.79946,0.79946,0.79946,0.79946
0.51304,0.51304,0.51304,0.51304,0.51304
0.79946,0.79946,0.79946,0.79946,0.79946
0.51304,0.51304,0.51304,0.51304,0.51304
0.79946,0.79946,0.79946,0.79946,0.79946
0.51304,0.51304,0.51304,0.51304,0.51304
0.79946,0.79946,0.79946,0.79946,0.79946
0.51304,0.51304,0.51304,0.51304,0.51304
0.79946,0.79946,0.79946,0.79946,0.79946
0.51304,0.51304,0.51304,0.51304,0.51304
0.79946,0.79946,0.79946,0.79946,0.79946
0.51304,0.51304,0.51304,0.51304,0.51304
0.79946,0.79946,0.79946,0.79946,0.79946
0.51304,0.51304,0.51304,0.51304,0.51304
0.79946,0.79946,0.79946,0.79946,0.79946
0.51304,0.51304,0.51304,0.51304,0.51304
0.79946,0.79946,0.79946,0.79946,0.79946
0.51304,0.51304,0.51304,0.51304,0.51304
0.79946,0.79946,0.79946,0.79946,0.79946
0.51304,0.51304,0.51304,0.51304,0.51304
0.79946,0.79946,0.79946,0.79946,0.79946
0.51304,0.51304,0.51304,0.51304,0.51304
0.79946,0.79946,0.79946,0.79946,0.79946
0.51304,0.51304,0.51304,0.51304,0.51304
0.79946,0.79946,0.79946,0.79946,0.79946
0.51304,0.51304,0.51304,0.51304,0.51304
0.79946,0.79946,0.79946,0.79946,0.79946
0.51304,0.51304,0.51304,0.51304,0.51304
0.79946,0.79946,0.79946,0.79946,0.79946
0.51304,0.51304,0.51304,0.51304,0.51304
0.79946,0.79946,0.79946,0.79946,0.79946
0.51304,0.51304,0.51304,0.51304,0.51304
0.79946,0.79946,0.79946,0.79946,0.79946
0.51304,0.51304,0.51304,0.51304,0.51304
0.79946,0.79946,0.79946,0.79946,0.79946
0.51304,0.51304,0.51304,0.51304,0.51304
0.79946,0.79946,0.79946,0.79946,0.79946
0.51304,0.51304,0.51304,0.51304,0.51304
0.79946,0.79946,0.79946,0.79946,0.79946
0.51304,0.51304,0.51304,0.51304,0.51304
0.79946,0.79946,0.79946,0.79946,0.79946
0.51304,0.51304,0.51304,0.51304,0.51304
0.79946,0.79946,0.79946,0.79946,0.79946
0.51304,0.51304,0.51304,0.51304,0.51304
0.79946,0.79946,0.79946,0.79946,0.79946
0.51304,0.51304,0.51304,0.51304,0.51304
0.79946,0.79946,0.79946,0.79946,0.79946
0.51304,0.51304,0.51304,0.51304,0.51304
0.79946,0.79946,0.79946,0.79946,0.79946
0.51304,0.51304,0.51304,0.51304,0.51304
0.79946,0.79946,0.79946,0.79946,0.79946
0.51304,0.51304,0.51304,0.51304,0.51304
0.79946,0.79946,0.79946,0.79946,0.79946
0.51304,0.51304,0.51304,0.51304,0.51304
0.79946,0.79946,0.79946,0.79946,0.79946
0.51304,0.51304,0.51304,0.51304,0.51304
0.79946,0.79946,0.79946,0.79946,0.79946
0.51304,0.51304,0.51304,0.51304,0.51304
0.79946,0.79946,0.79946,0.79946,0.79946
0.51304,0.51304,0.51304,0.51304,0.51304
0.79946,0.79946,0.79946,0.79946,0.79946
0.51304,0.51304,0.51304,0.51304,0.51304
0.79946,0.79946,0.79946,0.79946,0.79946
0.51304,0.51304,0.51304,0.51304,0.51304
0.79946,0.79946,0.79946,0.79946,0.79946
0.51304,0.51304,0.51304,0.51304,0.51304
0.79946,0.79946,0.79946,0.79946,0.79946
0.51304,0.51304,0.51304,0.51304,0.51304
0.79946,0.79946,0.79946,0.79946,0.79946
0.51304,0.51304,0.51304,0.51304,0.51304
0.79946,0.79946,0.79946,0.79946,0.79946
0.51304,0.51304,0.51304,0.51304,0.51304
0.79946,0.79946,0.79946,0.79946,0.79946
0.51304,0.51304,0.51304,0.51304,0.51304
0.79946,0.79946,0.79946,0.79946,0.79946
0.51304,0.51304,0.51304,0.51304,0.51304
0.79946,0.79946,0.79946,0.79946,0.79946
0.51304,0.51304,0.51304,0.51304,0.51304
0.79946,0.79946,0.79946,0.79946,0.79946
0.51304,0.51304,0.51304,0.51304,0.51304
0.79946,0.79946,0.79946,0.79946,0.79946
0.51304,0.51304,0.51304,0.51304,0.51304
0.79946,0.79946,0.79946,0.79946,0.79946
0.51304,0.51304,0.51304,0.51304,0.51304
0.79946,0.79946,0.79946,0.79946,0.79946
0.51304,0.51304,0.51304,0.51304,0.51304
0.79946,0.79946,0.79946,0.79946,0.79946
0.51304,0.51304,0.51304,0.51304,0.51304
0.79946,0.79946,0.79946,0.79946,0.79946
0.51304,0.51304,0.51304,0.51304,0.51304
0.79946,0.79946,0.79946,0.79946,0.79946
0.51304,0.51304,0.51304,0.51304,0.51304
0.79946,0.79946,0.79946,0.79946,0.79946
0.51304,0.51304,0.51304,0.51304,0.51304
0.79946,0.79946,0.79946,0.79946,0.79946
0.51304,0.51304,0.51304,0.51304,0.51304
0.79946,0.79946,0.79946,0.79946,0.79946
0.51304,0.51304,0.51304,0.51304,0.51304
0.79946,0.79946,0.79946,0.79946,0.79946
0.51304,0.51304,0.51304,0.51304,0.51304
0.79946,0.79946,0.79946,0.79946,0.79946
0.51304,0.51304,0.51304,0.51304,0.51304
0.79946,0.79946,0.79946,0.79946,0.79946
0.51304,0.51304,0.51304,0.51304,0.51304
0.79946,0.79946,0.79946,0.79946,0.79946
0.51304,0.51304,0.51304,0.51304,0.51304
0.79946,0.79946,0.79946,0.79946,0.79946
0.51304,0.51304,0.51304,0.51304,0.51304
0.79946,0.79946,0.79946,0.79946,0.79946
0.51304,0.51304,0.51304,0.51304,0.51304
0.79946,0.79946,0.79946,0.79946,0.79946
0.51304,0.51304,0.51304,0.51304,0.51304
0.79946,0.79946,0.79946,0.79946,0.79946
0.51304,0.51304,0.51304,0.51304,0.51304
0.79946,0.79946,0.79946,0.79946,0.79946
0.51304,0.51304,0.51304,0.51304,0.51304
0.79946,0.79946,0.79946,0.79946,0.79946
0.51304,0.51304,0.51304,0.51304,0.51304
0.79946,0.79946,0.79946,0.79946,0.79946
0.51304,0.51304,0.51304,0.51304,0.51304
0.79946,0.79946,0.79946,0.79946,0.79946
0.51304,0.51304,0.51304,0.51304,0.51304
0.79946,0.79946,0.79946,0.79946,0.79946
0.51304,0.51304,0.51304,0.51304,0.51304
0.79946,0.79946,0.79946,0.79946,0.79946
0.51304,0.51304,0.51304,0.51304,0.51304
0.79946,0.79946,0.79946,0.79946,0.79946
0.51304,0.51304,0.51304,0.51304,0.51304
0.79946,0.79946,0.79946,0.79946,0.79946
0.51304,0.51304,0.51304,0.51304,0.51304
0.79946,0.79946,0.79946,0.79946,0.79946
0.51304,0.51304,0.51304,0.51304,0.51304
0.79946,0.79946,0.79946,0.79946,0.79946
0.51304,0.51304,0.51304,0.51304,0.51304
0.79946,0.79946,0.79946,0.79946,0.79946
0.51304,0.51304,0.51304,0.51304,0.51304
0.79946,0.79946,0.79946,0.79946,0.79946
0.51304,0.51304,0.51304,0.51304,0.51304
0.79946,0.79946,0.79946,0.79946,0.79946
0.51304,0.51304,0.51304,0.51304,0.51304
0.79946,0.79946,0.79946,0.79946,0.79946
0.51304,0.51304,0.51304,0.51304,0.51304
0.79946,0.79946,0.79946,0.79946,0.79946
0.51304,0.51304,0.51304,0.51304,0.51304
0.79946,0.79946,0.79946,0.79946,0.79946
0.51304,0.51304,0.51304,0.51304,0.51304
0.79946,0.79946,0.79946,0.79946,0.79946
0.51304,0.51304,0.51304,0.51304,0.51304
0.79946,0.79946,0.79946,0.79946,0.79946
0.51304,0.51304,0.51304,0.51304,0.51304
0.79946,0.79946,0.79946,0.79946,0.79946
0.51304,0.51304,0.51304,0.51304,0.51304
0.79946,0.79946,0.79946,0.79946,0.79946
0.51304,0.51304,0.51304,0.51304,0.51304
0.79946,0.79946,0.79946,0.79946,0.79946
0.51304,0.51304,0.51304,0.51304,0.51304
0.79946,0.79946,0.79946,0.79946,0.79946
0.51304,0.51304,0.51304,0.51304,0.51304
0.79946,0.79946,0.79946,0.79946,0.79946
0.51304,0.51304,0.51304,0.51304,0.51304
0.79946,0.79946,0.79946,0.79946,0.79946
0.51304,0.51304,0.51304,0.51304,0.51304
0.79946,0.79946,0.79946,0.79946,0.79946
0.51304,0.51304,0.51304,0.51304,0.51304
0.79946,0.79946,0.79946,0.79946,0.79946
0.51304,0.51304,0.51304,0.51304,0.51304
0.79946,0.79946,0.79946,0.79946,0.79946
0.51304,0.51304,0.51304,0.51304,0.51304
0.79946,0.79946,0.79946,0.79946,0.79946
0.51304,0.51304,0.51304,0.51304,0.51304
0.79946,0.79946,0.79946,0.79946,0.79946
0.51304,0.51304,0.51304,0.51304,0.51304
0.79946,0.79946,0.79946,0.79946,0.79946
0.51304,0.51304,0.51304,0.51304,0.51304
0.79946,0.79946,0.79946,0.79946,0.79946
0.51304,0.51304,0.51304,0.51304,0.51304
0.79946,0.79946,0.79946,0.79946,0.79946
0.51304,0.51304,0.51304,0.51304,0.51304
0.79946,0.79946,0.79946,0.79946,0.79946
0.51304,0.51304,0.51304,0.51304,0.51304
0.79946,0.79946,0.79946,0.79946,0.79946
0.51304,0.51304,0.51304,0.51304,0.51304
0.79946,0.79946,0.79946,0.79946,0.79946
0.51304,0.51304,0.51304,0.51304,0.51304
0.79946,0.79946,0.79946,0.79946,0.79946
0.51304,0.51304,0.51304,0.51304,0.51304
0.79946,0.79946,0.79946,0.79946,0.79946
0.51304,0.51304,0.51304,0.51304,0.51304
0.79946,0.79946,0.79946,0.79946,0.79946
0.51304,0.51304,0.51304,0.51304,0.51304
0.79946,0.79946,0.79946,0.79946,0.79946
0.51304,0.51304,0.51304,0.51304,0.51304
0.79946,0.79946,0.79946,0.79946,0.79946
0.51304,0.51304,0.51304,0.51304,0.51304
0.79946,0.79946,0.79946,0.79946,0.79946
0.51304,0.51304,0.51304,0.51304,0.51304
0.79946,0.79946,0.79946,0.79946,0.79946
0.51304,0.51304,0.51304,0.51304,0.51304
0.79946,0.79946,0.79946,0.79946,0.79946
0.51304,0.51304,0.51304,0.51304,0.51304
0.79946,0.79946,0.79946,0.79946,0.79946
0.51304,0.51304,0.51304,0.51304,0.51304
0.79946,0.79946,0.79946,0.79946,0.79946
0.51304,0.51304,0.51304,0.51304,0.51304
0.79946,0.79946,0.79946,0.79946,0.79946
0.51304,0.51304,0.51304,0.51304,0.51304
0.79946,0.79946,0.79946,0.79946,0.79946
0.51304,0.51304,0.51304,0.51304,0.51304
0.79946,0.79946,0.79946,0.79946,0.79946
0.51304,0.51304,0.51304,0.51304,0.51304
0.79946,0.79946,0.79946,0.79946,0.79946
0.51304,0.51304,0.51304,0.51304,0.51304
0.79946,0.79946,0.79946,0.79946,0.79946
0.51304,0.51304,0.51304,0.51304,0.51304
0.79946,0.79946,0.79946,0.79946,0.79946
0.51304,0.51304,0.51304,0.51304,0.51304
0.79946,0.79946,0.79946,0.79946,0.79946
0.51304,0.51304,0.51304,0.51304,0.51304
0.79946,0.79946,0.79946,0.79946,0.79946
0.51304,0.51304,0.51304,0.51304,0.51304
0.79946,0.79946,0.79946,0.79946,0.79946
0.51304,0.51304,0.51304,0.51304,0.51304
0.79946,0.79946,0.79946,0.79946,0.79946
0.51304,0.51304,0.51304,0.51304,0.51304
0.79946,0.79946,0.79946,0.79946,0.79946
0.51304,0.51304,0.51304,0.51304,0.51304
0.79946,0.79946,0.79946,0.79946,0.79946
0.51304,0.51304,0.51304,0.51304,0.51304
0.79946,0.79946,0.79946,0.79946,0.79946
0.51304,0.51304,0.51304,0.51304,0.51304
0.79946,0.79946,0.79946,0.79946,0.79946
0.51304,0.51304,0.51304,0.51304,0.51304
0.79946,0.79946,0.79946,0.79946,0.79946
0.51304,0.51304,0.51304,0.51304,0.51304
0.79946,0.79946,0.79946,0.79946,0.79946
0.51304,0.51304,0.51304,0.51304,0.51304
0.79946,0.79946,0.79946,0.79946,0.79946
0.51304,0.51304,0.51304,0.51304,0.51304
0.79946,0.79946,0.79946,0.79946,0.79946
0.51304,0.51304,0.51304,0.51304,0.51304
0.79946,0.79946,0.79946,0.79946,0.79946
0.51304,0.51304,0.51304,0.51304,0.51304
0.79946,0.79946,0.79946,0.79946,0.79946
0.51304,0.51304,0.51304,0.51304,0.51304
0.79946,0.79946,0.79946,0.79946,0.79946
0.51304,0.51304,0.51304,0.51304,0.51304
0.79946,0.79946,0.79946,0.79946,0.79946
0.51304,0.51304,0.51304,0.51304,0.51304
0.79946,0.79946,0.79946,0.79946,0.79946
0.51304,0.51304,0.51304,0.51304,0.51304
0.79946,0.79946,0.79946,0.79946,0.79946
0.51304,0.51304,0.51304,0.51304,0.51304
0.79946,0.79946,0.79946,0.79946,0.79946
0.51304,0.51304,0.51304,0.51304,0.51304
0.79946,0.79946,0.79946,0.79946,0.79946
0.51304,0.51304,0.51304,0.51304,0.51304
0.79946,0.79946,0.79946,0.79946,0.79946
0.51304,0.51304,0.51304,0.51304,0.51304
0.79946,0.79946,0.79946,0.79946,0.79946
0.51304,0.51304,0.51304,0.51304,0.51304
0.79946,0.79946,0.79946,0.79946,0.79946
0.51304,0.51304,0.51304,0.51304,0.51304
0.79946,0.79946,0.79946,0.79946,0.79946
0.51304,0.51304,0.51304,0.51304,0.51304
0.79946,0.79946,0.79946,0.79946,0.79946
0.51304,0.51304,0.51304,0.51304,0.51304
0.79946,0.79946,0.79946,0.79946,0.79946
0.51304,0.51304,0.51304,0.51304,0.51304
0.79946,0.79946,0.79946,0.79946,0.79946
0.51304,0.51304,0.51304,0.51304,0.51304
0.79946,0.79946,0.79946,0.79946,0.79946
0.51304,0.51304,0.51304,0.51304,0.51304
0.79946,0.79946,0.79946,0.79946,0.79946
0.51304,0.51304,0.51304,0.51304,0.51304
0.79946,0.79946,0.79946,0.79946,0.79946
0.51304,0.51304,0.51304,0.51304,0.51304
0.79946,0.79946,0.79946,0.79946,0.79946
0.51304,0.51304,0.51304,0.51304,0.51304
0.79946,0.79946,0.79946,0.79946,0.79946
0.51304,0.51304,0.51304,0.51304,0.51304
0.79946,0.79946,0.79946,0.79946,0.79946
0.51304,0.51304,0.51304,0.51304,0.51304
0.79946,0.79946,0.79946,0.79946,0.79946
0.51304,0.51304,0.51304,0.51304,0.51304
0.79946,0.79946,0.79946,0.79946,0.79946
0.51304,0.51304,0.51304,0.51304,0.51304
0.79946,0.79946,0.79946,0.79946,0.79946
0.51304,0.51304,0.51304,0.51304,0.51304
0.79946,0.79946,0.79946,0.79946,0.79946
0.51304,0.51304,0.51304,0.51304,0.51304
0.79946,0.79946,0.79946,0.79946,0.79946
0.51304,0.51304,0.51304,0.51304,0.51304
0.79946,0.79946,0.79946,0.79946,0.79946
0.51304,0.51304,0.51304,0.51304,0.51304
0.79946,0.79946,0.79946,0.79946,0.79946
0.51304,0.51304,0.51304,0.51304,0.51304
0.79946,0.79946,0.79946,0.79946,0.79946
0.51304,0.51304,0.51304,0.51304,0.51304
0.79946,0.79946,0.79946,0.79946,0.79946
0.51304,0.51304,0.51304,0.51304,0.51304
0.79946,0.79946,0.79946,0.79946,0.79946
0.51304,0.51304,0.51304,0.51304,0.51304
0.79946,0.79946,0.79946,0.79946,0.79946
0.51304,0.51304,0.51304,0.51304,0.51304
0.79946,0.79946,0.79946,0.79946,0.79946
0.51304,0.51304,0.51304,0.51304,0.51304
0.79946,0.79946,0.79946,0.79946,0.79946
0.51304,0.51304,0.51304,0.51304,0.51304
0.79946,0.79946,0.79946,0.79946,0.79946
0.51304,0.51304,0.51304,0.51304,0.51304
0.79946,0.79946,0.79946,0.79946,0.79946
0.51304,0.51304,0.51304,0.51304,0.51304
0.79946,0.79946,0.79946,0.79946,0.79946
0.51304,0.51304,0.51304,0.51304,0.51304
0.79946,0.79946,0.79946,0.79946,0.79946
0.51304,0.51304,0.51304,0.51304,0.51304
0.79946,0.79946,0.79946,0.79946,0.79946
0.51304,0.51304,0.51304,0.51304,0.51304
0.79946,0.79946,0.79946,0.79946,0.79946
0.51304,0.51304,0.51304,0.51304,0.51304
0.79946,0.79946,0.79946,0.79946,0.79946
0.51304,0.51304,0.51304,0.51304,0.51304
0.79946,0.79946,0.79946,0.79946,0.79946
0.51304,0.51304,0.51304,0.51304,0.51304
0.79946,0.79946,0.79946,0.79946,0.79946
0.51304,0.51304,0.51304,0.51304,0.51304
0.79946,0.79946,0.79946,0.79946,0.79946
0.51304,0.51304,0.51304,0.51304,0.51304
0.79946,0.79946,0.79946,0.79946,0.79946
0.51304,0.51304,0.51304,0.51304,0.51304
0.79946,0.79946,0.79946,0.79946,0.79946
0.51304,0.51304,0.51304,0.51304,0.51304
0.79946,0.79946,0.79946,0.79946,0.79946
0.51304,0.51304,0.51304,0.51304,0.51304
0.79946,0.79946,0.79946,0.79946,0.79946
0.51304,0.51304,0.51304,0.51304,0.51304
0.79946,0.79946,0.79946,0.79946,0.79946
0.51304,0.51304,0.51304,0.51304,0.51304
0.79946,0.79946,0.79946,0.79946,0.79946
0.51304,0.51304,0.51304,0.51304,0.51304
0.79946,0.79946,0.79946,0.79946,0.79946
0.51304,0.51304,0.51304,0.51304,0.51304
0.79946,0.79946,0.79946,0.79946,0.79946
0.51304,0.51304,0.51304,0.51304,0.51304
0.79946,0.79946,0.79946,0.79946,0.79946
0.51304,0.51304,0.51304,0.51304,0.51304
0.79946,0.79946,0.79946,0.79946,0.79946
0.51304,0.51304,0.51304,0.51304,0.51304
0.79946,0.79946,0.79946,0.79946,0.79946
0.51304,0.51304,0.51304,0.51304,0.51304
0.79946,0.79946,0.79946,0.79946,0.79946
0.51304,0.51304,0.51304,0.51304,0.51304
0.79946,0.79946,0.79946,0.79946,0.79946
0.51304,0.51304,0.51304,0.51304,0.51304
0.79946,0.79946,0.79946,0.79946,0.79946
0.51304,0.51304,0.51304,0.51304,0.51304
0.79946,0.79946,0.79946,0.79946,0.79946
0.51304,0.51304,0.51304,0.51304,0.51304
0.79946,0.79946,0.79946,0.79946,0.79946
0.51304,0.51304,0.51304,0.51304,0.51304
0.79946,0.79946,0.79946,0.79946,0.79946
0.51304,0.51304,0.51304,0.51304,0.51304
0.79946,0.79946,0.79946,0.79946,0.79946
0.51304,0.51304,0.51304,0.51304,0.51304
0.79946,0.79946,0.79946,0.79946,0.79946
0.51304,0.51304,0.51304,0.51304,0.51304
0.79946,0.79946,0.79946,0.79946,0.79946
0.51304,0.51304,0.51304,0.51304,0.51304
0.79946,0.79946,0.79946,0.79946,0.79946
0.51304,0.51304,0.51304,0.51304,0.51304
0.79946,0.79946,0.79946,0.79946,0.79946
0.51304,0.51304,0.51304,0.51304,0.51304
0.79946,0.79946,0.79946,0.79946,0.79946
0.51304,0.51304,0.51304,0.51304,0.51304
0.79946,0.79946,0.79946,0.79946,0.79946
0.51304,0.51304,0.51304,0.51304,0.51304
0.79946,0.79946,0.79946,0.79946,0.79946
0.51304,0.51304,0.51304,0.51304,0.51304
0.79946,0.79946,0.79946,0.79946,0.79946
0.51304,0.51304,0.51304,0.51304,0.51304
0.79946,0.79946,0.79946,0.79946,0.79946
0.51304,0.51304,0.51304,0.51304,0.51304
0.79946,0.79946,0.79946,0.79946,0.79946
0.51304,0.51304,0.51304,0.51304,0.51304
0.79946,0.79946,0.79946,0.79946,0.79946
0.51304,0.51304,0.51304,0.51304,0.51304
0.79946,0.79946,0.79946,0.79946,0.79946
0.51304,0.51304,0.51304,0.51304,0.51304
0.79946,0.79946,0.79946,0.79946,0.79946
0.51304,0.51304,0.51304,0.51304,0.51304
0.79946,0.79946,0.79946,0.79946,0.79946
0.51304,0.51304,0.51304,0.51304,0.51304
0.79946,0.79946,0.79946,0.79946,0.79946
0.51304,0.51304,0.51304,0.51304,0.51304
0.79946,0.79946,0.79946,0.79946,0.79946
0.51304,0.51304,0.51304,0.51304,0.51304
0.79946,0.79946,0.79946,0.79946,0.79946
0.51304,0.51304,0.51304,0.51304,0.51304
0.79946,0.79946,0.79946,0.79946,0.79946
0.51304,0.51304,0.51304,0.51304,0.51304
0.79946,0.79946,0.79946,0.79946,0.79946
0.51304,0.51304,0.51304,0.51304,0.51304
0.79946,0.79946,0.79946,0.79946,0.79946
0.51304,0.51304,0.51304,0.51304,0.51304
0.79946,0.79946,0.79946,0.79946,0.79946
0.51304,0.51304,0.51304,0.51304,0.51304
0.79946,0.79946,0.79946,0.79946,0.79946
0.51304,0.51304,0.51304,0.51304,0.51304
0.79946,0.79946,0.79946,0.79946,0.79946
0.51304,0.51304,0.51304,0.51304,0.51304
0.79946,0.79946,0.79946,0.79946,0.79946
0.51304,0.51304,0.51304,0.51304,0.51304
0.79946,0.79946,0.79946,0.79946,0.79946
0.51304,0.51304,0.51304,0.51304,0.51304
0.79946,0.79946,0.79946,0.79946,0.79946
0.51304,0.51304,0.51304,0.51304,0.51304
0.79946,0.79946,0.79946,0.79946,0.79946
0.51304,0.51304,0.51304,0.51304,0.51304
0.79946,0.79946,0.79946,0.79946,0.79946
0.51304,0.51304,0.51304,0.51304,0.51304
0.79946,0.79946,0.79946,0.79946,0.79946
0.51304,0.51304,0.51304,0.51304,0.51304
0.79946,0.79946,0.79946,0.79946,0.79946
0.51304,0.51304,0.51304,0.51304,0.51304
0.79946,0.79946,0.79946,0.79946,0.79946
0.51304,0.51304,0.51304,0.51304,0.51304
0.79946,0.79946,0.79946,0.79946,0.79946
0.51304,0.51304,0.51304,0.51304,0.51304
0.79946,0.79946,0.79946,0.79946,0.79946
0.51304,0.51304,0.51304,0.51304,0.51304
0.79946,0.79946,0.79946,0.79946,0.79946
0.51304,0.51304,0.51304,0.51304,0.51304
0.79946,0.79946,0.79946,0.79946,0.79946
0.51304,0.51304,0.51304,0.51304,0.51304
0.79946,0.79946,0.79946,0.79946,0.79946
0.51304,0.51304,0.51304,0.51304,0.51304
0.79946,0.79946,0.79946,0.79946,0.79946
0.51304,0.51304,0.51304,0.51304,0.51304
0.79946,0.79946,0.79946,0.79946,0.79946
0.51304,0.51304,0.51304,0.51304,0.51304
0.79946,0.79946,0.79946,0.79946,0.79946
0.51304,0.51304,0.51304,0.51304,0.51304
0.79946,0.79946,0.79946,0.79946,0.79946
0.51304,0.51304,0.51304,0.51304,0.51304
0.79946,0.79946,0.79946,0.79946,0.79946
0.51304,0.51304,0.51304,0.51304,0.51304
0.79946,0.79946,0.79946,0.79946,0.79946
0.51304,0.51304,0.51304,0.51304,0.51304
0.79946,0.79946,0.79946,0.79946,0.79946
0.51304,0.51304,0.51304,0.51304,0.51304
0.79946,0.79946,0.79946,0.79946,0.79946
0.51304,0.51304,0.51304,0.51304,0.51304
0.79946,0.79946,0.79946,0.79946,0.79946
0.51304,0.51304,0.51304,0.51304,0.51304
0.79946,0.79946,0.79946,0.79946,0.79946
0.51304,0.51304,0.51304,0.51304,0.51304
0.79946,0.79946,0.79946,0.79946,0.79946
0.51304,0.51304,0.51304,0.51304,0.51304
0.79946,0.79946,0.79946,0.79946,0.79946
0.51304,0.51304,0.51304,0.51304,0.51304
0.79946,0.79946,0.79946,0.79946,0.79946
0.51304,0.51304,0.51304,0.51304,0.51304
0.79946,0.79946,0.79946,0.79946,0.79946
0.51304,0.51304,0.51304,0.51304,0.51304
0.79946,0.79946,0.79946,0.79946,0.79946
0.51304,0.51304,0.51304,0.51304,0.51304
0.79946,0.79946,0.79946,0.79946,0.79946
0.51304,0.51304,0.51304,0.51304,0.51304
0.79946,0.79946,0.79946,0.79946,0.79946
0.51304,0.51304,0.51304,0.51304,0.51304
0.79946,0.79946,0.79946,0.79946,0.79946
0.51304,0.51304,0.51304,0.51304,0.51304
0.79946,0.79946,0.79946,0.79946,0.79946
0.51304,0.51304,0.51304,0.51304,0.51304
0.79946,0.79946,0.79946,0.79946,0.79946
0.51304,0.51304,0.51304,0.51304,0.51304
0.79946,0.79946,0.79946,0.79946,0.79946
0.51304,0.51304,0.51304,0.51304,0.51304
0.79946,0.79946,0.79946,0.79946,0.79946
0.51304,0.51304,0.51304,0.51304,0.51304
0.79946,0.79946,0.79946,0.79946,0.79946
0.51304,0.51304,0.51304,0.51304,0.51304
0.79946,0.79946,0.79946,0.79946,0.79946
0.51304,0.51304,0.51304,0.51304,0.51304
0.79946,0.79946,0.79946,0.79946,0.79946
0.51304,0.51304,0.51304,0.51304,0.51304
0.79946,0.79946,0.79946,0.79946,0.79946
0.51304,0.51304,0.51304,0.51304,0.51304
0.79946,0.79946,0.79946,0.79946,0.79946
0.51304,0.51304,0.51304,0.51304,0.51304
0.79946,0.79946,0.79946,0.79946,0.79946
0.51304,0.51304,0.51304,0.51304,0.51304
0.79946,0.79946,0.79946,0.79946,0.79946
0.51304,0.51304,0.51304,0.51304,0.51304
0.79946,0.79946,0.79946,0.79946,0.79946
0.51304,0.51304,0.51304,0.51304,0.51304
0.79946,0.79946,0.79946,0.79946,0.79946
0.51304,0.51304,0.51304,0.51304,0.51304
0.79946,0.79946,0.79946,0.79946,0.79946
0.51304,0.51304,0.51304,0.51304,0.51304
0.79946,0.79946,0.79946,0.79946,0.79946
0.51304,0.51304,0.51304,0.51304,0.51304
0.79946,0.79946,0.79946,0.79946,0.79946
0.51304,0.51304,0.51304,0.51304,0.51304
0.79946,0.79946,0.79946,0.79946,0.79946
0.51304,0.51304,0.51304,0.51304,0.51304
0.79946,0.79946,0.79946,0.79946,0.79946
0.51304,0.51304,0.51304,0.51304,0.51304
0.79946,0.79946,0.79946,0.79946,0.79946
0.51304,0.51304,0.51304,0.51304,0.51304
0.79946,0.79946,0.79946,0.79946,0.79946
0.51304,0.51304,0.51304,0.51304,0.51304
0.79946,0.79946,0.79946,0.79946,0.79946
0.51304,0.51304,0.51304,0.51304,0.51304
0.79946,0.79946,0.79946,0.79946,0.79946
0.51304,0.51304,0.51304,0.51304,0.51304
0.79946,0.79946,0.79946,0.79946,0.79946
0.51304,0.51304,0.51304,0.51304,0.51304
0.79946,0.79946,0.79946,0.79946,0.79946
0.51304,0.51304,0.51304,0.51304,0.51304
0.79946,0.79946,0.79946,0.79946,0.79946
0.51304,0.51304,0.51304,0.51304,0.51304
0.79946,0.79946,0.79946,0.79946,0.79946
0.51304,0.51304,0.51304,0.51304,0.51304
0.79946,0.79946,0.79946,0.79946,0.79946
0.51304,0.51304,0.51304,0.51304,0.51304
0.79946,0.79946,0.79946,0.79946,0.79946
0.51304,0.51304,0.51304,0.51304,0.51304
0.79946,0.79946,0.79946,0.79946,0.79946
0.51304,0.51304,0.51304,0.51304,0.51304
0.79946,0.79946,0.79946,0.79946,0.79946
0.51304,0.51304,0.51304,0.51304,0.51304
0.79946,0.79946,0.79946,0.79946,0.79946
0.51304,0.51304,0.51304,0.51304,0.51304
0.79946,0.79946,0.79946,0.79946,0.79946
0.51304,0.51304,0.51304,0.51304,0.51304
