0.1,0.2,0.3,0.5,0.6
0.5696,0.4864,0.6592,0.736,0.5888
0.78657,0.76124,0.71225,0.72182,0.71746
0.59956,0.59354,0.62083,0.65031,0.60164
0.76923,0.76303,0.75054,0.75363,0.75178
0.58391,0.5826,0.58894,0.59734,0.5843
0.77766,0.7765,0.77408,0.77471,0.77431
0.55649,0.55624,0.55747,0.55923,0.55656
0.78982,0.78966,0.78935,0.78943,0.78938
0.53166,0.53163,0.53179,0.53204,0.53167
0.79679,0.79678,0.79676,0.79677,0.79676
0.51816,0.51815,0.51817,0.51818,0.51816
0.79895,0.79894,0.79894,0.79894,0.79894
0.51402,0.51402,0.51402,0.51402,0.51402
0.79937,0.79937,0.79937,0.79937,0.79937
0.51321,0.51321,0.51321,0.51321,0.51321
0.79944,0.79944,0.79944,0.79944,0.79944
0.51307,0.51307,0.51307,0.51307,0.51307
0.79945,0.79945,0.79945,0.79945,0.79945
0.51305,0.51305,0.51305,0.51305,0.51305
0.79946,0.79946,0.79946,0.79946,0.79946
0.51305,0.51305,0.51305,0.51305,0.51305
0.79946,0.79946,0.79946,0.79946,0.79946
0.51304,0.51304,0.51304,0.51304,0.51304
0.79946,0.79946,0.79946,0.79946,0.79946
0.51304,0.51304,0.51304,0.51304,0.51304
0.79946,0.79946,0.79946,0.79946,0.79946
0.51304,0.51304,0.51304,0.51304,0.51304
0.79946,0.79946,0.79946,0.79946,0.79946
0.51304,0.51304,0.51304,0.51304,0.51304
0.79946,0.79946,0.79946,0.79946,0.79946
0.51304,0.51304,0.51304,0.51304,0.51304
0.79946,0.79946,0.79946,0.79946,0.79946
0.51304,0.51304,0.51304,0.51304,0.51304
0.79946,0.79946,0.79946,0.79946,0.79946
0.51304,0.51304,0.51304,0.51304,0.51304
0.79946,0.79946,0.79946,0.79946,0.79946
0.51304,0.51304,0.51304,0.51304,0.51304
0.79946,0.79946,0.79946,0.79946,0.79946
0.51304,0.51304,0.51304,0.51304,0.51304
0.79946,0.79946,0.79946,0.79946,0.79946
0.51304,0.51304,0.51304,0.51304,0.51304
0.79946,0.79946,0.79946,0.79946,0.79946
0.51304,0.51304,0.51304,0.51304,0.51304
0.79946,0.79946,0.79946,0.79946,0.79946
0.51304,0.51304,0.51304,0.51304,0.51304
0.79946,0.79946,0.79946,0.79946,0.79946
0.51304,0.51304,0.51304,0.51304,0.51304
0.79946,0.79946,0.79946,0.79946,0.79946
0.51304,0.51304,0.51304,0.51304,0.51304
0.79946,0.79946,0.79946,0.79946,0.79946
0.51304,0.51304,0.51304,0.51304,0.51304
0.79946,0.79946,0.79946,0.79946,0.79946
0.51304,0.51304,0.51304,0.51304,0.51304
0.79946,0.79946,0.79946,0.79946,0.79946
0.51304,0.51304,0.51304,0.51304,0.51304
0.79946,0.79946,0.79946,0.79946,0.79946
0.51304,0.51304,0.51304,0.51304,0.51304
0.79946,0.79946,0.79946,0.79946,0.79946
0.51304,0.51304,0.51304,0.51304,0.51304
0.79946,0.79946,0.79946,0.79946,0.79946
0.51304,0.51304,0.51304,0.51304,0.51304
0.79946,0.79946,0.79946,0.79946,0.79946
0.51304,0.51304,0.51304,0.51304,0.51304
0.79946,0.79946,0.79946,0.79946,0.79946
0.51304,0.51304,0.51304,0.51304,0.51304
0.79946,0.79946,0.79946,0.79946,0.79946
0.51304,0.51304,0.51304,0.51304,0.51304
0.79946,0.79946,0.79946,0.79946,0.79946
0.51304,0.51304,0.51304,0.51304,0.51304
0.79946,0.79946,0.79946,0.79946,0.79946
0.51304,0.51304,0.51304,0.51304,0.51304
0.79946,0.79946,0.79946,0.79946,0.79946
0.51304,0.51304,0.51304,0.51304,0.51304
0.79946,0.79946,0.79946,0.79946,0.79946
0.51304,0.51304,0.51304,0.51304,0.51304
0.79946,0.79946,0.79946,0.79946,0.79946
0.51304,0.51304,0.51304,0.51304,0.51304
0.79946,0.79946,0.79946,0.79946,0.79946
0.51304,0.51304,0.51304,0.51304,0.51304
0.79946,0.79946,0.79946,0.79946,0.79946
0.51304,0.51304,0.51304,0.51304,0.51304
0.79946,0.79946,0.79946,0.79946,0.79946
0.51304,0.51304,0.51304,0.51304,0.51304
0.79946,0.79946,0.79946,0.79946,0.79946
0.51304,0.51304,0.51304,0.51304,0.51304
0.79946,0.79946,0.79946,0.79946,0.79946
0.51304,0.51304,0.51304,0.51304,0.51304
0.79946,0.79946,0.79946,0.79946,0.79946
0.51304,0.51304,0.51304,0.51304,0.51304
0.79946,0.79946,0.79946,0.79946,0.79946
0.51304,0.51304,0.51304,0.51304,0.51304
0.79946,0.79946,0.79946,0.79946,0.79946
0.51304,0.51304,0.51304,0.51304,0.51304
0.79946,0.79946,0.79946,0.79946,0.79946
0.51304,0.51304,0.51304,0.51304,0.51304
0.79946,0.79946,0.79946,0.79946,0.79946
0.51304,0.51304,0.51304,0.51304,0.51304
0.79946,0.79946,0.79946,0.79946,0.79946
0.51304,0.51304,0.51304,0.51304,0.51304
0.79946,0.79946,0.79946,0.79946,0.79946
0.51304,0.51304,0.51304,0.51304,0.51304
0.79946,0.79946,0.79946,0.79946,0.79946
0.51304,0.51304,0.51304,0.51304,0.51304
0.79946,0.79946,0.79946,0.79946,0.79946
0.51304,0.51304,0.51304,0.51304,0.51304
0.79946,0.79946,0.79946,0.79946,0.79946
0.51304,0.51304,0.51304,0.51304,0.51304
0.79946,0.79946,0.79946,0.79946,0.79946
0.51304,0.51304,0.51304,0.51304,0.51304
0.79946,0.79946,0.79946,0.79946,0.79946
0.51304,0.51304,0.51304,0.51304,0.51304
0.79946,0.79946,0.79946,0.79946,0.79946
0.51304,0.51304,0.51304,0.51304,0.51304
0.79946,0.79946,0.79946,0.79946,0.79946
0.51304,0.51304,0.51304,0.51304,0.51304
0.79946,0.79946,0.79946,0.79946,0.79946
0.51304,0.51304,0.51304,0.51304,0.51304
0.79946,0.79946,0.79946,0.79946,0.79946
0.51304,0.51304,0.51304,0.51304,0.51304
0.79946,0.79946,0.79946,0.79946,0.79946
0.51304,0.51304,0.51304,0.51304,0.51304
0.79946,0.79946,0.79946,0.79946,0.79946
0.51304,0.51304,0.51304,0.51304,0.51304
0.79946,0.79946,0.79946,0.79946,0.79946
0.51304,0.51304,0.51304,0.51304,0.51304
0.79946,0.79946,0.79946,0.79946,0.79946
0.51304,0.51304,0.51304,0.51304,0.51304
0.79946,0.79946,0.79946,0.79946,0.79946
0.51304,0.51304,0.51304,0.51304,0.51304
0.79946,0.79946,0.79946,0.79946,0.79946
0.51304,0.51304,0.51304,0.51304,0.51304
0.79946,0.79946,0.79946,0.79946,0.79946
0.51304,0.51304,0.51304,0.51304,0.51304
0.79946,0.79946,0.79946,0.79946,0.79946
0.51304,0.51304,0.51304,0.51304,0.51304
0.79946,0.79946,0.79946,0.79946,0.79946
0.51304,0.51304,0.51304,0.51304,0.51304
0.79946,0.79946,0.79946,0.79946,0.79946
0.51304,0.51304,0.51304,0.51304,0.51304
0.79946,0.79946,0.79946,0.79946,0.79946
0.51304,0.51304,0.51304,0.51304,0.51304
0.79946,0.79946,0.79946,0.79946,0.79946
0.51304,0.51304,0.51304,0.51304,0.51304
0.79946,0.79946,0.79946,0.79946,0.79946
0.51304,0.51304,0.51304,0.51304,0.51304
0.79946,0.79946,0.79946,0.79946,0.79946
0.51304,0.51304,0.51304,0.51304,0.51304
0.79946,0.79946,0.79946,0.79946,0.79946
0.51304,0.51304,0.51304,0.51304,0.51304
0.79946,0.79946,0.79946,0.79946,0.79946
0.51304,0.51304,0.51304,0.51304,0.51304
0.79946,0.79946,0.79946,0.79946,0.79946
0.51304,0.51304,0.51304,0.51304,0.51304
0.79946,0.79946,0.79946,0.79946,0.79946
0.51304,0.51304,0.51304,0.51304,0.51304
0.79946,0.79946,0.79946,0.79946,0.79946
0.51304,0.51304,0.51304,0.51304,0.51304
0.79946,0.79946,0.79946,0.79946,0.79946
0.51304,0.51304,0.51304,0.51304,0.51304
0.79946,0.79946,0.79946,0.79946,0.79946
0.51304,0.51304,0.51304,0.51304,0.51304
0.79946,0.79946,0.79946,0.79946,0.79946
0.51304,0.51304,0.51304,0.51304,0.51304
0.79946,0.79946,0.79946,0.79946,0.79946
0.51304,0.51304,0.51304,0.51304,0.51304
0.79946,0.79946,0.79946,0.79946,0.79946
0.51304,0.51304,0.51304,0.51304,0.51304
0.79946,0.79946,0.79946,0.79946,0.79946
0.51304,0.51304,0.51304,0.51304,0.51304
0.79946,0.79946,0.79946,0.79946,0.79946
0.51304,0.51304,0.51304,0.51304,0.51304
0.79946,0.79946,0.79946,0.79946,0.79946
0.51304,0.51304,0.51304,0.51304,0.51304
0.79946,0.79946,0.79946,0.79946,0.79946
0.51304,0.51304,0.51304,0.51304,0.51304
0.79946,0.79946,0.79946,0.79946,0.79946
0.51304,0.51304,0.51304,0.51304,0.51304
0.79946,0.79946,0.79946,0.79946,0.79946
0.51304,0.51304,0.51304,0.51304,0.51304
0.79946,0.79946,0.79946,0.79946,0.79946
0.51304,0.51304,0.51304,0.51304,0.51304
0.79946,0.79946,0.79946,0.79946,0.79946
0.51304,0.51304,0.51304,0.51304,0.51304
0.79946,0.79946,0.79946,0.79946,0.79946
0.51304,0.51304,0.51304,0.51304,0.51304
0.79946,0.79946,0.79946,0.79946,0.79946
0.51304,0.51304,0.51304,0.51304,0.51304
0.79946,0.79946,0.79946,0.79946,0.79946
0.51304,0.51304,0.51304,0.51304,0.51304
0.79946,0.79946,0.79946,0.79946,0.79946
0.51304,0.51304,0.51304,0.51304,0.51304
0.79946,0.79946,0.79946,0.79946,0.79946
0.51304,0.51304,0.51304,0.51304,0.51304
0.79946,0.79946,0.79946,0.79946,0.79946
0.51304,0.51304,0.51304,0.51304,0.51304
0.79946,0.79946,0.79946,0.79946,0.79946
0.51304,0.51304,0.51304,0.51304,0.51304
0.79946,0.79946,0.79946,0.79946,0.79946
0.51304,0.51304,0.51304,0.51304,0.51304
0.79946,0.79946,0.79946,0.79946,0.79946
0.51304,0.51304,0.51304,0.51304,0.51304
0.79946,0.79946,0.79946,0.79946,0.79946
0.51304,0.51304,0.51304,0.51304,0.51304
0.79946,0.79946,0.79946,0.79946,0.79946
0.51304,0.51304,0.51304,0.51304,0.51304
0.79946,0.79946,0.79946,0.79946,0.79946
0.51304,0.51304,0.51304,0.51304,0.51304
0.79946,0.79946,0.79946,0.79946,0.79946
0.51304,0.51304,0.51304,0.51304,0.51304
0.79946,0.79946,0.79946,0.79946,0.79946
0.51304,0.51304,0.51304,0.51304,0.51304
0.79946,0.79946,0.79946,0.79946,0.79946
0.51304,0.51304,0.51304,0.51304,0.51304
0.79946,0.79946,0.79946,0.79946,0.79946
0.51304,0.51304,0.51304,0.51304,0.51304
0.79946,0.79946,0.79946,0.79946,0.79946
0.51304,0.51304,0.51304,0.51304,0.51304
0.79946,0.79946,0.79946,0.79946,0.79946
0.51304,0.51304,0.51304,0.51304,0.51304
0.79946,0.79946,0.79946,0.79946,0.79946
0.51304,0.51304,0.51304,0.51304,0.51304
0.79946,0.79946,0.79946,0.79946,0.79946
0.51304,0.51304,0.51304,0.51304,0.51304
0.79946,0.79946,0.79946,0.79946,0.79946
0.51304,0.51304,0.51304,0.51304,0.51304
0.79946,0.79946,0.79946,0.79946,0.79946
0.51304,0.51304,0.51304,0.51304,0.51304
0.79946,0.79946,0.79946,0.79946,0.79946
0.51304,0.51304,0.51304,0.51304,0.51304
0.79946,0.79946,0.79946,0.79946,0.79946
0.51304,0.51304,0.51304,0.51304,0.51304
0.79946,0.79946,0.79946,0.79946,0.79946
0.51304,0.51304,0.51304,0.51304,0.51304
0.79946,0.79946,0.79946,0.79946,0.79946
0.51304,0.51304,0.51304,0.51304,0.51304
0.79946,0.79946,0.79946,0.79946,0.79946
0.51304,0.51304,0.51304,0.51304,0.51304
0.79946,0.79946,0.79946,0.79946,0.79946
0.51304,0.51304,0.51304,0.51304,0.51304
0.79946,0.79946,0.79946,0.79946,0.79946
0.51304,0.51304,0.51304,0.51304,0.51304
0.79946,0.79946,0.79946,0.79946,0.79946
0.51304,0.51304,0.51304,0.51304,0.51304
0.79946,0.79946,0.79946,0.79946,0.79946
0.51304,0.51304,0.51304,0.51304,0.51304
0.79946,0.79946,0.79946,0.79946,0.79946
0.51304,0.51304,0.51304,0.51304,0.51304
0.79946,0.79946,0.79946,0.79946,0.79946
0.51304,0.51304,0.51304,0.51304,0.51304
0.79946,0.79946,0.79946,0.79946,0.79946
0.51304,0.51304,0.51304,0.51304,0.51304
0.79946,0.79946,0.79946,0.79946,0.79946
0.51304,0.51304,0.51304,0.51304,0.51304
0.79946,0.79946,0.79946,0.79946,0.79946
0.51304,0.51304,0.51304,0.51304,0.51304
0.79946,0.79946,0.79946,0.79946,0.79946
0.51304,0.51304,0.51304,0.51304,0.51304
0.79946,0.79946,0.79946,0.79946,0.79946
0.51304,0.51304,0.51304,0.51304,0.51304
0.79946,0.79946,0.79946,0.79946,0.79946
0.51304,0.51304,0.51304,0.51304,0.51304
0.79946,0.79946,0.79946,0.79946,0.79946
0.51304,0.51304,0.51304,0.51304,0.51304
0.79946,0.79946,0.79946,0.79946,0.79946
0.51304,0.51304,0.51304,0.51304,0.51304
0.79946,0.79946,0.79946,0.79946,0.79946
0.51304,0.51304,0.51304,0.51304,0.51304
0.79946,0.79946,0.79946,0.79946,0.79946
0.51304,0.51304,0.51304,0.51304,0.51304
0.79946,0.79946,0.79946,0.79946,0.79946
0.51304,0.51304,0.51304,0.51304,0.51304
0.79946,0.79946,0.79946,0.79946,0.79946
0.51304,0.51304,0.51304,0.51304,0.51304
0.79946,0.79946,0.79946,0.79946,0.79946
0.51304,0.51304,0.51304,0.51304,0.51304
0.79946,0.79946,0.79946,0.79946,0.79946
0.51304,0.51304,0.51304,0.51304,0.51304
0.79946,0.79946,0.79946,0.79946,0.79946
0.51304,0.51304,0.51304,0.51304,0.51304
0.79946,0.79946,0.79946,0.79946,0.79946
0.51304,0.51304,0.51304,0.51304,0.51304
0.79946,0.79946,0.79946,0.79946,0.79946
0.51304,0.51304,0.51304,0.51304,0.51304
0.79946,0.79946,0.79946,0.79946,0.79946
0.51304,0.51304,0.51304,0.51304,0.51304
0.79946,0.79946,0.79946,0.79946,0.79946
0.51304,0.51304,0.51304,0.51304,0.51304
0.79946,0.79946,0.79946,0.79946,0.79946
0.51304,0.51304,0.51304,0.51304,0.51304
0.79946,0.79946,0.79946,0.79946,0.79946
0.51304,0.51304,0.51304,0.51304,0.51304
0.79946,0.79946,0.79946,0.79946,0.79946
0.51304,0.51304,0.51304,0.51304,0.51304
0.79946,0.79946,0.79946,0.79946,0.79946
0.51304,0.51304,0.51304,0.51304,0.51304
0.79946,0.79946,0.79946,0.79946,0.79946
0.51304,0.51304,0.51304,0.51304,0.51304
0.79946,0.79946,0.79946,0.79946,0.79946
0.51304,0.51304,0.51304,0.51304,0.51304
0.79946,0.79946,0.79946,0.79946,0.79946
0.51304,0.51304,0.51304,0.51304,0.51304
0.79946,0.79946,0.79946,0.79946,0.79946
0.51304,0.51304,0.51304,0.51304,0.51304
0.79946,0.79946,0.79946,0.79946,0.79946
0.51304,0.51304,0.51304,0.51304,0.51304
0.79946,0.79946,0.79946,0.79946,0.79946
0.51304,0.51304,0.51304,0.51304,0.51304
0.79946,0.79946,0.79946,0.79946,0.79946
0.51304,0.51304,0.51304,0.51304,0.51304
0.79946,0.79946,0.79946,0.79946,0.79946
0.51304,0.51304,0.51304,0.51304,0.51304
0.79946,0.79946,0.79946,0.79946,0.79946
0.51304,0.51304,0.51304,0.51304,0.51304
0.79946,0.79946,0.79946,0.79946,0.79946
0.51304,0.51304,0.51304,0.51304,0.51304
0.79946,0.79946,0.79946,0.79946,0.79946
0.51304,0.51304,0.51304,0.51304,0.51304
0.79946,0.79946,0.79946,0.79946,0.79946
0.51304,0.51304,0.51304,0.51304,0.51304
0.79946,0.79946,0.79946,0.79946,0.79946
0.51304,0.51304,0.51304,0.51304,0.51304
0.79946,0.79946,0.79946,0.79946,0.79946
0.51304,0.51304,0.51304,0.51304,0.51304
0.79946,0.79946,0.79946,0.79946,0.79946
0.51304,0.51304,0.51304,0.51304,0.51304
0.79946,0.79946,0.79946,0.79946,0.79946
0.51304,0.51304,0.51304,0.51304,0.51304
0.79946,0.79946,0.79946,0.79946,0.79946
0.51304,0.51304,0.51304,0.51304,0.51304
0.79946,0.79946,0.79946,0.79946,0.79946
0.51304,0.51304,0.51304,0.51304,0.51304
0.79946,0.79946,0.79946,0.79946,0.79946
0.51304,0.51304,0.51304,0.51304,0.51304
0.79946,0.79946,0.79946,0.79946,0.79946
0.51304,0.51304,0.51304,0.51304,0.51304
0.79946,0.79946,0.79946,0.79946,0.79946
0.51304,0.51304,0.51304,0.51304,0.51304
0.79946,0.79946,0.79946,0.79946,0.79946
0.51304,0.51304,0.51304,0.51304,0.51304
0.79946,0.79946,0.79946,0.79946,0.79946
0.51304,0.51304,0.51304,0.51304,0.51304
0.79946,0.79946,0.79946,0.79946,0.79946
0.51304,0.51304,0.51304,0.51304,0.51304
0.79946,0.79946,0.79946,0.79946,0.79946
0.51304,0.51304,0.51304,0.51304,0.51304
0.79946,0.79946,0.79946,0.79946,0.79946
0.51304,0.51304,0.51304,0.51304,0.51304
0.79946,0.79946,0.79946,0.79946,0.79946
0.51304,0.51304,0.51304,0.51304,0.51304
0.79946,0.79946,0.79946,0.79946,0.79946
0.51304,0.51304,0.51304,0.51304,0.51304
0.79946,0.79946,0.79946,0.79946,0.79946
0.51304,0.51304,0.51304,0.51304,0.51304
0.79946,0.79946,0.79946,0.79946,0.79946
0.51304,0.51304,0.51304,0.51304,0.51304
0.79946,0.79946,0.79946,0.79946,0.79946
0.51304,0.51304,0.51304,0.51304,0.51304
0.79946,0.79946,0.79946,0.79946,0.79946
0.51304,0.51304,0.51304,0.51304,0.51304
0.79946,0.79946,0.79946,0.79946,0.79946
0.51304,0.51304,0.51304,0.51304,0.51304
0.79946,0.79946,0.79946,0.79946,0.79946
0.51304,0.51304,0.51304,0.51304,0.51304
0.79946,0.79946,0.79946,0.79946,0.79946
0.51304,0.51304,0.51304,0.51304,0.51304
0.79946,0.79946,0.79946,0.79946,0.79946
0.51304,0.51304,0.51304,0.51304,0.51304
0.79946,0.79946,0.79946,0.79946,0.79946
0.51304,0.51304,0.51304,0.51304,0.51304
0.79946,0.79946,0.79946,0.79946,0.79946
0.51304,0.51304,0.51304,0.51304,0.51304
0.79946,0.79946,0.79946,0.79946,0.79946
0.51304,0.51304,0.51304,0.51304,0.51304
0.79946,0.79946,0.79946,0.79946,0.79946
0.51304,0.51304,0.51304,0.51304,0.51304
0.79946,0.79946,0.79946,0.79946,0.79946
0.51304,0.51304,0.51304,0.51304,0.51304
0.79946,0.79946,0.79946,0.79946,0.79946
0.51304,0.51304,0.51304,0.51304,0.51304
0.79946,0.79946,0.79946,0.79946,0.79946
0.51304,0.51304,0.51304,0.51304,0.51304
0.79946,0.79946,0.79946,0.79946,0.79946
0.51304,0.51304,0.51304,0.51304,0.51304
0.79946,0.79946,0.79946,0.79946,0.79946
0.51304,0.51304,0.51304,0.51304,0.51304
0.79946,0.79946,0.79946,0.79946,0.79946
0.51304,0.51304,0.51304,0.51304,0.51304
0.79946,0.79946,0.79946,0.79946,0.79946
0.51304,0.51304,0.51304,0.51304,0.51304
0.79946,0.79946,0.79946,0.79946,0.79946
0.51304,0.51304,0.51304,0.51304,0.51304
0.79946,0.79946,0.79946,0.79946,0.79946
0.51304,0.51304,0.51304,0.51304,0.51304
0.79946,0.79946,0.79946,0.79946,0.79946
0.51304,0.51304,0.51304,0.51304,0.51304
0.79946,0.79946,0.79946,0.79946,0.79946
0.51304,0.51304,0.51304,0.51304,0.51304
0.79946,0.79946,0.79946,0.79946,0.79946
0.51304,0.51304,0.51304,0.51304,0.51304
0.79946,0.79946,0.79946,0.79946,0.79946
0.51304,0.51304,0.51304,0.51304,0.51304
0.79946,0.79946,0.79946,0.79946,0.79946
0.51304,0.51304,0.51304,0.51304,0.51304
0.79946,0.79946,0.79946,0.79946,0.79946
0.51304,0.51304,0.51304,0.51304,0.51304
0.79946,0.79946,0.79946,0.79946,0.79946
0.51304,0.51304,0.51304,0.51304,0.51304
0.79946,0.79946,0.79946,0.79946,0.79946
0.51304,0.51304,0.51304,0.51304,0.51304
0.79946,0.79946,0.79946,0.79946,0.79946
0.51304,0.51304,0.51304,0.51304,0.51304
0.79946,0.79946,0.79946,0.79946,0.79946
0.51304,0.51304,0.51304,0.51304,0.51304
0.79946,0.79946,0.79946,0.79946,0.79946
0.51304,0.51304,0.51304,0.51304,0.51304
0.79946,0.79946,0.79946,0.79946,0.79946
0.51304,0.51304,0.51304,0.51304,0.51304
0.79946,0.79946,0.79946,0.79946,0.79946
0.51304,0.51304,0.51304,0.51304,0.51304
0.79946,0.79946,0.79946,0.79946,0.79946
0.51304,0.51304,0.51304,0.51304,0.51304
0.79946,0.79946,0.79946,0.79946,0.79946
0.51304,0.51304,0.51304,0.51304,0.51304
0.79946,0.79946,0.79946,0.79946,0.79946
0.51304,0.51304,0.51304,0.51304,0.51304
0.79946,0.79946,0.79946,0.79946,0.79946
0.51304,0.51304,0.51304,0.51304,0.51304
0.79946,0.79946,0.79946,0.79946,0.79946
0.51304,0.51304,0.51304,0.51304,0.51304
0.79946,0.79946,0.79946,0.79946,0.79946
0.51304,0.51304,0.51304,0.51304,0.51304
0.79946,0.79946,0.79946,0.79946,0.79946
0.51304,0.51304,0.51304,0.51304,0.51304
0.79946,0.79946,0.79946,0.79946,0.79946
0.51304,0.51304,0.51304,0.51304,0.51304
0.79946,0.79946,0.79946,0.79946,0.79946
0.51304,0.51304,0.51304,0.51304,0.51304
0.79946,0.79946,0.79946,0.79946,0.79946
0.51304,0.51304,0.51304,0.51304,0.51304
0.79946,0.79946,0.79946,0.79946,0.79946
0.51304,0.51304,0.51304,0.51304,0.51304
0.79946,0.79946,0.79946,0.79946,0.79946
0.51304,0.51304,0.51304,0.51304,0.51304
0.79946,0.79946,0.79946,0.79946,0.79946
0.51304,0.51304,0.51304,0.51304,0.51304
0.79946,0.79946,0.79946,0.79946,0.79946
0.51304,0.51304,0.51304,0.51304,0.51304
0.79946,0.79946,0.79946,0.79946,0.79946
0.51304,0.51304,0.51304,0.51304,0.51304
0.79946,0.79946,0.79946,0.79946,0.79946
0.51304,0.51304,0.51304,0.51304,0.51304
0.79946,0.79946,0.79946,0.79946,0.79946
0.51304,0.51304,0.51304,0.51304,0.51304
0.79946,0.79946,0.79946,0.79946,0.79946
0.51304,0.51304,0.51304,0.51304,0.51304
0.79946,0.79946,0.79946,0.79946,0.79946
0.51304,0.51304,0.51304,0.51304,0.51304
0.79946,0.79946,0.79946,0.79946,0.79946
0.51304,0.51304,0.51304,0.51304,0.51304
0.79946,0.79946,0.79946,0.79946,0.79946
0.51304,0.51304,0.51304,0.51304,0.51304
0.79946,0.79946,0.79946,0.79946,0.79946
0.51304,0.51304,0.51304,0.51304,0.51304
0.79946,0.79946,0.79946,0.79946,0.79946
0.51304,0.51304,0.51304,0.51304,0.51304
0.79946,0.79946,0.79946,0.79946,0.79946
0.51304,0.51304,0.51304,0.51304,0.51304
0.79946,0.79946,0.79946,0.79946,0.79946
0.51304,0.51304,0.51304,0.51304,0.51304
0.79946,0.79946,0.79946,0.79946,0.79946
0.51304,0.51304,0.51304,0.51304,0.51304
0.79946,0.79946,0.79946,0.79946,0.79946
0.51304,0.51304,0.51304,0.51304,0.51304
0.79946,0.79946,0.79946,0.79946,0.79946
0.51304,0.51304,0.51304,0.51304,0.51304
0.79946,0.79946,0.79946,0.79946,0.79946
0.51304,0.51304,0.51304,0.51304,0.51304
0.79946,0.79946,0.79946,0.79946,0.79946
0.51304,0.51304,0.51304,0.51304,0.51304
0.79946,0.79946,0.79946,0.79946,0.79946
0.51304,0.51304,0.51304,0.51304,0.51304
0.79946,0.79946,0.79946,0.79946,0.79946
0.51304,0.51304,0.51304,0.51304,0.51304
0.79946,0.79946,0.79946,0.79946,0.79946
0.51304,0.51304,0.51304,0.51304,0.51304
0.79946,0.79946,0.79946,0.79946,0.79946
0.51304,0.51304,0.51304,0.51304,0.51304
0.79946,0.79946,0.79946,0.79946,0.79946
0.51304,0.51304,0.51304,0.51304,0.51304
0.79946,0.79946,0.79946,0.79946,0.79946
0.51304,0.51304,0.51304,0.51304,0.51304
0.79946,0.79946,0.79946,0.79946,0.79946
0.51304,0.51304,0.51304,0.51304,0.51304
0.79946,0.79946,0.79946,0.79946,0.79946
0.51304,0.51304,0.51304,0.51304,0.51304
0.79946,0.79946,0.79946,0.79946,0.79946
0.51304,0.51304,0.51304,0.51304,0.51304
0.79946,0.79946,0.79946,0.79946,0.79946
0.51304,0.51304,0.51304,0.51304,0.51304
0.79946,0.79946,0.79946,0.79946,0.79946
0.51304,0.51304,0.51304,0.51304,0.51304
0.79946,0.79946,0.79946,0.79946,0.79946
0.51304,0.51304,0.51304,0.51304,0.51304
0.79946,0.79946,0.79946,0.79946,0.79946
0.51304,0.51304,0.51304,0.51304,0.51304
0.79946,0.79946,0.79946,0.79946,0.79946
0.51304,0.51304,0.51304,0.51304,0.51304
0.79946,0.79946,0.79946,0.79946,0.79946
0.51304,0.51304,0.51304,0.51304,0.51304
0.79946,0.79946,0.79946,0.79946,0.79946
0.51304,0.51304,0.51304,0.51304,0.51304
0.79946,0.79946,0.79946,0.79946,0.79946
0.51304,0.51304,0.51304,0.51304,0.51304
0.79946,0.79946,0.79946,0.79946,0.79946
0.51304,0.51304,0.51304,0.51304,0.51304
0.79946,0.79946,0.79946,0.79946,0.79946
0.51304,0.51304,0.51304,0.51304,0.51304
0.79946,0.79946,0.79946,0.79946,0.79946
0.51304,0.51304,0.51304,0.51304,0.51304
0.79946,0.79946,0.79946,0.79946,0.79946
0.51304,0.51304,0.51304,0.51304,0.51304
0.79946,0.79946,0.79946,0.79946,0.79946
0.51304,0.51304,0.51304,0.51304,0.51304
0.79946,0.79946,0.79946,0.79946,0.79946
0.51304,0.51304,0.51304,0.51304,0.51304
0.79946,0.79946,0.79946,0.79946,0.79946
0.51304,0.51304,0.51304,0.51304,0.51304
0.79946,0.79946,0.79946,0.79946,0.79946
0.51304,0.51304,0.51304,0.51304,0.51304
0.79946,0.79946,0.79946,0.79946,0.79946
0.51304,0.51304,0.51304,0.51304,0.51304
0.79946,0.79946,0.79946,0.79946,0.79946
0.51304,0.51304,0.51304,0.51304,0.51304
0.79946,0.79946,0.79946,0.79946,0.79946
0.51304,0.51304,0.51304,0.51304,0.51304
0.79946,0.79946,0.79946,0.79946,0.79946
0.51304,0.51304,0.51304,0.51304,0.51304
0.79946,0.79946,0.79946,0.79946,0.79946
0.51304,0.51304,0.51304,0.51304,0.51304
0.79946,0.79946,0.79946,0.79946,0.79946
0.51304,0.51304,0.51304,0.51304,0.51304
0.79946,0.79946,0.79946,0.79946,0.79946
0.51304,0.51304,0.51304,0.51304,0.51304
0.79946,0.79946,0.79946,0.79946,0.79946
0.51304,0.51304,0.51304,0.51304,0.51304
0.79946,0.79946,0.79946,0.79946,0.79946
0.51304,0.51304,0.51304,0.51304,0.51304
0.79946,0.79946,0.79946,0.79946,0.79946
0.51304,0.51304,0.51304,0.51304,0.51304
0.79946,0.79946,0.79946,0.79946,0.79946
0.51304,0.51304,0.51304,0.51304,0.51304
0.79946,0.79946,0.79946,0.79946,0.79946
0.51304,0.51304,0.51304,0.51304,0.51304
0.79946,0.79946,0.79946,0.79946,0.79946
0.51304,0.51304,0.51304,0.51304,0.51304
0.79946,0.79946,0.79946,0.79946,0.79946
0.51304,0.51304,0.51304,0.51304,0.51304
0.79946,0.79946,0.79946,0.79946,0.79946
0.51304,0.51304,0.51304,0.51304,0.51304
0.79946,0.79946,0.79946,0.79946,0.79946
0.51304,0.51304,0.51304,0.51304,0.51304
0.79946,0.79946,0.79946,0.79946,0.79946
0.51304,0.51304,0.51304,0.51304,0.51304
0.79946,0.79946,0.79946,0.79946,0.79946
0.51304,0.51304,0.51304,0.51304,0.51304
0.79946,0.79946,0.79946,0.79946,0.79946
0.51304,0.51304,0.51304,0.51304,0.51304
0.79946,0.79946,0.79946,0.79946,0.79946
0.51304,0.51304,0.51304,0.51304,0.51304
0.79946,0.79946,0.79946,0.79946,0.79946
0.51304,0.51304,0.51304,0.51304,0.51304
0.79946,0.79946,0.79946,0.79946,0.79946
0.51304,0.51304,0.51304,0.51304,0.51304
0.79946,0.79946,0.79946,0.79946,0.79946
0.51304,0.51304,0.51304,0.51304,0.51304
0.79946,0.79946,0.79946,0.79946,0.79946
0.51304,0.51304,0.51304,0.51304,0.51304
0.79946,0.79946,0.79946,0.79946,0.79946
0.51304,0.51304,0.51304,0.51304,0.51304
0.79946,0.79946,0.79946,0.79946,0.79946
0.51304,0.51304,0.51304,0.51304,0.51304
0.79946,0.79946,0.79946,0.79946,0.79946
0.51304,0.51304,0.51304,0.51304,0.51304
0.79946,0.79946,0.79946,0.79946,0.79946
0.51304,0.51304,0.51304,0.51304,0.51304
0.79946,0.79946,0.79946,0.79946,0.79946
0.51304,0.51304,0.51304,0.51304,0.51304
0.79946,0.79946,0.79946,0.79946,0.79946
0.51304,0.51304,0.51304,0.51304,0.51304
0.79946,0.79946,0.79946,0.79946,0.79946
0.51304,0.51304,0.51304,0.51304,0.51304
0.79946,0.79946,0.79946,0.79946,0.79946
0.51304,0.51304,0.51304,0.51304,0.51304
0.79946,0.79946,0.79946,0.79946,0.79946
0.51304,0.51304,0.51304,0.51304,0.51304
0.79946,0.79946,0.79946,0.79946,0.79946
0.51304,0.51304,0.51304,0.51304,0.51304
0.79946,0.79946,0.79946,0.79946,0.79946
0.51304,0.51304,0.51304,0.51304,0.51304
0.79946,0.79946,0.79946,0.79946,0.79946
0.51304,0.51304,0.51304,0.51304,0.51304
0.79946,0.79946,0.79946,0.79946,0.79946
0.51304,0.51304,0.51304,0.51304,0.51304
0.79946,0.79946,0.79946,0.79946,0.79946
0.51304,0.51304,0.51304,0.51304,0.51304
0.79946,0.79946,0.79946,0.79946,0.79946
0.51304,0.51304,0.51304,0.51304,0.51304
0.79946,0.79946,0.79946,0.79946,0.79946
0.51304,0.51304,0.51304,0.51304,0.51304
0.79946,0.79946,0.79946,0.79946,0.79946
0.51304,0.51304,0.51304,0.51304,0.51304
0.79946,0.79946,0.79946,0.79946,0.79946
0.51304,0.51304,0.51304,0.51304,0.51304
0.79946,0.79946,0.79946,0.79946,0.79946
0.51304,0.51304,0.51304,0.51304,0.51304
0.79946,0.79946,0.79946,0.79946,0.79946
0.51304,0.51304,0.51304,0.51304,0.51304
0.79946,0.79946,0.79946,0.79946,0.79946
0.51304,0.51304,0.51304,0.51304,0.51304
0.79946,0.79946,0.79946,0.79946,0.79946
0.51304,0.51304,0.51304,0.51304,0.51304
0.79946,0.79946,0.79946,0.79946,0.79946
0.51304,0.51304,0.51304,0.51304,0.51304
0.79946,0.79946,0.79946,0.79946,0.79946
0.51304,0.51304,0.51304,0.51304,0.51304
0.79946,0.79946,0.79946,0.79946,0.79946
0.51304,0.51304,0.51304,0.51304,0.51304
0.79946,0.79946,0.79946,0.79946,0.79946
0.51304,0.51304,0.51304,0.51304,0.51304
0.79946,0.79946,0.79946,0.79946,0.79946
0.51304,0.51304,0.51304,0.51304,0.51304
0.79946,0.79946,0.79946,0.79946,0.79946
0.51304,0.51304,0.51304,0.51304,0.51304
0.79946,0.79946,0.79946,0.79946,0.79946
0.51304,0.51304,0.51304,0.51304,0.51304
0.79946,0.79946,0.79946,0.79946,0.79946
0.51304,0.51304,0.51304,0.51304,0.51304
0.79946,0.79946,0.79946,0.79946,0.79946
0.51304,0.51304,0.51304,0.51304,0.51304
0.79946,0.79946,0.79946,0.79946,0.79946
0.51304,0.51304,0.51304,0.51304,0.51304
0.79946,0.79946,0.79946,0.79946,0.79946
0.51304,0.51304,0.51304,0.51304,0.51304
0.79946,0.79946,0.79946,0.79946,0.79946
0.51304,0.51304,0.51304,0.51304,0.51304
0.79946,0.79946,0.79946,0.79946,0.79946
0.51304,0.51304,0.51304,0.51304,0.51304
0.79946,0.79946,0.79946,0.79946,0.79946
0.51304,0.51304,0.51304,0.51304,0.51304
0.79946,0.79946,0.79946,0.79946,0.79946
0.51304,0.51304,0.51304,0.51304,0.51304
0.79946,0.79946,0.79946,0.79946,0.79946
0.51304,0.51304,0.51304,0.51304,0.51304
0.79946,0.79946,0.79946,0.79946,0.79946
0.51304,0.51304,0.51304,0.51304,0.51304
0.79946,0.79946,0.79946,0.79946,0.79946
0.51304,0.51304,0.51304,0.51304,0.51304
0.79946,0.79946,0.79946,0.79946,0.79946
0.51304,0.51304,0.51304,0.51304,0.51304
0.79946,0.79946,0.79946,0.79946,0.79946
0.51304,0.51304,0.51304,0.51304,0.51304
0.79946,0.79946,0.79946,0.79946,0.79946
0.51304,0.51304,0.51304,0.51304,0.51304
0.79946,0.79946,0.79946,0.79946,0.79946
0.51304,0.51304,0.51304,0.51304,0.51304
0.79946,0.79946,0.79946,0.79946,0.79946
0.51304,0.51304,0.51304,0.51304,0.51304
0.79946,0.79946,0.79946,0.79946,0.79946
0.51304,0.51304,0.51304,0.51304,0.51304
0.79946,0.79946,0.79946,0.79946,0.79946
0.51304,0.51304,0.51304,0.51304,0.51304
0.79946,0.79946,0.79946,0.79946,0.79946
0.51304,0.51304,0.51304,0.51304,0.51304
0.79946,0.79946,0.79946,0.79946,0.79946
0.51304,0.51304,0.51304,0.51304,0.51304
0.79946,0.79946,0.79946,0.79946,0.79946
0.51304,0.51304,0.51304,0.51304,0.51304
0.79946,0.79946,0.79946,0.79946,0.79946
0.51304,0.51304,0.51304,0.51304,0.51304
0.79946,0.79946,0.79946,0.79946,0.79946
0.51304,0.51304,0.51304,0.51304,0.51304
0.79946,0.79946,0.79946,0.79946,0.79946
0.51304,0.51304,0.51304,0.51304,0.51304
0.79946,0.79946,0.79946,0.79946,0.79946
0.51304,0.51304,0.51304,0.51304,0.51304
0.79946,0.79946,0.79946,0.79946,0.79946
0.51304,0.51304,0.51304,0.51304,0.51304
0.79946,0.79946,0.79946,0.79946,0.79946
0.51304,0.51304,0.51304,0.51304,0.51304
0.79946,0.79946,0.79946,0.79946,0.79946
0.51304,0.51304,0.51304,0.51304,0.51304
0.79946,0.79946,0.79946,0.79946,0.79946
0.51304,0.51304,0.51304,0.51304,0.51304
0.79946,0.79946,0.79946,0.79946,0.79946
0.51304,0.51304,0.51304,0.51304,0.51304
0.79946,0.79946,0.79946,0.79946,0.79946
0.51304,0.51304,0.51304,0.51304,0.51304
0.79946,0.79946,0.79946,0.79946,0.79946
0.51304,0.51304,0.51304,0.51304,0.51304
0.79946,0.79946,0.79946,0.79946,0.79946
0.51304,0.51304,0.51304,0.51304,0.51304
0.79946,0.79946,0.79946,0.79946,0.79946
0.51304,0.51304,0.51304,0.51304,0.51304
0.79946,0.79946,0.79946,0.79946,0.79946
0.51304,0.51304,0.51304,0.51304,0.51304
0.79946,0.79946,0.79946,0.79946,0.79946
0.51304,0.51304,0.51304,0.51304,0.51304
0.79946,0.79946,0.79946,0.79946,0.79946
0.51304,0.51304,0.51304,0.51304,0.51304
0.79946,0.79946,0.79946,0.79946,0.79946
0.51304,0.51304,0.51304,0.51304,0.51304
0.79946,0.79946,0.79946,0.79946,0.79946
0.51304,0.51304,0.51304,0.51304,0.51304
0.79946,0.79946,0.79946,0.79946,0.79946
0.51304,0.51304,0.51304,0.51304,0.51304
0.79946,0.79946,0.79946,0.79946,0.79946
0.51304,0.51304,0.51304,0.51304,0.51304
0.79946,0.79946,0.79946,0.79946,0.79946
0.51304,0.51304,0.51304,0.51304,0.51304
0.79946,0.79946,0.79946,0.79946,0.79946
0.51304,0.51304,0.51304,0.51304,0.51304
0.79946,0.79946,0.79946,0.79946,0.79946
0.51304,0.51304,0.51304,0.51304,0.51304
0.79946,0.79946,0.79946,0.79946,0.79946
0.51304,0.51304,0.51304,0.51304,0.51304
0.79946,0.79946,0.79946,0.79946,0.79946
0.51304,0.51304,0.51304,0.51304,0.51304
0.79946,0.79946,0.79946,0.79946,0.79946
0.51304,0.51304,0.51304,0.51304,0.51304
0.79946,0.79946,0.79946,0.79946,0.79946
0.51304,0.51304,0.51304,0.51304,0.51304
0.79946,0.79946,0.79946,0.79946,0.79946
0.51304,0.51304,0.51304,0.51304,0.51304
0.79946,0.79946,0.79946,0.79946,0.79946
0.51304,0.51304,0.51304,0.51304,0.51304
0.79946,0.79946,0.79946,0.79946,0.79946
0.51304,0.51304,0.51304,0.51304,0.51304
0.79946,0.79946,0.79946,0.79946,0.79946
0.51304,0.51304,0.51304,0.51304,0.51304
0.79946,0.79946,0.79946,0.79946,0.79946
0.51304,0.51304,0.51304,0.51304,0.51304
0.79946,0.79946,0.79946,0.79946,0.79946
0.51304,0.51304,0.51304,0.51304,0.51304
0.79946,0.79946,0.79946,0.79946,0.79946
0.51304,0.51304,0.51304,0.51304,0.51304
0.79946,0.79946,0.79946,0.79946,0.79946
0.51304,0.51304,0.51304,0.51304,0.51304
0.79946,0.79946,0.79946,0.79946,0.79946
0.51304,0.51304,0.51304,0.51304,0.51304
0.79946,0.79946,0.79946,0.79946,0.79946
0.51304,0.51304,0.51304,0.51304,0.51304
0.79946,0.79946,0.79946,0.79946,0.79946
0.51304,0.51304,0.51304,0.51304,0.51304
0.79946,0.79946,0.79946,0.79946,0.79946
0.51304,0.51304,0.51304,0.51304,0.51304
0.79946,0.79946,0.79946,0.79946,0.79946
0.51304,0.51304,0.51304,0.51304,0.51304
0.79946,0.79946,0.79946,0.79946,0.79946
0.51304,0.51304,0.51304,0.51304,0.51304
0.79946,0.79946,0.79946,0.79946,0.79946
0.51304,0.51304,0.51304,0.51304,0.51304
0.79946,0.79946,0.79946,0.79946,0.79946
0.51304,0.51304,0.51304,0.51304,0.51304
0.79946,0.79946,0.79946,0.79946,0.79946
0.51304,0.51304,0.51304,0.51304,0.51304
0.79946,0.79946,0.79946,0.79946,0.79946
0.51304,0.51304,0.51304,0.51304,0.51304
0.79946,0.79946,0.79946,0.79946,0.79946
0.51304,0.51304,0.51304,0.51304,0.51304
0.79946,0.79946,0.79946,0.79946,0.79946
0.51304,0.51304,0.51304,0.51304,0.51304
0.79946,0.79946,0.79946,0.79946,0.79946
0.51304,0.51304,0.51304,0.51304,0.51304
0.79946,0.79946,0.79946,0.79946,0.79946
0.51304,0.51304,0.51304,0.51304,0.51304
0.79946,0.79946,0.79946,0.79946,0.79946
0.51304,0.51304,0.51304,0.51304,0.51304
0.79946,0.79946,0.79946,0.79946,0.79946
0.51304,0.51304,0.51304,0.51304,0.51304
0.79946,0.79946,0.79946,0.79946,0.79946
0.51304,0.51304,0.51304,0.51304,0.51304
0.79946,0.79946,0.79946,0.79946,0.79946
0.51304,0.51304,0.51304,0.51304,0.51304
0.79946,0.79946,0.79946,0.79946,0.79946
0.51304,0.51304,0.51304,0.51304,0.51304
0.79946,0.79946,0.79946,0.79946,0.79946
0.51304,0.51304,0.51304,0.51304,0.51304
0.79946,0.79946,0.79946,0.79946,0.79946
0.51304,0.51304,0.51304,0.51304,0.51304
0.79946,0.79946,0.79946,0.79946,0.79946
0.51304,0.51304,0.51304,0.51304,0.51304
0.79946,0.79946,0.79946,0.79946,0.79946
0.51304,0.51304,0.51304,0.51304,0.51304
0.79946,0.79946,0.79946,0.79946,0.79946
0.51304,0.51304,0.51304,0.51304,0.51304
0.79946,0.79946,0.79946,0.79946,0.79946
0.51304,0.51304,0.51304,0.51304,0.51304
0.79946,0.79946,0.79946,0.79946,0.79946
0.51304,0.51304,0.51304,0.51304,0.51304
0.79946,0.79946,0.79946,0.79946,0.79946
0.51304,0.51304,0.51304,0.51304,0.51304
0.79946,0.79946,0.79946,0.79946,0.79946
0.51304,0.51304,0.51304,0.51304,0.51304
0.79946,0.79946,0.79946,0.79946,0.79946
0.51304,0.51304,0.51304,0.51304,0.51304
0.79946,0.79946,0.79946,0.79946,0.79946
0.51304,0.51304,0.51304,0.51304,0.51304
0.79946,0.79946,0.79946,0.79946,0.79946
0.51304,0.51304,0.51304,0.51304,0.51304
0.79946,0.79946,0.79946,0.79946,0.79946
0.51304,0.51304,0.51304,0.51304,0.51304
0.79946,0.79946,0.79946,0.79946,0.79946
0.51304,0.51304,0.51304,0.51304,0.51304
0.79946,0.79946,0.79946,0.79946,0.79946
0.51304,0.51304,0.51304,0.51304,0.51304
0.79946,0.79946,0.79946,0.79946,0.79946
0.51304,0.51304,0.51304,0.51304,0.51304
0.79946,0.79946,0.79946,0.79946,0.79946
0.51304,0.51304,0.51304,0.51304,0.51304
0.79946,0.79946,0.79946,0.79946,0.79946
0.51304,0.51304,0.51304,0.51304,0.51304
0.79946,0.79946,0.79946,0.79946,0.79946
0.51304,0.51304,0.51304,0.51304,0.51304
0.79946,0.79946,0.79946,0.79946,0.79946
0.51304,0.51304,0.51304,0.51304,0.51304
0.79946,0.79946,0.79946,0.79946,0.79946
0.51304,0.51304,0.51304,0.51304,0.51304
0.79946,0.79946,0.79946,0.79946,0.79946
0.51304,0.51304,0.51304,0.51304,0.51304
0.79946,0.79946,0.79946,0.79946,0.79946
0.51304,0.51304,0.51304,0.51304,0.51304
0.79946,0.79946,0.79946,0.79946,0.79946
0.51304,0.51304,0.51304,0.51304,0.51304
0.79946,0.79946,0.79946,0.79946,0.79946
0.51304,0.51304,0.51304,0.51304,0.51304
0.79946,0.79946,0.79946,0.79946,0.79946
0.51304,0.51304,0.51304,0.51304,0.51304
0.79946,0.79946,0.79946,0.79946,0.79946
0.51304,0.51304,0.51304,0.51304,0.51304
0.79946,0.79946,0.79946,0.79946,0.79946
0.51304,0.51304,0.51304,0.51304,0.51304
0.79946,0.79946,0.79946,0.79946,0.79946
0.51304,0.51304,0.51304,0.51304,0.51304
0.79946,0.79946,0.79946,0.79946,0.79946
0.51304,0.51304,0.51304,0.51304,0.51304
0.79946,0.79946,0.79946,0.79946,0.79946
0.51304,0.51304,0.51304,0.51304,0.51304
0.79946,0.79946,0.79946,0.79946,0.79946
0.51304,0.51304,0.51304,0.51304,0.51304
0.79946,0.79946,0.79946,0.79946,0.79946
0.51304,0.51304,0.51304,0.51304,0.51304
0.79946,0.79946,0.79946,0.79946,0.79946
0.51304,0.51304,0.51304,0.51304,0.51304
0.79946,0.79946,0.79946,0.79946,0.79946
0.51304,0.51304,0.51304,0.51304,0.51304
0.79946,0.79946,0.79946,0.79946,0.79946
0.51304,0.51304,0.51304,0.51304,0.51304
0.79946,0.79946,0.79946,0.79946,0.79946
0.51304,0.51304,0.51304,0.51304,0.51304
0.79946,0.79946,0.79946,0.79946,0.79946
0.51304,0.51304,0.51304,0.51304,0.51304
0.79946,0.79946,0.79946,0.79946,0.79946
0.51304,0.51304,0.51304,0.51304,0.51304
0.79946,0.79946,0.79946,0.79946,0.79946
0.51304,0.51304,0.51304,0.51304,0.51304
0.79946,0.79946,0.79946,0.79946,0.79946
0.51304,0.51304,0.51304,0.51304,0.51304
0.79946,0.79946,0.79946,0.79946,0.79946
0.51304,0.51304,0.51304,0.51304,0.51304
0.79946,0.79946,0.79946,0.79946,0.79946
0.51304,0.51304,0.51304,0.51304,0.51304
0.79946,0.79946,0.79946,0.79946,0.79946
0.51304,0.51304,0.51304,0.51304,0.51304
0.79946,0.79946,0.79946,0.79946,0.79946
0.51304,0.51304,0.51304,0.51304,0.51304
0.79946,0.79946,0.79946,0.79946,0.79946
0.51304,0.51304,0.51304,0.51304,0.51304
0.79946,0.79946,0.79946,0.79946,0.79946
0.51304,0.51304,0.51304,0.51304,0.51304
0.79946,0.79946,0.79946,0.79946,0.79946
0.51304,0.51304,0.51304,0.51304,0.51304
0.79946,0.79946,0.79946,0.79946,0.79946
0.51304,0.51304,0.51304,0.51304,0.51304
0.79946,0.79946,0.79946,0.79946,0.79946
0.51304,0.51304,0.51304,0.51304,0.51304
0.79946,0.79946,0.79946,0.79946,0.79946
0.51304,0.51304,0.51304,0.51304,0.51304
0.79946,0.79946,0.79946,0.79946,0.79946
0.51304,0.51304,0.51304,0.51304,0.51304
0.79946,0.79946,0.79946,0.79946,0.79946
0.51304,0.51304,0.51304,0.51304,0.51304
0.79946,0.79946,0.79946,0.79946,0.79946
0.51304,0.51304,0.51304,0.51304,0.51304
0.79946,0.79946,0.79946,0.79946,0.79946
0.51304,0.51304,0.51304,0.51304,0.51304
0.79946,0.79946,0.79946,0.79946,0.79946
0.51304,0.51304,0.51304,0.51304,0.51304
0.79946,0.79946,0.79946,0.79946,0.79946
0.51304,0.51304,0.51304,0.51304,0.51304
0.79946,0.79946,0.79946,0.79946,0.79946
0.51304,0.51304,0.51304,0.51304,0.51304
0.79946,0.79946,0.79946,0.79946,0.79946
0.51304,0.51304,0.51304,0.51304,0.51304
0.79946,0.79946,0.79946,0.79946,0.79946
0.51304,0.51304,0.51304,0.51304,0.51304
0.79946,0.79946,0.79946,0.79946,0.79946
0.51304,0.51304,0.51304,0.51304,0.51304
0.79946,0.79946,0.79946,0.79946,0.79946
0.51304,0.51304,0.51304,0.51304,0.51304
0.79946,0.79946,0.79946,0.79946,0.79946
0.51304,0.51304,0.51304,0.51304,0.51304
0.79946,0.79946,0.79946,0.79946,0.79946
0.51304,0.51304,0.51304,0.51304,0.51304
0.79946,0.79946,0.79946,0.79946,0.79946
0.51304,0.51304,0.51304,0.51304,0.51304
0.79946,0.79946,0.79946,0.79946,0.79946
0.51304,0.51304,0.51304,0.51304,0.51304
0.79946,0.79946,0.79946,0.79946,0.79946
0.51304,0.51304,0.51304,0.51304,0.51304
0.79946,0.79946,0.79946,0.79946,0.79946
0.51304,0.51304,0.51304,0.51304,0.51304
0.79946,0.79946,0.79946,0.79946,0.79946
0.51304,0.51304,0.51304,0.51304,0.51304
0.79946,0.79946,0.79946,0.79946,0.79946
0.51304,0.51304,0.51304,0.51304,0.51304
0.79946,0.79946,0.79946,0.79946,0.79946
0.51304,0.51304,0.51304,0.51304,0.51304
0.79946,0.79946,0.79946,0.79946,0.79946
0.51304,0.51304,0.51304,0.51304,0.51304
0.79946,0.79946,0.79946,0.79946,0.79946
0.51304,0.51304,0.51304,0.51304,0.51304
0.79946,0.79946,0.79946,0.79946,0.79946
0.51304,0.51304,0.51304,0.51304,0.51304
0.79946,0.79946,0.79946,0.79946,0.79946
0.51304,0.51304,0.51304,0.51304,0.51304
0.79946,0.79946,0.79946,0.79946,0.79946
0.51304,0.51304,0.51304,0.51304,0.51304
0.79946,0.79946,0.79946,0.79946,0.79946
0.51304,0.51304,0.51304,0.51304,0.51304
0.79946,0.79946,0.79946,0.79946,0.79946
0.51304,0.51304,0.51304,0.51304,0.51304
0.79946,0.79946,0.79946,0.79946,0.79946
0.51304,0.51304,0.51304,0.51304,0.51304
0.79946,0.79946,0.79946,0.79946,0.79946
0.51304,0.51304,0.51304,0.51304,0.51304
0.79946,0.79946,0.79946,0.79946,0.79946
0.51304,0.51304,0.51304,0.51304,0.51304
0.79946,0.79946,0.79946,0.79946,0.79946
0.51304,0.51304,0.51304,0.51304,0.51304
0.79946,0.79946,0.79946,0.79946,0.79946
0.51304,0.51304,0.51304,0.51304,0.51304
0.79946,0.79946,0.79946,0.79946,0.79946
0.51304,0.51304,0.51304,0.51304,0.51304
0.79946,0.79946,0.79946,0.79946,0.79946
0.51304,0.51304,0.51304,0.51304,0.51304
0.79946,0.79946,0.79946,0.79946,0.79946
0.51304,0.51304,0.51304,0.51304,0.51304
0.79946,0.79946,0.79946,0.79946,0.79946
0.51304,0.51304,0.51304,0.51304,0.51304
0.79946,0.79946,0.79946,0.79946,0.79946
0.51304,0.51304,0.51304,0.51304,0.51304
0.79946,0.79946,0.79946,0.79946,0.79946
0.51304,0.51304,0.51304,0.51304,0.51304
0.79946,0.79946,0.79946,0.79946,0.79946
0.51304,0.51304,0.51304,0.51304,0.51304
0.79946,0.79946,0.79946,0.79946,0.79946
0.51304,0.51304,0.51304,0.51304,0.51304
0.79946,0.79946,0.79946,0.79946,0.79946
0.51304,0.51304,0.51304,0.51304,0.51304
0.79946,0.79946,0.79946,0.79946,0.79946
0.51304,0.51304,0.51304,0.51304,0.51304
0.79946,0.79946,0.79946,0.79946,0.79946
0.51304,0.51304,0.51304,0.51304,0.51304
0.79946,0.79946,0.79946,0.79946,0.79946
0.51304,0.51304,0.51304,0.51304,0.51304
0.79946,0.79946,0.79946,0.79946,0.79946
0.51304,0.51304,0.51304,0.51304,0.51304
0.79946,0.79946,0.79946,0.79946,0.79946
0.51304,0.51304,0.51304,0.51304,0.51304
0.79946,0.79946,0.79946,0.79946,0.79946
0.51304,0.51304,0.51304,0.51304,0.51304
0.79946,0.79946,0.79946,0.79946,0.79946
0.51304,0.51304,0.51304,0.51304,0.51304
0.79946,0.79946,0.79946,0.79946,0.79946
0.51304,0.51304,0.51304,0.51304,0.51304
0.79946,0.79946,0.79946,0.79946,0.79946
0.51304,0.51304,0.51304,0.51304,0.51304
0.79946,0.79946,0.79946,0.79946,0.79946
0.51304,0.51304,0.51304,0.51304,0.51304
0.79946,0.79946,0.79946,0.79946,0.79946
0.51304,0.51304,0.51304,0.51304,0.51304
0.79946,0.79946,0.79946,0.79946,0.79946
0.51304,0.51304,0.51304,0.51304,0.51304
0.79946,0.79946,0.79946,0.79946,0.79946
0.51304,0.51304,0.51304,0.51304,0.51304
0.79946,0.79946,0.79946,0.79946,0.79946
0.51304,0.51304,0.51304,0.51304,0.51304
0.79946,0.79946,0.79946,0.79946,0.79946
0.51304,0.51304,0.51304,0.51304,0.51304
