0.1,0.2,0.3,0.5,0.6
0.6237,0.4983,0.67815,0.75075,0.5841
0.80944,0.75515,0.72115,0.74662,0.70657
0.63336,0.58869,0.62187,0.66893,0.5784
0.79832,0.77394,0.76604,0.7844,0.75418
0.58825,0.56297,0.5701,0.59726,0.55141
0.81262,0.80483,0.80344,0.81066,0.79851
0.52243,0.51248,0.51331,0.52409,0.50715
0.82453,0.82394,0.82385,0.82447,0.82337
0.47913,0.47823,0.47822,0.47923,0.47775
0.82342,0.82349,0.8235,0.82342,0.82355
0.47963,0.47973,0.47973,0.47962,0.47979
0.82365,0.82364,0.82364,0.82365,0.82363
0.47936,0.47935,0.47934,0.47936,0.47934
0.82359,0.82359,0.82359,0.82359,0.82359
0.47945,0.47945,0.47945,0.47945,0.47945
0.82361,0.82361,0.82361,0.82361,0.82361
0.47942,0.47942,0.47942,0.47942,0.47942
0.8236,0.8236,0.8236,0.8236,0.8236
0.47943,0.47943,0.47943,0.47943,0.47943
0.8236,0.8236,0.8236,0.8236,0.8236
0.47943,0.47943,0.47943,0.47943,0.47943
0.8236,0.8236,0.8236,0.8236,0.8236
0.47943,0.47943,0.47943,0.47943,0.47943
0.8236,0.8236,0.8236,0.8236,0.8236
0.47943,0.47943,0.47943,0.47943,0.47943
0.8236,0.8236,0.8236,0.8236,0.8236
0.47943,0.47943,0.47943,0.47943,0.47943
0.8236,0.8236,0.8236,0.8236,0.8236
0.47943,0.47943,0.47943,0.47943,0.47943
0.8236,0.8236,0.8236,0.8236,0.8236
0.47943,0.47943,0.47943,0.47943,0.47943
0.8236,0.8236,0.8236,0.8236,0.8236
0.47943,0.47943,0.47943,0.47943,0.47943
0.8236,0.8236,0.8236,0.8236,0.8236
0.47943,0.47943,0.47943,0.47943,0.47943
0.8236,0.8236,0.8236,0.8236,0.8236
0.47943,0.47943,0.47943,0.47943,0.47943
0.8236,0.8236,0.8236,0.8236,0.8236
0.47943,0.47943,0.47943,0.47943,0.47943
0.8236,0.8236,0.8236,0.8236,0.8236
0.47943,0.47943,0.47943,0.47943,0.47943
0.8236,0.8236,0.8236,0.8236,0.8236
0.47943,0.47943,0.47943,0.47943,0.47943
0.8236,0.8236,0.8236,0.8236,0.8236
0.47943,0.47943,0.47943,0.47943,0.47943
0.8236,0.8236,0.8236,0.8236,0.8236
0.47943,0.47943,0.47943,0.47943,0.47943
0.8236,0.8236,0.8236,0.8236,0.8236
0.47943,0.47943,0.47943,0.47943,0.47943
0.8236,0.8236,0.8236,0.8236,0.8236
0.47943,0.47943,0.47943,0.47943,0.47943
0.8236,0.8236,0.8236,0.8236,0.8236
0.47943,0.47943,0.47943,0.47943,0.47943
0.8236,0.8236,0.8236,0.8236,0.8236
0.47943,0.47943,0.47943,0.47943,0.47943
0.8236,0.8236,0.8236,0.8236,0.8236
0.47943,0.47943,0.47943,0.47943,0.47943
0.8236,0.8236,0.8236,0.8236,0.8236
0.47943,0.47943,0.47943,0.47943,0.47943
0.8236,0.8236,0.8236,0.8236,0.8236
0.47943,0.47943,0.47943,0.47943,0.47943
0.8236,0.8236,0.8236,0.8236,0.8236
0.47943,0.47943,0.47943,0.47943,0.47943
0.8236,0.8236,0.8236,0.8236,0.8236
0.47943,0.47943,0.47943,0.47943,0.47943
0.8236,0.8236,0.8236,0.8236,0.8236
0.47943,0.47943,0.47943,0.47943,0.47943
0.8236,0.8236,0.8236,0.8236,0.8236
0.47943,0.47943,0.47943,0.47943,0.47943
0.8236,0.8236,0.8236,0.8236,0.8236
0.47943,0.47943,0.47943,0.47943,0.47943
0.8236,0.8236,0.8236,0.8236,0.8236
0.47943,0.47943,0.47943,0.47943,0.47943
0.8236,0.8236,0.8236,0.8236,0.8236
0.47943,0.47943,0.47943,0.47943,0.47943
0.8236,0.8236,0.8236,0.8236,0.8236
0.47943,0.47943,0.47943,0.47943,0.47943
0.8236,0.8236,0.8236,0.8236,0.8236
0.47943,0.47943,0.47943,0.47943,0.47943
0.8236,0.8236,0.8236,0.8236,0.8236
0.47943,0.47943,0.47943,0.47943,0.47943
0.8236,0.8236,0.8236,0.8236,0.8236
0.47943,0.47943,0.47943,0.47943,0.47943
0.8236,0.8236,0.8236,0.8236,0.8236
0.47943,0.47943,0.47943,0.47943,0.47943
0.8236,0.8236,0.8236,0.8236,0.8236
0.47943,0.47943,0.47943,0.47943,0.47943
0.8236,0.8236,0.8236,0.8236,0.8236
0.47943,0.47943,0.47943,0.47943,0.47943
0.8236,0.8236,0.8236,0.8236,0.8236
0.47943,0.47943,0.47943,0.47943,0.47943
0.8236,0.8236,0.8236,0.8236,0.8236
0.47943,0.47943,0.47943,0.47943,0.47943
0.8236,0.8236,0.8236,0.8236,0.8236
0.47943,0.47943,0.47943,0.47943,0.47943
0.8236,0.8236,0.8236,0.8236,0.8236
0.47943,0.47943,0.47943,0.47943,0.47943
0.8236,0.8236,0.8236,0.8236,0.8236
0.47943,0.47943,0.47943,0.47943,0.47943
0.8236,0.8236,0.8236,0.8236,0.8236
0.47943,0.47943,0.47943,0.47943,0.47943
0.8236,0.8236,0.8236,0.8236,0.8236
0.47943,0.47943,0.47943,0.47943,0.47943
0.8236,0.8236,0.8236,0.8236,0.8236
0.47943,0.47943,0.47943,0.47943,0.47943
0.8236,0.8236,0.8236,0.8236,0.8236
0.47943,0.47943,0.47943,0.47943,0.47943
0.8236,0.8236,0.8236,0.8236,0.8236
0.47943,0.47943,0.47943,0.47943,0.47943
0.8236,0.8236,0.8236,0.8236,0.8236
0.47943,0.47943,0.47943,0.47943,0.47943
0.8236,0.8236,0.8236,0.8236,0.8236
0.47943,0.47943,0.47943,0.47943,0.47943
0.8236,0.8236,0.8236,0.8236,0.8236
0.47943,0.47943,0.47943,0.47943,0.47943
0.8236,0.8236,0.8236,0.8236,0.8236
0.47943,0.47943,0.47943,0.47943,0.47943
0.8236,0.8236,0.8236,0.8236,0.8236
0.47943,0.47943,0.47943,0.47943,0.47943
0.8236,0.8236,0.8236,0.8236,0.8236
0.47943,0.47943,0.47943,0.47943,0.47943
0.8236,0.8236,0.8236,0.8236,0.8236
0.47943,0.47943,0.47943,0.47943,0.47943
0.8236,0.8236,0.8236,0.8236,0.8236
0.47943,0.47943,0.47943,0.47943,0.47943
0.8236,0.8236,0.8236,0.8236,0.8236
0.47943,0.47943,0.47943,0.47943,0.47943
0.8236,0.8236,0.8236,0.8236,0.8236
0.47943,0.47943,0.47943,0.47943,0.47943
0.8236,0.8236,0.8236,0.8236,0.8236
0.47943,0.47943,0.47943,0.47943,0.47943
0.8236,0.8236,0.8236,0.8236,0.8236
0.47943,0.47943,0.47943,0.47943,0.47943
0.8236,0.8236,0.8236,0.8236,0.8236
0.47943,0.47943,0.47943,0.47943,0.47943
0.8236,0.8236,0.8236,0.8236,0.8236
0.47943,0.47943,0.47943,0.47943,0.47943
0.8236,0.8236,0.8236,0.8236,0.8236
0.47943,0.47943,0.47943,0.47943,0.47943
0.8236,0.8236,0.8236,0.8236,0.8236
0.47943,0.47943,0.47943,0.47943,0.47943
0.8236,0.8236,0.8236,0.8236,0.8236
0.47943,0.47943,0.47943,0.47943,0.47943
0.8236,0.8236,0.8236,0.8236,0.8236
0.47943,0.47943,0.47943,0.47943,0.47943
0.8236,0.8236,0.8236,0.8236,0.8236
0.47943,0.47943,0.47943,0.47943,0.47943
0.8236,0.8236,0.8236,0.8236,0.8236
0.47943,0.47943,0.47943,0.47943,0.47943
0.8236,0.8236,0.8236,0.8236,0.8236
0.47943,0.47943,0.47943,0.47943,0.47943
0.8236,0.8236,0.8236,0.8236,0.8236
0.47943,0.47943,0.47943,0.47943,0.47943
0.8236,0.8236,0.8236,0.8236,0.8236
0.47943,0.47943,0.47943,0.47943,0.47943
0.8236,0.8236,0.8236,0.8236,0.8236
0.47943,0.47943,0.47943,0.47943,0.47943
0.8236,0.8236,0.8236,0.8236,0.8236
0.47943,0.47943,0.47943,0.47943,0.47943
0.8236,0.8236,0.8236,0.8236,0.8236
0.47943,0.47943,0.47943,0.47943,0.47943
0.8236,0.8236,0.8236,0.8236,0.8236
0.47943,0.47943,0.47943,0.47943,0.47943
0.8236,0.8236,0.8236,0.8236,0.8236
0.47943,0.47943,0.47943,0.47943,0.47943
0.8236,0.8236,0.8236,0.8236,0.8236
0.47943,0.47943,0.47943,0.47943,0.47943
0.8236,0.8236,0.8236,0.8236,0.8236
0.47943,0.47943,0.47943,0.47943,0.47943
0.8236,0.8236,0.8236,0.8236,0.8236
0.47943,0.47943,0.47943,0.47943,0.47943
0.8236,0.8236,0.8236,0.8236,0.8236
0.47943,0.47943,0.47943,0.47943,0.47943
0.8236,0.8236,0.8236,0.8236,0.8236
0.47943,0.47943,0.47943,0.47943,0.47943
0.8236,0.8236,0.8236,0.8236,0.8236
0.47943,0.47943,0.47943,0.47943,0.47943
0.8236,0.8236,0.8236,0.8236,0.8236
0.47943,0.47943,0.47943,0.47943,0.47943
0.8236,0.8236,0.8236,0.8236,0.8236
0.47943,0.47943,0.47943,0.47943,0.47943
0.8236,0.8236,0.8236,0.8236,0.8236
0.47943,0.47943,0.47943,0.47943,0.47943
0.8236,0.8236,0.8236,0.8236,0.8236
0.47943,0.47943,0.47943,0.47943,0.47943
0.8236,0.8236,0.8236,0.8236,0.8236
0.47943,0.47943,0.47943,0.47943,0.47943
0.8236,0.8236,0.8236,0.8236,0.8236
0.47943,0.47943,0.47943,0.47943,0.47943
0.8236,0.8236,0.8236,0.8236,0.8236
0.47943,0.47943,0.47943,0.47943,0.47943
0.8236,0.8236,0.8236,0.8236,0.8236
0.47943,0.47943,0.47943,0.47943,0.47943
0.8236,0.8236,0.8236,0.8236,0.8236
0.47943,0.47943,0.47943,0.47943,0.47943
0.8236,0.8236,0.8236,0.8236,0.8236
0.47943,0.47943,0.47943,0.47943,0.47943
0.8236,0.8236,0.8236,0.8236,0.8236
0.47943,0.47943,0.47943,0.47943,0.47943
0.8236,0.8236,0.8236,0.8236,0.8236
0.47943,0.47943,0.47943,0.47943,0.47943
0.8236,0.8236,0.8236,0.8236,0.8236
0.47943,0.47943,0.47943,0.47943,0.47943
0.8236,0.8236,0.8236,0.8236,0.8236
0.47943,0.47943,0.47943,0.47943,0.47943
0.8236,0.8236,0.8236,0.8236,0.8236
0.47943,0.47943,0.47943,0.47943,0.47943
0.8236,0.8236,0.8236,0.8236,0.8236
0.47943,0.47943,0.47943,0.47943,0.47943
0.8236,0.8236,0.8236,0.8236,0.8236
0.47943,0.47943,0.47943,0.47943,0.47943
0.8236,0.8236,0.8236,0.8236,0.8236
0.47943,0.47943,0.47943,0.47943,0.47943
0.8236,0.8236,0.8236,0.8236,0.8236
0.47943,0.47943,0.47943,0.47943,0.47943
0.8236,0.8236,0.8236,0.8236,0.8236
0.47943,0.47943,0.47943,0.47943,0.47943
0.8236,0.8236,0.8236,0.8236,0.8236
0.47943,0.47943,0.47943,0.47943,0.47943
0.8236,0.8236,0.8236,0.8236,0.8236
0.47943,0.47943,0.47943,0.47943,0.47943
0.8236,0.8236,0.8236,0.8236,0.8236
0.47943,0.47943,0.47943,0.47943,0.47943
0.8236,0.8236,0.8236,0.8236,0.8236
0.47943,0.47943,0.47943,0.47943,0.47943
0.8236,0.8236,0.8236,0.8236,0.8236
0.47943,0.47943,0.47943,0.47943,0.47943
0.8236,0.8236,0.8236,0.8236,0.8236
0.47943,0.47943,0.47943,0.47943,0.47943
0.8236,0.8236,0.8236,0.8236,0.8236
0.47943,0.47943,0.47943,0.47943,0.47943
0.8236,0.8236,0.8236,0.8236,0.8236
0.47943,0.47943,0.47943,0.47943,0.47943
0.8236,0.8236,0.8236,0.8236,0.8236
0.47943,0.47943,0.47943,0.47943,0.47943
0.8236,0.8236,0.8236,0.8236,0.8236
0.47943,0.47943,0.47943,0.47943,0.47943
0.8236,0.8236,0.8236,0.8236,0.8236
0.47943,0.47943,0.47943,0.47943,0.47943
0.8236,0.8236,0.8236,0.8236,0.8236
0.47943,0.47943,0.47943,0.47943,0.47943
0.8236,0.8236,0.8236,0.8236,0.8236
0.47943,0.47943,0.47943,0.47943,0.47943
0.8236,0.8236,0.8236,0.8236,0.8236
0.47943,0.47943,0.47943,0.47943,0.47943
0.8236,0.8236,0.8236,0.8236,0.8236
0.47943,0.47943,0.47943,0.47943,0.47943
0.8236,0.8236,0.8236,0.8236,0.8236
0.47943,0.47943,0.47943,0.47943,0.47943
0.8236,0.8236,0.8236,0.8236,0.8236
0.47943,0.47943,0.47943,0.47943,0.47943
0.8236,0.8236,0.8236,0.8236,0.8236
0.47943,0.47943,0.47943,0.47943,0.47943
0.8236,0.8236,0.8236,0.8236,0.8236
0.47943,0.47943,0.47943,0.47943,0.47943
0.8236,0.8236,0.8236,0.8236,0.8236
0.47943,0.47943,0.47943,0.47943,0.47943
0.8236,0.8236,0.8236,0.8236,0.8236
0.47943,0.47943,0.47943,0.47943,0.47943
0.8236,0.8236,0.8236,0.8236,0.8236
0.47943,0.47943,0.47943,0.47943,0.47943
0.8236,0.8236,0.8236,0.8236,0.8236
0.47943,0.47943,0.47943,0.47943,0.47943
0.8236,0.8236,0.8236,0.8236,0.8236
0.47943,0.47943,0.47943,0.47943,0.47943
0.8236,0.8236,0.8236,0.8236,0.8236
0.47943,0.47943,0.47943,0.47943,0.47943
0.8236,0.8236,0.8236,0.8236,0.8236
0.47943,0.47943,0.47943,0.47943,0.47943
0.8236,0.8236,0.8236,0.8236,0.8236
0.47943,0.47943,0.47943,0.47943,0.47943
0.8236,0.8236,0.8236,0.8236,0.8236
0.47943,0.47943,0.47943,0.47943,0.47943
0.8236,0.8236,0.8236,0.8236,0.8236
0.47943,0.47943,0.47943,0.47943,0.47943
0.8236,0.8236,0.8236,0.8236,0.8236
0.47943,0.47943,0.47943,0.47943,0.47943
0.8236,0.8236,0.8236,0.8236,0.8236
0.47943,0.47943,0.47943,0.47943,0.47943
0.8236,0.8236,0.8236,0.8236,0.8236
0.47943,0.47943,0.47943,0.47943,0.47943
0.8236,0.8236,0.8236,0.8236,0.8236
0.47943,0.47943,0.47943,0.47943,0.47943
0.8236,0.8236,0.8236,0.8236,0.8236
0.47943,0.47943,0.47943,0.47943,0.47943
0.8236,0.8236,0.8236,0.8236,0.8236
0.47943,0.47943,0.47943,0.47943,0.47943
0.8236,0.8236,0.8236,0.8236,0.8236
0.47943,0.47943,0.47943,0.47943,0.47943
0.8236,0.8236,0.8236,0.8236,0.8236
0.47943,0.47943,0.47943,0.47943,0.47943
0.8236,0.8236,0.8236,0.8236,0.8236
0.47943,0.47943,0.47943,0.47943,0.47943
0.8236,0.8236,0.8236,0.8236,0.8236
0.47943,0.47943,0.47943,0.47943,0.47943
0.8236,0.8236,0.8236,0.8236,0.8236
0.47943,0.47943,0.47943,0.47943,0.47943
0.8236,0.8236,0.8236,0.8236,0.8236
0.47943,0.47943,0.47943,0.47943,0.47943
0.8236,0.8236,0.8236,0.8236,0.8236
0.47943,0.47943,0.47943,0.47943,0.47943
0.8236,0.8236,0.8236,0.8236,0.8236
0.47943,0.47943,0.47943,0.47943,0.47943
0.8236,0.8236,0.8236,0.8236,0.8236
0.47943,0.47943,0.47943,0.47943,0.47943
0.8236,0.8236,0.8236,0.8236,0.8236
0.47943,0.47943,0.47943,0.47943,0.47943
0.8236,0.8236,0.8236,0.8236,0.8236
0.47943,0.47943,0.47943,0.47943,0.47943
0.8236,0.8236,0.8236,0.8236,0.8236
0.47943,0.47943,0.47943,0.47943,0.47943
0.8236,0.8236,0.8236,0.8236,0.8236
0.47943,0.47943,0.47943,0.47943,0.47943
0.8236,0.8236,0.8236,0.8236,0.8236
0.47943,0.47943,0.47943,0.47943,0.47943
0.8236,0.8236,0.8236,0.8236,0.8236
0.47943,0.47943,0.47943,0.47943,0.47943
0.8236,0.8236,0.8236,0.8236,0.8236
0.47943,0.47943,0.47943,0.47943,0.47943
0.8236,0.8236,0.8236,0.8236,0.8236
0.47943,0.47943,0.47943,0.47943,0.47943
0.8236,0.8236,0.8236,0.8236,0.8236
0.47943,0.47943,0.47943,0.47943,0.47943
0.8236,0.8236,0.8236,0.8236,0.8236
0.47943,0.47943,0.47943,0.47943,0.47943
0.8236,0.8236,0.8236,0.8236,0.8236
0.47943,0.47943,0.47943,0.47943,0.47943
0.8236,0.8236,0.8236,0.8236,0.8236
0.47943,0.47943,0.47943,0.47943,0.47943
0.8236,0.8236,0.8236,0.8236,0.8236
0.47943,0.47943,0.47943,0.47943,0.47943
0.8236,0.8236,0.8236,0.8236,0.8236
0.47943,0.47943,0.47943,0.47943,0.47943
0.8236,0.8236,0.8236,0.8236,0.8236
0.47943,0.47943,0.47943,0.47943,0.47943
0.8236,0.8236,0.8236,0.8236,0.8236
0.47943,0.47943,0.47943,0.47943,0.47943
0.8236,0.8236,0.8236,0.8236,0.8236
0.47943,0.47943,0.47943,0.47943,0.47943
0.8236,0.8236,0.8236,0.8236,0.8236
0.47943,0.47943,0.47943,0.47943,0.47943
0.8236,0.8236,0.8236,0.8236,0.8236
0.47943,0.47943,0.47943,0.47943,0.47943
0.8236,0.8236,0.8236,0.8236,0.8236
0.47943,0.47943,0.47943,0.47943,0.47943
0.8236,0.8236,0.8236,0.8236,0.8236
0.47943,0.47943,0.47943,0.47943,0.47943
0.8236,0.8236,0.8236,0.8236,0.8236
0.47943,0.47943,0.47943,0.47943,0.47943
0.8236,0.8236,0.8236,0.8236,0.8236
0.47943,0.47943,0.47943,0.47943,0.47943
0.8236,0.8236,0.8236,0.8236,0.8236
0.47943,0.47943,0.47943,0.47943,0.47943
0.8236,0.8236,0.8236,0.8236,0.8236
0.47943,0.47943,0.47943,0.47943,0.47943
0.8236,0.8236,0.8236,0.8236,0.8236
0.47943,0.47943,0.47943,0.47943,0.47943
0.8236,0.8236,0.8236,0.8236,0.8236
0.47943,0.47943,0.47943,0.47943,0.47943
0.8236,0.8236,0.8236,0.8236,0.8236
0.47943,0.47943,0.47943,0.47943,0.47943
0.8236,0.8236,0.8236,0.8236,0.8236
0.47943,0.47943,0.47943,0.47943,0.47943
0.8236,0.8236,0.8236,0.8236,0.8236
0.47943,0.47943,0.47943,0.47943,0.47943
0.8236,0.8236,0.8236,0.8236,0.8236
0.47943,0.47943,0.47943,0.47943,0.47943
0.8236,0.8236,0.8236,0.8236,0.8236
0.47943,0.47943,0.47943,0.47943,0.47943
0.8236,0.8236,0.8236,0.8236,0.8236
0.47943,0.47943,0.47943,0.47943,0.47943
0.8236,0.8236,0.8236,0.8236,0.8236
0.47943,0.47943,0.47943,0.47943,0.47943
0.8236,0.8236,0.8236,0.8236,0.8236
0.47943,0.47943,0.47943,0.47943,0.47943
0.8236,0.8236,0.8236,0.8236,0.8236
0.47943,0.47943,0.47943,0.47943,0.47943
0.8236,0.8236,0.8236,0.8236,0.8236
0.47943,0.47943,0.47943,0.47943,0.47943
0.8236,0.8236,0.8236,0.8236,0.8236
0.47943,0.47943,0.47943,0.47943,0.47943
0.8236,0.8236,0.8236,0.8236,0.8236
0.47943,0.47943,0.47943,0.47943,0.47943
0.8236,0.8236,0.8236,0.8236,0.8236
0.47943,0.47943,0.47943,0.47943,0.47943
0.8236,0.8236,0.8236,0.8236,0.8236
0.47943,0.47943,0.47943,0.47943,0.47943
0.8236,0.8236,0.8236,0.8236,0.8236
0.47943,0.47943,0.47943,0.47943,0.47943
0.8236,0.8236,0.8236,0.8236,0.8236
0.47943,0.47943,0.47943,0.47943,0.47943
0.8236,0.8236,0.8236,0.8236,0.8236
0.47943,0.47943,0.47943,0.47943,0.47943
0.8236,0.8236,0.8236,0.8236,0.8236
0.47943,0.47943,0.47943,0.47943,0.47943
0.8236,0.8236,0.8236,0.8236,0.8236
0.47943,0.47943,0.47943,0.47943,0.47943
0.8236,0.8236,0.8236,0.8236,0.8236
0.47943,0.47943,0.47943,0.47943,0.47943
0.8236,0.8236,0.8236,0.8236,0.8236
0.47943,0.47943,0.47943,0.47943,0.47943
0.8236,0.8236,0.8236,0.8236,0.8236
0.47943,0.47943,0.47943,0.47943,0.47943
0.8236,0.8236,0.8236,0.8236,0.8236
0.47943,0.47943,0.47943,0.47943,0.47943
0.8236,0.8236,0.8236,0.8236,0.8236
0.47943,0.47943,0.47943,0.47943,0.47943
0.8236,0.8236,0.8236,0.8236,0.8236
0.47943,0.47943,0.47943,0.47943,0.47943
0.8236,0.8236,0.8236,0.8236,0.8236
0.47943,0.47943,0.47943,0.47943,0.47943
0.8236,0.8236,0.8236,0.8236,0.8236
0.47943,0.47943,0.47943,0.47943,0.47943
0.8236,0.8236,0.8236,0.8236,0.8236
0.47943,0.47943,0.47943,0.47943,0.47943
0.8236,0.8236,0.8236,0.8236,0.8236
0.47943,0.47943,0.47943,0.47943,0.47943
0.8236,0.8236,0.8236,0.8236,0.8236
0.47943,0.47943,0.47943,0.47943,0.47943
0.8236,0.8236,0.8236,0.8236,0.8236
0.47943,0.47943,0.47943,0.47943,0.47943
0.8236,0.8236,0.8236,0.8236,0.8236
0.47943,0.47943,0.47943,0.47943,0.47943
0.8236,0.8236,0.8236,0.8236,0.8236
0.47943,0.47943,0.47943,0.47943,0.47943
0.8236,0.8236,0.8236,0.8236,0.8236
0.47943,0.47943,0.47943,0.47943,0.47943
0.8236,0.8236,0.8236,0.8236,0.8236
0.47943,0.47943,0.47943,0.47943,0.47943
0.8236,0.8236,0.8236,0.8236,0.8236
0.47943,0.47943,0.47943,0.47943,0.47943
0.8236,0.8236,0.8236,0.8236,0.8236
0.47943,0.47943,0.47943,0.47943,0.47943
0.8236,0.8236,0.8236,0.8236,0.8236
0.47943,0.47943,0.47943,0.47943,0.47943
0.8236,0.8236,0.8236,0.8236,0.8236
0.47943,0.47943,0.47943,0.47943,0.47943
0.8236,0.8236,0.8236,0.8236,0.8236
0.47943,0.47943,0.47943,0.47943,0.47943
0.8236,0.8236,0.8236,0.8236,0.8236
0.47943,0.47943,0.47943,0.47943,0.47943
0.8236,0.8236,0.8236,0.8236,0.8236
0.47943,0.47943,0.47943,0.47943,0.47943
0.8236,0.8236,0.8236,0.8236,0.8236
0.47943,0.47943,0.47943,0.47943,0.47943
0.8236,0.8236,0.8236,0.8236,0.8236
0.47943,0.47943,0.47943,0.47943,0.47943
0.8236,0.8236,0.8236,0.8236,0.8236
0.47943,0.47943,0.47943,0.47943,0.47943
0.8236,0.8236,0.8236,0.8236,0.8236
0.47943,0.47943,0.47943,0.47943,0.47943
0.8236,0.8236,0.8236,0.8236,0.8236
0.47943,0.47943,0.47943,0.47943,0.47943
0.8236,0.8236,0.8236,0.8236,0.8236
0.47943,0.47943,0.47943,0.47943,0.47943
0.8236,0.8236,0.8236,0.8236,0.8236
0.47943,0.47943,0.47943,0.47943,0.47943
0.8236,0.8236,0.8236,0.8236,0.8236
0.47943,0.47943,0.47943,0.47943,0.47943
0.8236,0.8236,0.8236,0.8236,0.8236
0.47943,0.47943,0.47943,0.47943,0.47943
0.8236,0.8236,0.8236,0.8236,0.8236
0.47943,0.47943,0.47943,0.47943,0.47943
0.8236,0.8236,0.8236,0.8236,0.8236
0.47943,0.47943,0.47943,0.47943,0.47943
0.8236,0.8236,0.8236,0.8236,0.8236
0.47943,0.47943,0.47943,0.47943,0.47943
0.8236,0.8236,0.8236,0.8236,0.8236
0.47943,0.47943,0.47943,0.47943,0.47943
0.8236,0.8236,0.8236,0.8236,0.8236
0.47943,0.47943,0.47943,0.47943,0.47943
0.8236,0.8236,0.8236,0.8236,0.8236
0.47943,0.47943,0.47943,0.47943,0.47943
0.8236,0.8236,0.8236,0.8236,0.8236
0.47943,0.47943,0.47943,0.47943,0.47943
0.8236,0.8236,0.8236,0.8236,0.8236
0.47943,0.47943,0.47943,0.47943,0.47943
0.8236,0.8236,0.8236,0.8236,0.8236
0.47943,0.47943,0.47943,0.47943,0.47943
0.8236,0.8236,0.8236,0.8236,0.8236
0.47943,0.47943,0.47943,0.47943,0.47943
0.8236,0.8236,0.8236,0.8236,0.8236
0.47943,0.47943,0.47943,0.47943,0.47943
0.8236,0.8236,0.8236,0.8236,0.8236
0.47943,0.47943,0.47943,0.47943,0.47943
0.8236,0.8236,0.8236,0.8236,0.8236
0.47943,0.47943,0.47943,0.47943,0.47943
0.8236,0.8236,0.8236,0.8236,0.8236
0.47943,0.47943,0.47943,0.47943,0.47943
0.8236,0.8236,0.8236,0.8236,0.8236
0.47943,0.47943,0.47943,0.47943,0.47943
0.8236,0.8236,0.8236,0.8236,0.8236
0.47943,0.47943,0.47943,0.47943,0.47943
0.8236,0.8236,0.8236,0.8236,0.8236
0.47943,0.47943,0.47943,0.47943,0.47943
0.8236,0.8236,0.8236,0.8236,0.8236
0.47943,0.47943,0.47943,0.47943,0.47943
0.8236,0.8236,0.8236,0.8236,0.8236
0.47943,0.47943,0.47943,0.47943,0.47943
0.8236,0.8236,0.8236,0.8236,0.8236
0.47943,0.47943,0.47943,0.47943,0.47943
0.8236,0.8236,0.8236,0.8236,0.8236
0.47943,0.47943,0.47943,0.47943,0.47943
0.8236,0.8236,0.8236,0.8236,0.8236
0.47943,0.47943,0.47943,0.47943,0.47943
0.8236,0.8236,0.8236,0.8236,0.8236
0.47943,0.47943,0.47943,0.47943,0.47943
0.8236,0.8236,0.8236,0.8236,0.8236
0.47943,0.47943,0.47943,0.47943,0.47943
0.8236,0.8236,0.8236,0.8236,0.8236
0.47943,0.47943,0.47943,0.47943,0.47943
0.8236,0.8236,0.8236,0.8236,0.8236
0.47943,0.47943,0.47943,0.47943,0.47943
0.8236,0.8236,0.8236,0.8236,0.8236
0.47943,0.47943,0.47943,0.47943,0.47943
0.8236,0.8236,0.8236,0.8236,0.8236
0.47943,0.47943,0.47943,0.47943,0.47943
0.8236,0.8236,0.8236,0.8236,0.8236
0.47943,0.47943,0.47943,0.47943,0.47943
0.8236,0.8236,0.8236,0.8236,0.8236
0.47943,0.47943,0.47943,0.47943,0.47943
0.8236,0.8236,0.8236,0.8236,0.8236
0.47943,0.47943,0.47943,0.47943,0.47943
0.8236,0.8236,0.8236,0.8236,0.8236
0.47943,0.47943,0.47943,0.47943,0.47943
0.8236,0.8236,0.8236,0.8236,0.8236
0.47943,0.47943,0.47943,0.47943,0.47943
0.8236,0.8236,0.8236,0.8236,0.8236
0.47943,0.47943,0.47943,0.47943,0.47943
0.8236,0.8236,0.8236,0.8236,0.8236
0.47943,0.47943,0.47943,0.47943,0.47943
0.8236,0.8236,0.8236,0.8236,0.8236
0.47943,0.47943,0.47943,0.47943,0.47943
0.8236,0.8236,0.8236,0.8236,0.8236
0.47943,0.47943,0.47943,0.47943,0.47943
0.8236,0.8236,0.8236,0.8236,0.8236
0.47943,0.47943,0.47943,0.47943,0.47943
0.8236,0.8236,0.8236,0.8236,0.8236
0.47943,0.47943,0.47943,0.47943,0.47943
0.8236,0.8236,0.8236,0.8236,0.8236
0.47943,0.47943,0.47943,0.47943,0.47943
0.8236,0.8236,0.8236,0.8236,0.8236
0.47943,0.47943,0.47943,0.47943,0.47943
0.8236,0.8236,0.8236,0.8236,0.8236
0.47943,0.47943,0.47943,0.47943,0.47943
0.8236,0.8236,0.8236,0.8236,0.8236
0.47943,0.47943,0.47943,0.47943,0.47943
0.8236,0.8236,0.8236,0.8236,0.8236
0.47943,0.47943,0.47943,0.47943,0.47943
0.8236,0.8236,0.8236,0.8236,0.8236
0.47943,0.47943,0.47943,0.47943,0.47943
0.8236,0.8236,0.8236,0.8236,0.8236
0.47943,0.47943,0.47943,0.47943,0.47943
0.8236,0.8236,0.8236,0.8236,0.8236
0.47943,0.47943,0.47943,0.47943,0.47943
0.8236,0.8236,0.8236,0.8236,0.8236
0.47943,0.47943,0.47943,0.47943,0.47943
0.8236,0.8236,0.8236,0.8236,0.8236
0.47943,0.47943,0.47943,0.47943,0.47943
0.8236,0.8236,0.8236,0.8236,0.8236
0.47943,0.47943,0.47943,0.47943,0.47943
0.8236,0.8236,0.8236,0.8236,0.8236
0.47943,0.47943,0.47943,0.47943,0.47943
0.8236,0.8236,0.8236,0.8236,0.8236
0.47943,0.47943,0.47943,0.47943,0.47943
0.8236,0.8236,0.8236,0.8236,0.8236
0.47943,0.47943,0.47943,0.47943,0.47943
0.8236,0.8236,0.8236,0.8236,0.8236
0.47943,0.47943,0.47943,0.47943,0.47943
0.8236,0.8236,0.8236,0.8236,0.8236
0.47943,0.47943,0.47943,0.47943,0.47943
0.8236,0.8236,0.8236,0.8236,0.8236
0.47943,0.47943,0.47943,0.47943,0.47943
0.8236,0.8236,0.8236,0.8236,0.8236
0.47943,0.47943,0.47943,0.47943,0.47943
0.8236,0.8236,0.8236,0.8236,0.8236
0.47943,0.47943,0.47943,0.47943,0.47943
0.8236,0.8236,0.8236,0.8236,0.8236
0.47943,0.47943,0.47943,0.47943,0.47943
0.8236,0.8236,0.8236,0.8236,0.8236
0.47943,0.47943,0.47943,0.47943,0.47943
0.8236,0.8236,0.8236,0.8236,0.8236
0.47943,0.47943,0.47943,0.47943,0.47943
0.8236,0.8236,0.8236,0.8236,0.8236
0.47943,0.47943,0.47943,0.47943,0.47943
0.8236,0.8236,0.8236,0.8236,0.8236
0.47943,0.47943,0.47943,0.47943,0.47943
0.8236,0.8236,0.8236,0.8236,0.8236
0.47943,0.47943,0.47943,0.47943,0.47943
0.8236,0.8236,0.8236,0.8236,0.8236
0.47943,0.47943,0.47943,0.47943,0.47943
0.8236,0.8236,0.8236,0.8236,0.8236
0.47943,0.47943,0.47943,0.47943,0.47943
0.8236,0.8236,0.8236,0.8236,0.8236
0.47943,0.47943,0.47943,0.47943,0.47943
0.8236,0.8236,0.8236,0.8236,0.8236
0.47943,0.47943,0.47943,0.47943,0.47943
0.8236,0.8236,0.8236,0.8236,0.8236
0.47943,0.47943,0.47943,0.47943,0.47943
0.8236,0.8236,0.8236,0.8236,0.8236
0.47943,0.47943,0.47943,0.47943,0.47943
0.8236,0.8236,0.8236,0.8236,0.8236
0.47943,0.47943,0.47943,0.47943,0.47943
0.8236,0.8236,0.8236,0.8236,0.8236
0.47943,0.47943,0.47943,0.47943,0.47943
0.8236,0.8236,0.8236,0.8236,0.8236
0.47943,0.47943,0.47943,0.47943,0.47943
0.8236,0.8236,0.8236,0.8236,0.8236
0.47943,0.47943,0.47943,0.47943,0.47943
0.8236,0.8236,0.8236,0.8236,0.8236
0.47943,0.47943,0.47943,0.47943,0.47943
0.8236,0.8236,0.8236,0.8236,0.8236
0.47943,0.47943,0.47943,0.47943,0.47943
0.8236,0.8236,0.8236,0.8236,0.8236
0.47943,0.47943,0.47943,0.47943,0.47943
0.8236,0.8236,0.8236,0.8236,0.8236
0.47943,0.47943,0.47943,0.47943,0.47943
0.8236,0.8236,0.8236,0.8236,0.8236
0.47943,0.47943,0.47943,0.47943,0.47943
0.8236,0.8236,0.8236,0.8236,0.8236
0.47943,0.47943,0.47943,0.47943,0.47943
0.8236,0.8236,0.8236,0.8236,0.8236
0.47943,0.47943,0.47943,0.47943,0.47943
0.8236,0.8236,0.8236,0.8236,0.8236
0.47943,0.47943,0.47943,0.47943,0.47943
0.8236,0.8236,0.8236,0.8236,0.8236
0.47943,0.47943,0.47943,0.47943,0.47943
0.8236,0.8236,0.8236,0.8236,0.8236
0.47943,0.47943,0.47943,0.47943,0.47943
0.8236,0.8236,0.8236,0.8236,0.8236
0.47943,0.47943,0.47943,0.47943,0.47943
0.8236,0.8236,0.8236,0.8236,0.8236
0.47943,0.47943,0.47943,0.47943,0.47943
0.8236,0.8236,0.8236,0.8236,0.8236
0.47943,0.47943,0.47943,0.47943,0.47943
0.8236,0.8236,0.8236,0.8236,0.8236
0.47943,0.47943,0.47943,0.47943,0.47943
0.8236,0.8236,0.8236,0.8236,0.8236
0.47943,0.47943,0.47943,0.47943,0.47943
0.8236,0.8236,0.8236,0.8236,0.8236
0.47943,0.47943,0.47943,0.47943,0.47943
0.8236,0.8236,0.8236,0.8236,0.8236
0.47943,0.47943,0.47943,0.47943,0.47943
0.8236,0.8236,0.8236,0.8236,0.8236
0.47943,0.47943,0.47943,0.47943,0.47943
0.8236,0.8236,0.8236,0.8236,0.8236
0.47943,0.47943,0.47943,0.47943,0.47943
0.8236,0.8236,0.8236,0.8236,0.8236
0.47943,0.47943,0.47943,0.47943,0.47943
0.8236,0.8236,0.8236,0.8236,0.8236
0.47943,0.47943,0.47943,0.47943,0.47943
0.8236,0.8236,0.8236,0.8236,0.8236
0.47943,0.47943,0.47943,0.47943,0.47943
0.8236,0.8236,0.8236,0.8236,0.8236
0.47943,0.47943,0.47943,0.47943,0.47943
0.8236,0.8236,0.8236,0.8236,0.8236
0.47943,0.47943,0.47943,0.47943,0.47943
0.8236,0.8236,0.8236,0.8236,0.8236
0.47943,0.47943,0.47943,0.47943,0.47943
0.8236,0.8236,0.8236,0.8236,0.8236
0.47943,0.47943,0.47943,0.47943,0.47943
0.8236,0.8236,0.8236,0.8236,0.8236
0.47943,0.47943,0.47943,0.47943,0.47943
0.8236,0.8236,0.8236,0.8236,0.8236
0.47943,0.47943,0.47943,0.47943,0.47943
0.8236,0.8236,0.8236,0.8236,0.8236
0.47943,0.47943,0.47943,0.47943,0.47943
0.8236,0.8236,0.8236,0.8236,0.8236
0.47943,0.47943,0.47943,0.47943,0.47943
0.8236,0.8236,0.8236,0.8236,0.8236
0.47943,0.47943,0.47943,0.47943,0.47943
0.8236,0.8236,0.8236,0.8236,0.8236
0.47943,0.47943,0.47943,0.47943,0.47943
0.8236,0.8236,0.8236,0.8236,0.8236
0.47943,0.47943,0.47943,0.47943,0.47943
0.8236,0.8236,0.8236,0.8236,0.8236
0.47943,0.47943,0.47943,0.47943,0.47943
0.8236,0.8236,0.8236,0.8236,0.8236
0.47943,0.47943,0.47943,0.47943,0.47943
0.8236,0.8236,0.8236,0.8236,0.8236
0.47943,0.47943,0.47943,0.47943,0.47943
0.8236,0.8236,0.8236,0.8236,0.8236
0.47943,0.47943,0.47943,0.47943,0.47943
0.8236,0.8236,0.8236,0.8236,0.8236
0.47943,0.47943,0.47943,0.47943,0.47943
0.8236,0.8236,0.8236,0.8236,0.8236
0.47943,0.47943,0.47943,0.47943,0.47943
0.8236,0.8236,0.8236,0.8236,0.8236
0.47943,0.47943,0.47943,0.47943,0.47943
0.8236,0.8236,0.8236,0.8236,0.8236
0.47943,0.47943,0.47943,0.47943,0.47943
0.8236,0.8236,0.8236,0.8236,0.8236
0.47943,0.47943,0.47943,0.47943,0.47943
0.8236,0.8236,0.8236,0.8236,0.8236
0.47943,0.47943,0.47943,0.47943,0.47943
0.8236,0.8236,0.8236,0.8236,0.8236
0.47943,0.47943,0.47943,0.47943,0.47943
0.8236,0.8236,0.8236,0.8236,0.8236
0.47943,0.47943,0.47943,0.47943,0.47943
0.8236,0.8236,0.8236,0.8236,0.8236
0.47943,0.47943,0.47943,0.47943,0.47943
0.8236,0.8236,0.8236,0.8236,0.8236
0.47943,0.47943,0.47943,0.47943,0.47943
0.8236,0.8236,0.8236,0.8236,0.8236
0.47943,0.47943,0.47943,0.47943,0.47943
0.8236,0.8236,0.8236,0.8236,0.8236
0.47943,0.47943,0.47943,0.47943,0.47943
0.8236,0.8236,0.8236,0.8236,0.8236
0.47943,0.47943,0.47943,0.47943,0.47943
0.8236,0.8236,0.8236,0.8236,0.8236
0.47943,0.47943,0.47943,0.47943,0.47943
0.8236,0.8236,0.8236,0.8236,0.8236
0.47943,0.47943,0.47943,0.47943,0.47943
0.8236,0.8236,0.8236,0.8236,0.8236
0.47943,0.47943,0.47943,0.47943,0.47943
0.8236,0.8236,0.8236,0.8236,0.8236
0.47943,0.47943,0.47943,0.47943,0.47943
0.8236,0.8236,0.8236,0.8236,0.8236
0.47943,0.47943,0.47943,0.47943,0.47943
0.8236,0.8236,0.8236,0.8236,0.8236
0.47943,0.47943,0.47943,0.47943,0.47943
0.8236,0.8236,0.8236,0.8236,0.8236
0.47943,0.47943,0.47943,0.47943,0.47943
0.8236,0.8236,0.8236,0.8236,0.8236
0.47943,0.47943,0.47943,0.47943,0.47943
0.8236,0.8236,0.8236,0.8236,0.8236
0.47943,0.47943,0.47943,0.47943,0.47943
0.8236,0.8236,0.8236,0.8236,0.8236
0.47943,0.47943,0.47943,0.47943,0.47943
0.8236,0.8236,0.8236,0.8236,0.8236
0.47943,0.47943,0.47943,0.47943,0.47943
0.8236,0.8236,0.8236,0.8236,0.8236
0.47943,0.47943,0.47943,0.47943,0.47943
0.8236,0.8236,0.8236,0.8236,0.8236
0.47943,0.47943,0.47943,0.47943,0.47943
0.8236,0.8236,0.8236,0.8236,0.8236
0.47943,0.47943,0.47943,0.47943,0.47943
0.8236,0.8236,0.8236,0.8236,0.8236
0.47943,0.47943,0.47943,0.47943,0.47943
0.8236,0.8236,0.8236,0.8236,0.8236
0.47943,0.47943,0.47943,0.47943,0.47943
0.8236,0.8236,0.8236,0.8236,0.8236
0.47943,0.47943,0.47943,0.47943,0.47943
0.8236,0.8236,0.8236,0.8236,0.8236
0.47943,0.47943,0.47943,0.47943,0.47943
0.8236,0.8236,0.8236,0.8236,0.8236
0.47943,0.47943,0.47943,0.47943,0.47943
0.8236,0.8236,0.8236,0.8236,0.8236
0.47943,0.47943,0.47943,0.47943,0.47943
0.8236,0.8236,0.8236,0.8236,0.8236
0.47943,0.47943,0.47943,0.47943,0.47943
0.8236,0.8236,0.8236,0.8236,0.8236
0.47943,0.47943,0.47943,0.47943,0.47943
0.8236,0.8236,0.8236,0.8236,0.8236
0.47943,0.47943,0.47943,0.47943,0.47943
0.8236,0.8236,0.8236,0.8236,0.8236
0.47943,0.47943,0.47943,0.47943,0.47943
0.8236,0.8236,0.8236,0.8236,0.8236
0.47943,0.47943,0.47943,0.47943,0.47943
0.8236,0.8236,0.8236,0.8236,0.8236
0.47943,0.47943,0.47943,0.47943,0.47943
0.8236,0.8236,0.8236,0.8236,0.8236
0.47943,0.47943,0.47943,0.47943,0.47943
0.8236,0.8236,0.8236,0.8236,0.8236
0.47943,0.47943,0.47943,0.47943,0.47943
0.8236,0.8236,0.8236,0.8236,0.8236
0.47943,0.47943,0.47943,0.47943,0.47943
0.8236,0.8236,0.8236,0.8236,0.8236
0.47943,0.47943,0.47943,0.47943,0.47943
0.8236,0.8236,0.8236,0.8236,0.8236
0.47943,0.47943,0.47943,0.47943,0.47943
0.8236,0.8236,0.8236,0.8236,0.8236
0.47943,0.47943,0.47943,0.47943,0.47943
0.8236,0.8236,0.8236,0.8236,0.8236
0.47943,0.47943,0.47943,0.47943,0.47943
0.8236,0.8236,0.8236,0.8236,0.8236
0.47943,0.47943,0.47943,0.47943,0.47943
0.8236,0.8236,0.8236,0.8236,0.8236
0.47943,0.47943,0.47943,0.47943,0.47943
0.8236,0.8236,0.8236,0.8236,0.8236
0.47943,0.47943,0.47943,0.47943,0.47943
0.8236,0.8236,0.8236,0.8236,0.8236
0.47943,0.47943,0.47943,0.47943,0.47943
0.8236,0.8236,0.8236,0.8236,0.8236
0.47943,0.47943,0.47943,0.47943,0.47943
0.8236,0.8236,0.8236,0.8236,0.8236
0.47943,0.47943,0.47943,0.47943,0.47943
0.8236,0.8236,0.8236,0.8236,0.8236
0.47943,0.47943,0.47943,0.47943,0.47943
0.8236,0.8236,0.8236,0.8236,0.8236
0.47943,0.47943,0.47943,0.47943,0.47943
0.8236,0.8236,0.8236,0.8236,0.8236
0.47943,0.47943,0.47943,0.47943,0.47943
0.8236,0.8236,0.8236,0.8236,0.8236
0.47943,0.47943,0.47943,0.47943,0.47943
0.8236,0.8236,0.8236,0.8236,0.8236
0.47943,0.47943,0.47943,0.47943,0.47943
0.8236,0.8236,0.8236,0.8236,0.8236
0.47943,0.47943,0.47943,0.47943,0.47943
0.8236,0.8236,0.8236,0.8236,0.8236
0.47943,0.47943,0.47943,0.47943,0.47943
0.8236,0.8236,0.8236,0.8236,0.8236
0.47943,0.47943,0.47943,0.47943,0.47943
0.8236,0.8236,0.8236,0.8236,0.8236
0.47943,0.47943,0.47943,0.47943,0.47943
0.8236,0.8236,0.8236,0.8236,0.8236
0.47943,0.47943,0.47943,0.47943,0.47943
0.8236,0.8236,0.8236,0.8236,0.8236
0.47943,0.47943,0.47943,0.47943,0.47943
0.8236,0.8236,0.8236,0.8236,0.8236
0.47943,0.47943,0.47943,0.47943,0.47943
0.8236,0.8236,0.8236,0.8236,0.8236
0.47943,0.47943,0.47943,0.47943,0.47943
0.8236,0.8236,0.8236,0.8236,0.8236
0.47943,0.47943,0.47943,0.47943,0.47943
0.8236,0.8236,0.8236,0.8236,0.8236
0.47943,0.47943,0.47943,0.47943,0.47943
0.8236,0.8236,0.8236,0.8236,0.8236
0.47943,0.47943,0.47943,0.47943,0.47943
0.8236,0.8236,0.8236,0.8236,0.8236
0.47943,0.47943,0.47943,0.47943,0.47943
0.8236,0.8236,0.8236,0.8236,0.8236
0.47943,0.47943,0.47943,0.47943,0.47943
0.8236,0.8236,0.8236,0.8236,0.8236
0.47943,0.47943,0.47943,0.47943,0.47943
0.8236,0.8236,0.8236,0.8236,0.8236
0.47943,0.47943,0.47943,0.47943,0.47943
0.8236,0.8236,0.8236,0.8236,0.8236
0.47943,0.47943,0.47943,0.47943,0.47943
0.8236,0.8236,0.8236,0.8236,0.8236
0.47943,0.47943,0.47943,0.47943,0.47943
0.8236,0.8236,0.8236,0.8236,0.8236
0.47943,0.47943,0.47943,0.47943,0.47943
0.8236,0.8236,0.8236,0.8236,0.8236
0.47943,0.47943,0.47943,0.47943,0.47943
0.8236,0.8236,0.8236,0.8236,0.8236
0.47943,0.47943,0.47943,0.47943,0.47943
0.8236,0.8236,0.8236,0.8236,0.8236
0.47943,0.47943,0.47943,0.47943,0.47943
0.8236,0.8236,0.8236,0.8236,0.8236
0.47943,0.47943,0.47943,0.47943,0.47943
0.8236,0.8236,0.8236,0.8236,0.8236
0.47943,0.47943,0.47943,0.47943,0.47943
0.8236,0.8236,0.8236,0.8236,0.8236
0.47943,0.47943,0.47943,0.47943,0.47943
0.8236,0.8236,0.8236,0.8236,0.8236
0.47943,0.47943,0.47943,0.47943,0.47943
0.8236,0.8236,0.8236,0.8236,0.8236
0.47943,0.47943,0.47943,0.47943,0.47943
0.8236,0.8236,0.8236,0.8236,0.8236
0.47943,0.47943,0.47943,0.47943,0.47943
0.8236,0.8236,0.8236,0.8236,0.8236
0.47943,0.47943,0.47943,0.47943,0.47943
0.8236,0.8236,0.8236,0.8236,0.8236
0.47943,0.47943,0.47943,0.47943,0.47943
0.8236,0.8236,0.8236,0.8236,0.8236
0.47943,0.47943,0.47943,0.47943,0.47943
0.8236,0.8236,0.8236,0.8236,0.8236
0.47943,0.47943,0.47943,0.47943,0.47943
0.8236,0.8236,0.8236,0.8236,0.8236
0.47943,0.47943,0.47943,0.47943,0.47943
0.8236,0.8236,0.8236,0.8236,0.8236
0.47943,0.47943,0.47943,0.47943,0.47943
0.8236,0.8236,0.8236,0.8236,0.8236
0.47943,0.47943,0.47943,0.47943,0.47943
0.8236,0.8236,0.8236,0.8236,0.8236
0.47943,0.47943,0.47943,0.47943,0.47943
0.8236,0.8236,0.8236,0.8236,0.8236
0.47943,0.47943,0.47943,0.47943,0.47943
0.8236,0.8236,0.8236,0.8236,0.8236
0.47943,0.47943,0.47943,0.47943,0.47943
0.8236,0.8236,0.8236,0.8236,0.8236
0.47943,0.47943,0.47943,0.47943,0.47943
0.8236,0.8236,0.8236,0.8236,0.8236
0.47943,0.47943,0.47943,0.47943,0.47943
0.8236,0.8236,0.8236,0.8236,0.8236
0.47943,0.47943,0.47943,0.47943,0.47943
0.8236,0.8236,0.8236,0.8236,0.8236
0.47943,0.47943,0.47943,0.47943,0.47943
0.8236,0.8236,0.8236,0.8236,0.8236
0.47943,0.47943,0.47943,0.47943,0.47943
0.8236,0.8236,0.8236,0.8236,0.8236
0.47943,0.47943,0.47943,0.47943,0.47943
0.8236,0.8236,0.8236,0.8236,0.8236
0.47943,0.47943,0.47943,0.47943,0.47943
0.8236,0.8236,0.8236,0.8236,0.8236
0.47943,0.47943,0.47943,0.47943,0.47943
0.8236,0.8236,0.8236,0.8236,0.8236
0.47943,0.47943,0.47943,0.47943,0.47943
0.8236,0.8236,0.8236,0.8236,0.8236
0.47943,0.47943,0.47943,0.47943,0.47943
0.8236,0.8236,0.8236,0.8236,0.8236
0.47943,0.47943,0.47943,0.47943,0.47943
0.8236,0.8236,0.8236,0.8236,0.8236
0.47943,0.47943,0.47943,0.47943,0.47943
0.8236,0.8236,0.8236,0.8236,0.8236
0.47943,0.47943,0.47943,0.47943,0.47943
0.8236,0.8236,0.8236,0.8236,0.8236
0.47943,0.47943,0.47943,0.47943,0.47943
0.8236,0.8236,0.8236,0.8236,0.8236
0.47943,0.47943,0.47943,0.47943,0.47943
0.8236,0.8236,0.8236,0.8236,0.8236
0.47943,0.47943,0.47943,0.47943,0.47943
0.8236,0.8236,0.8236,0.8236,0.8236
0.47943,0.47943,0.47943,0.47943,0.47943
0.8236,0.8236,0.8236,0.8236,0.8236
0.47943,0.47943,0.47943,0.47943,0.47943
0.8236,0.8236,0.8236,0.8236,0.8236
0.47943,0.47943,0.47943,0.47943,0.47943
0.8236,0.8236,0.8236,0.8236,0.8236
0.47943,0.47943,0.47943,0.47943,0.47943
0.8236,0.8236,0.8236,0.8236,0.8236
0.47943,0.47943,0.47943,0.47943,0.47943
0.8236,0.8236,0.8236,0.8236,0.8236
0.47943,0.47943,0.47943,0.47943,0.47943
0.8236,0.8236,0.8236,0.8236,0.8236
0.47943,0.47943,0.47943,0.47943,0.47943
0.8236,0.8236,0.8236,0.8236,0.8236
0.47943,0.47943,0.47943,0.47943,0.47943
0.8236,0.8236,0.8236,0.8236,0.8236
0.47943,0.47943,0.47943,0.47943,0.47943
0.8236,0.8236,0.8236,0.8236,0.8236
0.47943,0.47943,0.47943,0.47943,0.47943
0.8236,0.8236,0.8236,0.8236,0.8236
0.47943,0.47943,0.47943,0.47943,0.47943
0.8236,0.8236,0.8236,0.8236,0.8236
0.47943,0.47943,0.47943,0.47943,0.47943
0.8236,0.8236,0.8236,0.8236,0.8236
0.47943,0.47943,0.47943,0.47943,0.47943
0.8236,0.8236,0.8236,0.8236,0.8236
0.47943,0.47943,0.47943,0.47943,0.47943
0.8236,0.8236,0.8236,0.8236,0.8236
0.47943,0.47943,0.47943,0.47943,0.47943
0.8236,0.8236,0.8236,0.8236,0.8236
0.47943,0.47943,0.47943,0.47943,0.47943
0.8236,0.8236,0.8236,0.8236,0.8236
0.47943,0.47943,0.47943,0.47943,0.47943
0.8236,0.8236,0.8236,0.8236,0.8236
0.47943,0.47943,0.47943,0.47943,0.47943
0.8236,0.8236,0.8236,0.8236,0.8236
0.47943,0.47943,0.47943,0.47943,0.47943
0.8236,0.8236,0.8236,0.8236,0.8236
0.47943,0.47943,0.47943,0.47943,0.47943
0.8236,0.8236,0.8236,0.8236,0.8236
0.47943,0.47943,0.47943,0.47943,0.47943
0.8236,0.8236,0.8236,0.8236,0.8236
0.47943,0.47943,0.47943,0.47943,0.47943
0.8236,0.8236,0.8236,0.8236,0.8236
0.47943,0.47943,0.47943,0.47943,0.47943
0.8236,0.8236,0.8236,0.8236,0.8236
0.47943,0.47943,0.47943,0.47943,0.47943
0.8236,0.8236,0.8236,0.8236,0.8236
0.47943,0.47943,0.47943,0.47943,0.47943
0.8236,0.8236,0.8236,0.8236,0.8236
0.47943,0.47943,0.47943,0.47943,0.47943
0.8236,0.8236,0.8236,0.8236,0.8236
0.47943,0.47943,0.47943,0.47943,0.47943
0.8236,0.8236,0.8236,0.8236,0.8236
0.47943,0.47943,0.47943,0.47943,0.47943
0.8236,0.8236,0.8236,0.8236,0.8236
0.47943,0.47943,0.47943,0.47943,0.47943
0.8236,0.8236,0.8236,0.8236,0.8236
0.47943,0.47943,0.47943,0.47943,0.47943
0.8236,0.8236,0.8236,0.8236,0.8236
0.47943,0.47943,0.47943,0.47943,0.47943
0.8236,0.8236,0.8236,0.8236,0.8236
0.47943,0.47943,0.47943,0.47943,0.47943
0.8236,0.8236,0.8236,0.8236,0.8236
0.47943,0.47943,0.47943,0.47943,0.47943
0.8236,0.8236,0.8236,0.8236,0.8236
0.47943,0.47943,0.47943,0.47943,0.47943
0.8236,0.8236,0.8236,0.8236,0.8236
0.47943,0.47943,0.47943,0.47943,0.47943
0.8236,0.8236,0.8236,0.8236,0.8236
0.47943,0.47943,0.47943,0.47943,0.47943
0.8236,0.8236,0.8236,0.8236,0.8236
0.47943,0.47943,0.47943,0.47943,0.47943
0.8236,0.8236,0.8236,0.8236,0.8236
0.47943,0.47943,0.47943,0.47943,0.47943
0.8236,0.8236,0.8236,0.8236,0.8236
0.47943,0.47943,0.47943,0.47943,0.47943
0.8236,0.8236,0.8236,0.8236,0.8236
0.47943,0.47943,0.47943,0.47943,0.47943
0.8236,0.8236,0.8236,0.8236,0.8236
0.47943,0.47943,0.47943,0.47943,0.47943
0.8236,0.8236,0.8236,0.8236,0.8236
0.47943,0.47943,0.47943,0.47943,0.47943
0.8236,0.8236,0.8236,0.8236,0.8236
0.47943,0.47943,0.47943,0.47943,0.47943
0.8236,0.8236,0.8236,0.8236,0.8236
0.47943,0.47943,0.47943,0.47943,0.47943
0.8236,0.8236,0.8236,0.8236,0.8236
0.47943,0.47943,0.47943,0.47943,0.47943
0.8236,0.8236,0.8236,0.8236,0.8236
0.47943,0.47943,0.47943,0.47943,0.47943
0.8236,0.8236,0.8236,0.8236,0.8236
0.47943,0.47943,0.47943,0.47943,0.47943
0.8236,0.8236,0.8236,0.8236,0.8236
0.47943,0.47943,0.47943,0.47943,0.47943
