0.1,0.2,0.3,0.5,0.6
0.402,0.468,0.624,0.72,0.636
0.721,0.73317,0.69267,0.64256,0.6819
0.60961,0.60056,0.63837,0.67129,0.64894
0.709,0.7131,0.69187,0.67239,0.68526
0.62354,0.61996,0.63866,0.65383,0.64419
0.70142,0.7034,0.69256,0.6834,0.68922
0.63067,0.62894,0.63825,0.64573,0.64103
0.69736,0.69836,0.69288,0.68837,0.69121
0.63434,0.63348,0.63814,0.64187,0.63953
0.69514,0.69565,0.69289,0.69064,0.69205
0.63636,0.63593,0.63826,0.64013,0.63895
0.69386,0.69412,0.69273,0.6916,0.69231
0.63755,0.63734,0.63851,0.63944,0.63885
0.69306,0.69319,0.69249,0.69192,0.69228
0.63834,0.63823,0.63882,0.63929,0.63899
0.6925,0.69256,0.69221,0.69193,0.6921
0.63891,0.63886,0.63915,0.63939,0.63924
0.69207,0.6921,0.69192,0.69178,0.69187
0.63937,0.63934,0.63949,0.63961,0.63954
0.6917,0.69172,0.69163,0.69156,0.6916
0.63977,0.63975,0.63983,0.63989,0.63985
0.69138,0.69139,0.69135,0.69131,0.69133
0.64013,0.64012,0.64016,0.64019,0.64017
0.69109,0.69109,0.69107,0.69105,0.69106
0.64046,0.64046,0.64048,0.64049,0.64048
0.69081,0.69081,0.6908,0.69079,0.6908
0.64078,0.64078,0.64079,0.64079,0.64079
0.69054,0.69054,0.69054,0.69053,0.69054
0.64108,0.64108,0.64109,0.64109,0.64109
0.69029,0.69029,0.69029,0.69028,0.69028
0.64137,0.64137,0.64137,0.64138,0.64138
0.69004,0.69004,0.69004,0.69004,0.69004
0.64165,0.64165,0.64165,0.64166,0.64165
0.6898,0.6898,0.6898,0.6898,0.6898
0.64193,0.64192,0.64193,0.64193,0.64193
0.68957,0.68957,0.68957,0.68957,0.68957
0.64219,0.64219,0.64219,0.64219,0.64219
0.68935,0.68935,0.68935,0.68935,0.68935
0.64244,0.64244,0.64244,0.64244,0.64244
0.68913,0.68913,0.68913,0.68913,0.68913
0.64269,0.64269,0.64269,0.64269,0.64269
0.68892,0.68892,0.68892,0.68892,0.68892
0.64293,0.64293,0.64293,0.64293,0.64293
0.68871,0.68871,0.68871,0.68871,0.68871
0.64316,0.64316,0.64316,0.64316,0.64316
0.68852,0.68852,0.68852,0.68852,0.68852
0.64339,0.64339,0.64339,0.64339,0.64339
0.68832,0.68832,0.68832,0.68832,0.68832
0.64361,0.64361,0.64361,0.64361,0.64361
0.68813,0.68813,0.68813,0.68813,0.68813
0.64382,0.64382,0.64382,0.64382,0.64382
0.68795,0.68795,0.68795,0.68795,0.68795
0.64403,0.64403,0.64403,0.64403,0.64403
0.68777,0.68777,0.68777,0.68777,0.68777
0.64423,0.64423,0.64423,0.64423,0.64423
0.6876,0.6876,0.6876,0.6876,0.6876
0.64442,0.64442,0.64442,0.64442,0.64442
0.68743,0.68743,0.68743,0.68743,0.68743
0.64462,0.64462,0.64462,0.64462,0.64462
0.68726,0.68726,0.68726,0.68726,0.68726
0.6448,0.6448,0.6448,0.6448,0.6448
0.6871,0.6871,0.6871,0.6871,0.6871
0.64498,0.64498,0.64498,0.64498,0.64498
0.68694,0.68694,0.68694,0.68694,0.68694
0.64516,0.64516,0.64516,0.64516,0.64516
0.68678,0.68678,0.68678,0.68678,0.68678
0.64533,0.64533,0.64533,0.64533,0.64533
0.68663,0.68663,0.68663,0.68663,0.68663
0.6455,0.6455,0.6455,0.6455,0.6455
0.68649,0.68649,0.68649,0.68649,0.68649
0.64567,0.64567,0.64567,0.64567,0.64567
0.68634,0.68634,0.68634,0.68634,0.68634
0.64583,0.64583,0.64583,0.64583,0.64583
0.6862,0.6862,0.6862,0.6862,0.6862
0.64599,0.64599,0.64599,0.64599,0.64599
0.68606,0.68606,0.68606,0.68606,0.68606
0.64614,0.64614,0.64614,0.64614,0.64614
0.68593,0.68593,0.68593,0.68593,0.68593
0.64629,0.64629,0.64629,0.64629,0.64629
0.68579,0.68579,0.68579,0.68579,0.68579
0.64644,0.64644,0.64644,0.64644,0.64644
0.68567,0.68567,0.68567,0.68567,0.68567
0.64659,0.64659,0.64659,0.64659,0.64659
0.68554,0.68554,0.68554,0.68554,0.68554
0.64673,0.64673,0.64673,0.64673,0.64673
0.68541,0.68541,0.68541,0.68541,0.68541
0.64687,0.64687,0.64687,0.64687,0.64687
0.68529,0.68529,0.68529,0.68529,0.68529
0.647,0.647,0.647,0.647,0.647
0.68517,0.68517,0.68517,0.68517,0.68517
0.64713,0.64713,0.64713,0.64713,0.64713
0.68506,0.68506,0.68506,0.68506,0.68506
0.64726,0.64726,0.64726,0.64726,0.64726
0.68494,0.68494,0.68494,0.68494,0.68494
0.64739,0.64739,0.64739,0.64739,0.64739
0.68483,0.68483,0.68483,0.68483,0.68483
0.64752,0.64752,0.64752,0.64752,0.64752
0.68472,0.68472,0.68472,0.68472,0.68472
0.64764,0.64764,0.64764,0.64764,0.64764
0.68461,0.68461,0.68461,0.68461,0.68461
0.64776,0.64776,0.64776,0.64776,0.64776
0.6845,0.6845,0.6845,0.6845,0.6845
0.64788,0.64788,0.64788,0.64788,0.64788
0.6844,0.6844,0.6844,0.6844,0.6844
0.64799,0.64799,0.64799,0.64799,0.64799
0.68429,0.68429,0.68429,0.68429,0.68429
0.64811,0.64811,0.64811,0.64811,0.64811
0.68419,0.68419,0.68419,0.68419,0.68419
0.64822,0.64822,0.64822,0.64822,0.64822
0.68409,0.68409,0.68409,0.68409,0.68409
0.64833,0.64833,0.64833,0.64833,0.64833
0.68399,0.68399,0.68399,0.68399,0.68399
0.64844,0.64844,0.64844,0.64844,0.64844
0.6839,0.6839,0.6839,0.6839,0.6839
0.64854,0.64854,0.64854,0.64854,0.64854
0.6838,0.6838,0.6838,0.6838,0.6838
0.64865,0.64865,0.64865,0.64865,0.64865
0.68371,0.68371,0.68371,0.68371,0.68371
0.64875,0.64875,0.64875,0.64875,0.64875
0.68362,0.68362,0.68362,0.68362,0.68362
0.64885,0.64885,0.64885,0.64885,0.64885
0.68353,0.68353,0.68353,0.68353,0.68353
0.64895,0.64895,0.64895,0.64895,0.64895
0.68344,0.68344,0.68344,0.68344,0.68344
0.64905,0.64905,0.64905,0.64905,0.64905
0.68335,0.68335,0.68335,0.68335,0.68335
0.64914,0.64914,0.64914,0.64914,0.64914
0.68327,0.68327,0.68327,0.68327,0.68327
0.64924,0.64924,0.64924,0.64924,0.64924
0.68318,0.68318,0.68318,0.68318,0.68318
0.64933,0.64933,0.64933,0.64933,0.64933
0.6831,0.6831,0.6831,0.6831,0.6831
0.64942,0.64942,0.64942,0.64942,0.64942
0.68302,0.68302,0.68302,0.68302,0.68302
0.64951,0.64951,0.64951,0.64951,0.64951
0.68294,0.68294,0.68294,0.68294,0.68294
0.6496,0.6496,0.6496,0.6496,0.6496
0.68286,0.68286,0.68286,0.68286,0.68286
0.64969,0.64969,0.64969,0.64969,0.64969
0.68278,0.68278,0.68278,0.68278,0.68278
0.64977,0.64977,0.64977,0.64977,0.64977
0.6827,0.6827,0.6827,0.6827,0.6827
0.64986,0.64986,0.64986,0.64986,0.64986
0.68263,0.68263,0.68263,0.68263,0.68263
0.64994,0.64994,0.64994,0.64994,0.64994
0.68255,0.68255,0.68255,0.68255,0.68255
0.65002,0.65002,0.65002,0.65002,0.65002
0.68248,0.68248,0.68248,0.68248,0.68248
0.6501,0.6501,0.6501,0.6501,0.6501
0.68241,0.68241,0.68241,0.68241,0.68241
0.65018,0.65018,0.65018,0.65018,0.65018
0.68233,0.68233,0.68233,0.68233,0.68233
0.65026,0.65026,0.65026,0.65026,0.65026
0.68226,0.68226,0.68226,0.68226,0.68226
0.65034,0.65034,0.65034,0.65034,0.65034
0.68219,0.68219,0.68219,0.68219,0.68219
0.65042,0.65042,0.65042,0.65042,0.65042
0.68212,0.68212,0.68212,0.68212,0.68212
0.65049,0.65049,0.65049,0.65049,0.65049
0.68206,0.68206,0.68206,0.68206,0.68206
0.65057,0.65057,0.65057,0.65057,0.65057
0.68199,0.68199,0.68199,0.68199,0.68199
0.65064,0.65064,0.65064,0.65064,0.65064
0.68192,0.68192,0.68192,0.68192,0.68192
0.65071,0.65071,0.65071,0.65071,0.65071
0.68186,0.68186,0.68186,0.68186,0.68186
0.65078,0.65078,0.65078,0.65078,0.65078
0.68179,0.68179,0.68179,0.68179,0.68179
0.65085,0.65085,0.65085,0.65085,0.65085
0.68173,0.68173,0.68173,0.68173,0.68173
0.65092,0.65092,0.65092,0.65092,0.65092
0.68167,0.68167,0.68167,0.68167,0.68167
0.65099,0.65099,0.65099,0.65099,0.65099
0.6816,0.6816,0.6816,0.6816,0.6816
0.65106,0.65106,0.65106,0.65106,0.65106
0.68154,0.68154,0.68154,0.68154,0.68154
0.65113,0.65113,0.65113,0.65113,0.65113
0.68148,0.68148,0.68148,0.68148,0.68148
0.65119,0.65119,0.65119,0.65119,0.65119
0.68142,0.68142,0.68142,0.68142,0.68142
0.65126,0.65126,0.65126,0.65126,0.65126
0.68136,0.68136,0.68136,0.68136,0.68136
0.65132,0.65132,0.65132,0.65132,0.65132
0.68131,0.68131,0.68131,0.68131,0.68131
0.65139,0.65139,0.65139,0.65139,0.65139
0.68125,0.68125,0.68125,0.68125,0.68125
0.65145,0.65145,0.65145,0.65145,0.65145
0.68119,0.68119,0.68119,0.68119,0.68119
0.65151,0.65151,0.65151,0.65151,0.65151
0.68113,0.68113,0.68113,0.68113,0.68113
0.65157,0.65157,0.65157,0.65157,0.65157
0.68108,0.68108,0.68108,0.68108,0.68108
0.65163,0.65163,0.65163,0.65163,0.65163
0.68102,0.68102,0.68102,0.68102,0.68102
0.65169,0.65169,0.65169,0.65169,0.65169
0.68097,0.68097,0.68097,0.68097,0.68097
0.65175,0.65175,0.65175,0.65175,0.65175
0.68092,0.68092,0.68092,0.68092,0.68092
0.65181,0.65181,0.65181,0.65181,0.65181
0.68086,0.68086,0.68086,0.68086,0.68086
0.65187,0.65187,0.65187,0.65187,0.65187
0.68081,0.68081,0.68081,0.68081,0.68081
0.65192,0.65192,0.65192,0.65192,0.65192
0.68076,0.68076,0.68076,0.68076,0.68076
0.65198,0.65198,0.65198,0.65198,0.65198
0.68071,0.68071,0.68071,0.68071,0.68071
0.65204,0.65204,0.65204,0.65204,0.65204
0.68066,0.68066,0.68066,0.68066,0.68066
0.65209,0.65209,0.65209,0.65209,0.65209
0.6806,0.6806,0.6806,0.6806,0.6806
0.65215,0.65215,0.65215,0.65215,0.65215
0.68056,0.68056,0.68056,0.68056,0.68056
0.6522,0.6522,0.6522,0.6522,0.6522
0.68051,0.68051,0.68051,0.68051,0.68051
0.65225,0.65225,0.65225,0.65225,0.65225
0.68046,0.68046,0.68046,0.68046,0.68046
0.65231,0.65231,0.65231,0.65231,0.65231
0.68041,0.68041,0.68041,0.68041,0.68041
0.65236,0.65236,0.65236,0.65236,0.65236
0.68036,0.68036,0.68036,0.68036,0.68036
0.65241,0.65241,0.65241,0.65241,0.65241
0.68031,0.68031,0.68031,0.68031,0.68031
0.65246,0.65246,0.65246,0.65246,0.65246
0.68027,0.68027,0.68027,0.68027,0.68027
0.65251,0.65251,0.65251,0.65251,0.65251
0.68022,0.68022,0.68022,0.68022,0.68022
0.65256,0.65256,0.65256,0.65256,0.65256
0.68018,0.68018,0.68018,0.68018,0.68018
0.65261,0.65261,0.65261,0.65261,0.65261
0.68013,0.68013,0.68013,0.68013,0.68013
0.65266,0.65266,0.65266,0.65266,0.65266
0.68009,0.68009,0.68009,0.68009,0.68009
0.65271,0.65271,0.65271,0.65271,0.65271
0.68004,0.68004,0.68004,0.68004,0.68004
0.65276,0.65276,0.65276,0.65276,0.65276
0.68,0.68,0.68,0.68,0.68
0.6528,0.6528,0.6528,0.6528,0.6528
0.67995,0.67995,0.67995,0.67995,0.67995
0.65285,0.65285,0.65285,0.65285,0.65285
0.67991,0.67991,0.67991,0.67991,0.67991
0.6529,0.6529,0.6529,0.6529,0.6529
0.67987,0.67987,0.67987,0.67987,0.67987
0.65294,0.65294,0.65294,0.65294,0.65294
0.67983,0.67983,0.67983,0.67983,0.67983
0.65299,0.65299,0.65299,0.65299,0.65299
0.67978,0.67978,0.67978,0.67978,0.67978
0.65303,0.65303,0.65303,0.65303,0.65303
0.67974,0.67974,0.67974,0.67974,0.67974
0.65308,0.65308,0.65308,0.65308,0.65308
0.6797,0.6797,0.6797,0.6797,0.6797
0.65312,0.65312,0.65312,0.65312,0.65312
0.67966,0.67966,0.67966,0.67966,0.67966
0.65317,0.65317,0.65317,0.65317,0.65317
0.67962,0.67962,0.67962,0.67962,0.67962
0.65321,0.65321,0.65321,0.65321,0.65321
0.67958,0.67958,0.67958,0.67958,0.67958
0.65325,0.65325,0.65325,0.65325,0.65325
0.67954,0.67954,0.67954,0.67954,0.67954
0.65329,0.65329,0.65329,0.65329,0.65329
0.6795,0.6795,0.6795,0.6795,0.6795
0.65334,0.65334,0.65334,0.65334,0.65334
0.67946,0.67946,0.67946,0.67946,0.67946
0.65338,0.65338,0.65338,0.65338,0.65338
0.67942,0.67942,0.67942,0.67942,0.67942
0.65342,0.65342,0.65342,0.65342,0.65342
0.67939,0.67939,0.67939,0.67939,0.67939
0.65346,0.65346,0.65346,0.65346,0.65346
0.67935,0.67935,0.67935,0.67935,0.67935
0.6535,0.6535,0.6535,0.6535,0.6535
0.67931,0.67931,0.67931,0.67931,0.67931
0.65354,0.65354,0.65354,0.65354,0.65354
0.67927,0.67927,0.67927,0.67927,0.67927
0.65358,0.65358,0.65358,0.65358,0.65358
0.67924,0.67924,0.67924,0.67924,0.67924
0.65362,0.65362,0.65362,0.65362,0.65362
0.6792,0.6792,0.6792,0.6792,0.6792
0.65366,0.65366,0.65366,0.65366,0.65366
0.67917,0.67917,0.67917,0.67917,0.67917
0.6537,0.6537,0.6537,0.6537,0.6537
0.67913,0.67913,0.67913,0.67913,0.67913
0.65374,0.65374,0.65374,0.65374,0.65374
0.67909,0.67909,0.67909,0.67909,0.67909
0.65378,0.65378,0.65378,0.65378,0.65378
0.67906,0.67906,0.67906,0.67906,0.67906
0.65381,0.65381,0.65381,0.65381,0.65381
0.67902,0.67902,0.67902,0.67902,0.67902
0.65385,0.65385,0.65385,0.65385,0.65385
0.67899,0.67899,0.67899,0.67899,0.67899
0.65389,0.65389,0.65389,0.65389,0.65389
0.67895,0.67895,0.67895,0.67895,0.67895
0.65393,0.65393,0.65393,0.65393,0.65393
0.67892,0.67892,0.67892,0.67892,0.67892
0.65396,0.65396,0.65396,0.65396,0.65396
0.67889,0.67889,0.67889,0.67889,0.67889
0.654,0.654,0.654,0.654,0.654
0.67885,0.67885,0.67885,0.67885,0.67885
0.65403,0.65403,0.65403,0.65403,0.65403
0.67882,0.67882,0.67882,0.67882,0.67882
0.65407,0.65407,0.65407,0.65407,0.65407
0.67879,0.67879,0.67879,0.67879,0.67879
0.65411,0.65411,0.65411,0.65411,0.65411
0.67875,0.67875,0.67875,0.67875,0.67875
0.65414,0.65414,0.65414,0.65414,0.65414
0.67872,0.67872,0.67872,0.67872,0.67872
0.65417,0.65417,0.65417,0.65417,0.65417
0.67869,0.67869,0.67869,0.67869,0.67869
0.65421,0.65421,0.65421,0.65421,0.65421
0.67866,0.67866,0.67866,0.67866,0.67866
0.65424,0.65424,0.65424,0.65424,0.65424
0.67863,0.67863,0.67863,0.67863,0.67863
0.65428,0.65428,0.65428,0.65428,0.65428
0.6786,0.6786,0.6786,0.6786,0.6786
0.65431,0.65431,0.65431,0.65431,0.65431
0.67856,0.67856,0.67856,0.67856,0.67856
0.65434,0.65434,0.65434,0.65434,0.65434
0.67853,0.67853,0.67853,0.67853,0.67853
0.65438,0.65438,0.65438,0.65438,0.65438
0.6785,0.6785,0.6785,0.6785,0.6785
0.65441,0.65441,0.65441,0.65441,0.65441
0.67847,0.67847,0.67847,0.67847,0.67847
0.65444,0.65444,0.65444,0.65444,0.65444
0.67844,0.67844,0.67844,0.67844,0.67844
0.65447,0.65447,0.65447,0.65447,0.65447
0.67841,0.67841,0.67841,0.67841,0.67841
0.65451,0.65451,0.65451,0.65451,0.65451
0.67838,0.67838,0.67838,0.67838,0.67838
0.65454,0.65454,0.65454,0.65454,0.65454
0.67835,0.67835,0.67835,0.67835,0.67835
0.65457,0.65457,0.65457,0.65457,0.65457
0.67832,0.67832,0.67832,0.67832,0.67832
0.6546,0.6546,0.6546,0.6546,0.6546
0.6783,0.6783,0.6783,0.6783,0.6783
0.65463,0.65463,0.65463,0.65463,0.65463
0.67827,0.67827,0.67827,0.67827,0.67827
0.65466,0.65466,0.65466,0.65466,0.65466
0.67824,0.67824,0.67824,0.67824,0.67824
0.65469,0.65469,0.65469,0.65469,0.65469
0.67821,0.67821,0.67821,0.67821,0.67821
0.65472,0.65472,0.65472,0.65472,0.65472
0.67818,0.67818,0.67818,0.67818,0.67818
0.65475,0.65475,0.65475,0.65475,0.65475
0.67815,0.67815,0.67815,0.67815,0.67815
0.65478,0.65478,0.65478,0.65478,0.65478
0.67813,0.67813,0.67813,0.67813,0.67813
0.65481,0.65481,0.65481,0.65481,0.65481
0.6781,0.6781,0.6781,0.6781,0.6781
0.65484,0.65484,0.65484,0.65484,0.65484
0.67807,0.67807,0.67807,0.67807,0.67807
0.65487,0.65487,0.65487,0.65487,0.65487
0.67804,0.67804,0.67804,0.67804,0.67804
0.6549,0.6549,0.6549,0.6549,0.6549
0.67802,0.67802,0.67802,0.67802,0.67802
0.65493,0.65493,0.65493,0.65493,0.65493
0.67799,0.67799,0.67799,0.67799,0.67799
0.65496,0.65496,0.65496,0.65496,0.65496
0.67796,0.67796,0.67796,0.67796,0.67796
0.65499,0.65499,0.65499,0.65499,0.65499
0.67794,0.67794,0.67794,0.67794,0.67794
0.65502,0.65502,0.65502,0.65502,0.65502
0.67791,0.67791,0.67791,0.67791,0.67791
0.65504,0.65504,0.65504,0.65504,0.65504
0.67788,0.67788,0.67788,0.67788,0.67788
0.65507,0.65507,0.65507,0.65507,0.65507
0.67786,0.67786,0.67786,0.67786,0.67786
0.6551,0.6551,0.6551,0.6551,0.6551
0.67783,0.67783,0.67783,0.67783,0.67783
0.65513,0.65513,0.65513,0.65513,0.65513
0.67781,0.67781,0.67781,0.67781,0.67781
0.65515,0.65515,0.65515,0.65515,0.65515
0.67778,0.67778,0.67778,0.67778,0.67778
0.65518,0.65518,0.65518,0.65518,0.65518
0.67776,0.67776,0.67776,0.67776,0.67776
0.65521,0.65521,0.65521,0.65521,0.65521
0.67773,0.67773,0.67773,0.67773,0.67773
0.65523,0.65523,0.65523,0.65523,0.65523
0.67771,0.67771,0.67771,0.67771,0.67771
0.65526,0.65526,0.65526,0.65526,0.65526
0.67768,0.67768,0.67768,0.67768,0.67768
0.65529,0.65529,0.65529,0.65529,0.65529
0.67766,0.67766,0.67766,0.67766,0.67766
0.65531,0.65531,0.65531,0.65531,0.65531
0.67763,0.67763,0.67763,0.67763,0.67763
0.65534,0.65534,0.65534,0.65534,0.65534
0.67761,0.67761,0.67761,0.67761,0.67761
0.65536,0.65536,0.65536,0.65536,0.65536
0.67759,0.67759,0.67759,0.67759,0.67759
0.65539,0.65539,0.65539,0.65539,0.65539
0.67756,0.67756,0.67756,0.67756,0.67756
0.65542,0.65542,0.65542,0.65542,0.65542
0.67754,0.67754,0.67754,0.67754,0.67754
0.65544,0.65544,0.65544,0.65544,0.65544
0.67751,0.67751,0.67751,0.67751,0.67751
0.65547,0.65547,0.65547,0.65547,0.65547
0.67749,0.67749,0.67749,0.67749,0.67749
0.65549,0.65549,0.65549,0.65549,0.65549
0.67747,0.67747,0.67747,0.67747,0.67747
0.65551,0.65551,0.65551,0.65551,0.65551
0.67745,0.67745,0.67745,0.67745,0.67745
0.65554,0.65554,0.65554,0.65554,0.65554
0.67742,0.67742,0.67742,0.67742,0.67742
0.65556,0.65556,0.65556,0.65556,0.65556
0.6774,0.6774,0.6774,0.6774,0.6774
0.65559,0.65559,0.65559,0.65559,0.65559
0.67738,0.67738,0.67738,0.67738,0.67738
0.65561,0.65561,0.65561,0.65561,0.65561
0.67735,0.67735,0.67735,0.67735,0.67735
0.65564,0.65564,0.65564,0.65564,0.65564
0.67733,0.67733,0.67733,0.67733,0.67733
0.65566,0.65566,0.65566,0.65566,0.65566
0.67731,0.67731,0.67731,0.67731,0.67731
0.65568,0.65568,0.65568,0.65568,0.65568
0.67729,0.67729,0.67729,0.67729,0.67729
0.65571,0.65571,0.65571,0.65571,0.65571
0.67727,0.67727,0.67727,0.67727,0.67727
0.65573,0.65573,0.65573,0.65573,0.65573
0.67724,0.67724,0.67724,0.67724,0.67724
0.65575,0.65575,0.65575,0.65575,0.65575
0.67722,0.67722,0.67722,0.67722,0.67722
0.65578,0.65578,0.65578,0.65578,0.65578
0.6772,0.6772,0.6772,0.6772,0.6772
0.6558,0.6558,0.6558,0.6558,0.6558
0.67718,0.67718,0.67718,0.67718,0.67718
0.65582,0.65582,0.65582,0.65582,0.65582
0.67716,0.67716,0.67716,0.67716,0.67716
0.65584,0.65584,0.65584,0.65584,0.65584
0.67714,0.67714,0.67714,0.67714,0.67714
0.65587,0.65587,0.65587,0.65587,0.65587
0.67712,0.67712,0.67712,0.67712,0.67712
0.65589,0.65589,0.65589,0.65589,0.65589
0.6771,0.6771,0.6771,0.6771,0.6771
0.65591,0.65591,0.65591,0.65591,0.65591
0.67707,0.67707,0.67707,0.67707,0.67707
0.65593,0.65593,0.65593,0.65593,0.65593
0.67705,0.67705,0.67705,0.67705,0.67705
0.65596,0.65596,0.65596,0.65596,0.65596
0.67703,0.67703,0.67703,0.67703,0.67703
0.65598,0.65598,0.65598,0.65598,0.65598
0.67701,0.67701,0.67701,0.67701,0.67701
0.656,0.656,0.656,0.656,0.656
0.67699,0.67699,0.67699,0.67699,0.67699
0.65602,0.65602,0.65602,0.65602,0.65602
0.67697,0.67697,0.67697,0.67697,0.67697
0.65604,0.65604,0.65604,0.65604,0.65604
0.67695,0.67695,0.67695,0.67695,0.67695
0.65606,0.65606,0.65606,0.65606,0.65606
0.67693,0.67693,0.67693,0.67693,0.67693
0.65608,0.65608,0.65608,0.65608,0.65608
0.67691,0.67691,0.67691,0.67691,0.67691
0.65611,0.65611,0.65611,0.65611,0.65611
0.67689,0.67689,0.67689,0.67689,0.67689
0.65613,0.65613,0.65613,0.65613,0.65613
0.67687,0.67687,0.67687,0.67687,0.67687
0.65615,0.65615,0.65615,0.65615,0.65615
0.67685,0.67685,0.67685,0.67685,0.67685
0.65617,0.65617,0.65617,0.65617,0.65617
0.67684,0.67684,0.67684,0.67684,0.67684
0.65619,0.65619,0.65619,0.65619,0.65619
0.67682,0.67682,0.67682,0.67682,0.67682
0.65621,0.65621,0.65621,0.65621,0.65621
0.6768,0.6768,0.6768,0.6768,0.6768
0.65623,0.65623,0.65623,0.65623,0.65623
0.67678,0.67678,0.67678,0.67678,0.67678
0.65625,0.65625,0.65625,0.65625,0.65625
0.67676,0.67676,0.67676,0.67676,0.67676
0.65627,0.65627,0.65627,0.65627,0.65627
0.67674,0.67674,0.67674,0.67674,0.67674
0.65629,0.65629,0.65629,0.65629,0.65629
0.67672,0.67672,0.67672,0.67672,0.67672
0.65631,0.65631,0.65631,0.65631,0.65631
0.6767,0.6767,0.6767,0.6767,0.6767
0.65633,0.65633,0.65633,0.65633,0.65633
0.67668,0.67668,0.67668,0.67668,0.67668
0.65635,0.65635,0.65635,0.65635,0.65635
0.67667,0.67667,0.67667,0.67667,0.67667
0.65637,0.65637,0.65637,0.65637,0.65637
0.67665,0.67665,0.67665,0.67665,0.67665
0.65639,0.65639,0.65639,0.65639,0.65639
0.67663,0.67663,0.67663,0.67663,0.67663
0.65641,0.65641,0.65641,0.65641,0.65641
0.67661,0.67661,0.67661,0.67661,0.67661
0.65642,0.65642,0.65642,0.65642,0.65642
0.67659,0.67659,0.67659,0.67659,0.67659
0.65644,0.65644,0.65644,0.65644,0.65644
0.67658,0.67658,0.67658,0.67658,0.67658
0.65646,0.65646,0.65646,0.65646,0.65646
0.67656,0.67656,0.67656,0.67656,0.67656
0.65648,0.65648,0.65648,0.65648,0.65648
0.67654,0.67654,0.67654,0.67654,0.67654
0.6565,0.6565,0.6565,0.6565,0.6565
0.67652,0.67652,0.67652,0.67652,0.67652
0.65652,0.65652,0.65652,0.65652,0.65652
0.67651,0.67651,0.67651,0.67651,0.67651
0.65654,0.65654,0.65654,0.65654,0.65654
0.67649,0.67649,0.67649,0.67649,0.67649
0.65656,0.65656,0.65656,0.65656,0.65656
0.67647,0.67647,0.67647,0.67647,0.67647
0.65657,0.65657,0.65657,0.65657,0.65657
0.67645,0.67645,0.67645,0.67645,0.67645
0.65659,0.65659,0.65659,0.65659,0.65659
0.67644,0.67644,0.67644,0.67644,0.67644
0.65661,0.65661,0.65661,0.65661,0.65661
0.67642,0.67642,0.67642,0.67642,0.67642
0.65663,0.65663,0.65663,0.65663,0.65663
0.6764,0.6764,0.6764,0.6764,0.6764
0.65665,0.65665,0.65665,0.65665,0.65665
0.67639,0.67639,0.67639,0.67639,0.67639
0.65666,0.65666,0.65666,0.65666,0.65666
0.67637,0.67637,0.67637,0.67637,0.67637
0.65668,0.65668,0.65668,0.65668,0.65668
0.67635,0.67635,0.67635,0.67635,0.67635
0.6567,0.6567,0.6567,0.6567,0.6567
0.67634,0.67634,0.67634,0.67634,0.67634
0.65672,0.65672,0.65672,0.65672,0.65672
0.67632,0.67632,0.67632,0.67632,0.67632
0.65673,0.65673,0.65673,0.65673,0.65673
0.6763,0.6763,0.6763,0.6763,0.6763
0.65675,0.65675,0.65675,0.65675,0.65675
0.67629,0.67629,0.67629,0.67629,0.67629
0.65677,0.65677,0.65677,0.65677,0.65677
0.67627,0.67627,0.67627,0.67627,0.67627
0.65679,0.65679,0.65679,0.65679,0.65679
0.67625,0.67625,0.67625,0.67625,0.67625
0.6568,0.6568,0.6568,0.6568,0.6568
0.67624,0.67624,0.67624,0.67624,0.67624
0.65682,0.65682,0.65682,0.65682,0.65682
0.67622,0.67622,0.67622,0.67622,0.67622
0.65684,0.65684,0.65684,0.65684,0.65684
0.67621,0.67621,0.67621,0.67621,0.67621
0.65685,0.65685,0.65685,0.65685,0.65685
0.67619,0.67619,0.67619,0.67619,0.67619
0.65687,0.65687,0.65687,0.65687,0.65687
0.67617,0.67617,0.67617,0.67617,0.67617
0.65689,0.65689,0.65689,0.65689,0.65689
0.67616,0.67616,0.67616,0.67616,0.67616
0.6569,0.6569,0.6569,0.6569,0.6569
0.67614,0.67614,0.67614,0.67614,0.67614
0.65692,0.65692,0.65692,0.65692,0.65692
0.67613,0.67613,0.67613,0.67613,0.67613
0.65694,0.65694,0.65694,0.65694,0.65694
0.67611,0.67611,0.67611,0.67611,0.67611
0.65695,0.65695,0.65695,0.65695,0.65695
0.6761,0.6761,0.6761,0.6761,0.6761
0.65697,0.65697,0.65697,0.65697,0.65697
0.67608,0.67608,0.67608,0.67608,0.67608
0.65699,0.65699,0.65699,0.65699,0.65699
0.67607,0.67607,0.67607,0.67607,0.67607
0.657,0.657,0.657,0.657,0.657
0.67605,0.67605,0.67605,0.67605,0.67605
0.65702,0.65702,0.65702,0.65702,0.65702
0.67604,0.67604,0.67604,0.67604,0.67604
0.65703,0.65703,0.65703,0.65703,0.65703
0.67602,0.67602,0.67602,0.67602,0.67602
0.65705,0.65705,0.65705,0.65705,0.65705
0.67601,0.67601,0.67601,0.67601,0.67601
0.65707,0.65707,0.65707,0.65707,0.65707
0.67599,0.67599,0.67599,0.67599,0.67599
0.65708,0.65708,0.65708,0.65708,0.65708
0.67598,0.67598,0.67598,0.67598,0.67598
0.6571,0.6571,0.6571,0.6571,0.6571
0.67596,0.67596,0.67596,0.67596,0.67596
0.65711,0.65711,0.65711,0.65711,0.65711
0.67595,0.67595,0.67595,0.67595,0.67595
0.65713,0.65713,0.65713,0.65713,0.65713
0.67593,0.67593,0.67593,0.67593,0.67593
0.65714,0.65714,0.65714,0.65714,0.65714
0.67592,0.67592,0.67592,0.67592,0.67592
0.65716,0.65716,0.65716,0.65716,0.65716
0.6759,0.6759,0.6759,0.6759,0.6759
0.65717,0.65717,0.65717,0.65717,0.65717
0.67589,0.67589,0.67589,0.67589,0.67589
0.65719,0.65719,0.65719,0.65719,0.65719
0.67587,0.67587,0.67587,0.67587,0.67587
0.6572,0.6572,0.6572,0.6572,0.6572
0.67586,0.67586,0.67586,0.67586,0.67586
0.65722,0.65722,0.65722,0.65722,0.65722
0.67585,0.67585,0.67585,0.67585,0.67585
0.65723,0.65723,0.65723,0.65723,0.65723
0.67583,0.67583,0.67583,0.67583,0.67583
0.65725,0.65725,0.65725,0.65725,0.65725
0.67582,0.67582,0.67582,0.67582,0.67582
0.65726,0.65726,0.65726,0.65726,0.65726
0.6758,0.6758,0.6758,0.6758,0.6758
0.65728,0.65728,0.65728,0.65728,0.65728
0.67579,0.67579,0.67579,0.67579,0.67579
0.65729,0.65729,0.65729,0.65729,0.65729
0.67578,0.67578,0.67578,0.67578,0.67578
0.65731,0.65731,0.65731,0.65731,0.65731
0.67576,0.67576,0.67576,0.67576,0.67576
0.65732,0.65732,0.65732,0.65732,0.65732
0.67575,0.67575,0.67575,0.67575,0.67575
0.65734,0.65734,0.65734,0.65734,0.65734
0.67573,0.67573,0.67573,0.67573,0.67573
0.65735,0.65735,0.65735,0.65735,0.65735
0.67572,0.67572,0.67572,0.67572,0.67572
0.65737,0.65737,0.65737,0.65737,0.65737
0.67571,0.67571,0.67571,0.67571,0.67571
0.65738,0.65738,0.65738,0.65738,0.65738
0.67569,0.67569,0.67569,0.67569,0.67569
0.65739,0.65739,0.65739,0.65739,0.65739
0.67568,0.67568,0.67568,0.67568,0.67568
0.65741,0.65741,0.65741,0.65741,0.65741
0.67567,0.67567,0.67567,0.67567,0.67567
0.65742,0.65742,0.65742,0.65742,0.65742
0.67565,0.67565,0.67565,0.67565,0.67565
0.65744,0.65744,0.65744,0.65744,0.65744
0.67564,0.67564,0.67564,0.67564,0.67564
0.65745,0.65745,0.65745,0.65745,0.65745
0.67563,0.67563,0.67563,0.67563,0.67563
0.65746,0.65746,0.65746,0.65746,0.65746
0.67561,0.67561,0.67561,0.67561,0.67561
0.65748,0.65748,0.65748,0.65748,0.65748
0.6756,0.6756,0.6756,0.6756,0.6756
0.65749,0.65749,0.65749,0.65749,0.65749
0.67559,0.67559,0.67559,0.67559,0.67559
0.65751,0.65751,0.65751,0.65751,0.65751
0.67558,0.67558,0.67558,0.67558,0.67558
0.65752,0.65752,0.65752,0.65752,0.65752
0.67556,0.67556,0.67556,0.67556,0.67556
0.65753,0.65753,0.65753,0.65753,0.65753
0.67555,0.67555,0.67555,0.67555,0.67555
0.65755,0.65755,0.65755,0.65755,0.65755
0.67554,0.67554,0.67554,0.67554,0.67554
0.65756,0.65756,0.65756,0.65756,0.65756
0.67552,0.67552,0.67552,0.67552,0.67552
0.65757,0.65757,0.65757,0.65757,0.65757
0.67551,0.67551,0.67551,0.67551,0.67551
0.65759,0.65759,0.65759,0.65759,0.65759
0.6755,0.6755,0.6755,0.6755,0.6755
0.6576,0.6576,0.6576,0.6576,0.6576
0.67549,0.67549,0.67549,0.67549,0.67549
0.65761,0.65761,0.65761,0.65761,0.65761
0.67547,0.67547,0.67547,0.67547,0.67547
0.65763,0.65763,0.65763,0.65763,0.65763
0.67546,0.67546,0.67546,0.67546,0.67546
0.65764,0.65764,0.65764,0.65764,0.65764
0.67545,0.67545,0.67545,0.67545,0.67545
0.65765,0.65765,0.65765,0.65765,0.65765
0.67544,0.67544,0.67544,0.67544,0.67544
0.65767,0.65767,0.65767,0.65767,0.65767
0.67542,0.67542,0.67542,0.67542,0.67542
0.65768,0.65768,0.65768,0.65768,0.65768
0.67541,0.67541,0.67541,0.67541,0.67541
0.65769,0.65769,0.65769,0.65769,0.65769
0.6754,0.6754,0.6754,0.6754,0.6754
0.6577,0.6577,0.6577,0.6577,0.6577
0.67539,0.67539,0.67539,0.67539,0.67539
0.65772,0.65772,0.65772,0.65772,0.65772
0.67538,0.67538,0.67538,0.67538,0.67538
0.65773,0.65773,0.65773,0.65773,0.65773
0.67536,0.67536,0.67536,0.67536,0.67536
0.65774,0.65774,0.65774,0.65774,0.65774
0.67535,0.67535,0.67535,0.67535,0.67535
0.65776,0.65776,0.65776,0.65776,0.65776
0.67534,0.67534,0.67534,0.67534,0.67534
0.65777,0.65777,0.65777,0.65777,0.65777
0.67533,0.67533,0.67533,0.67533,0.67533
0.65778,0.65778,0.65778,0.65778,0.65778
0.67532,0.67532,0.67532,0.67532,0.67532
0.65779,0.65779,0.65779,0.65779,0.65779
0.6753,0.6753,0.6753,0.6753,0.6753
0.65781,0.65781,0.65781,0.65781,0.65781
0.67529,0.67529,0.67529,0.67529,0.67529
0.65782,0.65782,0.65782,0.65782,0.65782
0.67528,0.67528,0.67528,0.67528,0.67528
0.65783,0.65783,0.65783,0.65783,0.65783
0.67527,0.67527,0.67527,0.67527,0.67527
0.65784,0.65784,0.65784,0.65784,0.65784
0.67526,0.67526,0.67526,0.67526,0.67526
0.65785,0.65785,0.65785,0.65785,0.65785
0.67525,0.67525,0.67525,0.67525,0.67525
0.65787,0.65787,0.65787,0.65787,0.65787
0.67523,0.67523,0.67523,0.67523,0.67523
0.65788,0.65788,0.65788,0.65788,0.65788
0.67522,0.67522,0.67522,0.67522,0.67522
0.65789,0.65789,0.65789,0.65789,0.65789
0.67521,0.67521,0.67521,0.67521,0.67521
0.6579,0.6579,0.6579,0.6579,0.6579
0.6752,0.6752,0.6752,0.6752,0.6752
0.65791,0.65791,0.65791,0.65791,0.65791
0.67519,0.67519,0.67519,0.67519,0.67519
0.65793,0.65793,0.65793,0.65793,0.65793
0.67518,0.67518,0.67518,0.67518,0.67518
0.65794,0.65794,0.65794,0.65794,0.65794
0.67517,0.67517,0.67517,0.67517,0.67517
0.65795,0.65795,0.65795,0.65795,0.65795
0.67516,0.67516,0.67516,0.67516,0.67516
0.65796,0.65796,0.65796,0.65796,0.65796
0.67514,0.67514,0.67514,0.67514,0.67514
0.65797,0.65797,0.65797,0.65797,0.65797
0.67513,0.67513,0.67513,0.67513,0.67513
0.65799,0.65799,0.65799,0.65799,0.65799
0.67512,0.67512,0.67512,0.67512,0.67512
0.658,0.658,0.658,0.658,0.658
0.67511,0.67511,0.67511,0.67511,0.67511
0.65801,0.65801,0.65801,0.65801,0.65801
0.6751,0.6751,0.6751,0.6751,0.6751
0.65802,0.65802,0.65802,0.65802,0.65802
0.67509,0.67509,0.67509,0.67509,0.67509
0.65803,0.65803,0.65803,0.65803,0.65803
0.67508,0.67508,0.67508,0.67508,0.67508
0.65804,0.65804,0.65804,0.65804,0.65804
0.67507,0.67507,0.67507,0.67507,0.67507
0.65805,0.65805,0.65805,0.65805,0.65805
0.67506,0.67506,0.67506,0.67506,0.67506
0.65807,0.65807,0.65807,0.65807,0.65807
0.67505,0.67505,0.67505,0.67505,0.67505
0.65808,0.65808,0.65808,0.65808,0.65808
0.67503,0.67503,0.67503,0.67503,0.67503
0.65809,0.65809,0.65809,0.65809,0.65809
0.67502,0.67502,0.67502,0.67502,0.67502
0.6581,0.6581,0.6581,0.6581,0.6581
0.67501,0.67501,0.67501,0.67501,0.67501
0.65811,0.65811,0.65811,0.65811,0.65811
0.675,0.675,0.675,0.675,0.675
0.65812,0.65812,0.65812,0.65812,0.65812
0.67499,0.67499,0.67499,0.67499,0.67499
0.65813,0.65813,0.65813,0.65813,0.65813
0.67498,0.67498,0.67498,0.67498,0.67498
0.65814,0.65814,0.65814,0.65814,0.65814
0.67497,0.67497,0.67497,0.67497,0.67497
0.65816,0.65816,0.65816,0.65816,0.65816
0.67496,0.67496,0.67496,0.67496,0.67496
0.65817,0.65817,0.65817,0.65817,0.65817
0.67495,0.67495,0.67495,0.67495,0.67495
0.65818,0.65818,0.65818,0.65818,0.65818
0.67494,0.67494,0.67494,0.67494,0.67494
0.65819,0.65819,0.65819,0.65819,0.65819
0.67493,0.67493,0.67493,0.67493,0.67493
0.6582,0.6582,0.6582,0.6582,0.6582
0.67492,0.67492,0.67492,0.67492,0.67492
0.65821,0.65821,0.65821,0.65821,0.65821
0.67491,0.67491,0.67491,0.67491,0.67491
0.65822,0.65822,0.65822,0.65822,0.65822
0.6749,0.6749,0.6749,0.6749,0.6749
0.65823,0.65823,0.65823,0.65823,0.65823
0.67489,0.67489,0.67489,0.67489,0.67489
0.65824,0.65824,0.65824,0.65824,0.65824
0.67488,0.67488,0.67488,0.67488,0.67488
0.65825,0.65825,0.65825,0.65825,0.65825
0.67487,0.67487,0.67487,0.67487,0.67487
0.65826,0.65826,0.65826,0.65826,0.65826
0.67486,0.67486,0.67486,0.67486,0.67486
0.65827,0.65827,0.65827,0.65827,0.65827
0.67485,0.67485,0.67485,0.67485,0.67485
0.65828,0.65828,0.65828,0.65828,0.65828
0.67484,0.67484,0.67484,0.67484,0.67484
0.65829,0.65829,0.65829,0.65829,0.65829
0.67483,0.67483,0.67483,0.67483,0.67483
0.6583,0.6583,0.6583,0.6583,0.6583
0.67482,0.67482,0.67482,0.67482,0.67482
0.65832,0.65832,0.65832,0.65832,0.65832
0.67481,0.67481,0.67481,0.67481,0.67481
0.65833,0.65833,0.65833,0.65833,0.65833
0.6748,0.6748,0.6748,0.6748,0.6748
0.65834,0.65834,0.65834,0.65834,0.65834
0.67479,0.67479,0.67479,0.67479,0.67479
0.65835,0.65835,0.65835,0.65835,0.65835
0.67478,0.67478,0.67478,0.67478,0.67478
0.65836,0.65836,0.65836,0.65836,0.65836
0.67477,0.67477,0.67477,0.67477,0.67477
0.65837,0.65837,0.65837,0.65837,0.65837
0.67476,0.67476,0.67476,0.67476,0.67476
0.65838,0.65838,0.65838,0.65838,0.65838
0.67475,0.67475,0.67475,0.67475,0.67475
0.65839,0.65839,0.65839,0.65839,0.65839
0.67474,0.67474,0.67474,0.67474,0.67474
0.6584,0.6584,0.6584,0.6584,0.6584
0.67473,0.67473,0.67473,0.67473,0.67473
0.65841,0.65841,0.65841,0.65841,0.65841
0.67472,0.67472,0.67472,0.67472,0.67472
0.65842,0.65842,0.65842,0.65842,0.65842
0.67471,0.67471,0.67471,0.67471,0.67471
0.65843,0.65843,0.65843,0.65843,0.65843
0.6747,0.6747,0.6747,0.6747,0.6747
0.65844,0.65844,0.65844,0.65844,0.65844
0.67469,0.67469,0.67469,0.67469,0.67469
0.65845,0.65845,0.65845,0.65845,0.65845
0.67468,0.67468,0.67468,0.67468,0.67468
0.65846,0.65846,0.65846,0.65846,0.65846
0.67467,0.67467,0.67467,0.67467,0.67467
0.65847,0.65847,0.65847,0.65847,0.65847
0.67467,0.67467,0.67467,0.67467,0.67467
0.65848,0.65848,0.65848,0.65848,0.65848
0.67466,0.67466,0.67466,0.67466,0.67466
0.65849,0.65849,0.65849,0.65849,0.65849
0.67465,0.67465,0.67465,0.67465,0.67465
0.6585,0.6585,0.6585,0.6585,0.6585
0.67464,0.67464,0.67464,0.67464,0.67464
0.65851,0.65851,0.65851,0.65851,0.65851
0.67463,0.67463,0.67463,0.67463,0.67463
0.65852,0.65852,0.65852,0.65852,0.65852
0.67462,0.67462,0.67462,0.67462,0.67462
0.65852,0.65852,0.65852,0.65852,0.65852
0.67461,0.67461,0.67461,0.67461,0.67461
0.65853,0.65853,0.65853,0.65853,0.65853
0.6746,0.6746,0.6746,0.6746,0.6746
0.65854,0.65854,0.65854,0.65854,0.65854
0.67459,0.67459,0.67459,0.67459,0.67459
0.65855,0.65855,0.65855,0.65855,0.65855
0.67458,0.67458,0.67458,0.67458,0.67458
0.65856,0.65856,0.65856,0.65856,0.65856
0.67457,0.67457,0.67457,0.67457,0.67457
0.65857,0.65857,0.65857,0.65857,0.65857
0.67456,0.67456,0.67456,0.67456,0.67456
0.65858,0.65858,0.65858,0.65858,0.65858
0.67456,0.67456,0.67456,0.67456,0.67456
0.65859,0.65859,0.65859,0.65859,0.65859
0.67455,0.67455,0.67455,0.67455,0.67455
0.6586,0.6586,0.6586,0.6586,0.6586
0.67454,0.67454,0.67454,0.67454,0.67454
0.65861,0.65861,0.65861,0.65861,0.65861
0.67453,0.67453,0.67453,0.67453,0.67453
0.65862,0.65862,0.65862,0.65862,0.65862
0.67452,0.67452,0.67452,0.67452,0.67452
0.65863,0.65863,0.65863,0.65863,0.65863
0.67451,0.67451,0.67451,0.67451,0.67451
0.65864,0.65864,0.65864,0.65864,0.65864
0.6745,0.6745,0.6745,0.6745,0.6745
0.65865,0.65865,0.65865,0.65865,0.65865
0.67449,0.67449,0.67449,0.67449,0.67449
0.65866,0.65866,0.65866,0.65866,0.65866
0.67448,0.67448,0.67448,0.67448,0.67448
0.65867,0.65867,0.65867,0.65867,0.65867
0.67448,0.67448,0.67448,0.67448,0.67448
0.65867,0.65867,0.65867,0.65867,0.65867
0.67447,0.67447,0.67447,0.67447,0.67447
0.65868,0.65868,0.65868,0.65868,0.65868
0.67446,0.67446,0.67446,0.67446,0.67446
0.65869,0.65869,0.65869,0.65869,0.65869
0.67445,0.67445,0.67445,0.67445,0.67445
0.6587,0.6587,0.6587,0.6587,0.6587
0.67444,0.67444,0.67444,0.67444,0.67444
0.65871,0.65871,0.65871,0.65871,0.65871
0.67443,0.67443,0.67443,0.67443,0.67443
0.65872,0.65872,0.65872,0.65872,0.65872
0.67442,0.67442,0.67442,0.67442,0.67442
0.65873,0.65873,0.65873,0.65873,0.65873
0.67442,0.67442,0.67442,0.67442,0.67442
0.65874,0.65874,0.65874,0.65874,0.65874
0.67441,0.67441,0.67441,0.67441,0.67441
0.65875,0.65875,0.65875,0.65875,0.65875
0.6744,0.6744,0.6744,0.6744,0.6744
0.65875,0.65875,0.65875,0.65875,0.65875
0.67439,0.67439,0.67439,0.67439,0.67439
0.65876,0.65876,0.65876,0.65876,0.65876
0.67438,0.67438,0.67438,0.67438,0.67438
0.65877,0.65877,0.65877,0.65877,0.65877
0.67437,0.67437,0.67437,0.67437,0.67437
0.65878,0.65878,0.65878,0.65878,0.65878
0.67437,0.67437,0.67437,0.67437,0.67437
0.65879,0.65879,0.65879,0.65879,0.65879
0.67436,0.67436,0.67436,0.67436,0.67436
0.6588,0.6588,0.6588,0.6588,0.6588
0.67435,0.67435,0.67435,0.67435,0.67435
0.65881,0.65881,0.65881,0.65881,0.65881
0.67434,0.67434,0.67434,0.67434,0.67434
0.65882,0.65882,0.65882,0.65882,0.65882
0.67433,0.67433,0.67433,0.67433,0.67433
0.65882,0.65882,0.65882,0.65882,0.65882
0.67432,0.67432,0.67432,0.67432,0.67432
0.65883,0.65883,0.65883,0.65883,0.65883
0.67432,0.67432,0.67432,0.67432,0.67432
0.65884,0.65884,0.65884,0.65884,0.65884
0.67431,0.67431,0.67431,0.67431,0.67431
0.65885,0.65885,0.65885,0.65885,0.65885
0.6743,0.6743,0.6743,0.6743,0.6743
0.65886,0.65886,0.65886,0.65886,0.65886
0.67429,0.67429,0.67429,0.67429,0.67429
0.65887,0.65887,0.65887,0.65887,0.65887
0.67428,0.67428,0.67428,0.67428,0.67428
0.65888,0.65888,0.65888,0.65888,0.65888
0.67428,0.67428,0.67428,0.67428,0.67428
0.65888,0.65888,0.65888,0.65888,0.65888
0.67427,0.67427,0.67427,0.67427,0.67427
0.65889,0.65889,0.65889,0.65889,0.65889
0.67426,0.67426,0.67426,0.67426,0.67426
0.6589,0.6589,0.6589,0.6589,0.6589
0.67425,0.67425,0.67425,0.67425,0.67425
0.65891,0.65891,0.65891,0.65891,0.65891
0.67424,0.67424,0.67424,0.67424,0.67424
0.65892,0.65892,0.65892,0.65892,0.65892
0.67424,0.67424,0.67424,0.67424,0.67424
0.65893,0.65893,0.65893,0.65893,0.65893
0.67423,0.67423,0.67423,0.67423,0.67423
0.65893,0.65893,0.65893,0.65893,0.65893
0.67422,0.67422,0.67422,0.67422,0.67422
0.65894,0.65894,0.65894,0.65894,0.65894
0.67421,0.67421,0.67421,0.67421,0.67421
0.65895,0.65895,0.65895,0.65895,0.65895
0.6742,0.6742,0.6742,0.6742,0.6742
0.65896,0.65896,0.65896,0.65896,0.65896
0.6742,0.6742,0.6742,0.6742,0.6742
0.65897,0.65897,0.65897,0.65897,0.65897
0.67419,0.67419,0.67419,0.67419,0.67419
0.65897,0.65897,0.65897,0.65897,0.65897
0.67418,0.67418,0.67418,0.67418,0.67418
0.65898,0.65898,0.65898,0.65898,0.65898
0.67417,0.67417,0.67417,0.67417,0.67417
0.65899,0.65899,0.65899,0.65899,0.65899
0.67417,0.67417,0.67417,0.67417,0.67417
0.659,0.659,0.659,0.659,0.659
0.67416,0.67416,0.67416,0.67416,0.67416
0.65901,0.65901,0.65901,0.65901,0.65901
0.67415,0.67415,0.67415,0.67415,0.67415
0.65902,0.65902,0.65902,0.65902,0.65902
0.67414,0.67414,0.67414,0.67414,0.67414
0.65902,0.65902,0.65902,0.65902,0.65902
0.67413,0.67413,0.67413,0.67413,0.67413
0.65903,0.65903,0.65903,0.65903,0.65903
0.67413,0.67413,0.67413,0.67413,0.67413
0.65904,0.65904,0.65904,0.65904,0.65904
0.67412,0.67412,0.67412,0.67412,0.67412
0.65905,0.65905,0.65905,0.65905,0.65905
0.67411,0.67411,0.67411,0.67411,0.67411
0.65905,0.65905,0.65905,0.65905,0.65905
0.6741,0.6741,0.6741,0.6741,0.6741
0.65906,0.65906,0.65906,0.65906,0.65906
0.6741,0.6741,0.6741,0.6741,0.6741
0.65907,0.65907,0.65907,0.65907,0.65907
0.67409,0.67409,0.67409,0.67409,0.67409
0.65908,0.65908,0.65908,0.65908,0.65908
0.67408,0.67408,0.67408,0.67408,0.67408
0.65909,0.65909,0.65909,0.65909,0.65909
0.67407,0.67407,0.67407,0.67407,0.67407
0.65909,0.65909,0.65909,0.65909,0.65909
0.67407,0.67407,0.67407,0.67407,0.67407
0.6591,0.6591,0.6591,0.6591,0.6591
0.67406,0.67406,0.67406,0.67406,0.67406
0.65911,0.65911,0.65911,0.65911,0.65911
0.67405,0.67405,0.67405,0.67405,0.67405
0.65912,0.65912,0.65912,0.65912,0.65912
0.67405,0.67405,0.67405,0.67405,0.67405
0.65912,0.65912,0.65912,0.65912,0.65912
0.67404,0.67404,0.67404,0.67404,0.67404
0.65913,0.65913,0.65913,0.65913,0.65913
0.67403,0.67403,0.67403,0.67403,0.67403
0.65914,0.65914,0.65914,0.65914,0.65914
0.67402,0.67402,0.67402,0.67402,0.67402
0.65915,0.65915,0.65915,0.65915,0.65915
0.67402,0.67402,0.67402,0.67402,0.67402
0.65915,0.65915,0.65915,0.65915,0.65915
0.67401,0.67401,0.67401,0.67401,0.67401
0.65916,0.65916,0.65916,0.65916,0.65916
0.674,0.674,0.674,0.674,0.674
0.65917,0.65917,0.65917,0.65917,0.65917
0.67399,0.67399,0.67399,0.67399,0.67399
0.65918,0.65918,0.65918,0.65918,0.65918
0.67399,0.67399,0.67399,0.67399,0.67399
0.65918,0.65918,0.65918,0.65918,0.65918
0.67398,0.67398,0.67398,0.67398,0.67398
0.65919,0.65919,0.65919,0.65919,0.65919
0.67397,0.67397,0.67397,0.67397,0.67397
0.6592,0.6592,0.6592,0.6592,0.6592
0.67397,0.67397,0.67397,0.67397,0.67397
0.65921,0.65921,0.65921,0.65921,0.65921
0.67396,0.67396,0.67396,0.67396,0.67396
0.65921,0.65921,0.65921,0.65921,0.65921
0.67395,0.67395,0.67395,0.67395,0.67395
0.65922,0.65922,0.65922,0.65922,0.65922
0.67395,0.67395,0.67395,0.67395,0.67395
0.65923,0.65923,0.65923,0.65923,0.65923
0.67394,0.67394,0.67394,0.67394,0.67394
0.65924,0.65924,0.65924,0.65924,0.65924
0.67393,0.67393,0.67393,0.67393,0.67393
0.65924,0.65924,0.65924,0.65924,0.65924
0.67392,0.67392,0.67392,0.67392,0.67392
0.65925,0.65925,0.65925,0.65925,0.65925
0.67392,0.67392,0.67392,0.67392,0.67392
0.65926,0.65926,0.65926,0.65926,0.65926
0.67391,0.67391,0.67391,0.67391,0.67391
0.65927,0.65927,0.65927,0.65927,0.65927
0.6739,0.6739,0.6739,0.6739,0.6739
0.65927,0.65927,0.65927,0.65927,0.65927
0.6739,0.6739,0.6739,0.6739,0.6739
0.65928,0.65928,0.65928,0.65928,0.65928
0.67389,0.67389,0.67389,0.67389,0.67389
0.65929,0.65929,0.65929,0.65929,0.65929
0.67388,0.67388,0.67388,0.67388,0.67388
0.65929,0.65929,0.65929,0.65929,0.65929
0.67388,0.67388,0.67388,0.67388,0.67388
0.6593,0.6593,0.6593,0.6593,0.6593
0.67387,0.67387,0.67387,0.67387,0.67387
0.65931,0.65931,0.65931,0.65931,0.65931
0.67386,0.67386,0.67386,0.67386,0.67386
0.65932,0.65932,0.65932,0.65932,0.65932
0.67386,0.67386,0.67386,0.67386,0.67386
0.65932,0.65932,0.65932,0.65932,0.65932
0.67385,0.67385,0.67385,0.67385,0.67385
0.65933,0.65933,0.65933,0.65933,0.65933
0.67384,0.67384,0.67384,0.67384,0.67384
0.65934,0.65934,0.65934,0.65934,0.65934
0.67384,0.67384,0.67384,0.67384,0.67384
0.65934,0.65934,0.65934,0.65934,0.65934
0.67383,0.67383,0.67383,0.67383,0.67383
0.65935,0.65935,0.65935,0.65935,0.65935
0.67382,0.67382,0.67382,0.67382,0.67382
0.65936,0.65936,0.65936,0.65936,0.65936
0.67382,0.67382,0.67382,0.67382,0.67382
0.65936,0.65936,0.65936,0.65936,0.65936
