0.1,0.2,0.3,0.5,0.6
0.4368,0.6162,0.8151,0.9555,0.8814
0.90054,0.89259,0.57904,0.23221,0.43867
0.41287,0.42911,0.86743,0.74735,0.87273
0.89517,0.90371,0.52796,0.67727,0.51473
0.42412,0.40529,0.89674,0.87656,0.90116
0.89078,0.88338,0.4251,0.40844,0.41535
0.43844,0.45468,0.8969,0.94386,0.88982
0.90311,0.90568,0.40586,0.23962,0.42258
0.40148,0.3947,0.85673,0.75768,0.86648
0.88801,0.88699,0.54775,0.66583,0.52627
0.4466,0.44813,0.89875,0.88804,0.90341
0.90159,0.90348,0.41913,0.37972,0.40742
0.405,0.40162,0.88546,0.92397,0.87972
0.88683,0.88334,0.43755,0.30001,0.45151
0.4499,0.45664,0.88992,0.84777,0.89371
0.90598,0.90886,0.45273,0.4779,0.44324
0.3943,0.38829,0.90264,0.97135,0.90048
0.87273,0.86848,0.37767,0.15605,0.38361
0.48331,0.49136,0.82922,0.59479,0.83241
0.93101,0.93239,0.63331,0.8616,0.62663
0.31624,0.31231,0.79565,0.55386,0.80153
0.82045,0.81783,0.68742,0.8964,0.67704
0.603,0.60609,0.76473,0.45881,0.77588
0.90782,0.90842,0.7513,0.91269,0.73273
0.3699,0.36508,0.64649,0.39786,0.67472
0.90319,0.90324,0.89688,0.92218,0.86908
0.35127,0.34286,0.35064,0.30435,0.41707
0.89367,0.88063,0.88084,0.84419,0.92999
0.36286,0.40596,0.41977,0.47671,0.2915
0.89592,0.93756,0.95126,0.95384,0.83182
0.36833,0.23709,0.18466,0.21001,0.49002
0.89391,0.7138,0.605,0.6738,0.93513
0.39921,0.76757,0.91099,0.80262,0.31197
0.90159,0.68179,0.38435,0.60962,0.82501
0.41773,0.80377,0.9157,0.8911,0.57784
0.91553,0.61706,0.34021,0.42802,0.89381
0.37046,0.85495,0.88798,0.8884,0.42178
0.87112,0.51667,0.3974,0.44325,0.89054
0.48569,0.91631,0.94079,0.90137,0.44417
0.90555,0.3584,0.23838,0.3954,0.90237
0.39088,0.8216,0.74936,0.85103,0.40146
0.89373,0.62341,0.6926,0.56252,0.892
0.42546,0.85256,0.8518,0.88841,0.43357
0.90747,0.53675,0.48155,0.45433,0.90023
0.39399,0.9059,0.9726,0.90589,0.40966
0.8725,0.36947,0.14965,0.37071,0.8809
0.47886,0.81986,0.57887,0.81839,0.4617
0.93313,0.65319,0.87615,0.65572,0.93071
0.30817,0.77343,0.51494,0.77182,0.31358
0.81748,0.72729,0.91633,0.73084,0.8234
0.59959,0.70691,0.39328,0.70035,0.58859
0.9243,0.83312,0.90711,0.84225,0.93099
0.29758,0.49393,0.36893,0.47245,0.27955
0.82819,0.9522,0.92109,0.94698,0.8071
0.52241,0.22583,0.26411,0.24572,0.56082
0.94268,0.71858,0.74686,0.75013,0.93805
0.27013,0.72574,0.74184,0.6812,0.2755
0.77061,0.77259,0.75984,0.83009,0.78434
0.68601,0.68828,0.69287,0.57718,0.6517
0.84425,0.8364,0.84279,0.93293,0.88738
0.5026,0.52988,0.49114,0.28586,0.38748
0.96969,0.97218,0.95652,0.82696,0.91761
0.13172,0.11206,0.1961,0.49216,0.30314
0.47803,0.41654,0.62814,0.92368,0.80117
0.9354,0.94667,0.85105,0.37318,0.62181
0.29992,0.23051,0.50642,0.87097,0.8485
0.77442,0.73278,0.89288,0.49825,0.5268
0.71864,0.71637,0.47229,0.91451,0.94339
0.73093,0.81,0.88734,0.36195,0.27597
0.75157,0.59586,0.462,0.83745,0.79018
0.74112,0.92108,0.9225,0.58631,0.64319
0.71645,0.3295,0.34601,0.87414,0.88545
0.75954,0.85678,0.83508,0.47106,0.43859
0.71372,0.5078,0.57472,0.92713,0.93664
0.75811,0.95482,0.88641,0.32926,0.2912
0.66946,0.24538,0.41711,0.80881,0.80163
0.82464,0.75885,0.89109,0.6393,0.64275
0.61211,0.6652,0.4641,0.84686,0.86275
0.87382,0.88445,0.91341,0.5478,0.51262
0.48129,0.3927,0.38322,0.90115,0.91911
0.90091,0.93362,0.8652,0.39909,0.36406
0.39298,0.27364,0.48157,0.88401,0.85069
0.87132,0.81054,0.89645,0.46682,0.52932
0.50687,0.55905,0.44659,0.90993,0.91812
0.90531,0.96299,0.8992,0.3814,0.364
0.37164,0.17998,0.38871,0.86175,0.84774
0.83649,0.64421,0.84538,0.51471,0.54025
0.61299,0.81944,0.59464,0.92717,0.9257
0.82469,0.64816,0.83609,0.33151,0.33344
0.62669,0.82134,0.60293,0.83155,0.83626
0.84055,0.64244,0.8588,0.58381,0.57309
0.60316,0.81626,0.56268,0.90079,0.91036
0.83711,0.65725,0.86108,0.40661,0.3828
0.60543,0.80268,0.55516,0.89158,0.88442
0.84696,0.68364,0.86997,0.43777,0.44979
0.58528,0.76945,0.53327,0.90855,0.91867
0.85563,0.74521,0.87814,0.38543,0.36017
0.54932,0.68231,0.50031,0.87066,0.85955
0.90403,0.87035,0.90846,0.49593,0.51713
0.41209,0.41833,0.40097,0.90977,0.91041
0.88259,0.94735,0.87632,0.38161,0.38097
0.43473,0.23829,0.44964,0.87051,0.86824
0.88211,0.75866,0.88684,0.49282,0.49673
0.49335,0.65095,0.482,0.91647,0.918
0.89783,0.90377,0.89746,0.36557,0.36219
0.41021,0.34302,0.4115,0.8496,0.84697
0.89328,0.89192,0.89329,0.54367,0.54857
0.4316,0.37512,0.43177,0.90781,0.90657
0.88985,0.9227,0.88953,0.38984,0.39257
0.42662,0.29907,0.42717,0.87346,0.87499
0.88761,0.84487,0.88831,0.48293,0.47979
0.45969,0.48652,0.45805,0.91513,0.91502
0.90269,0.97311,0.90223,0.36947,0.36977
0.37516,0.15029,0.37627,0.85213,0.8522
0.8303,0.58139,0.83118,0.53378,0.53354
0.63159,0.86901,0.62976,0.92822,0.9285
0.79626,0.53684,0.79785,0.32469,0.32387
0.68853,0.90194,0.6857,0.83242,0.83199
0.75811,0.44364,0.7613,0.5738,0.57416
0.76375,0.91248,0.75861,0.92923,0.92974
0.61958,0.39096,0.62813,0.30206,0.29984
0.91013,0.92592,0.90386,0.83073,0.82914
0.33721,0.27979,0.35271,0.52787,0.52875
0.87308,0.80491,0.8881,0.96379,0.96178
0.42131,0.57191,0.38491,0.16197,0.17151
0.91158,0.95129,0.8871,0.57124,0.59135
0.3638,0.21508,0.42608,0.89747,0.88092
0.82887,0.71235,0.86468,0.42337,0.45344
0.61912,0.74026,0.54019,0.90397,0.92376
0.83818,0.78873,0.8838,0.39518,0.34555
0.57635,0.61284,0.47861,0.87397,0.85168
0.90361,0.93282,0.91406,0.49024,0.5323
0.39328,0.26012,0.36698,0.90743,0.90818
0.85205,0.78413,0.83261,0.3852,0.386
0.55176,0.63164,0.5932,0.88567,0.88098
0.90328,0.9165,0.88313,0.45094,0.46309
0.3994,0.31309,0.44842,0.90971,0.90639
0.86539,0.86102,0.88761,0.38582,0.39032
0.50292,0.45769,0.45033,0.87104,0.88031
0.91787,0.96845,0.91291,0.48809,0.47003
0.34428,0.15574,0.35741,0.90771,0.90404
0.78945,0.58784,0.80051,0.38476,0.39137
0.70599,0.88303,0.68505,0.89375,0.90033
0.7229,0.48736,0.75048,0.41543,0.39797
0.81587,0.93066,0.7764,0.92416,0.92035
0.52247,0.32764,0.59414,0.31497,0.31463
0.94844,0.87866,0.92241,0.85133,0.85424
0.24272,0.37963,0.31424,0.47136,0.45692
0.76211,0.89052,0.86136,0.95826,0.94308
0.62462,0.42146,0.4262,0.19231,0.2538
0.9005,0.94757,0.91868,0.65385,0.7429
0.37341,0.21907,0.34073,0.80978,0.71913
0.87549,0.71262,0.82765,0.64698,0.78151
0.48656,0.73709,0.61399,0.83482,0.66433
0.94198,0.79448,0.86881,0.60963,0.84696
0.28475,0.57521,0.5121,0.83751,0.51854
0.8281,0.93923,0.92791,0.61941,0.91143
0.49788,0.2597,0.3229,0.79309,0.39932
0.94851,0.7826,0.82112,0.69081,0.90987
0.25071,0.60716,0.60792,0.75567,0.35821
0.76878,0.9104,0.90869,0.75867,0.86254
0.63265,0.3562,0.36209,0.64984,0.51065
0.91199,0.8962,0.89884,0.89748,0.95903
0.30202,0.357,0.35586,0.33785,0.18978
0.80721,0.88781,0.89195,0.84733,0.64921
0.61321,0.40903,0.38998,0.53001,0.82168
0.89143,0.93946,0.93366,0.92711,0.64679
0.41324,0.23934,0.24179,0.32409,0.77687
0.89512,0.73408,0.72842,0.82255,0.72083
0.44752,0.7228,0.75027,0.61103,0.72139
0.92793,0.79462,0.75542,0.893,0.81619
0.33081,0.60733,0.67737,0.42869,0.53142
0.88081,0.91563,0.87037,0.94648,0.95877
0.37309,0.32598,0.40191,0.21746,0.18403
0.874,0.87048,0.90204,0.68325,0.62609
0.47885,0.42917,0.40408,0.80099,0.85775
0.92173,0.95558,0.909,0.63883,0.54018
0.3385,0.19282,0.36461,0.84899,0.89308
0.79656,0.66327,0.83351,0.52759,0.43525
0.68856,0.81415,0.61728,0.92761,0.92732
0.75436,0.64785,0.82228,0.32792,0.3201
0.75199,0.84106,0.63086,0.82949,0.83724
0.68716,0.58064,0.83387,0.58526,0.55305
0.86208,0.89758,0.62185,0.90775,0.94972
0.42544,0.42491,0.80219,0.3716,0.228
0.9266,0.91962,0.68146,0.85909,0.73558
0.31687,0.3418,0.7533,0.5382,0.68058
0.84789,0.85881,0.76448,0.93271,0.85961
0.49675,0.49883,0.63352,0.31311,0.4513
0.97404,0.96804,0.90576,0.85815,0.95398
0.10808,0.13968,0.32586,0.43021,0.19432
0.40868,0.4982,0.82786,0.91153,0.62166
0.94321,0.92982,0.57358,0.3989,0.85952
0.23967,0.31988,0.88207,0.89059,0.49114
0.75087,0.79042,0.44739,0.44204,0.88882
0.68679,0.68623,0.93216,0.90448,0.47745
0.85242,0.78035,0.31497,0.39152,0.896
0.49568,0.66798,0.83294,0.86378,0.4327
0.96217,0.84372,0.56653,0.51712,0.90925
0.19717,0.52136,0.915,0.90704,0.36902
0.682,0.87064,0.37287,0.38422,0.82109
0.77786,0.52716,0.86577,0.88666,0.63518
0.72669,0.89041,0.49899,0.44923,0.82956
0.71286,0.47941,0.91455,0.9246,0.61508
0.8283,0.88898,0.36835,0.34033,0.8457
0.5331,0.45412,0.85197,0.84209,0.55016
0.96978,0.91969,0.54202,0.56059,0.92108
0.14859,0.33868,0.89937,0.89371,0.33429
0.56886,0.78345,0.40678,0.41847,0.78071
0.89814,0.71909,0.91396,0.92014,0.72471
0.44201,0.69658,0.35278,0.33774,0.68679
0.93583,0.84467,0.88204,0.87079,0.85456
0.287,0.47335,0.41968,0.4401,0.45508
0.83239,0.95257,0.95319,0.9605,0.94961
0.47157,0.21276,0.17161,0.15443,0.2185
0.9094,0.67521,0.55979,0.52946,0.68088
0.42734,0.81246,0.95153,0.95814,0.80722
0.88364,0.58881,0.21895,0.20382,0.59661
0.50908,0.86218,0.69126,0.66685,0.85427
0.87464,0.55143,0.79885,0.82493,0.57253
0.53402,0.87718,0.65415,0.60872,0.86267
0.86461,0.52141,0.84077,0.87756,0.55956
0.55867,0.87643,0.55691,0.48357,0.85649
0.85943,0.53028,0.90952,0.92333,0.57704
0.56925,0.85635,0.38149,0.34815,0.8362
0.86643,0.57147,0.87267,0.85349,0.61147
0.54923,0.85253,0.49097,0.52612,0.83513
0.87517,0.58627,0.92601,0.92904,0.62338
0.52702,0.82611,0.33408,0.32398,0.80083
0.89595,0.63218,0.83555,0.8323,0.68028
0.46636,0.81544,0.57384,0.5739,0.76939
0.90436,0.66199,0.91705,0.92753,0.74601
0.43102,0.76153,0.3508,0.31327,0.65112
0.92457,0.75107,0.86528,0.84863,0.8883
0.3292,0.65599,0.48672,0.48495,0.38688
0.8695,0.88763,0.96487,0.96923,0.92361
0.42044,0.36866,0.15628,0.13377,0.27602
0.92896,0.87264,0.54736,0.4909,0.7637
0.31962,0.46912,0.91382,0.94675,0.68625
0.85959,0.89255,0.36251,0.27199,0.77624
0.48171,0.43642,0.83565,0.77566,0.6662
0.96161,0.91832,0.59229,0.68321,0.85905
0.19167,0.34261,0.86709,0.81668,0.47659
0.66851,0.80808,0.50579,0.60935,0.8971
0.78789,0.66779,0.93322,0.87618,0.46727
0.70501,0.78165,0.32328,0.45987,0.88414
0.75539,0.69894,0.846,0.90024,0.49758
0.75607,0.7794,0.52358,0.4285,0.88707
0.68154,0.70565,0.94083,0.9004,0.47999
0.85553,0.7544,0.28968,0.39885,0.89837
0.4935,0.70652,0.80775,0.86393,0.42657
0.95613,0.80497,0.61121,0.52272,0.90651
0.22515,0.59884,0.89994,0.90412,0.37809
0.72969,0.85267,0.40846,0.39729,0.83547
0.71799,0.56309,0.89623,0.89493,0.59918
0.82134,0.88282,0.42278,0.42332,0.86495
0.54373,0.47517,0.89695,0.90239,0.51689
0.96868,0.91088,0.42,0.40826,0.91022
0.15818,0.36011,0.88591,0.88062,0.36102
0.59529,0.8103,0.44622,0.45739,0.81267
0.87099,0.66993,0.92772,0.93008,0.66574
0.5236,0.75989,0.32082,0.31584,0.76348
0.91985,0.75154,0.83526,0.82959,0.74496
0.37696,0.66501,0.55727,0.56885,0.67668
0.90497,0.88286,0.9523,0.94676,0.86986
0.3528,0.37392,0.20172,0.21913,0.4064
0.89778,0.88225,0.66044,0.69076,0.90845
0.35928,0.44736,0.82351,0.78637,0.37859
0.90639,0.91782,0.6154,0.67258,0.88931
0.33253,0.36074,0.85375,0.81778,0.42611
0.87781,0.85475,0.53761,0.609,0.90765
0.41577,0.52614,0.91687,0.87257,0.39623
0.9484,0.90233,0.3784,0.46995,0.8845
0.2269,0.3858,0.86538,0.90876,0.43496
0.73556,0.85315,0.48822,0.39999,0.86755
0.70055,0.56419,0.92203,0.89105,0.52796
0.84761,0.877,0.35806,0.42812,0.89724
0.48104,0.47658,0.8547,0.88948,0.43354
0.97194,0.92408,0.5231,0.45092,0.90192
0.14695,0.32681,0.90226,0.90428,0.3832
0.56908,0.7697,0.39471,0.39664,0.82008
0.89179,0.74188,0.90788,0.89739,0.64932
0.46458,0.66772,0.37153,0.40872,0.78399
0.92866,0.88031,0.90929,0.91111,0.71964
0.32647,0.38673,0.33002,0.36353,0.68691
0.86242,0.91196,0.87259,0.892,0.847
0.45204,0.34013,0.41576,0.39448,0.48818
0.9578,0.8916,0.93855,0.93744,0.96932
0.17539,0.33981,0.2405,0.21707,0.13141
0.58326,0.82758,0.72368,0.646,0.4788
0.91135,0.61797,0.76873,0.88881,0.96258
0.3582,0.83742,0.6853,0.39173,0.18243
0.82853,0.59854,0.8189,0.8857,0.64793
0.62594,0.86295,0.5959,0.46265,0.80661
0.83748,0.55423,0.89439,0.9304,0.67496
0.60657,0.86075,0.41632,0.32445,0.76283
0.86187,0.56181,0.89038,0.84917,0.74302
0.54192,0.85258,0.45049,0.51214,0.69212
0.90664,0.58551,0.91881,0.95919,0.8591
0.40594,0.81929,0.34265,0.19843,0.42595
0.9055,0.64383,0.82253,0.67947,0.91897
0.38545,0.80576,0.62982,0.76548,0.35063
0.8889,0.67162,0.85847,0.73983,0.87279
0.43744,0.77401,0.54016,0.69123,0.46
0.93288,0.73859,0.92643,0.85965,0.95422
0.28769,0.65339,0.33502,0.42006,0.20777
0.79188,0.8734,0.87841,0.91114,0.68849
0.64096,0.45092,0.40795,0.37791,0.765
0.88468,0.95643,0.94181,0.8978,0.74234
0.40915,0.19117,0.22303,0.38225,0.67234
0.90047,0.6443,0.69305,0.89024,0.87371
0.41205,0.83296,0.79121,0.43087,0.41734
0.90496,0.59303,0.66532,0.92435,0.9488
0.38141,0.87338,0.81613,0.32396,0.21238
0.84448,0.49557,0.59674,0.80707,0.69933
0.58925,0.92501,0.90902,0.66166,0.76799
0.85169,0.34308,0.3724,0.80021,0.73763
0.55747,0.84358,0.87945,0.66544,0.71543
0.90056,0.54924,0.46906,0.81535,0.81824
0.43396,0.90449,0.93228,0.62486,0.55765
0.89629,0.38996,0.32208,0.85219,0.95685
0.3989,0.86363,0.82314,0.49427,0.2142
0.85969,0.51775,0.59764,0.90232,0.71615
0.55301,0.91984,0.88201,0.44806,0.71564
0.87935,0.36703,0.4499,0.89153,0.82776
0.47722,0.86273,0.90049,0.45383,0.52391
0.92184,0.50173,0.42244,0.90558,0.97218
0.33284,0.90324,0.89208,0.37249,0.14582
0.77548,0.39682,0.42562,0.8154,0.56638
0.73236,0.91003,0.91479,0.66076,0.89286
0.68079,0.3623,0.36255,0.76707,0.46233
0.86507,0.89572,0.88084,0.74454,0.93001
0.42599,0.37788,0.43808,0.65975,0.32279
0.93985,0.92484,0.94727,0.88164,0.86494
0.24905,0.25841,0.22365,0.39062,0.42723
0.75369,0.73855,0.7093,0.90582,0.92925
0.68014,0.75527,0.7519,0.37221,0.31079
0.83437,0.73429,0.74525,0.88534,0.84427
0.55854,0.73668,0.70803,0.44204,0.50369
0.94246,0.78202,0.81683,0.94764,0.97231
0.24618,0.61136,0.55265,0.22368,0.1245
0.71417,0.9101,0.93174,0.6807,0.48018
0.76614,0.35968,0.31512,0.80028,0.94315
0.66974,0.87262,0.82551,0.60376,0.2995
0.81528,0.48925,0.58606,0.88441,0.83414
0.62128,0.93298,0.89422,0.46753,0.53026
0.85563,0.32373,0.4166,0.91075,0.966
0.48359,0.82602,0.87539,0.36122,0.18236
0.89336,0.58832,0.48638,0.8206,0.6526
0.48012,0.89025,0.93129,0.64515,0.80191
0.87882,0.42715,0.32703,0.80117,0.68223
0.51224,0.8908,0.84421,0.66739,0.78005
0.88438,0.45223,0.53486,0.81079,0.71933
0.49437,0.90978,0.93265,0.6544,0.72962
0.88885,0.37807,0.3162,0.80706,0.80119
0.46207,0.85647,0.82703,0.63228,0.59623
0.91734,0.53627,0.58494,0.87508,0.93872
0.356,0.90015,0.89711,0.45817,0.25168
0.82381,0.40583,0.41986,0.88399,0.77384
0.61516,0.90393,0.894,0.4832,0.64263
0.86205,0.40022,0.42692,0.90564,0.90624
0.49777,0.89073,0.89028,0.39517,0.3448
0.90605,0.43926,0.43593,0.87191,0.89556
0.39813,0.89759,0.90681,0.48083,0.36858
0.87424,0.41322,0.39687,0.90257,0.91693
0.4673,0.89273,0.87567,0.39741,0.31483
0.89814,0.43832,0.47042,0.87375,0.8635
0.42742,0.90097,0.91631,0.48729,0.44645
0.89474,0.40374,0.3715,0.90579,0.96393
0.40128,0.87888,0.85565,0.37087,0.17848
0.84829,0.474,0.51787,0.83333,0.64216
0.58838,0.92546,0.93041,0.62034,0.82131
0.83977,0.33495,0.32078,0.81731,0.64421
0.59607,0.83245,0.82489,0.64022,0.82583
0.86169,0.5854,0.5949,0.83108,0.6325
0.55714,0.89771,0.9013,0.62264,0.82645
0.86156,0.41741,0.40498,0.82371,0.63536
0.55733,0.89922,0.90331,0.6374,0.82598
0.86115,0.41304,0.39799,0.81122,0.63481
0.55803,0.89648,0.90181,0.66167,0.82966
0.8608,0.42026,0.39976,0.7881,0.62442
0.56033,0.90048,0.9088,0.70607,0.84356
0.85506,0.40802,0.37448,0.7313,0.58876
0.57529,0.89329,0.90168,0.79887,0.88039
0.84056,0.42727,0.37644,0.57696,0.4865
0.61101,0.90731,0.92299,0.95049,0.92689
0.80078,0.3828,0.27291,0.20096,0.32247
0.67509,0.87675,0.77386,0.66359,0.80651
0.78736,0.49095,0.6752,0.82561,0.65948
0.70742,0.93057,0.83785,0.62231,0.82209
0.72801,0.33529,0.54075,0.84335,0.62871
0.79576,0.86943,0.91326,0.60008,0.85706
0.59913,0.44845,0.38501,0.82742,0.5392
0.9427,0.95772,0.8909,0.63477,0.92456
0.21152,0.18531,0.40946,0.78844,0.32909
0.66533,0.63036,0.87835,0.70083,0.81896
0.84341,0.85549,0.50601,0.75365,0.6312
0.55105,0.53472,0.90051,0.76753,0.85021
0.91857,0.90766,0.44614,0.6413,0.56342
0.362,0.38703,0.89335,0.91001,0.88634
0.85239,0.86741,0.42172,0.33195,0.43633
0.53333,0.50301,0.89222,0.88292,0.90291
0.90822,0.91454,0.43784,0.39423,0.4109
0.38495,0.37235,0.89156,0.93549,0.88088
0.87077,0.8592,0.41632,0.26692,0.44326
0.49451,0.5161,0.88165,0.80151,0.89015
0.91544,0.91738,0.48501,0.5752,0.46461
0.36809,0.36409,0.90415,0.95678,0.90158
0.85062,0.84688,0.3768,0.19742,0.3837
0.53925,0.54572,0.84501,0.67815,0.84915
0.92184,0.92146,0.59043,0.78201,0.58168
0.34793,0.34822,0.8492,0.72107,0.85377
0.84506,0.84655,0.56651,0.72615,0.55644
0.55543,0.55213,0.89442,0.81247,0.89868
0.90236,0.90465,0.4505,0.54772,0.43982
0.40461,0.40003,0.90261,0.96553,0.89967
0.88041,0.87705,0.38085,0.17333,0.38855
0.4632,0.46946,0.83364,0.63168,0.83819
0.92581,0.92815,0.62056,0.83288,0.61087
0.33303,0.32669,0.81494,0.61881,0.82272
0.83568,0.83173,0.64831,0.85166,0.63367
0.57354,0.57913,0.81523,0.57362,0.82708
0.91396,0.9146,0.66042,0.87761,0.637
0.36599,0.36183,0.77206,0.51276,0.794
0.87781,0.87956,0.73656,0.91192,0.69825
0.45813,0.44801,0.67805,0.40846,0.73053
0.94775,0.95352,0.87177,0.91577,0.80524
0.23295,0.20118,0.39615,0.34543,0.53869
0.71708,0.66439,0.89721,0.89566,0.9332
0.74424,0.81077,0.41115,0.35185,0.31007
0.73714,0.64733,0.90415,0.88937,0.83062
0.74845,0.82164,0.39781,0.39564,0.55288
0.74098,0.62407,0.89782,0.93586,0.93795
0.71301,0.8426,0.40113,0.24576,0.27984
0.76875,0.58728,0.87352,0.75061,0.78086
0.71591,0.86865,0.51225,0.69387,0.67622
0.76444,0.53274,0.90687,0.84556,0.84527
0.70991,0.87982,0.41151,0.49137,0.52921
0.78093,0.50466,0.89428,0.97138,0.95512
0.64798,0.88353,0.40331,0.14032,0.21129
0.81681,0.50389,0.83801,0.53522,0.65595
0.65236,0.89125,0.61804,0.91709,0.85949
0.79247,0.48291,0.80398,0.37641,0.49489
0.708,0.90469,0.68063,0.89129,0.9356
0.70215,0.43443,0.74962,0.41057,0.3064
0.83121,0.92135,0.77579,0.91113,0.839
0.51867,0.34865,0.60253,0.37315,0.50774
0.96496,0.8993,0.92699,0.92068,0.9684
0.15276,0.32214,0.27495,0.26619,0.13714
0.53512,0.80952,0.78332,0.73333,0.49586
0.93378,0.6443,0.66596,0.77382,0.95323
0.29969,0.82591,0.85171,0.65021,0.23146
0.78026,0.57972,0.53884,0.82824,0.72556
0.70761,0.92395,0.9258,0.61842,0.74361
0.74728,0.32671,0.33377,0.8374,0.76757
0.74459,0.84668,0.83268,0.58113,0.68339
0.72835,0.53352,0.58025,0.89818,0.84417
0.76567,0.94865,0.89263,0.43162,0.52326
0.67607,0.25934,0.41369,0.90008,0.94396
0.77882,0.77931,0.86675,0.39583,0.28553
0.68409,0.64882,0.52069,0.87075,0.79693
0.82625,0.89251,0.91142,0.51159,0.63309
0.57593,0.38679,0.38675,0.90166,0.87818
0.89624,0.92776,0.86707,0.41087,0.46362
0.41327,0.29032,0.48015,0.89715,0.90654
0.86992,0.83474,0.89511,0.41828,0.39489
0.50004,0.51115,0.44163,0.88897,0.88456
0.91728,0.97328,0.90531,0.44395,0.45459
0.34358,0.14415,0.37387,0.90032,0.89943
0.78706,0.56418,0.81348,0.40656,0.40517
0.71279,0.89169,0.6634,0.90593,0.9114
0.70789,0.46826,0.7676,0.38447,0.36502
0.83267,0.92707,0.74597,0.89832,0.89609
0.4974,0.33918,0.65322,0.39519,0.38046
0.95932,0.88515,0.88738,0.926,0.92613
0.18809,0.37137,0.37817,0.27945,0.25539
0.64167,0.87965,0.90327,0.79411,0.73141
0.83528,0.45405,0.37767,0.62081,0.76636
0.59577,0.91874,0.92179,0.89596,0.70411
0.86175,0.35498,0.2904,0.4002,0.7803
0.52786,0.84121,0.82584,0.89615,0.67495
0.91524,0.57004,0.53713,0.43202,0.818
0.39569,0.89191,0.96698,0.92061,0.59044
0.87796,0.40649,0.16572,0.33481,0.87624
0.47067,0.84843,0.6123,0.79107,0.46699
0.92455,0.59098,0.85526,0.70532,0.93822
0.33453,0.82966,0.56155,0.71935,0.2891
0.82985,0.62378,0.90203,0.80606,0.80679
0.59287,0.82173,0.4282,0.583,0.60238
0.90363,0.64667,0.91586,0.94741,0.93624
0.38408,0.7769,0.34897,0.20879,0.23963
0.87673,0.72165,0.84086,0.67508,0.72517
0.49325,0.72106,0.5814,0.81428,0.7495
0.93152,0.81993,0.89675,0.63997,0.74224
0.33122,0.52163,0.43632,0.8296,0.71166
0.86846,0.96085,0.9198,0.617,0.78175
0.43762,0.19069,0.337,0.83261,0.66904
0.9144,0.66463,0.81164,0.60834,0.84118
0.38323,0.78559,0.65683,0.8551,0.54026
0.90002,0.70562,0.81727,0.57135,0.91545
0.39196,0.74143,0.64246,0.85255,0.37211
0.90947,0.78067,0.84047,0.57292,0.87094
0.3675,0.61861,0.58053,0.85954,0.47823
0.91455,0.92173,0.89887,0.56898,0.91626
0.30188,0.29102,0.4074,0.83053,0.36551
0.82844,0.82009,0.88861,0.62374,0.86065
0.54774,0.55436,0.4579,0.81761,0.52114
0.96656,0.9642,0.92898,0.65941,0.93338
0.13855,0.14603,0.30691,0.7507,0.29421
0.50201,0.51859,0.78529,0.74785,0.76741
0.94696,0.94218,0.69696,0.72371,0.72794
0.25518,0.27193,0.75819,0.78346,0.71547
0.7496,0.76334,0.71539,0.6802,0.77544
0.72399,0.71624,0.79054,0.82601,0.70134
0.78442,0.77662,0.65194,0.59467,0.78751
0.66052,0.69572,0.86964,0.90579,0.68205
0.86674,0.79215,0.46955,0.39502,0.79733
0.48759,0.65588,0.93452,0.90578,0.64242
0.95713,0.8255,0.31223,0.37973,0.84744
0.23462,0.5492,0.81803,0.86904,0.51124
0.75427,0.90054,0.60537,0.51059,0.89402
0.65016,0.44492,0.87774,0.90977,0.46534
0.90299,0.90109,0.46313,0.395,0.89697
0.3441,0.40921,0.90372,0.87861,0.41569
0.89318,0.87624,0.40735,0.46142,0.88744
0.37893,0.46971,0.89243,0.90847,0.44579
0.92776,0.90636,0.42908,0.39324,0.89505
0.27884,0.38648,0.89046,0.87661,0.41228
0.81437,0.85626,0.43898,0.47001,0.8766
0.56184,0.53902,0.91353,0.91543,0.4936
0.96246,0.90207,0.37355,0.36984,0.90607
0.18037,0.38099,0.85546,0.8516,0.37051
0.64419,0.84169,0.52705,0.53349,0.83463
0.82093,0.60234,0.92675,0.92755,0.61709
0.64423,0.83113,0.33143,0.32831,0.82077
0.82721,0.61371,0.83209,0.83182,0.63437
0.62887,0.84989,0.58294,0.58142,0.83397
0.83194,0.58387,0.90321,0.90813,0.61794
0.62306,0.84668,0.40006,0.38647,0.82367
0.84002,0.59022,0.89194,0.89003,0.63721
0.60377,0.84461,0.43322,0.43312,0.81184
0.85716,0.59855,0.91303,0.92138,0.66565
0.5625,0.82842,0.36972,0.34378,0.77038
0.89224,0.63034,0.87046,0.86373,0.73586
0.46667,0.80847,0.48858,0.48701,0.68983
0.92037,0.67764,0.93742,0.96037,0.86207
0.36023,0.733,0.28307,0.188,0.41442
0.89002,0.77964,0.76904,0.65009,0.90657
0.40544,0.64347,0.70988,0.81202,0.39116
0.93446,0.89012,0.79157,0.64944,0.89658
0.2654,0.39339,0.64169,0.81082,0.40196
0.7951,0.91025,0.87025,0.66199,0.88587
0.57959,0.36247,0.47142,0.78159,0.46625
0.94742,0.9132,0.93415,0.72684,0.93805
0.20902,0.29074,0.30027,0.66611,0.27817
0.67455,0.78979,0.8227,0.85416,0.77769
0.81711,0.66049,0.56843,0.51298,0.67362
0.63945,0.85359,0.95028,0.96089,0.84167
0.82004,0.49826,0.21081,0.18764,0.52035
0.65528,0.90243,0.67603,0.63781,0.89571
0.77555,0.44823,0.80776,0.84259,0.46963
0.73671,0.90009,0.63267,0.57152,0.89674
0.67637,0.44686,0.85566,0.89079,0.46006
0.87622,0.90473,0.51967,0.44856,0.89833
0.40762,0.40858,0.90888,0.90471,0.42372
0.94284,0.8804,0.38626,0.39649,0.88964
0.2475,0.44201,0.87402,0.87732,0.42067
0.77231,0.88508,0.48169,0.47379,0.87497
0.63098,0.48329,0.91585,0.91789,0.50713
0.92135,0.89999,0.36723,0.36268,0.90004
0.29629,0.3997,0.85025,0.84688,0.3991
0.83763,0.87959,0.54141,0.54777,0.88012
0.5068,0.48033,0.91257,0.91086,0.47883
0.97453,0.90739,0.37796,0.38177,0.90775
0.14287,0.36355,0.85835,0.86074,0.363
0.56249,0.81709,0.51633,0.51159,0.81595
0.88467,0.65967,0.9349,0.93555,0.66198
0.49315,0.76398,0.30096,0.29914,0.76145
0.92102,0.74211,0.80848,0.80701,0.74598
0.3755,0.68587,0.61849,0.62021,0.68033
0.90048,0.85569,0.91209,0.91175,0.86186
0.37418,0.45149,0.32971,0.32874,0.43778
0.92318,0.95018,0.87217,0.87067,0.94531
0.25989,0.21885,0.41023,0.41498,0.23288
0.73647,0.70274,0.91621,0.92148,0.72707
0.7644,0.75738,0.34921,0.33309,0.72304
0.71165,0.73218,0.86735,0.85981,0.78166
0.78327,0.73671,0.48244,0.4875,0.65952
0.69286,0.76877,0.95213,0.96447,0.86425
0.77904,0.6554,0.22491,0.17045,0.4624
0.7221,0.83978,0.68713,0.6061,0.89787
0.71433,0.5819,0.81633,0.86449,0.45747
0.82836,0.89713,0.60836,0.52078,0.89963
0.51481,0.43631,0.87669,0.90679,0.4345
0.97106,0.90692,0.46617,0.4017,0.89699
0.15663,0.37139,0.90308,0.88294,0.39297
0.59623,0.81405,0.40443,0.44964,0.83609
0.86359,0.66012,0.90705,0.91947,0.61798
0.54712,0.77884,0.37942,0.35596,0.81139
0.89994,0.72588,0.89122,0.86679,0.66352
0.44563,0.69373,0.4251,0.48514,0.77673
0.92127,0.85456,0.94277,0.94226,0.73484
0.35075,0.43711,0.23803,0.26679,0.65744
0.89429,0.92721,0.73812,0.76888,0.86776
0.36602,0.32284,0.69872,0.67458,0.4642
0.90625,0.85467,0.82767,0.86401,0.95211
0.33129,0.47629,0.53928,0.44,0.22121
0.85566,0.96154,0.96856,0.93285,0.71999
0.47838,0.17541,0.13385,0.28593,0.70159
0.9166,0.59381,0.49776,0.76389,0.83015
0.38756,0.87985,0.94439,0.71523,0.54008
0.87866,0.44287,0.28451,0.75283,0.94699
0.44846,0.89079,0.80391,0.67953,0.27077
0.88666,0.46147,0.6147,0.81793,0.79745
0.47346,0.90693,0.89395,0.62,0.60122
0.90423,0.39755,0.42058,0.86555,0.93714
0.38658,0.87607,0.89911,0.4811,0.26295
0.85779,0.46661,0.42272,0.88985,0.79452
0.54133,0.91927,0.89666,0.46466,0.59517
0.89758,0.36453,0.41507,0.90621,0.94559
0.39723,0.85328,0.88098,0.37993,0.22953
0.86484,0.52488,0.46784,0.84488,0.73701
0.53755,0.92075,0.92514,0.58158,0.70143
0.88573,0.35162,0.33943,0.86792,0.84526
0.4557,0.83822,0.83318,0.49612,0.49226
0.92424,0.57403,0.58404,0.93164,0.97404
0.32369,0.88495,0.87817,0.30332,0.13104
0.76713,0.44475,0.45593,0.74544,0.52305
0.75097,0.93689,0.94425,0.78608,0.92202
0.63459,0.27794,0.25287,0.57322,0.36285
0.89192,0.79027,0.76313,0.92712,0.90715
0.39826,0.62521,0.65497,0.31416,0.32673
0.92488,0.91268,0.88049,0.84618,0.86383
0.29371,0.31677,0.41015,0.49302,0.44486
0.82795,0.85051,0.9367,0.97051,0.9489
0.51294,0.47537,0.24574,0.13132,0.218
0.94323,0.94783,0.72005,0.49468,0.67382
0.27208,0.25378,0.7457,0.94425,0.80411
0.75321,0.74205,0.68603,0.29964,0.58922
0.74901,0.7537,0.82852,0.83315,0.9095
0.69104,0.70791,0.56989,0.52122,0.38433
0.83906,0.82399,0.94272,0.96647,0.91885
0.50696,0.52621,0.23766,0.15124,0.29795
0.95866,0.946,0.71257,0.55274,0.80018
0.20593,0.25472,0.75535,0.91356,0.61074
0.67695,0.72814,0.6814,0.41118,0.83631
0.8129,0.78756,0.84896,0.89344,0.60682
0.63283,0.63132,0.50244,0.44009,0.84085
0.86792,0.91431,0.96686,0.91849,0.60425
0.48149,0.30165,0.15974,0.33934,0.82
0.91865,0.80697,0.58836,0.80937,0.64532
0.38317,0.6096,0.87656,0.6651,0.80343
0.89182,0.87689,0.51727,0.79875,0.67179
0.42909,0.47182,0.88386,0.68491,0.78824
0.9266,0.91309,0.50162,0.77845,0.70048
0.32497,0.37161,0.8782,0.71741,0.74838
0.84893,0.85584,0.50386,0.74768,0.75213
0.52096,0.53246,0.90165,0.75881,0.70525
0.95679,0.90863,0.44514,0.68667,0.81726
0.21962,0.37149,0.8869,0.82585,0.56599
0.72159,0.83443,0.46011,0.58364,0.88934
0.71906,0.60627,0.92369,0.89343,0.48017
0.82072,0.85104,0.35015,0.42189,0.89469
0.54526,0.54165,0.85451,0.88645,0.44647
0.96681,0.91977,0.52397,0.45891,0.90702
0.16177,0.34001,0.90383,0.9049,0.37249
0.60176,0.78692,0.39228,0.39356,0.81572
0.87171,0.70958,0.90227,0.89625,0.65555
0.51734,0.72096,0.39174,0.41257,0.78439
0.92348,0.81798,0.91641,0.91504,0.71956
0.35724,0.52196,0.32738,0.35114,0.68747
0.89752,0.95393,0.8732,0.88053,0.84876
0.35417,0.21618,0.40361,0.42145,0.47741
0.87704,0.71175,0.91219,0.95193,0.96271
0.43049,0.7134,0.34776,0.18801,0.17192
0.90019,0.822,0.84697,0.6203,0.59933
0.43105,0.5421,0.55331,0.87905,0.87612
0.90431,0.96651,0.90941,0.47045,0.47575
0.37989,0.16688,0.36683,0.90668,0.90907
0.82145,0.61623,0.81189,0.38682,0.38277
0.64199,0.85462,0.66124,0.89174,0.88683
0.8047,0.56464,0.78499,0.42771,0.44042
0.68233,0.89408,0.71793,0.92564,0.92568
0.74004,0.45898,0.6956,0.32056,0.32602
0.78276,0.93236,0.84242,0.84782,0.84553
0.60608,0.31486,0.48908,0.50526,0.52413
0.9263,0.86362,0.96125,0.97464,0.96878
0.27073,0.40863,0.17179,0.10344,0.13062
0.75453,0.88644,0.57432,0.38912,0.46746
0.71422,0.48166,0.89473,0.93407,0.94164
0.75563,0.89529,0.41525,0.2503,0.27509
0.69046,0.45921,0.86734,0.75794,0.76737
0.8333,0.90304,0.52741,0.68692,0.71187
0.54755,0.42457,0.89568,0.84819,0.778
0.93558,0.89531,0.43702,0.50553,0.6857
0.30864,0.4119,0.90167,0.95991,0.7934
0.82415,0.87358,0.38611,0.21858,0.60965
0.58806,0.49353,0.84921,0.71815,0.86562
0.89865,0.92429,0.57594,0.72682,0.53634
0.40843,0.34911,0.86673,0.81171,0.88883
0.881,0.84825,0.50861,0.56042,0.46212
0.47425,0.53998,0.92605,0.96302,0.91249
0.90595,0.89896,0.32443,0.16896,0.36028
0.39114,0.40209,0.77402,0.61346,0.80708
0.89751,0.91119,0.73198,0.86878,0.67115
0.40462,0.36487,0.68812,0.51828,0.76895
0.91129,0.90068,0.85733,0.93195,0.74565
0.36109,0.35834,0.44124,0.31955,0.648
0.89843,0.90352,0.9437,0.86351,0.88644
0.35798,0.32829,0.24572,0.42769,0.39563
0.89632,0.84993,0.75973,0.92922,0.93111
0.3647,0.50539,0.64492,0.3014,0.26202
0.89579,0.95958,0.89408,0.82167,0.77578
0.37422,0.19436,0.36775,0.56195,0.63626
0.88197,0.67055,0.8825,0.94896,0.90941
0.44308,0.77029,0.42857,0.22368,0.31653
0.92327,0.74381,0.90081,0.72166,0.83894
0.34804,0.65702,0.43143,0.71426,0.52755
0.89304,0.88724,0.93281,0.82965,0.94572
0.35706,0.37384,0.28968,0.48542,0.25252
0.88116,0.90012,0.8307,0.9332,0.77587
0.42961,0.37619,0.49817,0.31716,0.60771
0.94904,0.92524,0.95597,0.86617,0.92383
0.20532,0.25108,0.2035,0.40552,0.28361
0.66164,0.71353,0.67306,0.8946,0.79156
0.84255,0.81088,0.80305,0.44436,0.63886
0.56368,0.59188,0.64956,0.922,0.86787
0.90628,0.93835,0.83246,0.35787,0.48174
0.38494,0.268,0.54732,0.86873,0.90171
0.84977,0.80103,0.894,0.48698,0.41334
0.55503,0.58401,0.45527,0.911,0.90379
0.89921,0.95102,0.90012,0.38359,0.39923
0.39447,0.21574,0.39087,0.86632,0.87588
0.85364,0.71391,0.85399,0.49657,0.47751
0.56677,0.7346,0.56618,0.92589,0.92464
0.8693,0.79984,0.86913,0.33704,0.33992
0.50442,0.58816,0.50445,0.82901,0.8315
0.92905,0.95073,0.92969,0.5944,0.58991
0.31827,0.19734,0.31624,0.87204,0.87451
0.78154,0.66315,0.77994,0.47528,0.47054
0.71698,0.83048,0.71988,0.94219,0.94114
0.70963,0.59704,0.7053,0.27018,0.27321
0.81417,0.91205,0.81923,0.77372,0.7768
0.57096,0.36704,0.56162,0.67163,0.66824
0.94136,0.9164,0.94477,0.87058,0.87323
0.24528,0.2809,0.23661,0.41505,0.41084
0.75075,0.77287,0.73703,0.92233,0.92208
0.68031,0.69625,0.70111,0.32711,0.32508
0.84661,0.82638,0.82213,0.85404,0.8552
0.50941,0.55532,0.56082,0.49426,0.48562
0.97345,0.96397,0.96225,0.97337,0.97431
0.10395,0.1326,0.13698,0.10479,0.098288
0.37002,0.44129,0.45028,0.37335,0.34943
0.9121,0.95669,0.95969,0.91515,0.89142
0.30404,0.17563,0.16715,0.2951,0.36354
0.8069,0.58853,0.57192,0.79354,0.88555
0.62011,0.91179,0.9222,0.64617,0.44087
0.86249,0.37078,0.34438,0.83746,0.95013
0.47949,0.86221,0.84852,0.53124,0.24717
0.89759,0.51812,0.54447,0.89965,0.77501
0.45217,0.91155,0.90641,0.4464,0.61509
0.89664,0.38124,0.3925,0.89645,0.93166
0.40598,0.86513,0.87214,0.40744,0.271
0.87497,0.50158,0.48757,0.8738,0.80459
0.50013,0.9201,0.92002,0.5028,0.57621
0.90391,0.35558,0.35574,0.90391,0.95688
0.37646,0.83818,0.83831,0.37648,0.19649
0.84685,0.56759,0.56735,0.84683,0.67568
0.58583,0.91206,0.91215,0.58588,0.78487
0.85415,0.37612,0.37591,0.85409,0.71606
0.5595,0.8722,0.87207,0.55961,0.73154
0.88902,0.4874,0.48766,0.88902,0.80497
0.4665,0.91542,0.91544,0.46651,0.56678
0.90245,0.36881,0.36877,0.90245,0.96021
0.38034,0.85142,0.85139,0.38035,0.18787
0.84417,0.53596,0.53602,0.84418,0.65986
0.59495,0.92426,0.92425,0.59493,0.80287
0.84089,0.33969,0.33973,0.84091,0.68177
0.58952,0.83948,0.83951,0.58948,0.78127
0.8742,0.56735,0.56731,0.87421,0.72193
0.51715,0.90447,0.90448,0.51712,0.71211
0.89273,0.40066,0.40063,0.89273,0.8344
0.44632,0.8802,0.88019,0.44631,0.50581
0.90962,0.46649,0.46652,0.90962,0.97265
0.36394,0.90562,0.90563,0.36393,0.14713
0.80452,0.39028,0.39027,0.80451,0.57207
0.67896,0.89658,0.89657,0.67898,0.88647
0.75549,0.41048,0.41048,0.75547,0.48403
0.76812,0.92141,0.92142,0.76814,0.92329
0.61157,0.32362,0.32361,0.61153,0.35989
0.91637,0.86095,0.86094,0.9164,0.90405
0.31961,0.45008,0.4501,0.31955,0.33041
0.86129,0.95356,0.95356,0.86122,0.85988
0.43701,0.20201,0.20204,0.43717,0.46912
0.92762,0.66179,0.66184,0.92769,0.96894
0.30852,0.81181,0.81173,0.30832,0.14625
0.77388,0.61947,0.61956,0.77366,0.55594
0.73418,0.89564,0.89562,0.73454,0.90677
0.67833,0.40419,0.40416,0.67779,0.41591
0.86945,0.93038,0.93043,0.87004,0.92821
0.4054,0.27161,0.27131,0.40402,0.29628
0.91055,0.78837,0.78789,0.90968,0.83844
0.37201,0.61749,0.61853,0.37436,0.48645
0.91844,0.92006,0.91963,0.9202,0.96188
0.27671,0.28751,0.28793,0.27223,0.17225
0.75993,0.79714,0.79684,0.7537,0.60017
0.72585,0.63882,0.64055,0.7359,0.89224
0.74833,0.88727,0.88415,0.73367,0.45338
0.72325,0.42546,0.4348,0.74625,0.92287
0.74758,0.93657,0.93592,0.71441,0.37399
0.70323,0.28234,0.28986,0.75126,0.88362
0.77027,0.79386,0.79413,0.70341,0.47511
0.71318,0.64334,0.65527,0.81192,0.92844
0.75361,0.88377,0.85382,0.59044,0.34661
0.70772,0.44159,0.52378,0.89148,0.87332
0.78469,0.94731,0.91213,0.44227,0.46358
0.64357,0.25289,0.36572,0.89784,0.93795
0.81207,0.7694,0.8332,0.39934,0.30681
0.62829,0.66728,0.59636,0.88554,0.81663
0.87364,0.87766,0.87715,0.46853,0.59783
0.48008,0.42009,0.47519,0.9127,0.89031
0.91186,0.95468,0.90416,0.38394,0.43311
0.36339,0.20013,0.37948,0.86752,0.88963
0.8225,0.6815,0.84193,0.4887,0.44138
0.63631,0.78606,0.59732,0.92766,0.92367
0.81511,0.70874,0.8422,0.33066,0.3364
0.63777,0.75465,0.58146,0.82943,0.84159
0.84498,0.76268,0.88668,0.58832,0.56123
0.57531,0.65499,0.47854,0.89089,0.91385
0.88114,0.89766,0.9046,0.43131,0.37884
0.45437,0.36112,0.40073,0.89071,0.8707
0.90739,0.91017,0.8772,0.44128,0.4859
0.3915,0.32988,0.46414,0.90868,0.90831
0.86197,0.87962,0.89456,0.38838,0.38512
0.50487,0.41357,0.42821,0.87027,0.87787
0.91633,0.94967,0.90254,0.48956,0.47604
0.35513,0.21332,0.39054,0.91124,0.90557
0.81332,0.70572,0.83961,0.37853,0.38766
0.64729,0.75969,0.5929,0.87906,0.89159
0.82121,0.75277,0.86573,0.46353,0.43208
0.62637,0.68325,0.53223,0.91688,0.91985
0.84333,0.86359,0.89088,0.36362,0.35102
0.54701,0.45698,0.43949,0.84872,0.85252
0.91892,0.96694,0.91543,0.54569,0.53898
0.34185,0.159,0.35071,0.90059,0.901
0.7889,0.59376,0.79753,0.40292,0.40095
0.70735,0.8805,0.6917,0.90725,0.90817
0.71943,0.49219,0.7392,0.37824,0.37376
0.81854,0.93372,0.79069,0.90021,0.90072
0.52244,0.31557,0.57554,0.37968,0.37196
0.95377,0.86645,0.93829,0.92122,0.91801
0.21205,0.40081,0.2541,0.27837,0.28033
0.69365,0.88839,0.76335,0.77935,0.77296
0.77011,0.4627,0.66936,0.67542,0.69748
0.73162,0.93102,0.87297,0.8526,0.81287
0.69699,0.3202,0.42006,0.49468,0.60019
0.8374,0.85651,0.94244,0.9685,0.92854
0.49863,0.4577,0.22907,0.14221,0.27203
0.95403,0.94079,0.69536,0.52669,0.76292
0.2291,0.27352,0.77987,0.93093,0.67864
0.71359,0.75579,0.6382,0.35262,0.77439
0.77779,0.74562,0.88142,0.87042,0.71384
0.69288,0.69994,0.44405,0.47234,0.74873
0.81921,0.83454,0.94934,0.94726,0.76717
0.58561,0.50733,0.22338,0.24428,0.63453
0.94505,0.94213,0.71073,0.73407,0.89017
0.2214,0.27053,0.73884,0.72737,0.40142
0.70851,0.7582,0.75632,0.78766,0.89425
0.75274,0.72442,0.71174,0.63058,0.44083
0.7547,0.77547,0.80883,0.90295,0.93251
0.67005,0.67575,0.58452,0.35826,0.30272
0.85756,0.86456,0.93283,0.89436,0.83446
0.48066,0.43741,0.27801,0.37309,0.51547
0.97221,0.94341,0.81343,0.90544,0.96783
0.11726,0.23629,0.5277,0.33846,0.14108
0.44058,0.70059,0.93531,0.84305,0.50576
0.94828,0.77418,0.3222,0.53392,0.92762
0.24739,0.64975,0.8466,0.88776,0.32565
0.75531,0.8333,0.53281,0.44717,0.79663
0.69399,0.60257,0.92723,0.93156,0.67396
0.84168,0.85632,0.32878,0.31094,0.79327
0.5277,0.52192,0.82008,0.81851,0.64719
0.96397,0.93324,0.61559,0.61008,0.86754
0.17748,0.30021,0.85538,0.8793,0.46485
0.63441,0.76064,0.50928,0.47639,0.87447
0.83745,0.75598,0.94802,0.91854,0.53023
0.5938,0.64787,0.25487,0.34982,0.85942
0.88864,0.87991,0.7702,0.83081,0.55972
0.44607,0.4373,0.64824,0.60369,0.86229
0.91321,0.95303,0.90071,0.88169,0.56017
0.36084,0.20545,0.33717,0.45641,0.8403
0.83558,0.68642,0.8577,0.91357,0.6054
0.60576,0.77275,0.49555,0.38713,0.82971
0.86869,0.73852,0.94096,0.89285,0.62649
0.52245,0.66865,0.28596,0.41143,0.81188
0.9244,0.8682,0.81792,0.89472,0.66827
0.34912,0.44236,0.54602,0.43843,0.75565
0.87719,0.95493,0.96562,0.93686,0.76074
0.42388,0.18924,0.14344,0.2685,0.63298
0.91236,0.62186,0.51978,0.75132,0.89667
0.37731,0.8622,0.94336,0.71642,0.39313
0.87242,0.48316,0.29229,0.74775,0.91523
0.47492,0.9032,0.81634,0.69942,0.35904
0.90189,0.42851,0.58386,0.80414,0.89725
0.40754,0.89332,0.91499,0.62211,0.38358
0.88271,0.42183,0.37153,0.85603,0.92356
0.44567,0.89238,0.87169,0.50312,0.3087
0.89147,0.43962,0.48391,0.90682,0.85966
0.44498,0.90375,0.90823,0.40809,0.4471
0.90089,0.40021,0.38819,0.88256,0.96179
0.38653,0.87638,0.87503,0.43034,0.1899
0.84208,0.47314,0.47903,0.8675,0.66805
0.59862,0.92694,0.92067,0.54244,0.78858
0.84109,0.33348,0.35107,0.86789,0.71068
0.58388,0.83446,0.8422,0.52678,0.73836
0.88726,0.57757,0.56574,0.90494,0.79472
0.47087,0.89605,0.89522,0.42784,0.58156
0.90858,0.42436,0.42445,0.89524,0.95188
0.37228,0.88982,0.89404,0.40574,0.21187
0.83246,0.43398,0.42785,0.85435,0.70616
0.61186,0.91626,0.90809,0.56464,0.75032
0.84394,0.36455,0.3862,0.87258,0.773
0.56969,0.86657,0.8733,0.50778,0.6422
0.89955,0.4995,0.48778,0.91258,0.90999
0.41136,0.91268,0.90815,0.3783,0.32191
0.8717,0.37562,0.38306,0.85145,0.8672
0.48533,0.86751,0.87813,0.5317,0.45226
0.92076,0.49775,0.47583,0.91521,0.96741
0.33742,0.90571,0.90594,0.35167,0.15708
0.78248,0.38687,0.38809,0.79623,0.58921
0.71795,0.89907,0.89671,0.69323,0.88483
0.70693,0.39823,0.4073,0.73937,0.47987
0.8372,0.92263,0.9218,0.79272,0.93469
0.47689,0.30398,0.31682,0.56458,0.3077
0.94393,0.84182,0.85369,0.93448,0.85779
0.26465,0.4848,0.4655,0.28732,0.42512
0.7999,0.95221,0.95356,0.83122,0.91826
0.5464,0.22167,0.21064,0.48426,0.35131
0.92945,0.6998,0.68345,0.93295,0.90509
0.32003,0.76539,0.78132,0.31305,0.318
0.83356,0.71175,0.68698,0.82217,0.84539
0.56386,0.77808,0.80796,0.59101,0.51894
0.93198,0.69516,0.64571,0.91203,0.96906
0.29213,0.77511,0.82769,0.35124,0.14956
0.76277,0.68012,0.60182,0.81618,0.56636
0.7452,0.8428,0.89101,0.65734,0.89535
0.68063,0.52529,0.4425,0.77718,0.45425
0.87213,0.95899,0.93447,0.73319,0.92578
0.39007,0.19008,0.28268,0.66102,0.33416
0.88911,0.65219,0.78008,0.86496,0.87437
0.43892,0.8131,0.66927,0.47418,0.42673
0.92303,0.65652,0.84711,0.95965,0.95654
0.32581,0.78178,0.50713,0.18753,0.17252
0.80754,0.71542,0.9058,0.62853,0.59049
0.65861,0.72911,0.43669,0.85604,0.90612
0.81171,0.79986,0.89258,0.5136,0.40115
0.63298,0.59647,0.459,0.91051,0.90655
0.85174,0.93841,0.90041,0.38412,0.3867
0.50902,0.26454,0.39459,0.86557,0.88146
0.89637,0.79766,0.86659,0.49695,0.46884
0.44988,0.58488,0.52115,0.92218,0.91069
0.89857,0.95137,0.90128,0.35295,0.37826
0.39412,0.21459,0.3847,0.83895,0.85837
0.85817,0.7113,0.85695,0.56128,0.52512
0.55709,0.73597,0.55859,0.91334,0.92153
0.87382,0.79866,0.87594,0.3713,0.3527
0.49577,0.58709,0.4928,0.85974,0.84635
0.9252,0.95131,0.92141,0.52443,0.55026
0.33049,0.19975,0.34126,0.90289,0.89637
0.78892,0.67271,0.79792,0.39745,0.4103
0.69979,0.81477,0.68234,0.90444,0.91324
0.74523,0.63734,0.76883,0.3851,0.36285
0.77268,0.86451,0.73701,0.89829,0.88771
0.63257,0.50955,0.68605,0.39952,0.41513
0.91733,0.95436,0.86303,0.92719,0.94173
0.27501,0.21157,0.41213,0.27812,0.2271
0.75557,0.69269,0.89926,0.78934,0.7037
0.74055,0.77151,0.4305,0.63544,0.78742
0.73349,0.72054,0.92403,0.88366,0.68754
0.77222,0.73186,0.33765,0.4319,0.7866
0.6908,0.76809,0.86999,0.91822,0.68801
0.81961,0.68317,0.45165,0.36212,0.7823
0.61213,0.82957,0.94721,0.88369,0.6791
0.8809,0.55322,0.25125,0.42517,0.8126
0.48312,0.88545,0.77865,0.89529,0.61136
0.91133,0.48107,0.61386,0.45238,0.87526
0.39205,0.90284,0.93353,0.90795,0.46877
0.87497,0.39084,0.26042,0.38209,0.90251
0.46848,0.8606,0.78585,0.84605,0.40926
0.91798,0.53704,0.62265,0.5663,0.90222
0.3663,0.89672,0.92581,0.89232,0.40039
0.85397,0.40627,0.28788,0.42019,0.87704
0.5252,0.88118,0.82871,0.88214,0.48011
0.9162,0.47929,0.52427,0.4771,0.91657
0.36671,0.90588,0.97279,0.90546,0.36583
0.8483,0.36692,0.14922,0.36789,0.84779
0.54242,0.82444,0.57739,0.82538,0.54348
0.92759,0.64354,0.87397,0.6416,0.92711
0.32537,0.78487,0.5228,0.78675,0.32672
