0.1,0.2,0.3,0.5,0.6
0.6179,0.5661,0.76405,0.86025,0.7067
0.84858,0.81186,0.67388,0.63532,0.69151
0.61668,0.62053,0.74178,0.81802,0.70322
0.83759,0.81554,0.71033,0.68356,0.73055
0.60072,0.6096,0.70333,0.76148,0.67478
0.85862,0.84499,0.77501,0.75601,0.78942
0.51964,0.52839,0.60204,0.64583,0.58059
0.91512,0.91012,0.88486,0.8795,0.88975
0.31919,0.32333,0.35627,0.37661,0.34673
0.81787,0.82126,0.84193,0.85092,0.83687
0.53223,0.52818,0.50208,0.48994,0.50871
0.92272,0.92277,0.92384,0.92478,0.92344
0.263,0.26257,0.26047,0.25989,0.2609
0.71561,0.71539,0.71365,0.71267,0.71414
0.75394,0.75419,0.75568,0.7563,0.75533
0.68533,0.68511,0.68369,0.683,0.68406
0.79863,0.79879,0.7998,0.80026,0.79955
0.5942,0.59402,0.59287,0.59233,0.59316
0.89246,0.89253,0.89294,0.89313,0.89283
0.35466,0.35456,0.35394,0.35366,0.3541
0.84659,0.84654,0.84619,0.84604,0.84628
0.48086,0.48093,0.48139,0.4816,0.48127
0.92367,0.92367,0.92371,0.92372,0.9237
0.26083,0.26082,0.26077,0.26075,0.26078
0.71332,0.71331,0.71326,0.71324,0.71328
0.75666,0.75667,0.75671,0.75672,0.7567
0.68124,0.68123,0.68119,0.68117,0.6812
0.80349,0.80349,0.80352,0.80353,0.80351
0.58419,0.58419,0.58416,0.58414,0.58417
0.89878,0.89878,0.89879,0.89879,0.89879
0.3366,0.3366,0.33658,0.33657,0.33659
0.8262,0.8262,0.82619,0.82619,0.82619
0.5313,0.5313,0.53131,0.53132,0.53131
0.92137,0.92137,0.92137,0.92137,0.92137
0.26804,0.26804,0.26804,0.26805,0.26804
0.72592,0.72592,0.72593,0.72593,0.72593
0.73615,0.73614,0.73614,0.73614,0.73614
0.71867,0.71867,0.71867,0.71867,0.71867
0.74807,0.74807,0.74807,0.74807,0.74807
0.6973,0.6973,0.6973,0.6973,0.6973
0.78097,0.78097,0.78097,0.78097,0.78097
0.63291,0.63291,0.63291,0.63291,0.63291
0.85964,0.85964,0.85964,0.85964,0.85964
0.44645,0.44645,0.44645,0.44645,0.44645
0.91439,0.91439,0.91439,0.91439,0.91439
0.28964,0.28964,0.28964,0.28964,0.28964
0.76128,0.76128,0.76128,0.76128,0.76128
0.67242,0.67242,0.67242,0.67242,0.67242
0.81501,0.81501,0.81501,0.81501,0.81501
0.55785,0.55785,0.55785,0.55785,0.55785
0.91262,0.91262,0.91262,0.91262,0.91262
0.29506,0.29506,0.29506,0.29506,0.29506
0.76961,0.76961,0.76961,0.76961,0.76961
0.65606,0.65606,0.65606,0.65606,0.65606
0.83489,0.83489,0.83489,0.83489,0.83489
0.51004,0.51004,0.51004,0.51004,0.51004
0.92463,0.92463,0.92463,0.92463,0.92463
0.25786,0.25786,0.25786,0.25786,0.25786
0.70806,0.70806,0.70806,0.70806,0.70806
0.76483,0.76483,0.76483,0.76483,0.76483
0.66551,0.66551,0.66551,0.66551,0.66551
0.82365,0.82365,0.82365,0.82365,0.82365
0.53743,0.53743,0.53743,0.53743,0.53743
0.91982,0.91982,0.91982,0.91982,0.91982
0.27289,0.27289,0.27289,0.27289,0.27289
0.73416,0.73416,0.73416,0.73416,0.73416
0.72212,0.72212,0.72212,0.72212,0.72212
0.74245,0.74245,0.74245,0.74245,0.74245
0.70751,0.70751,0.70751,0.70751,0.70751
0.76567,0.76567,0.76567,0.76567,0.76567
0.66384,0.66384,0.66384,0.66384,0.66384
0.82567,0.82567,0.82567,0.82567,0.82567
0.53257,0.53257,0.53257,0.53257,0.53257
0.92108,0.92108,0.92108,0.92108,0.92108
0.26897,0.26897,0.26897,0.26897,0.26897
0.72752,0.72752,0.72752,0.72752,0.72752
0.73348,0.73348,0.73348,0.73348,0.73348
0.72331,0.72331,0.72331,0.72331,0.72331
0.74049,0.74049,0.74049,0.74049,0.74049
0.71101,0.71101,0.71101,0.71101,0.71101
0.76026,0.76026,0.76026,0.76026,0.76026
0.67438,0.67438,0.67438,0.67438,0.67438
0.81248,0.81248,0.81248,0.81248,0.81248
0.56371,0.56371,0.56371,0.56371,0.56371
0.90998,0.90998,0.90998,0.90998,0.90998
0.30308,0.30308,0.30308,0.30308,0.30308
0.78152,0.78152,0.78152,0.78152,0.78152
0.63175,0.63175,0.63175,0.63175,0.63175
0.86077,0.86077,0.86077,0.86077,0.86077
0.44342,0.44342,0.44342,0.44342,0.44342
0.91315,0.91315,0.91315,0.91315,0.91315
0.29342,0.29342,0.29342,0.29342,0.29342
0.76711,0.76711,0.76711,0.76711,0.76711
0.66102,0.66102,0.66102,0.66102,0.66102
0.82907,0.82907,0.82907,0.82907,0.82907
0.52434,0.52434,0.52434,0.52434,0.52434
0.92281,0.92281,0.92281,0.92281,0.92281
0.26356,0.26356,0.26356,0.26356,0.26356
0.71816,0.71816,0.71816,0.71816,0.71816
0.7489,0.7489,0.7489,0.7489,0.7489
0.69578,0.69578,0.69578,0.69578,0.69578
0.78318,0.78318,0.78318,0.78318,0.78318
0.62829,0.62829,0.62829,0.62829,0.62829
0.8641,0.8641,0.8641,0.8641,0.8641
0.43449,0.43449,0.43449,0.43449,0.43449
0.90912,0.90912,0.90912,0.90912,0.90912
0.3057,0.3057,0.3057,0.3057,0.3057
0.78531,0.78531,0.78531,0.78531,0.78531
0.62381,0.62381,0.62381,0.62381,0.62381
0.86828,0.86828,0.86828,0.86828,0.86828
0.42317,0.42317,0.42317,0.42317,0.42317
0.90316,0.90316,0.90316,0.90316,0.90316
0.32362,0.32362,0.32362,0.32362,0.32362
0.80989,0.80989,0.80989,0.80989,0.80989
0.56969,0.56969,0.56969,0.56969,0.56969
0.90703,0.90703,0.90703,0.90703,0.90703
0.312,0.312,0.312,0.312,0.312
0.79423,0.79423,0.79423,0.79423,0.79423
0.60469,0.60469,0.60469,0.60469,0.60469
0.88445,0.88445,0.88445,0.88445,0.88445
0.37813,0.37813,0.37813,0.37813,0.37813
0.87005,0.87005,0.87005,0.87005,0.87005
0.41834,0.41834,0.41834,0.41834,0.41834
0.90033,0.90033,0.90033,0.90033,0.90033
0.33202,0.33202,0.33202,0.33202,0.33202
0.8206,0.8206,0.8206,0.8206,0.8206
0.54469,0.54469,0.54469,0.54469,0.54469
0.91761,0.91761,0.91761,0.91761,0.91761
0.27973,0.27973,0.27973,0.27973,0.27973
0.74548,0.74548,0.74548,0.74548,0.74548
0.70203,0.70203,0.70203,0.70203,0.70203
0.77397,0.77397,0.77397,0.77397,0.77397
0.64727,0.64727,0.64727,0.64727,0.64727
0.84475,0.84475,0.84475,0.84475,0.84475
0.48524,0.48524,0.48524,0.48524,0.48524
0.92419,0.92419,0.92419,0.92419,0.92419
0.25922,0.25922,0.25922,0.25922,0.25922
0.71049,0.71049,0.71049,0.71049,0.71049
0.76107,0.76107,0.76107,0.76107,0.76107
0.67283,0.67283,0.67283,0.67283,0.67283
0.81448,0.81448,0.81448,0.81448,0.81448
0.55907,0.55907,0.55907,0.55907,0.55907
0.91209,0.91209,0.91209,0.91209,0.91209
0.29667,0.29667,0.29667,0.29667,0.29667
0.77203,0.77203,0.77203,0.77203,0.77203
0.6512,0.6512,0.6512,0.6512,0.6512
0.84042,0.84042,0.84042,0.84042,0.84042
0.49623,0.49623,0.49623,0.49623,0.49623
0.92495,0.92495,0.92495,0.92495,0.92495
0.25685,0.25685,0.25685,0.25685,0.25685
0.70625,0.70625,0.70625,0.70625,0.70625
0.7676,0.7676,0.7676,0.7676,0.7676
0.66004,0.66004,0.66004,0.66004,0.66004
0.83023,0.83023,0.83023,0.83023,0.83023
0.52151,0.52151,0.52151,0.52151,0.52151
0.92329,0.92329,0.92329,0.92329,0.92329
0.26206,0.26206,0.26206,0.26206,0.26206
0.71553,0.71553,0.71553,0.71553,0.71553
0.75313,0.75313,0.75313,0.75313,0.75313
0.68792,0.68792,0.68792,0.68792,0.68792
0.79434,0.79434,0.79434,0.79434,0.79434
0.60445,0.60445,0.60445,0.60445,0.60445
0.88463,0.88463,0.88463,0.88463,0.88463
0.37762,0.37762,0.37762,0.37762,0.37762
0.86959,0.86959,0.86959,0.86959,0.86959
0.4196,0.4196,0.4196,0.4196,0.4196
0.90108,0.90108,0.90108,0.90108,0.90108
0.32979,0.32979,0.32979,0.32979,0.32979
0.8178,0.8178,0.8178,0.8178,0.8178
0.55131,0.55131,0.55131,0.55131,0.55131
0.91526,0.91526,0.91526,0.91526,0.91526
0.28697,0.28697,0.28697,0.28697,0.28697
0.75708,0.75708,0.75708,0.75708,0.75708
0.68046,0.68046,0.68046,0.68046,0.68046
0.8045,0.8045,0.8045,0.8045,0.8045
0.58193,0.58193,0.58193,0.58193,0.58193
0.90016,0.90016,0.90016,0.90016,0.90016
0.33251,0.33251,0.33251,0.33251,0.33251
0.82121,0.82121,0.82121,0.82121,0.82121
0.54326,0.54326,0.54326,0.54326,0.54326
0.91808,0.91808,0.91808,0.91808,0.91808
0.27828,0.27828,0.27828,0.27828,0.27828
0.74311,0.74311,0.74311,0.74311,0.74311
0.70632,0.70632,0.70632,0.70632,0.70632
0.7675,0.7675,0.7675,0.7675,0.7675
0.66023,0.66023,0.66023,0.66023,0.66023
0.83,0.83,0.83,0.83,0.83
0.52206,0.52206,0.52206,0.52206,0.52206
0.9232,0.9232,0.9232,0.9232,0.9232
0.26234,0.26234,0.26234,0.26234,0.26234
0.71601,0.71601,0.71601,0.71601,0.71601
0.75235,0.75235,0.75235,0.75235,0.75235
0.68938,0.68938,0.68938,0.68938,0.68938
0.7923,0.7923,0.7923,0.7923,0.7923
0.60887,0.60887,0.60887,0.60887,0.60887
0.88115,0.88115,0.88115,0.88115,0.88115
0.38749,0.38749,0.38749,0.38749,0.38749
0.87817,0.87817,0.87817,0.87817,0.87817
0.39586,0.39586,0.39586,0.39586,0.39586
0.88487,0.88487,0.88487,0.88487,0.88487
0.37692,0.37692,0.37692,0.37692,0.37692
0.86895,0.86895,0.86895,0.86895,0.86895
0.42133,0.42133,0.42133,0.42133,0.42133
0.9021,0.9021,0.9021,0.9021,0.9021
0.32676,0.32676,0.32676,0.32676,0.32676
0.81396,0.81396,0.81396,0.81396,0.81396
0.56029,0.56029,0.56029,0.56029,0.56029
0.91155,0.91155,0.91155,0.91155,0.91155
0.29832,0.29832,0.29832,0.29832,0.29832
0.7745,0.7745,0.7745,0.7745,0.7745
0.64621,0.64621,0.64621,0.64621,0.64621
0.8459,0.8459,0.8459,0.8459,0.8459
0.48229,0.48229,0.48229,0.48229,0.48229
0.92384,0.92384,0.92384,0.92384,0.92384
0.26033,0.26033,0.26033,0.26033,0.26033
0.71247,0.71247,0.71247,0.71247,0.71247
0.75797,0.75797,0.75797,0.75797,0.75797
0.67876,0.67876,0.67876,0.67876,0.67876
0.80676,0.80676,0.80676,0.80676,0.80676
0.57682,0.57682,0.57682,0.57682,0.57682
0.90317,0.90317,0.90317,0.90317,0.90317
0.32359,0.32359,0.32359,0.32359,0.32359
0.80985,0.80985,0.80985,0.80985,0.80985
0.56977,0.56977,0.56977,0.56977,0.56977
0.90699,0.90699,0.90699,0.90699,0.90699
0.31214,0.31214,0.31214,0.31214,0.31214
0.79442,0.79442,0.79442,0.79442,0.79442
0.60428,0.60428,0.60428,0.60428,0.60428
0.88477,0.88477,0.88477,0.88477,0.88477
0.37723,0.37723,0.37723,0.37723,0.37723
0.86923,0.86923,0.86923,0.86923,0.86923
0.42057,0.42057,0.42057,0.42057,0.42057
0.90166,0.90166,0.90166,0.90166,0.90166
0.32809,0.32809,0.32809,0.32809,0.32809
0.81565,0.81565,0.81565,0.81565,0.81565
0.55635,0.55635,0.55635,0.55635,0.55635
0.91325,0.91325,0.91325,0.91325,0.91325
0.29313,0.29313,0.29313,0.29313,0.29313
0.76665,0.76665,0.76665,0.76665,0.76665
0.66192,0.66192,0.66192,0.66192,0.66192
0.828,0.828,0.828,0.828,0.828
0.52694,0.52694,0.52694,0.52694,0.52694
0.92231,0.92231,0.92231,0.92231,0.92231
0.26511,0.26511,0.26511,0.26511,0.26511
0.72086,0.72086,0.72086,0.72086,0.72086
0.74452,0.74452,0.74452,0.74452,0.74452
0.70377,0.70377,0.70377,0.70377,0.70377
0.77137,0.77137,0.77137,0.77137,0.77137
0.65253,0.65253,0.65253,0.65253,0.65253
0.83892,0.83892,0.83892,0.83892,0.83892
0.5,0.5,0.5,0.5,0.5
0.925,0.925,0.925,0.925,0.925
0.25669,0.25669,0.25669,0.25669,0.25669
0.70596,0.70596,0.70596,0.70596,0.70596
0.76805,0.76805,0.76805,0.76805,0.76805
0.65915,0.65915,0.65915,0.65915,0.65915
0.83129,0.83129,0.83129,0.83129,0.83129
0.51892,0.51892,0.51892,0.51892,0.51892
0.92368,0.92368,0.92368,0.92368,0.92368
0.26084,0.26084,0.26084,0.26084,0.26084
0.71338,0.71338,0.71338,0.71338,0.71338
0.75654,0.75654,0.75654,0.75654,0.75654
0.6815,0.6815,0.6815,0.6815,0.6815
0.80312,0.80312,0.80312,0.80312,0.80312
0.58504,0.58504,0.58504,0.58504,0.58504
0.89824,0.89824,0.89824,0.89824,0.89824
0.33819,0.33819,0.33819,0.33819,0.33819
0.82812,0.82812,0.82812,0.82812,0.82812
0.52665,0.52665,0.52665,0.52665,0.52665
0.92237,0.92237,0.92237,0.92237,0.92237
0.26492,0.26492,0.26492,0.26492,0.26492
0.72054,0.72054,0.72054,0.72054,0.72054
0.74505,0.74505,0.74505,0.74505,0.74505
0.70282,0.70282,0.70282,0.70282,0.70282
0.7728,0.7728,0.7728,0.7728,0.7728
0.64966,0.64966,0.64966,0.64966,0.64966
0.84213,0.84213,0.84213,0.84213,0.84213
0.4919,0.4919,0.4919,0.4919,0.4919
0.92476,0.92476,0.92476,0.92476,0.92476
0.25745,0.25745,0.25745,0.25745,0.25745
0.70733,0.70733,0.70733,0.70733,0.70733
0.76596,0.76596,0.76596,0.76596,0.76596
0.66329,0.66329,0.66329,0.66329,0.66329
0.82634,0.82634,0.82634,0.82634,0.82634
0.53095,0.53095,0.53095,0.53095,0.53095
0.92146,0.92146,0.92146,0.92146,0.92146
0.26779,0.26779,0.26779,0.26779,0.26779
0.72548,0.72548,0.72548,0.72548,0.72548
0.73688,0.73688,0.73688,0.73688,0.73688
0.71738,0.71738,0.71738,0.71738,0.71738
0.75016,0.75016,0.75016,0.75016,0.75016
0.69345,0.69345,0.69345,0.69345,0.69345
0.78653,0.78653,0.78653,0.78653,0.78653
0.62122,0.62122,0.62122,0.62122,0.62122
0.87063,0.87063,0.87063,0.87063,0.87063
0.41675,0.41675,0.41675,0.41675,0.41675
0.89936,0.89936,0.89936,0.89936,0.89936
0.3349,0.3349,0.3349,0.3349,0.3349
0.82414,0.82414,0.82414,0.82414,0.82414
0.53625,0.53625,0.53625,0.53625,0.53625
0.92014,0.92014,0.92014,0.92014,0.92014
0.27189,0.27189,0.27189,0.27189,0.27189
0.73247,0.73247,0.73247,0.73247,0.73247
0.72504,0.72504,0.72504,0.72504,0.72504
0.73762,0.73762,0.73762,0.73762,0.73762
0.71609,0.71609,0.71609,0.71609,0.71609
0.75223,0.75223,0.75223,0.75223,0.75223
0.68961,0.68961,0.68961,0.68961,0.68961
0.79198,0.79198,0.79198,0.79198,0.79198
0.60958,0.60958,0.60958,0.60958,0.60958
0.88057,0.88057,0.88057,0.88057,0.88057
0.3891,0.3891,0.3891,0.3891,0.3891
0.8795,0.8795,0.8795,0.8795,0.8795
0.39213,0.39213,0.39213,0.39213,0.39213
0.88195,0.88195,0.88195,0.88195,0.88195
0.38523,0.38523,0.38523,0.38523,0.38523
0.87626,0.87626,0.87626,0.87626,0.87626
0.40118,0.40118,0.40118,0.40118,0.40118
0.88886,0.88886,0.88886,0.88886,0.88886
0.3655,0.3655,0.3655,0.3655,0.3655
0.85807,0.85807,0.85807,0.85807,0.85807
0.45061,0.45061,0.45061,0.45061,0.45061
0.91597,0.91597,0.91597,0.91597,0.91597
0.28477,0.28477,0.28477,0.28477,0.28477
0.7536,0.7536,0.7536,0.7536,0.7536
0.68704,0.68704,0.68704,0.68704,0.68704
0.79556,0.79556,0.79556,0.79556,0.79556
0.60178,0.60178,0.60178,0.60178,0.60178
0.88667,0.88667,0.88667,0.88667,0.88667
0.3718,0.3718,0.3718,0.3718,0.3718
0.86419,0.86419,0.86419,0.86419,0.86419
0.43425,0.43425,0.43425,0.43425,0.43425
0.909,0.909,0.909,0.909,0.909
0.30605,0.30605,0.30605,0.30605,0.30605
0.78582,0.78582,0.78582,0.78582,0.78582
0.62273,0.62273,0.62273,0.62273,0.62273
0.86927,0.86927,0.86927,0.86927,0.86927
0.42048,0.42048,0.42048,0.42048,0.42048
0.9016,0.9016,0.9016,0.9016,0.9016
0.32825,0.32825,0.32825,0.32825,0.32825
0.81586,0.81586,0.81586,0.81586,0.81586
0.55587,0.55587,0.55587,0.55587,0.55587
0.91345,0.91345,0.91345,0.91345,0.91345
0.29251,0.29251,0.29251,0.29251,0.29251
0.76571,0.76571,0.76571,0.76571,0.76571
0.66377,0.66377,0.66377,0.66377,0.66377
0.82577,0.82577,0.82577,0.82577,0.82577
0.53234,0.53234,0.53234,0.53234,0.53234
0.92113,0.92113,0.92113,0.92113,0.92113
0.26881,0.26881,0.26881,0.26881,0.26881
0.72723,0.72723,0.72723,0.72723,0.72723
0.73395,0.73395,0.73395,0.73395,0.73395
0.72248,0.72248,0.72248,0.72248,0.72248
0.74186,0.74186,0.74186,0.74186,0.74186
0.70857,0.70857,0.70857,0.70857,0.70857
0.76405,0.76405,0.76405,0.76405,0.76405
0.66703,0.66703,0.66703,0.66703,0.66703
0.82177,0.82177,0.82177,0.82177,0.82177
0.54192,0.54192,0.54192,0.54192,0.54192
0.9185,0.9185,0.9185,0.9185,0.9185
0.27698,0.27698,0.27698,0.27698,0.27698
0.74097,0.74097,0.74097,0.74097,0.74097
0.71016,0.71016,0.71016,0.71016,0.71016
0.76158,0.76158,0.76158,0.76158,0.76158
0.67183,0.67183,0.67183,0.67183,0.67183
0.81575,0.81575,0.81575,0.81575,0.81575
0.55611,0.55611,0.55611,0.55611,0.55611
0.91335,0.91335,0.91335,0.91335,0.91335
0.29282,0.29282,0.29282,0.29282,0.29282
0.76618,0.76618,0.76618,0.76618,0.76618
0.66285,0.66285,0.66285,0.66285,0.66285
0.82687,0.82687,0.82687,0.82687,0.82687
0.52968,0.52968,0.52968,0.52968,0.52968
0.92174,0.92174,0.92174,0.92174,0.92174
0.2669,0.2669,0.2669,0.2669,0.2669
0.72395,0.72395,0.72395,0.72395,0.72395
0.73943,0.73943,0.73943,0.73943,0.73943
0.7129,0.7129,0.7129,0.7129,0.7129
0.7573,0.7573,0.7573,0.7573,0.7573
0.68006,0.68006,0.68006,0.68006,0.68006
0.80504,0.80504,0.80504,0.80504,0.80504
0.58071,0.58071,0.58071,0.58071,0.58071
0.9009,0.9009,0.9009,0.9009,0.9009
0.33034,0.33034,0.33034,0.33034,0.33034
0.81849,0.81849,0.81849,0.81849,0.81849
0.54968,0.54968,0.54968,0.54968,0.54968
0.91587,0.91587,0.91587,0.91587,0.91587
0.2851,0.2851,0.2851,0.2851,0.2851
0.75412,0.75412,0.75412,0.75412,0.75412
0.68607,0.68607,0.68607,0.68607,0.68607
0.7969,0.7969,0.7969,0.7969,0.7969
0.59884,0.59884,0.59884,0.59884,0.59884
0.88885,0.88885,0.88885,0.88885,0.88885
0.36554,0.36554,0.36554,0.36554,0.36554
0.85811,0.85811,0.85811,0.85811,0.85811
0.45051,0.45051,0.45051,0.45051,0.45051
0.91594,0.91594,0.91594,0.91594,0.91594
0.28488,0.28488,0.28488,0.28488,0.28488
0.75378,0.75378,0.75378,0.75378,0.75378
0.68671,0.68671,0.68671,0.68671,0.68671
0.79602,0.79602,0.79602,0.79602,0.79602
0.60078,0.60078,0.60078,0.60078,0.60078
0.88742,0.88742,0.88742,0.88742,0.88742
0.36966,0.36966,0.36966,0.36966,0.36966
0.86214,0.86214,0.86214,0.86214,0.86214
0.43976,0.43976,0.43976,0.43976,0.43976
0.91157,0.91157,0.91157,0.91157,0.91157
0.29825,0.29825,0.29825,0.29825,0.29825
0.7744,0.7744,0.7744,0.7744,0.7744
0.64641,0.64641,0.64641,0.64641,0.64641
0.84569,0.84569,0.84569,0.84569,0.84569
0.48285,0.48285,0.48285,0.48285,0.48285
0.92391,0.92391,0.92391,0.92391,0.92391
0.26011,0.26011,0.26011,0.26011,0.26011
0.71207,0.71207,0.71207,0.71207,0.71207
0.7586,0.7586,0.7586,0.7586,0.7586
0.67756,0.67756,0.67756,0.67756,0.67756
0.80834,0.80834,0.80834,0.80834,0.80834
0.57322,0.57322,0.57322,0.57322,0.57322
0.90516,0.90516,0.90516,0.90516,0.90516
0.31762,0.31762,0.31762,0.31762,0.31762
0.80192,0.80192,0.80192,0.80192,0.80192
0.58772,0.58772,0.58772,0.58772,0.58772
0.89653,0.89653,0.89653,0.89653,0.89653
0.34323,0.34323,0.34323,0.34323,0.34323
0.83406,0.83406,0.83406,0.83406,0.83406
0.51209,0.51209,0.51209,0.51209,0.51209
0.92446,0.92446,0.92446,0.92446,0.92446
0.25839,0.25839,0.25839,0.25839,0.25839
0.70901,0.70901,0.70901,0.70901,0.70901
0.76337,0.76337,0.76337,0.76337,0.76337
0.66835,0.66835,0.66835,0.66835,0.66835
0.82013,0.82013,0.82013,0.82013,0.82013
0.54581,0.54581,0.54581,0.54581,0.54581
0.91724,0.91724,0.91724,0.91724,0.91724
0.28088,0.28088,0.28088,0.28088,0.28088
0.74736,0.74736,0.74736,0.74736,0.74736
0.69862,0.69862,0.69862,0.69862,0.69862
0.77904,0.77904,0.77904,0.77904,0.77904
0.6369,0.6369,0.6369,0.6369,0.6369
0.85565,0.85565,0.85565,0.85565,0.85565
0.45699,0.45699,0.45699,0.45699,0.45699
0.91816,0.91816,0.91816,0.91816,0.91816
0.27804,0.27804,0.27804,0.27804,0.27804
0.74271,0.74271,0.74271,0.74271,0.74271
0.70703,0.70703,0.70703,0.70703,0.70703
0.76641,0.76641,0.76641,0.76641,0.76641
0.6624,0.6624,0.6624,0.6624,0.6624
0.82741,0.82741,0.82741,0.82741,0.82741
0.52836,0.52836,0.52836,0.52836,0.52836
0.92202,0.92202,0.92202,0.92202,0.92202
0.26601,0.26601,0.26601,0.26601,0.26601
0.72243,0.72243,0.72243,0.72243,0.72243
0.74195,0.74195,0.74195,0.74195,0.74195
0.70841,0.70841,0.70841,0.70841,0.70841
0.7643,0.7643,0.7643,0.7643,0.7643
0.66655,0.66655,0.66655,0.66655,0.66655
0.82237,0.82237,0.82237,0.82237,0.82237
0.54049,0.54049,0.54049,0.54049,0.54049
0.91893,0.91893,0.91893,0.91893,0.91893
0.27563,0.27563,0.27563,0.27563,0.27563
0.73873,0.73873,0.73873,0.73873,0.73873
0.71412,0.71412,0.71412,0.71412,0.71412
0.75536,0.75536,0.75536,0.75536,0.75536
0.68373,0.68373,0.68373,0.68373,0.68373
0.8001,0.8001,0.8001,0.8001,0.8001
0.59179,0.59179,0.59179,0.59179,0.59179
0.89383,0.89383,0.89383,0.89383,0.89383
0.35113,0.35113,0.35113,0.35113,0.35113
0.843,0.843,0.843,0.843,0.843
0.4897,0.4897,0.4897,0.4897,0.4897
0.92461,0.92461,0.92461,0.92461,0.92461
0.25792,0.25792,0.25792,0.25792,0.25792
0.70817,0.70817,0.70817,0.70817,0.70817
0.76466,0.76466,0.76466,0.76466,0.76466
0.66583,0.66583,0.66583,0.66583,0.66583
0.82325,0.82325,0.82325,0.82325,0.82325
0.53839,0.53839,0.53839,0.53839,0.53839
0.91955,0.91955,0.91955,0.91955,0.91955
0.27373,0.27373,0.27373,0.27373,0.27373
0.73557,0.73557,0.73557,0.73557,0.73557
0.71968,0.71968,0.71968,0.71968,0.71968
0.74644,0.74644,0.74644,0.74644,0.74644
0.70029,0.70029,0.70029,0.70029,0.70029
0.77657,0.77657,0.77657,0.77657,0.77657
0.64198,0.64198,0.64198,0.64198,0.64198
0.85041,0.85041,0.85041,0.85041,0.85041
0.47068,0.47068,0.47068,0.47068,0.47068
0.92182,0.92182,0.92182,0.92182,0.92182
0.26665,0.26665,0.26665,0.26665,0.26665
0.72353,0.72353,0.72353,0.72353,0.72353
0.74012,0.74012,0.74012,0.74012,0.74012
0.71166,0.71166,0.71166,0.71166,0.71166
0.75924,0.75924,0.75924,0.75924,0.75924
0.67634,0.67634,0.67634,0.67634,0.67634
0.80995,0.80995,0.80995,0.80995,0.80995
0.56955,0.56955,0.56955,0.56955,0.56955
0.9071,0.9071,0.9071,0.9071,0.9071
0.31179,0.31179,0.31179,0.31179,0.31179
0.79394,0.79394,0.79394,0.79394,0.79394
0.60532,0.60532,0.60532,0.60532,0.60532
0.88396,0.88396,0.88396,0.88396,0.88396
0.37954,0.37954,0.37954,0.37954,0.37954
0.87131,0.87131,0.87131,0.87131,0.87131
0.41489,0.41489,0.41489,0.41489,0.41489
0.8982,0.8982,0.8982,0.8982,0.8982
0.33833,0.33833,0.33833,0.33833,0.33833
0.82829,0.82829,0.82829,0.82829,0.82829
0.52623,0.52623,0.52623,0.52623,0.52623
0.92245,0.92245,0.92245,0.92245,0.92245
0.26467,0.26467,0.26467,0.26467,0.26467
0.72009,0.72009,0.72009,0.72009,0.72009
0.74577,0.74577,0.74577,0.74577,0.74577
0.70151,0.70151,0.70151,0.70151,0.70151
0.77476,0.77476,0.77476,0.77476,0.77476
0.64568,0.64568,0.64568,0.64568,0.64568
0.84648,0.84648,0.84648,0.84648,0.84648
0.48083,0.48083,0.48083,0.48083,0.48083
0.92364,0.92364,0.92364,0.92364,0.92364
0.26096,0.26096,0.26096,0.26096,0.26096
0.71358,0.71358,0.71358,0.71358,0.71358
0.75623,0.75623,0.75623,0.75623,0.75623
0.68209,0.68209,0.68209,0.68209,0.68209
0.80232,0.80232,0.80232,0.80232,0.80232
0.58683,0.58683,0.58683,0.58683,0.58683
0.8971,0.8971,0.8971,0.8971,0.8971
0.34154,0.34154,0.34154,0.34154,0.34154
0.8321,0.8321,0.8321,0.8321,0.8321
0.51693,0.51693,0.51693,0.51693,0.51693
0.92394,0.92394,0.92394,0.92394,0.92394
0.26002,0.26002,0.26002,0.26002,0.26002
0.71192,0.71192,0.71192,0.71192,0.71192
0.75884,0.75884,0.75884,0.75884,0.75884
0.67711,0.67711,0.67711,0.67711,0.67711
0.80894,0.80894,0.80894,0.80894,0.80894
0.57185,0.57185,0.57185,0.57185,0.57185
0.9059,0.9059,0.9059,0.9059,0.9059
0.31542,0.31542,0.31542,0.31542,0.31542
0.79894,0.79894,0.79894,0.79894,0.79894
0.59436,0.59436,0.59436,0.59436,0.59436
0.89206,0.89206,0.89206,0.89206,0.89206
0.35628,0.35628,0.35628,0.35628,0.35628
0.84857,0.84857,0.84857,0.84857,0.84857
0.47544,0.47544,0.47544,0.47544,0.47544
0.92277,0.92277,0.92277,0.92277,0.92277
0.26369,0.26369,0.26369,0.26369,0.26369
0.71838,0.71838,0.71838,0.71838,0.71838
0.74854,0.74854,0.74854,0.74854,0.74854
0.69644,0.69644,0.69644,0.69644,0.69644
0.78222,0.78222,0.78222,0.78222,0.78222
0.6303,0.6303,0.6303,0.6303,0.6303
0.86218,0.86218,0.86218,0.86218,0.86218
0.43965,0.43965,0.43965,0.43965,0.43965
0.91152,0.91152,0.91152,0.91152,0.91152
0.2984,0.2984,0.2984,0.2984,0.2984
0.77462,0.77462,0.77462,0.77462,0.77462
0.64595,0.64595,0.64595,0.64595,0.64595
0.84618,0.84618,0.84618,0.84618,0.84618
0.48158,0.48158,0.48158,0.48158,0.48158
0.92374,0.92374,0.92374,0.92374,0.92374
0.26063,0.26063,0.26063,0.26063,0.26063
0.713,0.713,0.713,0.713,0.713
0.75714,0.75714,0.75714,0.75714,0.75714
0.68036,0.68036,0.68036,0.68036,0.68036
0.80464,0.80464,0.80464,0.80464,0.80464
0.58161,0.58161,0.58161,0.58161,0.58161
0.90035,0.90035,0.90035,0.90035,0.90035
0.33195,0.33195,0.33195,0.33195,0.33195
0.82051,0.82051,0.82051,0.82051,0.82051
0.54491,0.54491,0.54491,0.54491,0.54491
0.91754,0.91754,0.91754,0.91754,0.91754
0.27995,0.27995,0.27995,0.27995,0.27995
0.74585,0.74585,0.74585,0.74585,0.74585
0.70137,0.70137,0.70137,0.70137,0.70137
0.77496,0.77496,0.77496,0.77496,0.77496
0.64526,0.64526,0.64526,0.64526,0.64526
0.84692,0.84692,0.84692,0.84692,0.84692
0.47968,0.47968,0.47968,0.47968,0.47968
0.92347,0.92347,0.92347,0.92347,0.92347
0.26148,0.26148,0.26148,0.26148,0.26148
0.7145,0.7145,0.7145,0.7145,0.7145
0.75476,0.75476,0.75476,0.75476,0.75476
0.68487,0.68487,0.68487,0.68487,0.68487
0.79855,0.79855,0.79855,0.79855,0.79855
0.59522,0.59522,0.59522,0.59522,0.59522
0.89146,0.89146,0.89146,0.89146,0.89146
0.35802,0.35802,0.35802,0.35802,0.35802
0.85041,0.85041,0.85041,0.85041,0.85041
0.47068,0.47068,0.47068,0.47068,0.47068
0.92182,0.92182,0.92182,0.92182,0.92182
0.26666,0.26666,0.26666,0.26666,0.26666
0.72354,0.72354,0.72354,0.72354,0.72354
0.74012,0.74012,0.74012,0.74012,0.74012
0.71168,0.71168,0.71168,0.71168,0.71168
0.75922,0.75922,0.75922,0.75922,0.75922
0.67639,0.67639,0.67639,0.67639,0.67639
0.80989,0.80989,0.80989,0.80989,0.80989
0.56969,0.56969,0.56969,0.56969,0.56969
0.90703,0.90703,0.90703,0.90703,0.90703
0.31201,0.31201,0.31201,0.31201,0.31201
0.79424,0.79424,0.79424,0.79424,0.79424
0.60466,0.60466,0.60466,0.60466,0.60466
0.88447,0.88447,0.88447,0.88447,0.88447
0.37807,0.37807,0.37807,0.37807,0.37807
0.86999,0.86999,0.86999,0.86999,0.86999
0.41849,0.41849,0.41849,0.41849,0.41849
0.90041,0.90041,0.90041,0.90041,0.90041
0.33177,0.33177,0.33177,0.33177,0.33177
0.82029,0.82029,0.82029,0.82029,0.82029
0.54544,0.54544,0.54544,0.54544,0.54544
0.91736,0.91736,0.91736,0.91736,0.91736
0.2805,0.2805,0.2805,0.2805,0.2805
0.74673,0.74673,0.74673,0.74673,0.74673
0.69976,0.69976,0.69976,0.69976,0.69976
0.77736,0.77736,0.77736,0.77736,0.77736
0.64037,0.64037,0.64037,0.64037,0.64037
0.8521,0.8521,0.8521,0.8521,0.8521
0.46631,0.46631,0.46631,0.46631,0.46631
0.9208,0.9208,0.9208,0.9208,0.9208
0.26983,0.26983,0.26983,0.26983,0.26983
0.72899,0.72899,0.72899,0.72899,0.72899
0.73099,0.73099,0.73099,0.73099,0.73099
0.72758,0.72758,0.72758,0.72758,0.72758
0.73337,0.73337,0.73337,0.73337,0.73337
0.72349,0.72349,0.72349,0.72349,0.72349
0.74019,0.74019,0.74019,0.74019,0.74019
0.71154,0.71154,0.71154,0.71154,0.71154
0.75942,0.75942,0.75942,0.75942,0.75942
0.67599,0.67599,0.67599,0.67599,0.67599
0.8104,0.8104,0.8104,0.8104,0.8104
0.56852,0.56852,0.56852,0.56852,0.56852
0.90763,0.90763,0.90763,0.90763,0.90763
0.3102,0.3102,0.3102,0.3102,0.3102
0.79172,0.79172,0.79172,0.79172,0.79172
0.61014,0.61014,0.61014,0.61014,0.61014
0.88012,0.88012,0.88012,0.88012,0.88012
0.39039,0.39039,0.39039,0.39039,0.39039
0.88055,0.88055,0.88055,0.88055,0.88055
0.38918,0.38918,0.38918,0.38918,0.38918
0.87956,0.87956,0.87956,0.87956,0.87956
0.39195,0.39195,0.39195,0.39195,0.39195
0.88181,0.88181,0.88181,0.88181,0.88181
0.38563,0.38563,0.38563,0.38563,0.38563
0.8766,0.8766,0.8766,0.8766,0.8766
0.40023,0.40023,0.40023,0.40023,0.40023
0.88817,0.88817,0.88817,0.88817,0.88817
0.36749,0.36749,0.36749,0.36749,0.36749
0.86003,0.86003,0.86003,0.86003,0.86003
0.44539,0.44539,0.44539,0.44539,0.44539
0.91397,0.91397,0.91397,0.91397,0.91397
0.29093,0.29093,0.29093,0.29093,0.29093
0.76328,0.76328,0.76328,0.76328,0.76328
0.66853,0.66853,0.66853,0.66853,0.66853
0.81991,0.81991,0.81991,0.81991,0.81991
0.54634,0.54634,0.54634,0.54634,0.54634
0.91705,0.91705,0.91705,0.91705,0.91705
0.28144,0.28144,0.28144,0.28144,0.28144
0.74826,0.74826,0.74826,0.74826,0.74826
0.69696,0.69696,0.69696,0.69696,0.69696
0.78147,0.78147,0.78147,0.78147,0.78147
0.63187,0.63187,0.63187,0.63187,0.63187
0.86066,0.86066,0.86066,0.86066,0.86066
0.44373,0.44373,0.44373,0.44373,0.44373
0.91328,0.91328,0.91328,0.91328,0.91328
0.29303,0.29303,0.29303,0.29303,0.29303
0.7665,0.7665,0.7665,0.7665,0.7665
0.66221,0.66221,0.66221,0.66221,0.66221
0.82764,0.82764,0.82764,0.82764,0.82764
0.5278,0.5278,0.5278,0.5278,0.5278
0.92214,0.92214,0.92214,0.92214,0.92214
0.26565,0.26565,0.26565,0.26565,0.26565
0.7218,0.7218,0.7218,0.7218,0.7218
0.74298,0.74298,0.74298,0.74298,0.74298
0.70655,0.70655,0.70655,0.70655,0.70655
0.76714,0.76714,0.76714,0.76714,0.76714
0.66095,0.66095,0.66095,0.66095,0.66095
0.82916,0.82916,0.82916,0.82916,0.82916
0.52413,0.52413,0.52413,0.52413,0.52413
0.92285,0.92285,0.92285,0.92285,0.92285
0.26344,0.26344,0.26344,0.26344,0.26344
0.71795,0.71795,0.71795,0.71795,0.71795
0.74924,0.74924,0.74924,0.74924,0.74924
0.69516,0.69516,0.69516,0.69516,0.69516
0.78408,0.78408,0.78408,0.78408,0.78408
0.62641,0.62641,0.62641,0.62641,0.62641
0.86587,0.86587,0.86587,0.86587,0.86587
0.4297,0.4297,0.4297,0.4297,0.4297
0.90672,0.90672,0.90672,0.90672,0.90672
0.31295,0.31295,0.31295,0.31295,0.31295
0.79555,0.79555,0.79555,0.79555,0.79555
0.6018,0.6018,0.6018,0.6018,0.6018
0.88665,0.88665,0.88665,0.88665,0.88665
0.37185,0.37185,0.37185,0.37185,0.37185
0.86424,0.86424,0.86424,0.86424,0.86424
0.43413,0.43413,0.43413,0.43413,0.43413
0.90895,0.90895,0.90895,0.90895,0.90895
0.30622,0.30622,0.30622,0.30622,0.30622
0.78606,0.78606,0.78606,0.78606,0.78606
0.62222,0.62222,0.62222,0.62222,0.62222
0.86973,0.86973,0.86973,0.86973,0.86973
0.41921,0.41921,0.41921,0.41921,0.41921
0.90085,0.90085,0.90085,0.90085,0.90085
0.33048,0.33048,0.33048,0.33048,0.33048
0.81868,0.81868,0.81868,0.81868,0.81868
0.54925,0.54925,0.54925,0.54925,0.54925
0.91603,0.91603,0.91603,0.91603,0.91603
0.28461,0.28461,0.28461,0.28461,0.28461
0.75335,0.75335,0.75335,0.75335,0.75335
0.68751,0.68751,0.68751,0.68751,0.68751
0.79491,0.79491,0.79491,0.79491,0.79491
0.60321,0.60321,0.60321,0.60321,0.60321
0.88558,0.88558,0.88558,0.88558,0.88558
0.3749,0.3749,0.3749,0.3749,0.3749
0.86709,0.86709,0.86709,0.86709,0.86709
0.42639,0.42639,0.42639,0.42639,0.42639
0.90495,0.90495,0.90495,0.90495,0.90495
0.31825,0.31825,0.31825,0.31825,0.31825
0.80277,0.80277,0.80277,0.80277,0.80277
0.58581,0.58581,0.58581,0.58581,0.58581
0.89775,0.89775,0.89775,0.89775,0.89775
0.33963,0.33963,0.33963,0.33963,0.33963
0.82984,0.82984,0.82984,0.82984,0.82984
0.52245,0.52245,0.52245,0.52245,0.52245
0.92313,0.92313,0.92313,0.92313,0.92313
0.26254,0.26254,0.26254,0.26254,0.26254
0.71637,0.71637,0.71637,0.71637,0.71637
0.75178,0.75178,0.75178,0.75178,0.75178
0.69044,0.69044,0.69044,0.69044,0.69044
0.79081,0.79081,0.79081,0.79081,0.79081
0.61208,0.61208,0.61208,0.61208,0.61208
0.87852,0.87852,0.87852,0.87852,0.87852
0.39488,0.39488,0.39488,0.39488,0.39488
0.88411,0.88411,0.88411,0.88411,0.88411
0.3791,0.3791,0.3791,0.3791,0.3791
0.87091,0.87091,0.87091,0.87091,0.87091
0.41597,0.41597,0.41597,0.41597,0.41597
0.89887,0.89887,0.89887,0.89887,0.89887
0.33634,0.33634,0.33634,0.33634,0.33634
0.82589,0.82589,0.82589,0.82589,0.82589
0.53204,0.53204,0.53204,0.53204,0.53204
0.9212,0.9212,0.9212,0.9212,0.9212
0.26858,0.26858,0.26858,0.26858,0.26858
0.72685,0.72685,0.72685,0.72685,0.72685
0.7346,0.7346,0.7346,0.7346,0.7346
0.72136,0.72136,0.72136,0.72136,0.72136
0.74369,0.74369,0.74369,0.74369,0.74369
0.70527,0.70527,0.70527,0.70527,0.70527
0.7691,0.7691,0.7691,0.7691,0.7691
0.65707,0.65707,0.65707,0.65707,0.65707
0.83372,0.83372,0.83372,0.83372,0.83372
0.51294,0.51294,0.51294,0.51294,0.51294
0.92438,0.92438,0.92438,0.92438,0.92438
0.25863,0.25863,0.25863,0.25863,0.25863
0.70945,0.70945,0.70945,0.70945,0.70945
0.76269,0.76269,0.76269,0.76269,0.76269
0.66968,0.66968,0.66968,0.66968,0.66968
0.81848,0.81848,0.81848,0.81848,0.81848
0.54972,0.54972,0.54972,0.54972,0.54972
0.91585,0.91585,0.91585,0.91585,0.91585
0.28515,0.28515,0.28515,0.28515,0.28515
0.7542,0.7542,0.7542,0.7542,0.7542
0.68591,0.68591,0.68591,0.68591,0.68591
0.79711,0.79711,0.79711,0.79711,0.79711
0.59838,0.59838,0.59838,0.59838,0.59838
0.88919,0.88919,0.88919,0.88919,0.88919
0.36456,0.36456,0.36456,0.36456,0.36456
0.85713,0.85713,0.85713,0.85713,0.85713
0.4531,0.4531,0.4531,0.4531,0.4531
0.91686,0.91686,0.91686,0.91686,0.91686
0.28204,0.28204,0.28204,0.28204,0.28204
0.74922,0.74922,0.74922,0.74922,0.74922
0.69519,0.69519,0.69519,0.69519,0.69519
0.78403,0.78403,0.78403,0.78403,0.78403
0.6265,0.6265,0.6265,0.6265,0.6265
0.86579,0.86579,0.86579,0.86579,0.86579
0.42994,0.42994,0.42994,0.42994,0.42994
0.90684,0.90684,0.90684,0.90684,0.90684
0.31259,0.31259,0.31259,0.31259,0.31259
0.79504,0.79504,0.79504,0.79504,0.79504
0.60291,0.60291,0.60291,0.60291,0.60291
0.88581,0.88581,0.88581,0.88581,0.88581
0.37425,0.37425,0.37425,0.37425,0.37425
0.86649,0.86649,0.86649,0.86649,0.86649
0.42803,0.42803,0.42803,0.42803,0.42803
0.90584,0.90584,0.90584,0.90584,0.90584
0.3156,0.3156,0.3156,0.3156,0.3156
0.79918,0.79918,0.79918,0.79918,0.79918
0.59382,0.59382,0.59382,0.59382,0.59382
0.89243,0.89243,0.89243,0.89243,0.89243
0.35518,0.35518,0.35518,0.35518,0.35518
0.8474,0.8474,0.8474,0.8474,0.8474
0.47845,0.47845,0.47845,0.47845,0.47845
0.92328,0.92328,0.92328,0.92328,0.92328
0.26208,0.26208,0.26208,0.26208,0.26208
0.71556,0.71556,0.71556,0.71556,0.71556
0.75308,0.75308,0.75308,0.75308,0.75308
0.68801,0.68801,0.68801,0.68801,0.68801
0.79421,0.79421,0.79421,0.79421,0.79421
0.60473,0.60473,0.60473,0.60473,0.60473
0.88441,0.88441,0.88441,0.88441,0.88441
0.37823,0.37823,0.37823,0.37823,0.37823
0.87014,0.87014,0.87014,0.87014,0.87014
0.41809,0.41809,0.41809,0.41809,0.41809
0.90017,0.90017,0.90017,0.90017,0.90017
0.33249,0.33249,0.33249,0.33249,0.33249
0.82118,0.82118,0.82118,0.82118,0.82118
0.54333,0.54333,0.54333,0.54333,0.54333
0.91805,0.91805,0.91805,0.91805,0.91805
0.27836,0.27836,0.27836,0.27836,0.27836
0.74323,0.74323,0.74323,0.74323,0.74323
0.7061,0.7061,0.7061,0.7061,0.7061
0.76784,0.76784,0.76784,0.76784,0.76784
0.65957,0.65957,0.65957,0.65957,0.65957
0.83079,0.83079,0.83079,0.83079,0.83079
0.52015,0.52015,0.52015,0.52015,0.52015
0.9235,0.9235,0.9235,0.9235,0.9235
0.2614,0.2614,0.2614,0.2614,0.2614
0.71436,0.71436,0.71436,0.71436,0.71436
0.75498,0.75498,0.75498,0.75498,0.75498
0.68445,0.68445,0.68445,0.68445,0.68445
0.79912,0.79912,0.79912,0.79912,0.79912
0.59394,0.59394,0.59394,0.59394,0.59394
0.89235,0.89235,0.89235,0.89235,0.89235
0.35543,0.35543,0.35543,0.35543,0.35543
0.84767,0.84767,0.84767,0.84767,0.84767
0.47776,0.47776,0.47776,0.47776,0.47776
0.92317,0.92317,0.92317,0.92317,0.92317
0.26243,0.26243,0.26243,0.26243,0.26243
0.71618,0.71618,0.71618,0.71618,0.71618
0.75209,0.75209,0.75209,0.75209,0.75209
0.68987,0.68987,0.68987,0.68987,0.68987
0.79161,0.79161,0.79161,0.79161,0.79161
0.61037,0.61037,0.61037,0.61037,0.61037
0.87993,0.87993,0.87993,0.87993,0.87993
0.39092,0.39092,0.39092,0.39092,0.39092
0.88098,0.88098,0.88098,0.88098,0.88098
0.38797,0.38797,0.38797,0.38797,0.38797
0.87856,0.87856,0.87856,0.87856,0.87856
0.39475,0.39475,0.39475,0.39475,0.39475
0.88401,0.88401,0.88401,0.88401,0.88401
0.37938,0.37938,0.37938,0.37938,0.37938
0.87117,0.87117,0.87117,0.87117,0.87117
0.41527,0.41527,0.41527,0.41527,0.41527
0.89844,0.89844,0.89844,0.89844,0.89844
0.33762,0.33762,0.33762,0.33762,0.33762
0.82744,0.82744,0.82744,0.82744,0.82744
0.52829,0.52829,0.52829,0.52829,0.52829
0.92204,0.92204,0.92204,0.92204,0.92204
0.26597,0.26597,0.26597,0.26597,0.26597
0.72235,0.72235,0.72235,0.72235,0.72235
0.74207,0.74207,0.74207,0.74207,0.74207
0.70818,0.70818,0.70818,0.70818,0.70818
0.76464,0.76464,0.76464,0.76464,0.76464
0.66587,0.66587,0.66587,0.66587,0.66587
0.8232,0.8232,0.8232,0.8232,0.8232
0.5385,0.5385,0.5385,0.5385,0.5385
0.91951,0.91951,0.91951,0.91951,0.91951
0.27383,0.27383,0.27383,0.27383,0.27383
0.73573,0.73573,0.73573,0.73573,0.73573
0.7194,0.7194,0.7194,0.7194,0.7194
0.7469,0.7469,0.7469,0.7469,0.7469
0.69945,0.69945,0.69945,0.69945,0.69945
0.77782,0.77782,0.77782,0.77782,0.77782
0.63942,0.63942,0.63942,0.63942,0.63942
0.85308,0.85308,0.85308,0.85308,0.85308
0.46374,0.46374,0.46374,0.46374,0.46374
0.92013,0.92013,0.92013,0.92013,0.92013
0.2719,0.2719,0.2719,0.2719,0.2719
0.73249,0.73249,0.73249,0.73249,0.73249
0.725,0.725,0.725,0.725,0.725
0.73769,0.73769,0.73769,0.73769,0.73769
0.71597,0.71597,0.71597,0.71597,0.71597
0.75242,0.75242,0.75242,0.75242,0.75242
0.68925,0.68925,0.68925,0.68925,0.68925
0.79248,0.79248,0.79248,0.79248,0.79248
0.60848,0.60848,0.60848,0.60848,0.60848
0.88146,0.88146,0.88146,0.88146,0.88146
0.38661,0.38661,0.38661,0.38661,0.38661
0.87743,0.87743,0.87743,0.87743,0.87743
0.39793,0.39793,0.39793,0.39793,0.39793
0.88645,0.88645,0.88645,0.88645,0.88645
0.37241,0.37241,0.37241,0.37241,0.37241
0.86477,0.86477,0.86477,0.86477,0.86477
0.43268,0.43268,0.43268,0.43268,0.43268
0.90823,0.90823,0.90823,0.90823,0.90823
0.30838,0.30838,0.30838,0.30838,0.30838
0.78914,0.78914,0.78914,0.78914,0.78914
0.61568,0.61568,0.61568,0.61568,0.61568
0.87549,0.87549,0.87549,0.87549,0.87549
0.40333,0.40333,0.40333,0.40333,0.40333
0.89042,0.89042,0.89042,0.89042,0.89042
0.361,0.361,0.361,0.361,0.361
0.85352,0.85352,0.85352,0.85352,0.85352
0.4626,0.4626,0.4626,0.4626,0.4626
0.91982,0.91982,0.91982,0.91982,0.91982
0.27287,0.27287,0.27287,0.27287,0.27287
0.73412,0.73412,0.73412,0.73412,0.73412
0.72219,0.72219,0.72219,0.72219,0.72219
0.74233,0.74233,0.74233,0.74233,0.74233
0.70771,0.70771,0.70771,0.70771,0.70771
0.76536,0.76536,0.76536,0.76536,0.76536
0.66445,0.66445,0.66445,0.66445,0.66445
0.82494,0.82494,0.82494,0.82494,0.82494
0.53434,0.53434,0.53434,0.53434,0.53434
0.92064,0.92064,0.92064,0.92064,0.92064
0.27034,0.27034,0.27034,0.27034,0.27034
0.72985,0.72985,0.72985,0.72985,0.72985
0.72952,0.72952,0.72952,0.72952,0.72952
0.73008,0.73008,0.73008,0.73008,0.73008
0.72913,0.72913,0.72913,0.72913,0.72913
0.73075,0.73075,0.73075,0.73075,0.73075
0.72799,0.72799,0.72799,0.72799,0.72799
0.73267,0.73267,0.73267,0.73267,0.73267
0.7247,0.7247,0.7247,0.7247,0.7247
0.73819,0.73819,0.73819,0.73819,0.73819
0.71509,0.71509,0.71509,0.71509,0.71509
0.75383,0.75383,0.75383,0.75383,0.75383
0.68661,0.68661,0.68661,0.68661,0.68661
0.79615,0.79615,0.79615,0.79615,0.79615
0.60049,0.60049,0.60049,0.60049,0.60049
0.88764,0.88764,0.88764,0.88764,0.88764
0.36903,0.36903,0.36903,0.36903,0.36903
0.86153,0.86153,0.86153,0.86153,0.86153
0.44139,0.44139,0.44139,0.44139,0.44139
0.91229,0.91229,0.91229,0.91229,0.91229
0.29606,0.29606,0.29606,0.29606,0.29606
0.77111,0.77111,0.77111,0.77111,0.77111
0.65304,0.65304,0.65304,0.65304,0.65304
0.83834,0.83834,0.83834,0.83834,0.83834
0.50145,0.50145,0.50145,0.50145,0.50145
0.92499,0.92499,0.92499,0.92499,0.92499
0.25671,0.25671,0.25671,0.25671,0.25671
0.706,0.706,0.706,0.706,0.706
0.76799,0.76799,0.76799,0.76799,0.76799
0.65928,0.65928,0.65928,0.65928,0.65928
0.83113,0.83113,0.83113,0.83113,0.83113
0.5193,0.5193,0.5193,0.5193,0.5193
0.92362,0.92362,0.92362,0.92362,0.92362
0.26102,0.26102,0.26102,0.26102,0.26102
0.71368,0.71368,0.71368,0.71368,0.71368
0.75606,0.75606,0.75606,0.75606,0.75606
0.6824,0.6824,0.6824,0.6824,0.6824
0.8019,0.8019,0.8019,0.8019,0.8019
0.58778,0.58778,0.58778,0.58778,0.58778
0.89649,0.89649,0.89649,0.89649,0.89649
0.34333,0.34333,0.34333,0.34333,0.34333
0.83419,0.83419,0.83419,0.83419,0.83419
0.51178,0.51178,0.51178,0.51178,0.51178
0.92449,0.92449,0.92449,0.92449,0.92449
0.2583,0.2583,0.2583,0.2583,0.2583
0.70885,0.70885,0.70885,0.70885,0.70885
0.76361,0.76361,0.76361,0.76361,0.76361
0.66789,0.66789,0.66789,0.66789,0.66789
0.82071,0.82071,0.82071,0.82071,0.82071
0.54444,0.54444,0.54444,0.54444,0.54444
0.91769,0.91769,0.91769,0.91769,0.91769
0.27947,0.27947,0.27947,0.27947,0.27947
0.74506,0.74506,0.74506,0.74506,0.74506
0.7028,0.7028,0.7028,0.7028,0.7028
0.77283,0.77283,0.77283,0.77283,0.77283
0.64959,0.64959,0.64959,0.64959,0.64959
0.8422,0.8422,0.8422,0.8422,0.8422
0.49172,0.49172,0.49172,0.49172,0.49172
0.92475,0.92475,0.92475,0.92475,0.92475
0.25749,0.25749,0.25749,0.25749,0.25749
0.70739,0.70739,0.70739,0.70739,0.70739
0.76586,0.76586,0.76586,0.76586,0.76586
0.66348,0.66348,0.66348,0.66348,0.66348
0.82612,0.82612,0.82612,0.82612,0.82612
0.53149,0.53149,0.53149,0.53149,0.53149
0.92133,0.92133,0.92133,0.92133,0.92133
0.26818,0.26818,0.26818,0.26818,0.26818
0.72616,0.72616,0.72616,0.72616,0.72616
0.73575,0.73575,0.73575,0.73575,0.73575
0.71936,0.71936,0.71936,0.71936,0.71936
0.74696,0.74696,0.74696,0.74696,0.74696
0.69934,0.69934,0.69934,0.69934,0.69934
0.77797,0.77797,0.77797,0.77797,0.77797
0.63911,0.63911,0.63911,0.63911,0.63911
0.8534,0.8534,0.8534,0.8534,0.8534
0.46289,0.46289,0.46289,0.46289,0.46289
0.9199,0.9199,0.9199,0.9199,0.9199
0.27262,0.27262,0.27262,0.27262,0.27262
0.7337,0.7337,0.7337,0.7337,0.7337
0.72293,0.72293,0.72293,0.72293,0.72293
0.74112,0.74112,0.74112,0.74112,0.74112
0.70988,0.70988,0.70988,0.70988,0.70988
0.76202,0.76202,0.76202,0.76202,0.76202
0.67098,0.67098,0.67098,0.67098,0.67098
0.81683,0.81683,0.81683,0.81683,0.81683
0.55359,0.55359,0.55359,0.55359,0.55359
0.91438,0.91438,0.91438,0.91438,0.91438
0.28968,0.28968,0.28968,0.28968,0.28968
0.76134,0.76134,0.76134,0.76134,0.76134
0.6723,0.6723,0.6723,0.6723,0.6723
0.81516,0.81516,0.81516,0.81516,0.81516
0.55749,0.55749,0.55749,0.55749,0.55749
0.91277,0.91277,0.91277,0.91277,0.91277
0.2946,0.2946,0.2946,0.2946,0.2946
