0.1,0.2,0.3,0.5,0.6
0.0804,0.0936,0.1248,0.144,0.1272
0.05012,0.052521,0.064293,0.070804,0.063631
0.03026,0.030847,0.035524,0.038054,0.035058
0.018211,0.018395,0.020314,0.021349,0.020092
0.010966,0.011034,0.011839,0.012272,0.011741
0.0066063,0.0066338,0.0069755,0.00716,0.0069331
0.0039795,0.0039911,0.0041375,0.0042166,0.0041192
0.0023962,0.0024011,0.0024642,0.0024983,0.0024563
0.001442,0.0014442,0.0014714,0.0014861,0.001468
0.00086734,0.00086825,0.00088005,0.00088643,0.00087857
0.00052141,0.0005218,0.00052692,0.00052968,0.00052627
0.00031331,0.00031348,0.0003157,0.0003169,0.00031542
0.0001882,0.00018828,0.00018924,0.00018976,0.00018912
0.00011302,0.00011305,0.00011347,0.00011369,0.00011342
6.7855e-05,6.7869e-05,6.8051e-05,6.8148e-05,6.8028e-05
4.0733e-05,4.0739e-05,4.0818e-05,4.086e-05,4.0808e-05
2.4448e-05,2.4451e-05,2.4485e-05,2.4504e-05,2.4481e-05
1.4673e-05,1.4674e-05,1.4689e-05,1.4697e-05,1.4687e-05
8.8054e-06,8.8059e-06,8.8124e-06,8.8158e-06,8.8116e-06
5.284e-06,5.2842e-06,5.287e-06,5.2885e-06,5.2867e-06
3.1707e-06,3.1708e-06,3.172e-06,3.1727e-06,3.1719e-06
1.9026e-06,1.9026e-06,1.9032e-06,1.9034e-06,1.9031e-06
1.1416e-06,1.1416e-06,1.1419e-06,1.142e-06,1.1418e-06
6.85e-07,6.85e-07,6.851e-07,6.8516e-07,6.8509e-07
4.1101e-07,4.1101e-07,4.1106e-07,4.1108e-07,4.1105e-07
2.4661e-07,2.4661e-07,2.4663e-07,2.4664e-07,2.4663e-07
1.4797e-07,1.4797e-07,1.4798e-07,1.4798e-07,1.4798e-07
8.8782e-08,8.8783e-08,8.8786e-08,8.8788e-08,8.8786e-08
5.327e-08,5.327e-08,5.3271e-08,5.3272e-08,5.3271e-08
3.1962e-08,3.1962e-08,3.1963e-08,3.1963e-08,3.1963e-08
1.9177e-08,1.9177e-08,1.9178e-08,1.9178e-08,1.9178e-08
1.1506e-08,1.1506e-08,1.1507e-08,1.1507e-08,1.1507e-08
6.9039e-09,6.9039e-09,6.9039e-09,6.904e-09,6.9039e-09
4.1423e-09,4.1423e-09,4.1424e-09,4.1424e-09,4.1424e-09
2.4854e-09,2.4854e-09,2.4854e-09,2.4854e-09,2.4854e-09
1.4912e-09,1.4912e-09,1.4912e-09,1.4912e-09,1.4912e-09
8.9475e-10,8.9475e-10,8.9475e-10,8.9475e-10,8.9475e-10
5.3685e-10,5.3685e-10,5.3685e-10,5.3685e-10,5.3685e-10
3.2211e-10,3.2211e-10,3.2211e-10,3.2211e-10,3.2211e-10
1.9327e-10,1.9327e-10,1.9327e-10,1.9327e-10,1.9327e-10
1.1596e-10,1.1596e-10,1.1596e-10,1.1596e-10,1.1596e-10
6.9575e-11,6.9575e-11,6.9576e-11,6.9576e-11,6.9576e-11
4.1745e-11,4.1745e-11,4.1745e-11,4.1745e-11,4.1745e-11
2.5047e-11,2.5047e-11,2.5047e-11,2.5047e-11,2.5047e-11
1.5028e-11,1.5028e-11,1.5028e-11,1.5028e-11,1.5028e-11
9.017e-12,9.017e-12,9.017e-12,9.017e-12,9.017e-12
5.4102e-12,5.4102e-12,5.4102e-12,5.4102e-12,5.4102e-12
3.2461e-12,3.2461e-12,3.2461e-12,3.2461e-12,3.2461e-12
1.9477e-12,1.9477e-12,1.9477e-12,1.9477e-12,1.9477e-12
1.1686e-12,1.1686e-12,1.1686e-12,1.1686e-12,1.1686e-12
7.0116e-13,7.0116e-13,7.0116e-13,7.0116e-13,7.0116e-13
4.207e-13,4.207e-13,4.207e-13,4.207e-13,4.207e-13
2.5242e-13,2.5242e-13,2.5242e-13,2.5242e-13,2.5242e-13
1.5145e-13,1.5145e-13,1.5145e-13,1.5145e-13,1.5145e-13
9.087e-14,9.087e-14,9.087e-14,9.087e-14,9.087e-14
5.4522e-14,5.4522e-14,5.4522e-14,5.4522e-14,5.4522e-14
3.2713e-14,3.2713e-14,3.2713e-14,3.2713e-14,3.2713e-14
1.9628e-14,1.9628e-14,1.9628e-14,1.9628e-14,1.9628e-14
1.1777e-14,1.1777e-14,1.1777e-14,1.1777e-14,1.1777e-14
7.0661e-15,7.0661e-15,7.0661e-15,7.0661e-15,7.0661e-15
4.2397e-15,4.2397e-15,4.2397e-15,4.2397e-15,4.2397e-15
2.5438e-15,2.5438e-15,2.5438e-15,2.5438e-15,2.5438e-15
1.5263e-15,1.5263e-15,1.5263e-15,1.5263e-15,1.5263e-15
9.1576e-16,9.1576e-16,9.1576e-16,9.1576e-16,9.1576e-16
5.4946e-16,5.4946e-16,5.4946e-16,5.4946e-16,5.4946e-16
3.2968e-16,3.2968e-16,3.2968e-16,3.2968e-16,3.2968e-16
1.9781e-16,1.9781e-16,1.9781e-16,1.9781e-16,1.9781e-16
1.1868e-16,1.1868e-16,1.1868e-16,1.1868e-16,1.1868e-16
7.121e-17,7.121e-17,7.121e-17,7.121e-17,7.121e-17
4.2726e-17,4.2726e-17,4.2726e-17,4.2726e-17,4.2726e-17
2.5636e-17,2.5636e-17,2.5636e-17,2.5636e-17,2.5636e-17
1.5381e-17,1.5381e-17,1.5381e-17,1.5381e-17,1.5381e-17
9.2288e-18,9.2288e-18,9.2288e-18,9.2288e-18,9.2288e-18
5.5373e-18,5.5373e-18,5.5373e-18,5.5373e-18,5.5373e-18
3.3224e-18,3.3224e-18,3.3224e-18,3.3224e-18,3.3224e-18
1.9934e-18,1.9934e-18,1.9934e-18,1.9934e-18,1.9934e-18
1.1961e-18,1.1961e-18,1.1961e-18,1.1961e-18,1.1961e-18
7.1763e-19,7.1763e-19,7.1763e-19,7.1763e-19,7.1763e-19
4.3058e-19,4.3058e-19,4.3058e-19,4.3058e-19,4.3058e-19
2.5835e-19,2.5835e-19,2.5835e-19,2.5835e-19,2.5835e-19
1.5501e-19,1.5501e-19,1.5501e-19,1.5501e-19,1.5501e-19
9.3005e-20,9.3005e-20,9.3005e-20,9.3005e-20,9.3005e-20
5.5803e-20,5.5803e-20,5.5803e-20,5.5803e-20,5.5803e-20
3.3482e-20,3.3482e-20,3.3482e-20,3.3482e-20,3.3482e-20
2.0089e-20,2.0089e-20,2.0089e-20,2.0089e-20,2.0089e-20
1.2053e-20,1.2053e-20,1.2053e-20,1.2053e-20,1.2053e-20
7.2321e-21,7.2321e-21,7.2321e-21,7.2321e-21,7.2321e-21
4.3392e-21,4.3392e-21,4.3392e-21,4.3392e-21,4.3392e-21
2.6035e-21,2.6035e-21,2.6035e-21,2.6035e-21,2.6035e-21
1.5621e-21,1.5621e-21,1.5621e-21,1.5621e-21,1.5621e-21
9.3728e-22,9.3728e-22,9.3728e-22,9.3728e-22,9.3728e-22
5.6237e-22,5.6237e-22,5.6237e-22,5.6237e-22,5.6237e-22
3.3742e-22,3.3742e-22,3.3742e-22,3.3742e-22,3.3742e-22
2.0245e-22,2.0245e-22,2.0245e-22,2.0245e-22,2.0245e-22
1.2147e-22,1.2147e-22,1.2147e-22,1.2147e-22,1.2147e-22
7.2883e-23,7.2883e-23,7.2883e-23,7.2883e-23,7.2883e-23
4.373e-23,4.373e-23,4.373e-23,4.373e-23,4.373e-23
2.6238e-23,2.6238e-23,2.6238e-23,2.6238e-23,2.6238e-23
1.5743e-23,1.5743e-23,1.5743e-23,1.5743e-23,1.5743e-23
9.4456e-24,9.4456e-24,9.4456e-24,9.4456e-24,9.4456e-24
5.6674e-24,5.6674e-24,5.6674e-24,5.6674e-24,5.6674e-24
3.4004e-24,3.4004e-24,3.4004e-24,3.4004e-24,3.4004e-24
2.0402e-24,2.0402e-24,2.0402e-24,2.0402e-24,2.0402e-24
1.2241e-24,1.2241e-24,1.2241e-24,1.2241e-24,1.2241e-24
7.3449e-25,7.3449e-25,7.3449e-25,7.3449e-25,7.3449e-25
4.4069e-25,4.4069e-25,4.4069e-25,4.4069e-25,4.4069e-25
2.6442e-25,2.6442e-25,2.6442e-25,2.6442e-25,2.6442e-25
1.5865e-25,1.5865e-25,1.5865e-25,1.5865e-25,1.5865e-25
9.519e-26,9.519e-26,9.519e-26,9.519e-26,9.519e-26
5.7114e-26,5.7114e-26,5.7114e-26,5.7114e-26,5.7114e-26
3.4268e-26,3.4268e-26,3.4268e-26,3.4268e-26,3.4268e-26
2.0561e-26,2.0561e-26,2.0561e-26,2.0561e-26,2.0561e-26
1.2337e-26,1.2337e-26,1.2337e-26,1.2337e-26,1.2337e-26
7.402e-27,7.402e-27,7.402e-27,7.402e-27,7.402e-27
4.4412e-27,4.4412e-27,4.4412e-27,4.4412e-27,4.4412e-27
2.6647e-27,2.6647e-27,2.6647e-27,2.6647e-27,2.6647e-27
1.5988e-27,1.5988e-27,1.5988e-27,1.5988e-27,1.5988e-27
9.5929e-28,9.5929e-28,9.5929e-28,9.5929e-28,9.5929e-28
5.7558e-28,5.7558e-28,5.7558e-28,5.7558e-28,5.7558e-28
3.4535e-28,3.4535e-28,3.4535e-28,3.4535e-28,3.4535e-28
2.0721e-28,2.0721e-28,2.0721e-28,2.0721e-28,2.0721e-28
1.2432e-28,1.2432e-28,1.2432e-28,1.2432e-28,1.2432e-28
7.4595e-29,7.4595e-29,7.4595e-29,7.4595e-29,7.4595e-29
4.4757e-29,4.4757e-29,4.4757e-29,4.4757e-29,4.4757e-29
2.6854e-29,2.6854e-29,2.6854e-29,2.6854e-29,2.6854e-29
1.6112e-29,1.6112e-29,1.6112e-29,1.6112e-29,1.6112e-29
9.6675e-30,9.6675e-30,9.6675e-30,9.6675e-30,9.6675e-30
5.8005e-30,5.8005e-30,5.8005e-30,5.8005e-30,5.8005e-30
3.4803e-30,3.4803e-30,3.4803e-30,3.4803e-30,3.4803e-30
2.0882e-30,2.0882e-30,2.0882e-30,2.0882e-30,2.0882e-30
1.2529e-30,1.2529e-30,1.2529e-30,1.2529e-30,1.2529e-30
7.5174e-31,7.5174e-31,7.5174e-31,7.5174e-31,7.5174e-31
4.5105e-31,4.5105e-31,4.5105e-31,4.5105e-31,4.5105e-31
2.7063e-31,2.7063e-31,2.7063e-31,2.7063e-31,2.7063e-31
1.6238e-31,1.6238e-31,1.6238e-31,1.6238e-31,1.6238e-31
9.7426e-32,9.7426e-32,9.7426e-32,9.7426e-32,9.7426e-32
5.8455e-32,5.8455e-32,5.8455e-32,5.8455e-32,5.8455e-32
3.5073e-32,3.5073e-32,3.5073e-32,3.5073e-32,3.5073e-32
2.1044e-32,2.1044e-32,2.1044e-32,2.1044e-32,2.1044e-32
1.2626e-32,1.2626e-32,1.2626e-32,1.2626e-32,1.2626e-32
7.5758e-33,7.5758e-33,7.5758e-33,7.5758e-33,7.5758e-33
4.5455e-33,4.5455e-33,4.5455e-33,4.5455e-33,4.5455e-33
2.7273e-33,2.7273e-33,2.7273e-33,2.7273e-33,2.7273e-33
1.6364e-33,1.6364e-33,1.6364e-33,1.6364e-33,1.6364e-33
9.8183e-34,9.8183e-34,9.8183e-34,9.8183e-34,9.8183e-34
5.891e-34,5.891e-34,5.891e-34,5.891e-34,5.891e-34
3.5346e-34,3.5346e-34,3.5346e-34,3.5346e-34,3.5346e-34
2.1207e-34,2.1207e-34,2.1207e-34,2.1207e-34,2.1207e-34
1.2724e-34,1.2724e-34,1.2724e-34,1.2724e-34,1.2724e-34
7.6347e-35,7.6347e-35,7.6347e-35,7.6347e-35,7.6347e-35
4.5808e-35,4.5808e-35,4.5808e-35,4.5808e-35,4.5808e-35
2.7485e-35,2.7485e-35,2.7485e-35,2.7485e-35,2.7485e-35
1.6491e-35,1.6491e-35,1.6491e-35,1.6491e-35,1.6491e-35
9.8946e-36,9.8946e-36,9.8946e-36,9.8946e-36,9.8946e-36
5.9367e-36,5.9367e-36,5.9367e-36,5.9367e-36,5.9367e-36
3.562e-36,3.562e-36,3.562e-36,3.562e-36,3.562e-36
2.1372e-36,2.1372e-36,2.1372e-36,2.1372e-36,2.1372e-36
1.2823e-36,1.2823e-36,1.2823e-36,1.2823e-36,1.2823e-36
7.694e-37,7.694e-37,7.694e-37,7.694e-37,7.694e-37
4.6164e-37,4.6164e-37,4.6164e-37,4.6164e-37,4.6164e-37
2.7698e-37,2.7698e-37,2.7698e-37,2.7698e-37,2.7698e-37
1.6619e-37,1.6619e-37,1.6619e-37,1.6619e-37,1.6619e-37
9.9714e-38,9.9714e-38,9.9714e-38,9.9714e-38,9.9714e-38
5.9829e-38,5.9829e-38,5.9829e-38,5.9829e-38,5.9829e-38
3.5897e-38,3.5897e-38,3.5897e-38,3.5897e-38,3.5897e-38
2.1538e-38,2.1538e-38,2.1538e-38,2.1538e-38,2.1538e-38
1.2923e-38,1.2923e-38,1.2923e-38,1.2923e-38,1.2923e-38
7.7538e-39,7.7538e-39,7.7538e-39,7.7538e-39,7.7538e-39
4.6523e-39,4.6523e-39,4.6523e-39,4.6523e-39,4.6523e-39
2.7914e-39,2.7914e-39,2.7914e-39,2.7914e-39,2.7914e-39
1.6748e-39,1.6748e-39,1.6748e-39,1.6748e-39,1.6748e-39
1.0049e-39,1.0049e-39,1.0049e-39,1.0049e-39,1.0049e-39
6.0293e-40,6.0293e-40,6.0293e-40,6.0293e-40,6.0293e-40
3.6176e-40,3.6176e-40,3.6176e-40,3.6176e-40,3.6176e-40
2.1706e-40,2.1706e-40,2.1706e-40,2.1706e-40,2.1706e-40
1.3023e-40,1.3023e-40,1.3023e-40,1.3023e-40,1.3023e-40
7.814e-41,7.814e-41,7.814e-41,7.814e-41,7.814e-41
4.6884e-41,4.6884e-41,4.6884e-41,4.6884e-41,4.6884e-41
2.8131e-41,2.8131e-41,2.8131e-41,2.8131e-41,2.8131e-41
1.6878e-41,1.6878e-41,1.6878e-41,1.6878e-41,1.6878e-41
1.0127e-41,1.0127e-41,1.0127e-41,1.0127e-41,1.0127e-41
6.0762e-42,6.0762e-42,6.0762e-42,6.0762e-42,6.0762e-42
3.6457e-42,3.6457e-42,3.6457e-42,3.6457e-42,3.6457e-42
2.1874e-42,2.1874e-42,2.1874e-42,2.1874e-42,2.1874e-42
1.3125e-42,1.3125e-42,1.3125e-42,1.3125e-42,1.3125e-42
7.8747e-43,7.8747e-43,7.8747e-43,7.8747e-43,7.8747e-43
4.7248e-43,4.7248e-43,4.7248e-43,4.7248e-43,4.7248e-43
2.8349e-43,2.8349e-43,2.8349e-43,2.8349e-43,2.8349e-43
1.7009e-43,1.7009e-43,1.7009e-43,1.7009e-43,1.7009e-43
1.0206e-43,1.0206e-43,1.0206e-43,1.0206e-43,1.0206e-43
6.1234e-44,6.1234e-44,6.1234e-44,6.1234e-44,6.1234e-44
3.674e-44,3.674e-44,3.674e-44,3.674e-44,3.674e-44
2.2044e-44,2.2044e-44,2.2044e-44,2.2044e-44,2.2044e-44
1.3227e-44,1.3227e-44,1.3227e-44,1.3227e-44,1.3227e-44
7.9359e-45,7.9359e-45,7.9359e-45,7.9359e-45,7.9359e-45
4.7616e-45,4.7616e-45,4.7616e-45,4.7616e-45,4.7616e-45
2.8569e-45,2.8569e-45,2.8569e-45,2.8569e-45,2.8569e-45
1.7142e-45,1.7142e-45,1.7142e-45,1.7142e-45,1.7142e-45
1.0285e-45,1.0285e-45,1.0285e-45,1.0285e-45,1.0285e-45
6.171e-46,6.171e-46,6.171e-46,6.171e-46,6.171e-46
3.7026e-46,3.7026e-46,3.7026e-46,3.7026e-46,3.7026e-46
2.2216e-46,2.2216e-46,2.2216e-46,2.2216e-46,2.2216e-46
1.3329e-46,1.3329e-46,1.3329e-46,1.3329e-46,1.3329e-46
7.9976e-47,7.9976e-47,7.9976e-47,7.9976e-47,7.9976e-47
4.7986e-47,4.7986e-47,4.7986e-47,4.7986e-47,4.7986e-47
2.8791e-47,2.8791e-47,2.8791e-47,2.8791e-47,2.8791e-47
1.7275e-47,1.7275e-47,1.7275e-47,1.7275e-47,1.7275e-47
1.0365e-47,1.0365e-47,1.0365e-47,1.0365e-47,1.0365e-47
6.2189e-48,6.2189e-48,6.2189e-48,6.2189e-48,6.2189e-48
3.7314e-48,3.7314e-48,3.7314e-48,3.7314e-48,3.7314e-48
2.2388e-48,2.2388e-48,2.2388e-48,2.2388e-48,2.2388e-48
1.3433e-48,1.3433e-48,1.3433e-48,1.3433e-48,1.3433e-48
8.0597e-49,8.0597e-49,8.0597e-49,8.0597e-49,8.0597e-49
4.8358e-49,4.8358e-49,4.8358e-49,4.8358e-49,4.8358e-49
2.9015e-49,2.9015e-49,2.9015e-49,2.9015e-49,2.9015e-49
1.7409e-49,1.7409e-49,1.7409e-49,1.7409e-49,1.7409e-49
1.0445e-49,1.0445e-49,1.0445e-49,1.0445e-49,1.0445e-49
6.2672e-50,6.2672e-50,6.2672e-50,6.2672e-50,6.2672e-50
3.7603e-50,3.7603e-50,3.7603e-50,3.7603e-50,3.7603e-50
2.2562e-50,2.2562e-50,2.2562e-50,2.2562e-50,2.2562e-50
1.3537e-50,1.3537e-50,1.3537e-50,1.3537e-50,1.3537e-50
8.1223e-51,8.1223e-51,8.1223e-51,8.1223e-51,8.1223e-51
4.8734e-51,4.8734e-51,4.8734e-51,4.8734e-51,4.8734e-51
2.924e-51,2.924e-51,2.924e-51,2.924e-51,2.924e-51
1.7544e-51,1.7544e-51,1.7544e-51,1.7544e-51,1.7544e-51
1.0527e-51,1.0527e-51,1.0527e-51,1.0527e-51,1.0527e-51
6.3159e-52,6.3159e-52,6.3159e-52,6.3159e-52,6.3159e-52
3.7896e-52,3.7896e-52,3.7896e-52,3.7896e-52,3.7896e-52
2.2737e-52,2.2737e-52,2.2737e-52,2.2737e-52,2.2737e-52
1.3642e-52,1.3642e-52,1.3642e-52,1.3642e-52,1.3642e-52
8.1855e-53,8.1855e-53,8.1855e-53,8.1855e-53,8.1855e-53
4.9113e-53,4.9113e-53,4.9113e-53,4.9113e-53,4.9113e-53
2.9468e-53,2.9468e-53,2.9468e-53,2.9468e-53,2.9468e-53
1.7681e-53,1.7681e-53,1.7681e-53,1.7681e-53,1.7681e-53
1.0608e-53,1.0608e-53,1.0608e-53,1.0608e-53,1.0608e-53
6.365e-54,6.365e-54,6.365e-54,6.365e-54,6.365e-54
3.819e-54,3.819e-54,3.819e-54,3.819e-54,3.819e-54
2.2914e-54,2.2914e-54,2.2914e-54,2.2914e-54,2.2914e-54
1.3748e-54,1.3748e-54,1.3748e-54,1.3748e-54,1.3748e-54
8.249e-55,8.249e-55,8.249e-55,8.249e-55,8.249e-55
4.9494e-55,4.9494e-55,4.9494e-55,4.9494e-55,4.9494e-55
2.9697e-55,2.9697e-55,2.9697e-55,2.9697e-55,2.9697e-55
1.7818e-55,1.7818e-55,1.7818e-55,1.7818e-55,1.7818e-55
1.0691e-55,1.0691e-55,1.0691e-55,1.0691e-55,1.0691e-55
6.4145e-56,6.4145e-56,6.4145e-56,6.4145e-56,6.4145e-56
3.8487e-56,3.8487e-56,3.8487e-56,3.8487e-56,3.8487e-56
2.3092e-56,2.3092e-56,2.3092e-56,2.3092e-56,2.3092e-56
1.3855e-56,1.3855e-56,1.3855e-56,1.3855e-56,1.3855e-56
8.3131e-57,8.3131e-57,8.3131e-57,8.3131e-57,8.3131e-57
4.9879e-57,4.9879e-57,4.9879e-57,4.9879e-57,4.9879e-57
2.9927e-57,2.9927e-57,2.9927e-57,2.9927e-57,2.9927e-57
1.7956e-57,1.7956e-57,1.7956e-57,1.7956e-57,1.7956e-57
1.0774e-57,1.0774e-57,1.0774e-57,1.0774e-57,1.0774e-57
6.4643e-58,6.4643e-58,6.4643e-58,6.4643e-58,6.4643e-58
3.8786e-58,3.8786e-58,3.8786e-58,3.8786e-58,3.8786e-58
2.3271e-58,2.3271e-58,2.3271e-58,2.3271e-58,2.3271e-58
1.3963e-58,1.3963e-58,1.3963e-58,1.3963e-58,1.3963e-58
8.3777e-59,8.3777e-59,8.3777e-59,8.3777e-59,8.3777e-59
5.0266e-59,5.0266e-59,5.0266e-59,5.0266e-59,5.0266e-59
3.016e-59,3.016e-59,3.016e-59,3.016e-59,3.016e-59
1.8096e-59,1.8096e-59,1.8096e-59,1.8096e-59,1.8096e-59
1.0858e-59,1.0858e-59,1.0858e-59,1.0858e-59,1.0858e-59
6.5145e-60,6.5145e-60,6.5145e-60,6.5145e-60,6.5145e-60
3.9087e-60,3.9087e-60,3.9087e-60,3.9087e-60,3.9087e-60
2.3452e-60,2.3452e-60,2.3452e-60,2.3452e-60,2.3452e-60
1.4071e-60,1.4071e-60,1.4071e-60,1.4071e-60,1.4071e-60
8.4428e-61,8.4428e-61,8.4428e-61,8.4428e-61,8.4428e-61
5.0657e-61,5.0657e-61,5.0657e-61,5.0657e-61,5.0657e-61
3.0394e-61,3.0394e-61,3.0394e-61,3.0394e-61,3.0394e-61
1.8236e-61,1.8236e-61,1.8236e-61,1.8236e-61,1.8236e-61
1.0942e-61,1.0942e-61,1.0942e-61,1.0942e-61,1.0942e-61
6.5651e-62,6.5651e-62,6.5651e-62,6.5651e-62,6.5651e-62
3.9391e-62,3.9391e-62,3.9391e-62,3.9391e-62,3.9391e-62
2.3634e-62,2.3634e-62,2.3634e-62,2.3634e-62,2.3634e-62
1.4181e-62,1.4181e-62,1.4181e-62,1.4181e-62,1.4181e-62
8.5084e-63,8.5084e-63,8.5084e-63,8.5084e-63,8.5084e-63
5.1051e-63,5.1051e-63,5.1051e-63,5.1051e-63,5.1051e-63
3.063e-63,3.063e-63,3.063e-63,3.063e-63,3.063e-63
1.8378e-63,1.8378e-63,1.8378e-63,1.8378e-63,1.8378e-63
1.1027e-63,1.1027e-63,1.1027e-63,1.1027e-63,1.1027e-63
6.6161e-64,6.6161e-64,6.6161e-64,6.6161e-64,6.6161e-64
3.9697e-64,3.9697e-64,3.9697e-64,3.9697e-64,3.9697e-64
2.3818e-64,2.3818e-64,2.3818e-64,2.3818e-64,2.3818e-64
1.4291e-64,1.4291e-64,1.4291e-64,1.4291e-64,1.4291e-64
8.5745e-65,8.5745e-65,8.5745e-65,8.5745e-65,8.5745e-65
5.1447e-65,5.1447e-65,5.1447e-65,5.1447e-65,5.1447e-65
3.0868e-65,3.0868e-65,3.0868e-65,3.0868e-65,3.0868e-65
1.8521e-65,1.8521e-65,1.8521e-65,1.8521e-65,1.8521e-65
1.1113e-65,1.1113e-65,1.1113e-65,1.1113e-65,1.1113e-65
6.6676e-66,6.6676e-66,6.6676e-66,6.6676e-66,6.6676e-66
4.0005e-66,4.0005e-66,4.0005e-66,4.0005e-66,4.0005e-66
2.4003e-66,2.4003e-66,2.4003e-66,2.4003e-66,2.4003e-66
1.4402e-66,1.4402e-66,1.4402e-66,1.4402e-66,1.4402e-66
8.6411e-67,8.6411e-67,8.6411e-67,8.6411e-67,8.6411e-67
5.1847e-67,5.1847e-67,5.1847e-67,5.1847e-67,5.1847e-67
3.1108e-67,3.1108e-67,3.1108e-67,3.1108e-67,3.1108e-67
1.8665e-67,1.8665e-67,1.8665e-67,1.8665e-67,1.8665e-67
1.1199e-67,1.1199e-67,1.1199e-67,1.1199e-67,1.1199e-67
6.7194e-68,6.7194e-68,6.7194e-68,6.7194e-68,6.7194e-68
4.0316e-68,4.0316e-68,4.0316e-68,4.0316e-68,4.0316e-68
2.419e-68,2.419e-68,2.419e-68,2.419e-68,2.419e-68
1.4514e-68,1.4514e-68,1.4514e-68,1.4514e-68,1.4514e-68
8.7083e-69,8.7083e-69,8.7083e-69,8.7083e-69,8.7083e-69
5.225e-69,5.225e-69,5.225e-69,5.225e-69,5.225e-69
3.135e-69,3.135e-69,3.135e-69,3.135e-69,3.135e-69
1.881e-69,1.881e-69,1.881e-69,1.881e-69,1.881e-69
1.1286e-69,1.1286e-69,1.1286e-69,1.1286e-69,1.1286e-69
6.7716e-70,6.7716e-70,6.7716e-70,6.7716e-70,6.7716e-70
4.0629e-70,4.0629e-70,4.0629e-70,4.0629e-70,4.0629e-70
2.4378e-70,2.4378e-70,2.4378e-70,2.4378e-70,2.4378e-70
1.4627e-70,1.4627e-70,1.4627e-70,1.4627e-70,1.4627e-70
8.7759e-71,8.7759e-71,8.7759e-71,8.7759e-71,8.7759e-71
5.2656e-71,5.2656e-71,5.2656e-71,5.2656e-71,5.2656e-71
3.1593e-71,3.1593e-71,3.1593e-71,3.1593e-71,3.1593e-71
1.8956e-71,1.8956e-71,1.8956e-71,1.8956e-71,1.8956e-71
1.1374e-71,1.1374e-71,1.1374e-71,1.1374e-71,1.1374e-71
6.8242e-72,6.8242e-72,6.8242e-72,6.8242e-72,6.8242e-72
4.0945e-72,4.0945e-72,4.0945e-72,4.0945e-72,4.0945e-72
2.4567e-72,2.4567e-72,2.4567e-72,2.4567e-72,2.4567e-72
1.474e-72,1.474e-72,1.474e-72,1.474e-72,1.474e-72
8.8441e-73,8.8441e-73,8.8441e-73,8.8441e-73,8.8441e-73
5.3065e-73,5.3065e-73,5.3065e-73,5.3065e-73,5.3065e-73
3.1839e-73,3.1839e-73,3.1839e-73,3.1839e-73,3.1839e-73
1.9103e-73,1.9103e-73,1.9103e-73,1.9103e-73,1.9103e-73
1.1462e-73,1.1462e-73,1.1462e-73,1.1462e-73,1.1462e-73
6.8772e-74,6.8772e-74,6.8772e-74,6.8772e-74,6.8772e-74
4.1263e-74,4.1263e-74,4.1263e-74,4.1263e-74,4.1263e-74
2.4758e-74,2.4758e-74,2.4758e-74,2.4758e-74,2.4758e-74
1.4855e-74,1.4855e-74,1.4855e-74,1.4855e-74,1.4855e-74
8.9128e-75,8.9128e-75,8.9128e-75,8.9128e-75,8.9128e-75
5.3477e-75,5.3477e-75,5.3477e-75,5.3477e-75,5.3477e-75
3.2086e-75,3.2086e-75,3.2086e-75,3.2086e-75,3.2086e-75
1.9252e-75,1.9252e-75,1.9252e-75,1.9252e-75,1.9252e-75
1.1551e-75,1.1551e-75,1.1551e-75,1.1551e-75,1.1551e-75
6.9306e-76,6.9306e-76,6.9306e-76,6.9306e-76,6.9306e-76
4.1584e-76,4.1584e-76,4.1584e-76,4.1584e-76,4.1584e-76
2.495e-76,2.495e-76,2.495e-76,2.495e-76,2.495e-76
1.497e-76,1.497e-76,1.497e-76,1.497e-76,1.497e-76
8.9821e-77,8.9821e-77,8.9821e-77,8.9821e-77,8.9821e-77
5.3893e-77,5.3893e-77,5.3893e-77,5.3893e-77,5.3893e-77
3.2336e-77,3.2336e-77,3.2336e-77,3.2336e-77,3.2336e-77
1.9401e-77,1.9401e-77,1.9401e-77,1.9401e-77,1.9401e-77
1.1641e-77,1.1641e-77,1.1641e-77,1.1641e-77,1.1641e-77
6.9845e-78,6.9845e-78,6.9845e-78,6.9845e-78,6.9845e-78
4.1907e-78,4.1907e-78,4.1907e-78,4.1907e-78,4.1907e-78
2.5144e-78,2.5144e-78,2.5144e-78,2.5144e-78,2.5144e-78
1.5086e-78,1.5086e-78,1.5086e-78,1.5086e-78,1.5086e-78
9.0519e-79,9.0519e-79,9.0519e-79,9.0519e-79,9.0519e-79
5.4311e-79,5.4311e-79,5.4311e-79,5.4311e-79,5.4311e-79
3.2587e-79,3.2587e-79,3.2587e-79,3.2587e-79,3.2587e-79
1.9552e-79,1.9552e-79,1.9552e-79,1.9552e-79,1.9552e-79
1.1731e-79,1.1731e-79,1.1731e-79,1.1731e-79,1.1731e-79
7.0387e-80,7.0387e-80,7.0387e-80,7.0387e-80,7.0387e-80
4.2232e-80,4.2232e-80,4.2232e-80,4.2232e-80,4.2232e-80
2.5339e-80,2.5339e-80,2.5339e-80,2.5339e-80,2.5339e-80
1.5204e-80,1.5204e-80,1.5204e-80,1.5204e-80,1.5204e-80
9.1222e-81,9.1222e-81,9.1222e-81,9.1222e-81,9.1222e-81
5.4733e-81,5.4733e-81,5.4733e-81,5.4733e-81,5.4733e-81
3.284e-81,3.284e-81,3.284e-81,3.284e-81,3.284e-81
1.9704e-81,1.9704e-81,1.9704e-81,1.9704e-81,1.9704e-81
1.1822e-81,1.1822e-81,1.1822e-81,1.1822e-81,1.1822e-81
7.0934e-82,7.0934e-82,7.0934e-82,7.0934e-82,7.0934e-82
4.2561e-82,4.2561e-82,4.2561e-82,4.2561e-82,4.2561e-82
2.5536e-82,2.5536e-82,2.5536e-82,2.5536e-82,2.5536e-82
1.5322e-82,1.5322e-82,1.5322e-82,1.5322e-82,1.5322e-82
9.1931e-83,9.1931e-83,9.1931e-83,9.1931e-83,9.1931e-83
5.5159e-83,5.5159e-83,5.5159e-83,5.5159e-83,5.5159e-83
3.3095e-83,3.3095e-83,3.3095e-83,3.3095e-83,3.3095e-83
1.9857e-83,1.9857e-83,1.9857e-83,1.9857e-83,1.9857e-83
1.1914e-83,1.1914e-83,1.1914e-83,1.1914e-83,1.1914e-83
7.1485e-84,7.1485e-84,7.1485e-84,7.1485e-84,7.1485e-84
4.2891e-84,4.2891e-84,4.2891e-84,4.2891e-84,4.2891e-84
2.5735e-84,2.5735e-84,2.5735e-84,2.5735e-84,2.5735e-84
1.5441e-84,1.5441e-84,1.5441e-84,1.5441e-84,1.5441e-84
9.2645e-85,9.2645e-85,9.2645e-85,9.2645e-85,9.2645e-85
5.5587e-85,5.5587e-85,5.5587e-85,5.5587e-85,5.5587e-85
3.3352e-85,3.3352e-85,3.3352e-85,3.3352e-85,3.3352e-85
2.0011e-85,2.0011e-85,2.0011e-85,2.0011e-85,2.0011e-85
1.2007e-85,1.2007e-85,1.2007e-85,1.2007e-85,1.2007e-85
7.2041e-86,7.2041e-86,7.2041e-86,7.2041e-86,7.2041e-86
4.3225e-86,4.3225e-86,4.3225e-86,4.3225e-86,4.3225e-86
2.5935e-86,2.5935e-86,2.5935e-86,2.5935e-86,2.5935e-86
1.5561e-86,1.5561e-86,1.5561e-86,1.5561e-86,1.5561e-86
9.3365e-87,9.3365e-87,9.3365e-87,9.3365e-87,9.3365e-87
5.6019e-87,5.6019e-87,5.6019e-87,5.6019e-87,5.6019e-87
3.3611e-87,3.3611e-87,3.3611e-87,3.3611e-87,3.3611e-87
2.0167e-87,2.0167e-87,2.0167e-87,2.0167e-87,2.0167e-87
1.21e-87,1.21e-87,1.21e-87,1.21e-87,1.21e-87
7.2601e-88,7.2601e-88,7.2601e-88,7.2601e-88,7.2601e-88
4.356e-88,4.356e-88,4.356e-88,4.356e-88,4.356e-88
2.6136e-88,2.6136e-88,2.6136e-88,2.6136e-88,2.6136e-88
1.5682e-88,1.5682e-88,1.5682e-88,1.5682e-88,1.5682e-88
9.409e-89,9.409e-89,9.409e-89,9.409e-89,9.409e-89
5.6454e-89,5.6454e-89,5.6454e-89,5.6454e-89,5.6454e-89
3.3873e-89,3.3873e-89,3.3873e-89,3.3873e-89,3.3873e-89
2.0324e-89,2.0324e-89,2.0324e-89,2.0324e-89,2.0324e-89
1.2194e-89,1.2194e-89,1.2194e-89,1.2194e-89,1.2194e-89
7.3165e-90,7.3165e-90,7.3165e-90,7.3165e-90,7.3165e-90
4.3899e-90,4.3899e-90,4.3899e-90,4.3899e-90,4.3899e-90
2.6339e-90,2.6339e-90,2.6339e-90,2.6339e-90,2.6339e-90
1.5804e-90,1.5804e-90,1.5804e-90,1.5804e-90,1.5804e-90
9.4821e-91,9.4821e-91,9.4821e-91,9.4821e-91,9.4821e-91
5.6893e-91,5.6893e-91,5.6893e-91,5.6893e-91,5.6893e-91
3.4136e-91,3.4136e-91,3.4136e-91,3.4136e-91,3.4136e-91
2.0481e-91,2.0481e-91,2.0481e-91,2.0481e-91,2.0481e-91
1.2289e-91,1.2289e-91,1.2289e-91,1.2289e-91,1.2289e-91
7.3733e-92,7.3733e-92,7.3733e-92,7.3733e-92,7.3733e-92
4.424e-92,4.424e-92,4.424e-92,4.424e-92,4.424e-92
2.6544e-92,2.6544e-92,2.6544e-92,2.6544e-92,2.6544e-92
1.5926e-92,1.5926e-92,1.5926e-92,1.5926e-92,1.5926e-92
9.5558e-93,9.5558e-93,9.5558e-93,9.5558e-93,9.5558e-93
5.7335e-93,5.7335e-93,5.7335e-93,5.7335e-93,5.7335e-93
3.4401e-93,3.4401e-93,3.4401e-93,3.4401e-93,3.4401e-93
2.0641e-93,2.0641e-93,2.0641e-93,2.0641e-93,2.0641e-93
1.2384e-93,1.2384e-93,1.2384e-93,1.2384e-93,1.2384e-93
7.4306e-94,7.4306e-94,7.4306e-94,7.4306e-94,7.4306e-94
4.4584e-94,4.4584e-94,4.4584e-94,4.4584e-94,4.4584e-94
2.675e-94,2.675e-94,2.675e-94,2.675e-94,2.675e-94
1.605e-94,1.605e-94,1.605e-94,1.605e-94,1.605e-94
9.6301e-95,9.6301e-95,9.6301e-95,9.6301e-95,9.6301e-95
5.778e-95,5.778e-95,5.778e-95,5.778e-95,5.778e-95
3.4668e-95,3.4668e-95,3.4668e-95,3.4668e-95,3.4668e-95
2.0801e-95,2.0801e-95,2.0801e-95,2.0801e-95,2.0801e-95
1.2481e-95,1.2481e-95,1.2481e-95,1.2481e-95,1.2481e-95
7.4883e-96,7.4883e-96,7.4883e-96,7.4883e-96,7.4883e-96
4.493e-96,4.493e-96,4.493e-96,4.493e-96,4.493e-96
2.6958e-96,2.6958e-96,2.6958e-96,2.6958e-96,2.6958e-96
1.6175e-96,1.6175e-96,1.6175e-96,1.6175e-96,1.6175e-96
9.7049e-97,9.7049e-97,9.7049e-97,9.7049e-97,9.7049e-97
5.8229e-97,5.8229e-97,5.8229e-97,5.8229e-97,5.8229e-97
3.4938e-97,3.4938e-97,3.4938e-97,3.4938e-97,3.4938e-97
2.0963e-97,2.0963e-97,2.0963e-97,2.0963e-97,2.0963e-97
1.2578e-97,1.2578e-97,1.2578e-97,1.2578e-97,1.2578e-97
7.5465e-98,7.5465e-98,7.5465e-98,7.5465e-98,7.5465e-98
4.5279e-98,4.5279e-98,4.5279e-98,4.5279e-98,4.5279e-98
2.7167e-98,2.7167e-98,2.7167e-98,2.7167e-98,2.7167e-98
1.63e-98,1.63e-98,1.63e-98,1.63e-98,1.63e-98
9.7803e-99,9.7803e-99,9.7803e-99,9.7803e-99,9.7803e-99
5.8682e-99,5.8682e-99,5.8682e-99,5.8682e-99,5.8682e-99
3.5209e-99,3.5209e-99,3.5209e-99,3.5209e-99,3.5209e-99
2.1125e-99,2.1125e-99,2.1125e-99,2.1125e-99,2.1125e-99
1.2675e-99,1.2675e-99,1.2675e-99,1.2675e-99,1.2675e-99
7.6051e-100,7.6051e-100,7.6051e-100,7.6051e-100,7.6051e-100
4.5631e-100,4.5631e-100,4.5631e-100,4.5631e-100,4.5631e-100
2.7379e-100,2.7379e-100,2.7379e-100,2.7379e-100,2.7379e-100
1.6427e-100,1.6427e-100,1.6427e-100,1.6427e-100,1.6427e-100
9.8563e-101,9.8563e-101,9.8563e-101,9.8563e-101,9.8563e-101
5.9138e-101,5.9138e-101,5.9138e-101,5.9138e-101,5.9138e-101
3.5483e-101,3.5483e-101,3.5483e-101,3.5483e-101,3.5483e-101
2.129e-101,2.129e-101,2.129e-101,2.129e-101,2.129e-101
1.2774e-101,1.2774e-101,1.2774e-101,1.2774e-101,1.2774e-101
7.6642e-102,7.6642e-102,7.6642e-102,7.6642e-102,7.6642e-102
4.5985e-102,4.5985e-102,4.5985e-102,4.5985e-102,4.5985e-102
2.7591e-102,2.7591e-102,2.7591e-102,2.7591e-102,2.7591e-102
1.6555e-102,1.6555e-102,1.6555e-102,1.6555e-102,1.6555e-102
9.9329e-103,9.9329e-103,9.9329e-103,9.9329e-103,9.9329e-103
5.9597e-103,5.9597e-103,5.9597e-103,5.9597e-103,5.9597e-103
3.5758e-103,3.5758e-103,3.5758e-103,3.5758e-103,3.5758e-103
2.1455e-103,2.1455e-103,2.1455e-103,2.1455e-103,2.1455e-103
1.2873e-103,1.2873e-103,1.2873e-103,1.2873e-103,1.2873e-103
7.7238e-104,7.7238e-104,7.7238e-104,7.7238e-104,7.7238e-104
4.6343e-104,4.6343e-104,4.6343e-104,4.6343e-104,4.6343e-104
2.7806e-104,2.7806e-104,2.7806e-104,2.7806e-104,2.7806e-104
1.6683e-104,1.6683e-104,1.6683e-104,1.6683e-104,1.6683e-104
1.001e-104,1.001e-104,1.001e-104,1.001e-104,1.001e-104
6.006e-105,6.006e-105,6.006e-105,6.006e-105,6.006e-105
3.6036e-105,3.6036e-105,3.6036e-105,3.6036e-105,3.6036e-105
2.1622e-105,2.1622e-105,2.1622e-105,2.1622e-105,2.1622e-105
1.2973e-105,1.2973e-105,1.2973e-105,1.2973e-105,1.2973e-105
7.7838e-106,7.7838e-106,7.7838e-106,7.7838e-106,7.7838e-106
4.6703e-106,4.6703e-106,4.6703e-106,4.6703e-106,4.6703e-106
2.8022e-106,2.8022e-106,2.8022e-106,2.8022e-106,2.8022e-106
1.6813e-106,1.6813e-106,1.6813e-106,1.6813e-106,1.6813e-106
1.0088e-106,1.0088e-106,1.0088e-106,1.0088e-106,1.0088e-106
6.0527e-107,6.0527e-107,6.0527e-107,6.0527e-107,6.0527e-107
3.6316e-107,3.6316e-107,3.6316e-107,3.6316e-107,3.6316e-107
2.179e-107,2.179e-107,2.179e-107,2.179e-107,2.179e-107
1.3074e-107,1.3074e-107,1.3074e-107,1.3074e-107,1.3074e-107
7.8443e-108,7.8443e-108,7.8443e-108,7.8443e-108,7.8443e-108
4.7066e-108,4.7066e-108,4.7066e-108,4.7066e-108,4.7066e-108
2.8239e-108,2.8239e-108,2.8239e-108,2.8239e-108,2.8239e-108
1.6944e-108,1.6944e-108,1.6944e-108,1.6944e-108,1.6944e-108
1.0166e-108,1.0166e-108,1.0166e-108,1.0166e-108,1.0166e-108
6.0997e-109,6.0997e-109,6.0997e-109,6.0997e-109,6.0997e-109
3.6598e-109,3.6598e-109,3.6598e-109,3.6598e-109,3.6598e-109
2.1959e-109,2.1959e-109,2.1959e-109,2.1959e-109,2.1959e-109
1.3175e-109,1.3175e-109,1.3175e-109,1.3175e-109,1.3175e-109
7.9052e-110,7.9052e-110,7.9052e-110,7.9052e-110,7.9052e-110
4.7431e-110,4.7431e-110,4.7431e-110,4.7431e-110,4.7431e-110
2.8459e-110,2.8459e-110,2.8459e-110,2.8459e-110,2.8459e-110
1.7075e-110,1.7075e-110,1.7075e-110,1.7075e-110,1.7075e-110
1.0245e-110,1.0245e-110,1.0245e-110,1.0245e-110,1.0245e-110
6.1471e-111,6.1471e-111,6.1471e-111,6.1471e-111,6.1471e-111
3.6883e-111,3.6883e-111,3.6883e-111,3.6883e-111,3.6883e-111
2.213e-111,2.213e-111,2.213e-111,2.213e-111,2.213e-111
1.3278e-111,1.3278e-111,1.3278e-111,1.3278e-111,1.3278e-111
7.9666e-112,7.9666e-112,7.9666e-112,7.9666e-112,7.9666e-112
4.78e-112,4.78e-112,4.78e-112,4.78e-112,4.78e-112
2.868e-112,2.868e-112,2.868e-112,2.868e-112,2.868e-112
1.7208e-112,1.7208e-112,1.7208e-112,1.7208e-112,1.7208e-112
1.0325e-112,1.0325e-112,1.0325e-112,1.0325e-112,1.0325e-112
6.1949e-113,6.1949e-113,6.1949e-113,6.1949e-113,6.1949e-113
3.7169e-113,3.7169e-113,3.7169e-113,3.7169e-113,3.7169e-113
2.2301e-113,2.2301e-113,2.2301e-113,2.2301e-113,2.2301e-113
1.3381e-113,1.3381e-113,1.3381e-113,1.3381e-113,1.3381e-113
8.0285e-114,8.0285e-114,8.0285e-114,8.0285e-114,8.0285e-114
4.8171e-114,4.8171e-114,4.8171e-114,4.8171e-114,4.8171e-114
2.8903e-114,2.8903e-114,2.8903e-114,2.8903e-114,2.8903e-114
1.7342e-114,1.7342e-114,1.7342e-114,1.7342e-114,1.7342e-114
1.0405e-114,1.0405e-114,1.0405e-114,1.0405e-114,1.0405e-114
6.243e-115,6.243e-115,6.243e-115,6.243e-115,6.243e-115
3.7458e-115,3.7458e-115,3.7458e-115,3.7458e-115,3.7458e-115
2.2475e-115,2.2475e-115,2.2475e-115,2.2475e-115,2.2475e-115
1.3485e-115,1.3485e-115,1.3485e-115,1.3485e-115,1.3485e-115
8.0909e-116,8.0909e-116,8.0909e-116,8.0909e-116,8.0909e-116
4.8546e-116,4.8546e-116,4.8546e-116,4.8546e-116,4.8546e-116
2.9127e-116,2.9127e-116,2.9127e-116,2.9127e-116,2.9127e-116
1.7476e-116,1.7476e-116,1.7476e-116,1.7476e-116,1.7476e-116
1.0486e-116,1.0486e-116,1.0486e-116,1.0486e-116,1.0486e-116
6.2915e-117,6.2915e-117,6.2915e-117,6.2915e-117,6.2915e-117
3.7749e-117,3.7749e-117,3.7749e-117,3.7749e-117,3.7749e-117
2.2649e-117,2.2649e-117,2.2649e-117,2.2649e-117,2.2649e-117
1.359e-117,1.359e-117,1.359e-117,1.359e-117,1.359e-117
8.1538e-118,8.1538e-118,8.1538e-118,8.1538e-118,8.1538e-118
4.8923e-118,4.8923e-118,4.8923e-118,4.8923e-118,4.8923e-118
2.9354e-118,2.9354e-118,2.9354e-118,2.9354e-118,2.9354e-118
1.7612e-118,1.7612e-118,1.7612e-118,1.7612e-118,1.7612e-118
1.0567e-118,1.0567e-118,1.0567e-118,1.0567e-118,1.0567e-118
6.3404e-119,6.3404e-119,6.3404e-119,6.3404e-119,6.3404e-119
3.8042e-119,3.8042e-119,3.8042e-119,3.8042e-119,3.8042e-119
2.2825e-119,2.2825e-119,2.2825e-119,2.2825e-119,2.2825e-119
1.3695e-119,1.3695e-119,1.3695e-119,1.3695e-119,1.3695e-119
8.2171e-120,8.2171e-120,8.2171e-120,8.2171e-120,8.2171e-120
4.9303e-120,4.9303e-120,4.9303e-120,4.9303e-120,4.9303e-120
2.9582e-120,2.9582e-120,2.9582e-120,2.9582e-120,2.9582e-120
1.7749e-120,1.7749e-120,1.7749e-120,1.7749e-120,1.7749e-120
1.0649e-120,1.0649e-120,1.0649e-120,1.0649e-120,1.0649e-120
6.3896e-121,6.3896e-121,6.3896e-121,6.3896e-121,6.3896e-121
3.8338e-121,3.8338e-121,3.8338e-121,3.8338e-121,3.8338e-121
2.3003e-121,2.3003e-121,2.3003e-121,2.3003e-121,2.3003e-121
1.3802e-121,1.3802e-121,1.3802e-121,1.3802e-121,1.3802e-121
8.281e-122,8.281e-122,8.281e-122,8.281e-122,8.281e-122
4.9686e-122,4.9686e-122,4.9686e-122,4.9686e-122,4.9686e-122
2.9812e-122,2.9812e-122,2.9812e-122,2.9812e-122,2.9812e-122
1.7887e-122,1.7887e-122,1.7887e-122,1.7887e-122,1.7887e-122
1.0732e-122,1.0732e-122,1.0732e-122,1.0732e-122,1.0732e-122
6.4393e-123,6.4393e-123,6.4393e-123,6.4393e-123,6.4393e-123
3.8636e-123,3.8636e-123,3.8636e-123,3.8636e-123,3.8636e-123
2.3181e-123,2.3181e-123,2.3181e-123,2.3181e-123,2.3181e-123
1.3909e-123,1.3909e-123,1.3909e-123,1.3909e-123,1.3909e-123
8.3453e-124,8.3453e-124,8.3453e-124,8.3453e-124,8.3453e-124
5.0072e-124,5.0072e-124,5.0072e-124,5.0072e-124,5.0072e-124
3.0043e-124,3.0043e-124,3.0043e-124,3.0043e-124,3.0043e-124
1.8026e-124,1.8026e-124,1.8026e-124,1.8026e-124,1.8026e-124
1.0816e-124,1.0816e-124,1.0816e-124,1.0816e-124,1.0816e-124
6.4893e-125,6.4893e-125,6.4893e-125,6.4893e-125,6.4893e-125
3.8936e-125,3.8936e-125,3.8936e-125,3.8936e-125,3.8936e-125
2.3362e-125,2.3362e-125,2.3362e-125,2.3362e-125,2.3362e-125
1.4017e-125,1.4017e-125,1.4017e-125,1.4017e-125,1.4017e-125
8.4102e-126,8.4102e-126,8.4102e-126,8.4102e-126,8.4102e-126
5.0461e-126,5.0461e-126,5.0461e-126,5.0461e-126,5.0461e-126
3.0277e-126,3.0277e-126,3.0277e-126,3.0277e-126,3.0277e-126
1.8166e-126,1.8166e-126,1.8166e-126,1.8166e-126,1.8166e-126
1.09e-126,1.09e-126,1.09e-126,1.09e-126,1.09e-126
6.5397e-127,6.5397e-127,6.5397e-127,6.5397e-127,6.5397e-127
3.9238e-127,3.9238e-127,3.9238e-127,3.9238e-127,3.9238e-127
2.3543e-127,2.3543e-127,2.3543e-127,2.3543e-127,2.3543e-127
1.4126e-127,1.4126e-127,1.4126e-127,1.4126e-127,1.4126e-127
8.4755e-128,8.4755e-128,8.4755e-128,8.4755e-128,8.4755e-128
5.0853e-128,5.0853e-128,5.0853e-128,5.0853e-128,5.0853e-128
3.0512e-128,3.0512e-128,3.0512e-128,3.0512e-128,3.0512e-128
1.8307e-128,1.8307e-128,1.8307e-128,1.8307e-128,1.8307e-128
1.0984e-128,1.0984e-128,1.0984e-128,1.0984e-128,1.0984e-128
6.5905e-129,6.5905e-129,6.5905e-129,6.5905e-129,6.5905e-129
3.9543e-129,3.9543e-129,3.9543e-129,3.9543e-129,3.9543e-129
2.3726e-129,2.3726e-129,2.3726e-129,2.3726e-129,2.3726e-129
1.4236e-129,1.4236e-129,1.4236e-129,1.4236e-129,1.4236e-129
8.5414e-130,8.5414e-130,8.5414e-130,8.5414e-130,8.5414e-130
5.1248e-130,5.1248e-130,5.1248e-130,5.1248e-130,5.1248e-130
3.0749e-130,3.0749e-130,3.0749e-130,3.0749e-130,3.0749e-130
1.8449e-130,1.8449e-130,1.8449e-130,1.8449e-130,1.8449e-130
1.107e-130,1.107e-130,1.107e-130,1.107e-130,1.107e-130
6.6418e-131,6.6418e-131,6.6418e-131,6.6418e-131,6.6418e-131
3.9851e-131,3.9851e-131,3.9851e-131,3.9851e-131,3.9851e-131
2.391e-131,2.391e-131,2.391e-131,2.391e-131,2.391e-131
1.4346e-131,1.4346e-131,1.4346e-131,1.4346e-131,1.4346e-131
8.6077e-132,8.6077e-132,8.6077e-132,8.6077e-132,8.6077e-132
5.1646e-132,5.1646e-132,5.1646e-132,5.1646e-132,5.1646e-132
3.0988e-132,3.0988e-132,3.0988e-132,3.0988e-132,3.0988e-132
1.8593e-132,1.8593e-132,1.8593e-132,1.8593e-132,1.8593e-132
1.1156e-132,1.1156e-132,1.1156e-132,1.1156e-132,1.1156e-132
6.6934e-133,6.6934e-133,6.6934e-133,6.6934e-133,6.6934e-133
4.016e-133,4.016e-133,4.016e-133,4.016e-133,4.016e-133
2.4096e-133,2.4096e-133,2.4096e-133,2.4096e-133,2.4096e-133
1.4458e-133,1.4458e-133,1.4458e-133,1.4458e-133,1.4458e-133
8.6746e-134,8.6746e-134,8.6746e-134,8.6746e-134,8.6746e-134
5.2048e-134,5.2048e-134,5.2048e-134,5.2048e-134,5.2048e-134
3.1229e-134,3.1229e-134,3.1229e-134,3.1229e-134,3.1229e-134
1.8737e-134,1.8737e-134,1.8737e-134,1.8737e-134,1.8737e-134
1.1242e-134,1.1242e-134,1.1242e-134,1.1242e-134,1.1242e-134
6.7454e-135,6.7454e-135,6.7454e-135,6.7454e-135,6.7454e-135
4.0472e-135,4.0472e-135,4.0472e-135,4.0472e-135,4.0472e-135
2.4283e-135,2.4283e-135,2.4283e-135,2.4283e-135,2.4283e-135
1.457e-135,1.457e-135,1.457e-135,1.457e-135,1.457e-135
8.742e-136,8.742e-136,8.742e-136,8.742e-136,8.742e-136
5.2452e-136,5.2452e-136,5.2452e-136,5.2452e-136,5.2452e-136
3.1471e-136,3.1471e-136,3.1471e-136,3.1471e-136,3.1471e-136
1.8883e-136,1.8883e-136,1.8883e-136,1.8883e-136,1.8883e-136
1.133e-136,1.133e-136,1.133e-136,1.133e-136,1.133e-136
6.7978e-137,6.7978e-137,6.7978e-137,6.7978e-137,6.7978e-137
4.0787e-137,4.0787e-137,4.0787e-137,4.0787e-137,4.0787e-137
2.4472e-137,2.4472e-137,2.4472e-137,2.4472e-137,2.4472e-137
1.4683e-137,1.4683e-137,1.4683e-137,1.4683e-137,1.4683e-137
8.8099e-138,8.8099e-138,8.8099e-138,8.8099e-138,8.8099e-138
5.2859e-138,5.2859e-138,5.2859e-138,5.2859e-138,5.2859e-138
3.1716e-138,3.1716e-138,3.1716e-138,3.1716e-138,3.1716e-138
1.9029e-138,1.9029e-138,1.9029e-138,1.9029e-138,1.9029e-138
1.1418e-138,1.1418e-138,1.1418e-138,1.1418e-138,1.1418e-138
6.8506e-139,6.8506e-139,6.8506e-139,6.8506e-139,6.8506e-139
4.1104e-139,4.1104e-139,4.1104e-139,4.1104e-139,4.1104e-139
2.4662e-139,2.4662e-139,2.4662e-139,2.4662e-139,2.4662e-139
1.4797e-139,1.4797e-139,1.4797e-139,1.4797e-139,1.4797e-139
8.8784e-140,8.8784e-140,8.8784e-140,8.8784e-140,8.8784e-140
5.327e-140,5.327e-140,5.327e-140,5.327e-140,5.327e-140
3.1962e-140,3.1962e-140,3.1962e-140,3.1962e-140,3.1962e-140
1.9177e-140,1.9177e-140,1.9177e-140,1.9177e-140,1.9177e-140
1.1506e-140,1.1506e-140,1.1506e-140,1.1506e-140,1.1506e-140
6.9038e-141,6.9038e-141,6.9038e-141,6.9038e-141,6.9038e-141
4.1423e-141,4.1423e-141,4.1423e-141,4.1423e-141,4.1423e-141
2.4854e-141,2.4854e-141,2.4854e-141,2.4854e-141,2.4854e-141
1.4912e-141,1.4912e-141,1.4912e-141,1.4912e-141,1.4912e-141
8.9473e-142,8.9473e-142,8.9473e-142,8.9473e-142,8.9473e-142
5.3684e-142,5.3684e-142,5.3684e-142,5.3684e-142,5.3684e-142
3.221e-142,3.221e-142,3.221e-142,3.221e-142,3.221e-142
1.9326e-142,1.9326e-142,1.9326e-142,1.9326e-142,1.9326e-142
1.1596e-142,1.1596e-142,1.1596e-142,1.1596e-142,1.1596e-142
6.9575e-143,6.9575e-143,6.9575e-143,6.9575e-143,6.9575e-143
4.1745e-143,4.1745e-143,4.1745e-143,4.1745e-143,4.1745e-143
2.5047e-143,2.5047e-143,2.5047e-143,2.5047e-143,2.5047e-143
1.5028e-143,1.5028e-143,1.5028e-143,1.5028e-143,1.5028e-143
9.0169e-144,9.0169e-144,9.0169e-144,9.0169e-144,9.0169e-144
5.4101e-144,5.4101e-144,5.4101e-144,5.4101e-144,5.4101e-144
3.2461e-144,3.2461e-144,3.2461e-144,3.2461e-144,3.2461e-144
1.9476e-144,1.9476e-144,1.9476e-144,1.9476e-144,1.9476e-144
1.1686e-144,1.1686e-144,1.1686e-144,1.1686e-144,1.1686e-144
7.0115e-145,7.0115e-145,7.0115e-145,7.0115e-145,7.0115e-145
4.2069e-145,4.2069e-145,4.2069e-145,4.2069e-145,4.2069e-145
2.5241e-145,2.5241e-145,2.5241e-145,2.5241e-145,2.5241e-145
1.5145e-145,1.5145e-145,1.5145e-145,1.5145e-145,1.5145e-145
9.0869e-146,9.0869e-146,9.0869e-146,9.0869e-146,9.0869e-146
5.4522e-146,5.4522e-146,5.4522e-146,5.4522e-146,5.4522e-146
3.2713e-146,3.2713e-146,3.2713e-146,3.2713e-146,3.2713e-146
1.9628e-146,1.9628e-146,1.9628e-146,1.9628e-146,1.9628e-146
1.1777e-146,1.1777e-146,1.1777e-146,1.1777e-146,1.1777e-146
7.066e-147,7.066e-147,7.066e-147,7.066e-147,7.066e-147
4.2396e-147,4.2396e-147,4.2396e-147,4.2396e-147,4.2396e-147
2.5438e-147,2.5438e-147,2.5438e-147,2.5438e-147,2.5438e-147
1.5263e-147,1.5263e-147,1.5263e-147,1.5263e-147,1.5263e-147
9.1575e-148,9.1575e-148,9.1575e-148,9.1575e-148,9.1575e-148
5.4945e-148,5.4945e-148,5.4945e-148,5.4945e-148,5.4945e-148
3.2967e-148,3.2967e-148,3.2967e-148,3.2967e-148,3.2967e-148
1.978e-148,1.978e-148,1.978e-148,1.978e-148,1.978e-148
1.1868e-148,1.1868e-148,1.1868e-148,1.1868e-148,1.1868e-148
7.1209e-149,7.1209e-149,7.1209e-149,7.1209e-149,7.1209e-149
4.2725e-149,4.2725e-149,4.2725e-149,4.2725e-149,4.2725e-149
2.5635e-149,2.5635e-149,2.5635e-149,2.5635e-149,2.5635e-149
1.5381e-149,1.5381e-149,1.5381e-149,1.5381e-149,1.5381e-149
9.2287e-150,9.2287e-150,9.2287e-150,9.2287e-150,9.2287e-150
5.5372e-150,5.5372e-150,5.5372e-150,5.5372e-150,5.5372e-150
3.3223e-150,3.3223e-150,3.3223e-150,3.3223e-150,3.3223e-150
1.9934e-150,1.9934e-150,1.9934e-150,1.9934e-150,1.9934e-150
1.196e-150,1.196e-150,1.196e-150,1.196e-150,1.196e-150
7.1762e-151,7.1762e-151,7.1762e-151,7.1762e-151,7.1762e-151
4.3057e-151,4.3057e-151,4.3057e-151,4.3057e-151,4.3057e-151
2.5834e-151,2.5834e-151,2.5834e-151,2.5834e-151,2.5834e-151
1.5501e-151,1.5501e-151,1.5501e-151,1.5501e-151,1.5501e-151
9.3004e-152,9.3004e-152,9.3004e-152,9.3004e-152,9.3004e-152
5.5802e-152,5.5802e-152,5.5802e-152,5.5802e-152,5.5802e-152
3.3481e-152,3.3481e-152,3.3481e-152,3.3481e-152,3.3481e-152
2.0089e-152,2.0089e-152,2.0089e-152,2.0089e-152,2.0089e-152
1.2053e-152,1.2053e-152,1.2053e-152,1.2053e-152,1.2053e-152
7.232e-153,7.232e-153,7.232e-153,7.232e-153,7.232e-153
4.3392e-153,4.3392e-153,4.3392e-153,4.3392e-153,4.3392e-153
2.6035e-153,2.6035e-153,2.6035e-153,2.6035e-153,2.6035e-153
1.5621e-153,1.5621e-153,1.5621e-153,1.5621e-153,1.5621e-153
9.3726e-154,9.3726e-154,9.3726e-154,9.3726e-154,9.3726e-154
5.6236e-154,5.6236e-154,5.6236e-154,5.6236e-154,5.6236e-154
3.3741e-154,3.3741e-154,3.3741e-154,3.3741e-154,3.3741e-154
2.0245e-154,2.0245e-154,2.0245e-154,2.0245e-154,2.0245e-154
1.2147e-154,1.2147e-154,1.2147e-154,1.2147e-154,1.2147e-154
7.2882e-155,7.2882e-155,7.2882e-155,7.2882e-155,7.2882e-155
4.3729e-155,4.3729e-155,4.3729e-155,4.3729e-155,4.3729e-155
2.6237e-155,2.6237e-155,2.6237e-155,2.6237e-155,2.6237e-155
1.5742e-155,1.5742e-155,1.5742e-155,1.5742e-155,1.5742e-155
9.4455e-156,9.4455e-156,9.4455e-156,9.4455e-156,9.4455e-156
5.6673e-156,5.6673e-156,5.6673e-156,5.6673e-156,5.6673e-156
3.4004e-156,3.4004e-156,3.4004e-156,3.4004e-156,3.4004e-156
2.0402e-156,2.0402e-156,2.0402e-156,2.0402e-156,2.0402e-156
1.2241e-156,1.2241e-156,1.2241e-156,1.2241e-156,1.2241e-156
7.3448e-157,7.3448e-157,7.3448e-157,7.3448e-157,7.3448e-157
4.4069e-157,4.4069e-157,4.4069e-157,4.4069e-157,4.4069e-157
2.6441e-157,2.6441e-157,2.6441e-157,2.6441e-157,2.6441e-157
1.5865e-157,1.5865e-157,1.5865e-157,1.5865e-157,1.5865e-157
9.5188e-158,9.5188e-158,9.5188e-158,9.5188e-158,9.5188e-158
5.7113e-158,5.7113e-158,5.7113e-158,5.7113e-158,5.7113e-158
3.4268e-158,3.4268e-158,3.4268e-158,3.4268e-158,3.4268e-158
2.0561e-158,2.0561e-158,2.0561e-158,2.0561e-158,2.0561e-158
1.2336e-158,1.2336e-158,1.2336e-158,1.2336e-158,1.2336e-158
7.4019e-159,7.4019e-159,7.4019e-159,7.4019e-159,7.4019e-159
4.4411e-159,4.4411e-159,4.4411e-159,4.4411e-159,4.4411e-159
2.6647e-159,2.6647e-159,2.6647e-159,2.6647e-159,2.6647e-159
1.5988e-159,1.5988e-159,1.5988e-159,1.5988e-159,1.5988e-159
9.5928e-160,9.5928e-160,9.5928e-160,9.5928e-160,9.5928e-160
5.7557e-160,5.7557e-160,5.7557e-160,5.7557e-160,5.7557e-160
3.4534e-160,3.4534e-160,3.4534e-160,3.4534e-160,3.4534e-160
2.072e-160,2.072e-160,2.072e-160,2.072e-160,2.072e-160
1.2432e-160,1.2432e-160,1.2432e-160,1.2432e-160,1.2432e-160
7.4594e-161,7.4594e-161,7.4594e-161,7.4594e-161,7.4594e-161
4.4756e-161,4.4756e-161,4.4756e-161,4.4756e-161,4.4756e-161
2.6854e-161,2.6854e-161,2.6854e-161,2.6854e-161,2.6854e-161
1.6112e-161,1.6112e-161,1.6112e-161,1.6112e-161,1.6112e-161
9.6673e-162,9.6673e-162,9.6673e-162,9.6673e-162,9.6673e-162
5.8004e-162,5.8004e-162,5.8004e-162,5.8004e-162,5.8004e-162
3.4802e-162,3.4802e-162,3.4802e-162,3.4802e-162,3.4802e-162
2.0881e-162,2.0881e-162,2.0881e-162,2.0881e-162,2.0881e-162
1.2529e-162,1.2529e-162,1.2529e-162,1.2529e-162,1.2529e-162
7.5173e-163,7.5173e-163,7.5173e-163,7.5173e-163,7.5173e-163
4.5104e-163,4.5104e-163,4.5104e-163,4.5104e-163,4.5104e-163
2.7062e-163,2.7062e-163,2.7062e-163,2.7062e-163,2.7062e-163
1.6237e-163,1.6237e-163,1.6237e-163,1.6237e-163,1.6237e-163
9.7424e-164,9.7424e-164,9.7424e-164,9.7424e-164,9.7424e-164
5.8455e-164,5.8455e-164,5.8455e-164,5.8455e-164,5.8455e-164
3.5073e-164,3.5073e-164,3.5073e-164,3.5073e-164,3.5073e-164
2.1044e-164,2.1044e-164,2.1044e-164,2.1044e-164,2.1044e-164
1.2626e-164,1.2626e-164,1.2626e-164,1.2626e-164,1.2626e-164
7.5757e-165,7.5757e-165,7.5757e-165,7.5757e-165,7.5757e-165
4.5454e-165,4.5454e-165,4.5454e-165,4.5454e-165,4.5454e-165
2.7273e-165,2.7273e-165,2.7273e-165,2.7273e-165,2.7273e-165
1.6364e-165,1.6364e-165,1.6364e-165,1.6364e-165,1.6364e-165
9.8181e-166,9.8181e-166,9.8181e-166,9.8181e-166,9.8181e-166
5.8909e-166,5.8909e-166,5.8909e-166,5.8909e-166,5.8909e-166
3.5345e-166,3.5345e-166,3.5345e-166,3.5345e-166,3.5345e-166
2.1207e-166,2.1207e-166,2.1207e-166,2.1207e-166,2.1207e-166
1.2724e-166,1.2724e-166,1.2724e-166,1.2724e-166,1.2724e-166
7.6346e-167,7.6346e-167,7.6346e-167,7.6346e-167,7.6346e-167
4.5807e-167,4.5807e-167,4.5807e-167,4.5807e-167,4.5807e-167
2.7484e-167,2.7484e-167,2.7484e-167,2.7484e-167,2.7484e-167
1.6491e-167,1.6491e-167,1.6491e-167,1.6491e-167,1.6491e-167
9.8944e-168,9.8944e-168,9.8944e-168,9.8944e-168,9.8944e-168
5.9367e-168,5.9367e-168,5.9367e-168,5.9367e-168,5.9367e-168
3.562e-168,3.562e-168,3.562e-168,3.562e-168,3.562e-168
2.1372e-168,2.1372e-168,2.1372e-168,2.1372e-168,2.1372e-168
1.2823e-168,1.2823e-168,1.2823e-168,1.2823e-168,1.2823e-168
7.6939e-169,7.6939e-169,7.6939e-169,7.6939e-169,7.6939e-169
4.6163e-169,4.6163e-169,4.6163e-169,4.6163e-169,4.6163e-169
2.7698e-169,2.7698e-169,2.7698e-169,2.7698e-169,2.7698e-169
1.6619e-169,1.6619e-169,1.6619e-169,1.6619e-169,1.6619e-169
9.9713e-170,9.9713e-170,9.9713e-170,9.9713e-170,9.9713e-170
5.9828e-170,5.9828e-170,5.9828e-170,5.9828e-170,5.9828e-170
3.5897e-170,3.5897e-170,3.5897e-170,3.5897e-170,3.5897e-170
2.1538e-170,2.1538e-170,2.1538e-170,2.1538e-170,2.1538e-170
1.2923e-170,1.2923e-170,1.2923e-170,1.2923e-170,1.2923e-170
7.7537e-171,7.7537e-171,7.7537e-171,7.7537e-171,7.7537e-171
4.6522e-171,4.6522e-171,4.6522e-171,4.6522e-171,4.6522e-171
2.7913e-171,2.7913e-171,2.7913e-171,2.7913e-171,2.7913e-171
1.6748e-171,1.6748e-171,1.6748e-171,1.6748e-171,1.6748e-171
1.0049e-171,1.0049e-171,1.0049e-171,1.0049e-171,1.0049e-171
6.0293e-172,6.0293e-172,6.0293e-172,6.0293e-172,6.0293e-172
3.6176e-172,3.6176e-172,3.6176e-172,3.6176e-172,3.6176e-172
2.1705e-172,2.1705e-172,2.1705e-172,2.1705e-172,2.1705e-172
1.3023e-172,1.3023e-172,1.3023e-172,1.3023e-172,1.3023e-172
7.8139e-173,7.8139e-173,7.8139e-173,7.8139e-173,7.8139e-173
4.6884e-173,4.6884e-173,4.6884e-173,4.6884e-173,4.6884e-173
2.813e-173,2.813e-173,2.813e-173,2.813e-173,2.813e-173
1.6878e-173,1.6878e-173,1.6878e-173,1.6878e-173,1.6878e-173
1.0127e-173,1.0127e-173,1.0127e-173,1.0127e-173,1.0127e-173
6.0761e-174,6.0761e-174,6.0761e-174,6.0761e-174,6.0761e-174
3.6457e-174,3.6457e-174,3.6457e-174,3.6457e-174,3.6457e-174
2.1874e-174,2.1874e-174,2.1874e-174,2.1874e-174,2.1874e-174
1.3124e-174,1.3124e-174,1.3124e-174,1.3124e-174,1.3124e-174
7.8746e-175,7.8746e-175,7.8746e-175,7.8746e-175,7.8746e-175
4.7248e-175,4.7248e-175,4.7248e-175,4.7248e-175,4.7248e-175
2.8349e-175,2.8349e-175,2.8349e-175,2.8349e-175,2.8349e-175
1.7009e-175,1.7009e-175,1.7009e-175,1.7009e-175,1.7009e-175
1.0206e-175,1.0206e-175,1.0206e-175,1.0206e-175,1.0206e-175
6.1233e-176,6.1233e-176,6.1233e-176,6.1233e-176,6.1233e-176
3.674e-176,3.674e-176,3.674e-176,3.674e-176,3.674e-176
2.2044e-176,2.2044e-176,2.2044e-176,2.2044e-176,2.2044e-176
1.3226e-176,1.3226e-176,1.3226e-176,1.3226e-176,1.3226e-176
7.9358e-177,7.9358e-177,7.9358e-177,7.9358e-177,7.9358e-177
4.7615e-177,4.7615e-177,4.7615e-177,4.7615e-177,4.7615e-177
2.8569e-177,2.8569e-177,2.8569e-177,2.8569e-177,2.8569e-177
1.7141e-177,1.7141e-177,1.7141e-177,1.7141e-177,1.7141e-177
1.0285e-177,1.0285e-177,1.0285e-177,1.0285e-177,1.0285e-177
6.1709e-178,6.1709e-178,6.1709e-178,6.1709e-178,6.1709e-178
3.7025e-178,3.7025e-178,3.7025e-178,3.7025e-178,3.7025e-178
2.2215e-178,2.2215e-178,2.2215e-178,2.2215e-178,2.2215e-178
1.3329e-178,1.3329e-178,1.3329e-178,1.3329e-178,1.3329e-178
7.9975e-179,7.9975e-179,7.9975e-179,7.9975e-179,7.9975e-179
4.7985e-179,4.7985e-179,4.7985e-179,4.7985e-179,4.7985e-179
2.8791e-179,2.8791e-179,2.8791e-179,2.8791e-179,2.8791e-179
1.7275e-179,1.7275e-179,1.7275e-179,1.7275e-179,1.7275e-179
1.0365e-179,1.0365e-179,1.0365e-179,1.0365e-179,1.0365e-179
6.2188e-180,6.2188e-180,6.2188e-180,6.2188e-180,6.2188e-180
3.7313e-180,3.7313e-180,3.7313e-180,3.7313e-180,3.7313e-180
2.2388e-180,2.2388e-180,2.2388e-180,2.2388e-180,2.2388e-180
1.3433e-180,1.3433e-180,1.3433e-180,1.3433e-180,1.3433e-180
8.0596e-181,8.0596e-181,8.0596e-181,8.0596e-181,8.0596e-181
4.8358e-181,4.8358e-181,4.8358e-181,4.8358e-181,4.8358e-181
2.9015e-181,2.9015e-181,2.9015e-181,2.9015e-181,2.9015e-181
1.7409e-181,1.7409e-181,1.7409e-181,1.7409e-181,1.7409e-181
1.0445e-181,1.0445e-181,1.0445e-181,1.0445e-181,1.0445e-181
6.2672e-182,6.2672e-182,6.2672e-182,6.2672e-182,6.2672e-182
3.7603e-182,3.7603e-182,3.7603e-182,3.7603e-182,3.7603e-182
2.2562e-182,2.2562e-182,2.2562e-182,2.2562e-182,2.2562e-182
1.3537e-182,1.3537e-182,1.3537e-182,1.3537e-182,1.3537e-182
8.1222e-183,8.1222e-183,8.1222e-183,8.1222e-183,8.1222e-183
4.8733e-183,4.8733e-183,4.8733e-183,4.8733e-183,4.8733e-183
2.924e-183,2.924e-183,2.924e-183,2.924e-183,2.924e-183
1.7544e-183,1.7544e-183,1.7544e-183,1.7544e-183,1.7544e-183
1.0526e-183,1.0526e-183,1.0526e-183,1.0526e-183,1.0526e-183
6.3158e-184,6.3158e-184,6.3158e-184,6.3158e-184,6.3158e-184
3.7895e-184,3.7895e-184,3.7895e-184,3.7895e-184,3.7895e-184
2.2737e-184,2.2737e-184,2.2737e-184,2.2737e-184,2.2737e-184
1.3642e-184,1.3642e-184,1.3642e-184,1.3642e-184,1.3642e-184
8.1853e-185,8.1853e-185,8.1853e-185,8.1853e-185,8.1853e-185
4.9112e-185,4.9112e-185,4.9112e-185,4.9112e-185,4.9112e-185
2.9467e-185,2.9467e-185,2.9467e-185,2.9467e-185,2.9467e-185
1.768e-185,1.768e-185,1.768e-185,1.768e-185,1.768e-185
1.0608e-185,1.0608e-185,1.0608e-185,1.0608e-185,1.0608e-185
6.3649e-186,6.3649e-186,6.3649e-186,6.3649e-186,6.3649e-186
3.819e-186,3.819e-186,3.819e-186,3.819e-186,3.819e-186
2.2914e-186,2.2914e-186,2.2914e-186,2.2914e-186,2.2914e-186
1.3748e-186,1.3748e-186,1.3748e-186,1.3748e-186,1.3748e-186
8.2489e-187,8.2489e-187,8.2489e-187,8.2489e-187,8.2489e-187
4.9494e-187,4.9494e-187,4.9494e-187,4.9494e-187,4.9494e-187
2.9696e-187,2.9696e-187,2.9696e-187,2.9696e-187,2.9696e-187
1.7818e-187,1.7818e-187,1.7818e-187,1.7818e-187,1.7818e-187
1.0691e-187,1.0691e-187,1.0691e-187,1.0691e-187,1.0691e-187
6.4144e-188,6.4144e-188,6.4144e-188,6.4144e-188,6.4144e-188
3.8486e-188,3.8486e-188,3.8486e-188,3.8486e-188,3.8486e-188
2.3092e-188,2.3092e-188,2.3092e-188,2.3092e-188,2.3092e-188
1.3855e-188,1.3855e-188,1.3855e-188,1.3855e-188,1.3855e-188
8.313e-189,8.313e-189,8.313e-189,8.313e-189,8.313e-189
4.9878e-189,4.9878e-189,4.9878e-189,4.9878e-189,4.9878e-189
2.9927e-189,2.9927e-189,2.9927e-189,2.9927e-189,2.9927e-189
1.7956e-189,1.7956e-189,1.7956e-189,1.7956e-189,1.7956e-189
1.0774e-189,1.0774e-189,1.0774e-189,1.0774e-189,1.0774e-189
6.4642e-190,6.4642e-190,6.4642e-190,6.4642e-190,6.4642e-190
3.8785e-190,3.8785e-190,3.8785e-190,3.8785e-190,3.8785e-190
2.3271e-190,2.3271e-190,2.3271e-190,2.3271e-190,2.3271e-190
1.3963e-190,1.3963e-190,1.3963e-190,1.3963e-190,1.3963e-190
8.3776e-191,8.3776e-191,8.3776e-191,8.3776e-191,8.3776e-191
5.0266e-191,5.0266e-191,5.0266e-191,5.0266e-191,5.0266e-191
3.0159e-191,3.0159e-191,3.0159e-191,3.0159e-191,3.0159e-191
1.8096e-191,1.8096e-191,1.8096e-191,1.8096e-191,1.8096e-191
1.0857e-191,1.0857e-191,1.0857e-191,1.0857e-191,1.0857e-191
6.5144e-192,6.5144e-192,6.5144e-192,6.5144e-192,6.5144e-192
3.9087e-192,3.9087e-192,3.9087e-192,3.9087e-192,3.9087e-192
2.3452e-192,2.3452e-192,2.3452e-192,2.3452e-192,2.3452e-192
1.4071e-192,1.4071e-192,1.4071e-192,1.4071e-192,1.4071e-192
8.4427e-193,8.4427e-193,8.4427e-193,8.4427e-193,8.4427e-193
5.0656e-193,5.0656e-193,5.0656e-193,5.0656e-193,5.0656e-193
3.0394e-193,3.0394e-193,3.0394e-193,3.0394e-193,3.0394e-193
1.8236e-193,1.8236e-193,1.8236e-193,1.8236e-193,1.8236e-193
1.0942e-193,1.0942e-193,1.0942e-193,1.0942e-193,1.0942e-193
6.565e-194,6.565e-194,6.565e-194,6.565e-194,6.565e-194
3.939e-194,3.939e-194,3.939e-194,3.939e-194,3.939e-194
2.3634e-194,2.3634e-194,2.3634e-194,2.3634e-194,2.3634e-194
1.4181e-194,1.4181e-194,1.4181e-194,1.4181e-194,1.4181e-194
8.5083e-195,8.5083e-195,8.5083e-195,8.5083e-195,8.5083e-195
5.105e-195,5.105e-195,5.105e-195,5.105e-195,5.105e-195
3.063e-195,3.063e-195,3.063e-195,3.063e-195,3.063e-195
1.8378e-195,1.8378e-195,1.8378e-195,1.8378e-195,1.8378e-195
1.1027e-195,1.1027e-195,1.1027e-195,1.1027e-195,1.1027e-195
6.6161e-196,6.6161e-196,6.6161e-196,6.6161e-196,6.6161e-196
3.9696e-196,3.9696e-196,3.9696e-196,3.9696e-196,3.9696e-196
2.3818e-196,2.3818e-196,2.3818e-196,2.3818e-196,2.3818e-196
1.4291e-196,1.4291e-196,1.4291e-196,1.4291e-196,1.4291e-196
8.5744e-197,8.5744e-197,8.5744e-197,8.5744e-197,8.5744e-197
5.1446e-197,5.1446e-197,5.1446e-197,5.1446e-197,5.1446e-197
3.0868e-197,3.0868e-197,3.0868e-197,3.0868e-197,3.0868e-197
1.8521e-197,1.8521e-197,1.8521e-197,1.8521e-197,1.8521e-197
1.1112e-197,1.1112e-197,1.1112e-197,1.1112e-197,1.1112e-197
6.6675e-198,6.6675e-198,6.6675e-198,6.6675e-198,6.6675e-198
4.0005e-198,4.0005e-198,4.0005e-198,4.0005e-198,4.0005e-198
2.4003e-198,2.4003e-198,2.4003e-198,2.4003e-198,2.4003e-198
1.4402e-198,1.4402e-198,1.4402e-198,1.4402e-198,1.4402e-198
8.641e-199,8.641e-199,8.641e-199,8.641e-199,8.641e-199
5.1846e-199,5.1846e-199,5.1846e-199,5.1846e-199,5.1846e-199
3.1108e-199,3.1108e-199,3.1108e-199,3.1108e-199,3.1108e-199
1.8665e-199,1.8665e-199,1.8665e-199,1.8665e-199,1.8665e-199
1.1199e-199,1.1199e-199,1.1199e-199,1.1199e-199,1.1199e-199
6.7193e-200,6.7193e-200,6.7193e-200,6.7193e-200,6.7193e-200
4.0316e-200,4.0316e-200,4.0316e-200,4.0316e-200,4.0316e-200
2.4189e-200,2.4189e-200,2.4189e-200,2.4189e-200,2.4189e-200
1.4514e-200,1.4514e-200,1.4514e-200,1.4514e-200,1.4514e-200
8.7082e-201,8.7082e-201,8.7082e-201,8.7082e-201,8.7082e-201
5.2249e-201,5.2249e-201,5.2249e-201,5.2249e-201,5.2249e-201
3.1349e-201,3.1349e-201,3.1349e-201,3.1349e-201,3.1349e-201
1.881e-201,1.881e-201,1.881e-201,1.881e-201,1.881e-201
1.1286e-201,1.1286e-201,1.1286e-201,1.1286e-201,1.1286e-201
6.7715e-202,6.7715e-202,6.7715e-202,6.7715e-202,6.7715e-202
4.0629e-202,4.0629e-202,4.0629e-202,4.0629e-202,4.0629e-202
2.4377e-202,2.4377e-202,2.4377e-202,2.4377e-202,2.4377e-202
1.4626e-202,1.4626e-202,1.4626e-202,1.4626e-202,1.4626e-202
8.7758e-203,8.7758e-203,8.7758e-203,8.7758e-203,8.7758e-203
5.2655e-203,5.2655e-203,5.2655e-203,5.2655e-203,5.2655e-203
3.1593e-203,3.1593e-203,3.1593e-203,3.1593e-203,3.1593e-203
1.8956e-203,1.8956e-203,1.8956e-203,1.8956e-203,1.8956e-203
1.1373e-203,1.1373e-203,1.1373e-203,1.1373e-203,1.1373e-203
6.8241e-204,6.8241e-204,6.8241e-204,6.8241e-204,6.8241e-204
4.0944e-204,4.0944e-204,4.0944e-204,4.0944e-204,4.0944e-204
2.4567e-204,2.4567e-204,2.4567e-204,2.4567e-204,2.4567e-204
1.474e-204,1.474e-204,1.474e-204,1.474e-204,1.474e-204
8.844e-205,8.844e-205,8.844e-205,8.844e-205,8.844e-205
5.3064e-205,5.3064e-205,5.3064e-205,5.3064e-205,5.3064e-205
3.1838e-205,3.1838e-205,3.1838e-205,3.1838e-205,3.1838e-205
1.9103e-205,1.9103e-205,1.9103e-205,1.9103e-205,1.9103e-205
1.1462e-205,1.1462e-205,1.1462e-205,1.1462e-205,1.1462e-205
6.8771e-206,6.8771e-206,6.8771e-206,6.8771e-206,6.8771e-206
4.1263e-206,4.1263e-206,4.1263e-206,4.1263e-206,4.1263e-206
2.4758e-206,2.4758e-206,2.4758e-206,2.4758e-206,2.4758e-206
1.4855e-206,1.4855e-206,1.4855e-206,1.4855e-206,1.4855e-206
8.9127e-207,8.9127e-207,8.9127e-207,8.9127e-207,8.9127e-207
5.3476e-207,5.3476e-207,5.3476e-207,5.3476e-207,5.3476e-207
3.2086e-207,3.2086e-207,3.2086e-207,3.2086e-207,3.2086e-207
1.9251e-207,1.9251e-207,1.9251e-207,1.9251e-207,1.9251e-207
1.1551e-207,1.1551e-207,1.1551e-207,1.1551e-207,1.1551e-207
6.9305e-208,6.9305e-208,6.9305e-208,6.9305e-208,6.9305e-208
4.1583e-208,4.1583e-208,4.1583e-208,4.1583e-208,4.1583e-208
2.495e-208,2.495e-208,2.495e-208,2.495e-208,2.495e-208
1.497e-208,1.497e-208,1.497e-208,1.497e-208,1.497e-208
8.982e-209,8.982e-209,8.982e-209,8.982e-209,8.982e-209
5.3892e-209,5.3892e-209,5.3892e-209,5.3892e-209,5.3892e-209
3.2335e-209,3.2335e-209,3.2335e-209,3.2335e-209,3.2335e-209
1.9401e-209,1.9401e-209,1.9401e-209,1.9401e-209,1.9401e-209
1.1641e-209,1.1641e-209,1.1641e-209,1.1641e-209,1.1641e-209
6.9844e-210,6.9844e-210,6.9844e-210,6.9844e-210,6.9844e-210
4.1906e-210,4.1906e-210,4.1906e-210,4.1906e-210,4.1906e-210
2.5144e-210,2.5144e-210,2.5144e-210,2.5144e-210,2.5144e-210
1.5086e-210,1.5086e-210,1.5086e-210,1.5086e-210,1.5086e-210
9.0518e-211,9.0518e-211,9.0518e-211,9.0518e-211,9.0518e-211
5.4311e-211,5.4311e-211,5.4311e-211,5.4311e-211,5.4311e-211
3.2586e-211,3.2586e-211,3.2586e-211,3.2586e-211,3.2586e-211
1.9552e-211,1.9552e-211,1.9552e-211,1.9552e-211,1.9552e-211
1.1731e-211,1.1731e-211,1.1731e-211,1.1731e-211,1.1731e-211
7.0386e-212,7.0386e-212,7.0386e-212,7.0386e-212,7.0386e-212
4.2232e-212,4.2232e-212,4.2232e-212,4.2232e-212,4.2232e-212
2.5339e-212,2.5339e-212,2.5339e-212,2.5339e-212,2.5339e-212
1.5203e-212,1.5203e-212,1.5203e-212,1.5203e-212,1.5203e-212
9.1221e-213,9.1221e-213,9.1221e-213,9.1221e-213,9.1221e-213
5.4733e-213,5.4733e-213,5.4733e-213,5.4733e-213,5.4733e-213
3.284e-213,3.284e-213,3.284e-213,3.284e-213,3.284e-213
1.9704e-213,1.9704e-213,1.9704e-213,1.9704e-213,1.9704e-213
1.1822e-213,1.1822e-213,1.1822e-213,1.1822e-213,1.1822e-213
7.0933e-214,7.0933e-214,7.0933e-214,7.0933e-214,7.0933e-214
4.256e-214,4.256e-214,4.256e-214,4.256e-214,4.256e-214
2.5536e-214,2.5536e-214,2.5536e-214,2.5536e-214,2.5536e-214
1.5322e-214,1.5322e-214,1.5322e-214,1.5322e-214,1.5322e-214
9.193e-215,9.193e-215,9.193e-215,9.193e-215,9.193e-215
5.5158e-215,5.5158e-215,5.5158e-215,5.5158e-215,5.5158e-215
3.3095e-215,3.3095e-215,3.3095e-215,3.3095e-215,3.3095e-215
1.9857e-215,1.9857e-215,1.9857e-215,1.9857e-215,1.9857e-215
1.1914e-215,1.1914e-215,1.1914e-215,1.1914e-215,1.1914e-215
7.1484e-216,7.1484e-216,7.1484e-216,7.1484e-216,7.1484e-216
4.2891e-216,4.2891e-216,4.2891e-216,4.2891e-216,4.2891e-216
2.5734e-216,2.5734e-216,2.5734e-216,2.5734e-216,2.5734e-216
1.5441e-216,1.5441e-216,1.5441e-216,1.5441e-216,1.5441e-216
9.2644e-217,9.2644e-217,9.2644e-217,9.2644e-217,9.2644e-217
5.5586e-217,5.5586e-217,5.5586e-217,5.5586e-217,5.5586e-217
3.3352e-217,3.3352e-217,3.3352e-217,3.3352e-217,3.3352e-217
2.0011e-217,2.0011e-217,2.0011e-217,2.0011e-217,2.0011e-217
1.2007e-217,1.2007e-217,1.2007e-217,1.2007e-217,1.2007e-217
7.204e-218,7.204e-218,7.204e-218,7.204e-218,7.204e-218
4.3224e-218,4.3224e-218,4.3224e-218,4.3224e-218,4.3224e-218
2.5934e-218,2.5934e-218,2.5934e-218,2.5934e-218,2.5934e-218
1.5561e-218,1.5561e-218,1.5561e-218,1.5561e-218,1.5561e-218
9.3364e-219,9.3364e-219,9.3364e-219,9.3364e-219,9.3364e-219
5.6018e-219,5.6018e-219,5.6018e-219,5.6018e-219,5.6018e-219
3.3611e-219,3.3611e-219,3.3611e-219,3.3611e-219,3.3611e-219
2.0167e-219,2.0167e-219,2.0167e-219,2.0167e-219,2.0167e-219
1.21e-219,1.21e-219,1.21e-219,1.21e-219,1.21e-219
7.26e-220,7.26e-220,7.26e-220,7.26e-220,7.26e-220
4.356e-220,4.356e-220,4.356e-220,4.356e-220,4.356e-220
2.6136e-220,2.6136e-220,2.6136e-220,2.6136e-220,2.6136e-220
1.5682e-220,1.5682e-220,1.5682e-220,1.5682e-220,1.5682e-220
9.4089e-221,9.4089e-221,9.4089e-221,9.4089e-221,9.4089e-221
5.6453e-221,5.6453e-221,5.6453e-221,5.6453e-221,5.6453e-221
3.3872e-221,3.3872e-221,3.3872e-221,3.3872e-221,3.3872e-221
2.0323e-221,2.0323e-221,2.0323e-221,2.0323e-221,2.0323e-221
1.2194e-221,1.2194e-221,1.2194e-221,1.2194e-221,1.2194e-221
7.3164e-222,7.3164e-222,7.3164e-222,7.3164e-222,7.3164e-222
4.3898e-222,4.3898e-222,4.3898e-222,4.3898e-222,4.3898e-222
2.6339e-222,2.6339e-222,2.6339e-222,2.6339e-222,2.6339e-222
1.5803e-222,1.5803e-222,1.5803e-222,1.5803e-222,1.5803e-222
9.482e-223,9.482e-223,9.482e-223,9.482e-223,9.482e-223
5.6892e-223,5.6892e-223,5.6892e-223,5.6892e-223,5.6892e-223
3.4135e-223,3.4135e-223,3.4135e-223,3.4135e-223,3.4135e-223
