0.1,0.2,0.3,0.5,0.6
0.1336,0.1224,0.1652,0.186,0.1528
0.094104,0.096805,0.10557,0.1112,0.10587
0.071447,0.071292,0.074816,0.076664,0.074262
0.05371,0.053847,0.054972,0.055619,0.054895
0.04099,0.041004,0.041441,0.041679,0.04139
0.031554,0.031567,0.031728,0.031818,0.031713
0.024492,0.024495,0.024558,0.024593,0.024552
0.01913,0.019132,0.019157,0.01917,0.019154
0.015018,0.015019,0.015029,0.015034,0.015028
0.011837,0.011837,0.011841,0.011843,0.011841
0.0093586,0.0093587,0.0093603,0.0093612,0.0093602
0.0074173,0.0074173,0.007418,0.0074183,0.0074179
0.00589,0.00589,0.0058903,0.0058904,0.0058902
0.0046843,0.0046843,0.0046844,0.0046845,0.0046844
0.0037299,0.0037299,0.00373,0.00373,0.00373
0.0029728,0.0029728,0.0029728,0.0029729,0.0029728
0.0023712,0.0023712,0.0023712,0.0023712,0.0023712
0.0018925,0.0018925,0.0018925,0.0018925,0.0018925
0.0015111,0.0015111,0.0015111,0.0015111,0.0015111
0.0012071,0.0012071,0.0012071,0.0012071,0.0012071
0.00096448,0.00096448,0.00096448,0.00096448,0.00096448
0.00077084,0.00077084,0.00077084,0.00077084,0.00077084
0.0006162,0.0006162,0.0006162,0.0006162,0.0006162
0.00049265,0.00049265,0.00049265,0.00049265,0.00049265
0.00039393,0.00039393,0.00039393,0.00039393,0.00039393
0.00031502,0.00031502,0.00031502,0.00031502,0.00031502
0.00025194,0.00025194,0.00025194,0.00025194,0.00025194
0.0002015,0.0002015,0.0002015,0.0002015,0.0002015
0.00016117,0.00016117,0.00016117,0.00016117,0.00016117
0.00012891,0.00012891,0.00012891,0.00012891,0.00012891
0.00010312,0.00010312,0.00010312,0.00010312,0.00010312
8.2484e-05,8.2484e-05,8.2484e-05,8.2484e-05,8.2484e-05
6.5982e-05,6.5982e-05,6.5982e-05,6.5982e-05,6.5982e-05
5.2782e-05,5.2782e-05,5.2782e-05,5.2782e-05,5.2782e-05
4.2224e-05,4.2224e-05,4.2224e-05,4.2224e-05,4.2224e-05
3.3777e-05,3.3777e-05,3.3777e-05,3.3777e-05,3.3777e-05
2.7021e-05,2.7021e-05,2.7021e-05,2.7021e-05,2.7021e-05
2.1616e-05,2.1616e-05,2.1616e-05,2.1616e-05,2.1616e-05
1.7293e-05,1.7293e-05,1.7293e-05,1.7293e-05,1.7293e-05
1.3834e-05,1.3834e-05,1.3834e-05,1.3834e-05,1.3834e-05
1.1067e-05,1.1067e-05,1.1067e-05,1.1067e-05,1.1067e-05
8.8534e-06,8.8534e-06,8.8534e-06,8.8534e-06,8.8534e-06
7.0827e-06,7.0827e-06,7.0827e-06,7.0827e-06,7.0827e-06
5.6661e-06,5.6661e-06,5.6661e-06,5.6661e-06,5.6661e-06
4.5329e-06,4.5329e-06,4.5329e-06,4.5329e-06,4.5329e-06
3.6263e-06,3.6263e-06,3.6263e-06,3.6263e-06,3.6263e-06
2.901e-06,2.901e-06,2.901e-06,2.901e-06,2.901e-06
2.3208e-06,2.3208e-06,2.3208e-06,2.3208e-06,2.3208e-06
1.8566e-06,1.8566e-06,1.8566e-06,1.8566e-06,1.8566e-06
1.4853e-06,1.4853e-06,1.4853e-06,1.4853e-06,1.4853e-06
1.1882e-06,1.1882e-06,1.1882e-06,1.1882e-06,1.1882e-06
9.5059e-07,9.5059e-07,9.5059e-07,9.5059e-07,9.5059e-07
7.6047e-07,7.6047e-07,7.6047e-07,7.6047e-07,7.6047e-07
6.0838e-07,6.0838e-07,6.0838e-07,6.0838e-07,6.0838e-07
4.867e-07,4.867e-07,4.867e-07,4.867e-07,4.867e-07
3.8936e-07,3.8936e-07,3.8936e-07,3.8936e-07,3.8936e-07
3.1149e-07,3.1149e-07,3.1149e-07,3.1149e-07,3.1149e-07
2.4919e-07,2.4919e-07,2.4919e-07,2.4919e-07,2.4919e-07
1.9935e-07,1.9935e-07,1.9935e-07,1.9935e-07,1.9935e-07
1.5948e-07,1.5948e-07,1.5948e-07,1.5948e-07,1.5948e-07
1.2759e-07,1.2759e-07,1.2759e-07,1.2759e-07,1.2759e-07
1.0207e-07,1.0207e-07,1.0207e-07,1.0207e-07,1.0207e-07
8.1655e-08,8.1655e-08,8.1655e-08,8.1655e-08,8.1655e-08
6.5324e-08,6.5324e-08,6.5324e-08,6.5324e-08,6.5324e-08
5.2259e-08,5.2259e-08,5.2259e-08,5.2259e-08,5.2259e-08
4.1807e-08,4.1807e-08,4.1807e-08,4.1807e-08,4.1807e-08
3.3446e-08,3.3446e-08,3.3446e-08,3.3446e-08,3.3446e-08
2.6757e-08,2.6757e-08,2.6757e-08,2.6757e-08,2.6757e-08
2.1405e-08,2.1405e-08,2.1405e-08,2.1405e-08,2.1405e-08
1.7124e-08,1.7124e-08,1.7124e-08,1.7124e-08,1.7124e-08
1.3699e-08,1.3699e-08,1.3699e-08,1.3699e-08,1.3699e-08
1.096e-08,1.096e-08,1.096e-08,1.096e-08,1.096e-08
8.7676e-09,8.7676e-09,8.7676e-09,8.7676e-09,8.7676e-09
7.0141e-09,7.0141e-09,7.0141e-09,7.0141e-09,7.0141e-09
5.6113e-09,5.6113e-09,5.6113e-09,5.6113e-09,5.6113e-09
4.489e-09,4.489e-09,4.489e-09,4.489e-09,4.489e-09
3.5912e-09,3.5912e-09,3.5912e-09,3.5912e-09,3.5912e-09
2.873e-09,2.873e-09,2.873e-09,2.873e-09,2.873e-09
2.2984e-09,2.2984e-09,2.2984e-09,2.2984e-09,2.2984e-09
1.8387e-09,1.8387e-09,1.8387e-09,1.8387e-09,1.8387e-09
1.471e-09,1.471e-09,1.471e-09,1.471e-09,1.471e-09
1.1768e-09,1.1768e-09,1.1768e-09,1.1768e-09,1.1768e-09
9.4142e-10,9.4142e-10,9.4142e-10,9.4142e-10,9.4142e-10
7.5313e-10,7.5313e-10,7.5313e-10,7.5313e-10,7.5313e-10
6.0251e-10,6.0251e-10,6.0251e-10,6.0251e-10,6.0251e-10
4.8201e-10,4.8201e-10,4.8201e-10,4.8201e-10,4.8201e-10
3.856e-10,3.856e-10,3.856e-10,3.856e-10,3.856e-10
3.0848e-10,3.0848e-10,3.0848e-10,3.0848e-10,3.0848e-10
2.4679e-10,2.4679e-10,2.4679e-10,2.4679e-10,2.4679e-10
1.9743e-10,1.9743e-10,1.9743e-10,1.9743e-10,1.9743e-10
1.5794e-10,1.5794e-10,1.5794e-10,1.5794e-10,1.5794e-10
1.2635e-10,1.2635e-10,1.2635e-10,1.2635e-10,1.2635e-10
1.0108e-10,1.0108e-10,1.0108e-10,1.0108e-10,1.0108e-10
8.0867e-11,8.0867e-11,8.0867e-11,8.0867e-11,8.0867e-11
6.4694e-11,6.4694e-11,6.4694e-11,6.4694e-11,6.4694e-11
5.1755e-11,5.1755e-11,5.1755e-11,5.1755e-11,5.1755e-11
4.1404e-11,4.1404e-11,4.1404e-11,4.1404e-11,4.1404e-11
3.3123e-11,3.3123e-11,3.3123e-11,3.3123e-11,3.3123e-11
2.6499e-11,2.6499e-11,2.6499e-11,2.6499e-11,2.6499e-11
2.1199e-11,2.1199e-11,2.1199e-11,2.1199e-11,2.1199e-11
1.6959e-11,1.6959e-11,1.6959e-11,1.6959e-11,1.6959e-11
1.3567e-11,1.3567e-11,1.3567e-11,1.3567e-11,1.3567e-11
1.0854e-11,1.0854e-11,1.0854e-11,1.0854e-11,1.0854e-11
8.683e-12,8.683e-12,8.683e-12,8.683e-12,8.683e-12
6.9464e-12,6.9464e-12,6.9464e-12,6.9464e-12,6.9464e-12
5.5571e-12,5.5571e-12,5.5571e-12,5.5571e-12,5.5571e-12
4.4457e-12,4.4457e-12,4.4457e-12,4.4457e-12,4.4457e-12
3.5566e-12,3.5566e-12,3.5566e-12,3.5566e-12,3.5566e-12
2.8453e-12,2.8453e-12,2.8453e-12,2.8453e-12,2.8453e-12
2.2762e-12,2.2762e-12,2.2762e-12,2.2762e-12,2.2762e-12
1.821e-12,1.821e-12,1.821e-12,1.821e-12,1.821e-12
1.4568e-12,1.4568e-12,1.4568e-12,1.4568e-12,1.4568e-12
1.1654e-12,1.1654e-12,1.1654e-12,1.1654e-12,1.1654e-12
9.3233e-13,9.3233e-13,9.3233e-13,9.3233e-13,9.3233e-13
7.4587e-13,7.4587e-13,7.4587e-13,7.4587e-13,7.4587e-13
5.9669e-13,5.9669e-13,5.9669e-13,5.9669e-13,5.9669e-13
4.7736e-13,4.7736e-13,4.7736e-13,4.7736e-13,4.7736e-13
3.8188e-13,3.8188e-13,3.8188e-13,3.8188e-13,3.8188e-13
3.0551e-13,3.0551e-13,3.0551e-13,3.0551e-13,3.0551e-13
2.4441e-13,2.4441e-13,2.4441e-13,2.4441e-13,2.4441e-13
1.9552e-13,1.9552e-13,1.9552e-13,1.9552e-13,1.9552e-13
1.5642e-13,1.5642e-13,1.5642e-13,1.5642e-13,1.5642e-13
1.2514e-13,1.2514e-13,1.2514e-13,1.2514e-13,1.2514e-13
1.0011e-13,1.0011e-13,1.0011e-13,1.0011e-13,1.0011e-13
8.0087e-14,8.0087e-14,8.0087e-14,8.0087e-14,8.0087e-14
6.407e-14,6.407e-14,6.407e-14,6.407e-14,6.407e-14
5.1256e-14,5.1256e-14,5.1256e-14,5.1256e-14,5.1256e-14
4.1005e-14,4.1005e-14,4.1005e-14,4.1005e-14,4.1005e-14
3.2804e-14,3.2804e-14,3.2804e-14,3.2804e-14,3.2804e-14
2.6243e-14,2.6243e-14,2.6243e-14,2.6243e-14,2.6243e-14
2.0994e-14,2.0994e-14,2.0994e-14,2.0994e-14,2.0994e-14
1.6795e-14,1.6795e-14,1.6795e-14,1.6795e-14,1.6795e-14
1.3436e-14,1.3436e-14,1.3436e-14,1.3436e-14,1.3436e-14
1.0749e-14,1.0749e-14,1.0749e-14,1.0749e-14,1.0749e-14
8.5993e-15,8.5993e-15,8.5993e-15,8.5993e-15,8.5993e-15
6.8794e-15,6.8794e-15,6.8794e-15,6.8794e-15,6.8794e-15
5.5035e-15,5.5035e-15,5.5035e-15,5.5035e-15,5.5035e-15
4.4028e-15,4.4028e-15,4.4028e-15,4.4028e-15,4.4028e-15
3.5223e-15,3.5223e-15,3.5223e-15,3.5223e-15,3.5223e-15
2.8178e-15,2.8178e-15,2.8178e-15,2.8178e-15,2.8178e-15
2.2542e-15,2.2542e-15,2.2542e-15,2.2542e-15,2.2542e-15
1.8034e-15,1.8034e-15,1.8034e-15,1.8034e-15,1.8034e-15
1.4427e-15,1.4427e-15,1.4427e-15,1.4427e-15,1.4427e-15
1.1542e-15,1.1542e-15,1.1542e-15,1.1542e-15,1.1542e-15
9.2334e-16,9.2334e-16,9.2334e-16,9.2334e-16,9.2334e-16
7.3867e-16,7.3867e-16,7.3867e-16,7.3867e-16,7.3867e-16
5.9094e-16,5.9094e-16,5.9094e-16,5.9094e-16,5.9094e-16
4.7275e-16,4.7275e-16,4.7275e-16,4.7275e-16,4.7275e-16
3.782e-16,3.782e-16,3.782e-16,3.782e-16,3.782e-16
3.0256e-16,3.0256e-16,3.0256e-16,3.0256e-16,3.0256e-16
2.4205e-16,2.4205e-16,2.4205e-16,2.4205e-16,2.4205e-16
1.9364e-16,1.9364e-16,1.9364e-16,1.9364e-16,1.9364e-16
1.5491e-16,1.5491e-16,1.5491e-16,1.5491e-16,1.5491e-16
1.2393e-16,1.2393e-16,1.2393e-16,1.2393e-16,1.2393e-16
9.9143e-17,9.9143e-17,9.9143e-17,9.9143e-17,9.9143e-17
7.9314e-17,7.9314e-17,7.9314e-17,7.9314e-17,7.9314e-17
6.3451e-17,6.3451e-17,6.3451e-17,6.3451e-17,6.3451e-17
5.0761e-17,5.0761e-17,5.0761e-17,5.0761e-17,5.0761e-17
4.0609e-17,4.0609e-17,4.0609e-17,4.0609e-17,4.0609e-17
3.2487e-17,3.2487e-17,3.2487e-17,3.2487e-17,3.2487e-17
2.599e-17,2.599e-17,2.599e-17,2.599e-17,2.599e-17
2.0792e-17,2.0792e-17,2.0792e-17,2.0792e-17,2.0792e-17
1.6633e-17,1.6633e-17,1.6633e-17,1.6633e-17,1.6633e-17
1.3307e-17,1.3307e-17,1.3307e-17,1.3307e-17,1.3307e-17
1.0645e-17,1.0645e-17,1.0645e-17,1.0645e-17,1.0645e-17
8.5163e-18,8.5163e-18,8.5163e-18,8.5163e-18,8.5163e-18
6.813e-18,6.813e-18,6.813e-18,6.813e-18,6.813e-18
5.4504e-18,5.4504e-18,5.4504e-18,5.4504e-18,5.4504e-18
4.3603e-18,4.3603e-18,4.3603e-18,4.3603e-18,4.3603e-18
3.4883e-18,3.4883e-18,3.4883e-18,3.4883e-18,3.4883e-18
2.7906e-18,2.7906e-18,2.7906e-18,2.7906e-18,2.7906e-18
2.2325e-18,2.2325e-18,2.2325e-18,2.2325e-18,2.2325e-18
1.786e-18,1.786e-18,1.786e-18,1.786e-18,1.786e-18
1.4288e-18,1.4288e-18,1.4288e-18,1.4288e-18,1.4288e-18
1.143e-18,1.143e-18,1.143e-18,1.143e-18,1.143e-18
9.1443e-19,9.1443e-19,9.1443e-19,9.1443e-19,9.1443e-19
7.3155e-19,7.3155e-19,7.3155e-19,7.3155e-19,7.3155e-19
5.8524e-19,5.8524e-19,5.8524e-19,5.8524e-19,5.8524e-19
4.6819e-19,4.6819e-19,4.6819e-19,4.6819e-19,4.6819e-19
3.7455e-19,3.7455e-19,3.7455e-19,3.7455e-19,3.7455e-19
2.9964e-19,2.9964e-19,2.9964e-19,2.9964e-19,2.9964e-19
2.3971e-19,2.3971e-19,2.3971e-19,2.3971e-19,2.3971e-19
1.9177e-19,1.9177e-19,1.9177e-19,1.9177e-19,1.9177e-19
1.5342e-19,1.5342e-19,1.5342e-19,1.5342e-19,1.5342e-19
1.2273e-19,1.2273e-19,1.2273e-19,1.2273e-19,1.2273e-19
9.8186e-20,9.8186e-20,9.8186e-20,9.8186e-20,9.8186e-20
7.8549e-20,7.8549e-20,7.8549e-20,7.8549e-20,7.8549e-20
6.2839e-20,6.2839e-20,6.2839e-20,6.2839e-20,6.2839e-20
5.0271e-20,5.0271e-20,5.0271e-20,5.0271e-20,5.0271e-20
4.0217e-20,4.0217e-20,4.0217e-20,4.0217e-20,4.0217e-20
3.2174e-20,3.2174e-20,3.2174e-20,3.2174e-20,3.2174e-20
2.5739e-20,2.5739e-20,2.5739e-20,2.5739e-20,2.5739e-20
2.0591e-20,2.0591e-20,2.0591e-20,2.0591e-20,2.0591e-20
1.6473e-20,1.6473e-20,1.6473e-20,1.6473e-20,1.6473e-20
1.3178e-20,1.3178e-20,1.3178e-20,1.3178e-20,1.3178e-20
1.0543e-20,1.0543e-20,1.0543e-20,1.0543e-20,1.0543e-20
8.4341e-21,8.4341e-21,8.4341e-21,8.4341e-21,8.4341e-21
6.7473e-21,6.7473e-21,6.7473e-21,6.7473e-21,6.7473e-21
5.3979e-21,5.3979e-21,5.3979e-21,5.3979e-21,5.3979e-21
4.3183e-21,4.3183e-21,4.3183e-21,4.3183e-21,4.3183e-21
3.4546e-21,3.4546e-21,3.4546e-21,3.4546e-21,3.4546e-21
2.7637e-21,2.7637e-21,2.7637e-21,2.7637e-21,2.7637e-21
2.211e-21,2.211e-21,2.211e-21,2.211e-21,2.211e-21
1.7688e-21,1.7688e-21,1.7688e-21,1.7688e-21,1.7688e-21
1.415e-21,1.415e-21,1.415e-21,1.415e-21,1.415e-21
1.132e-21,1.132e-21,1.132e-21,1.132e-21,1.132e-21
9.0561e-22,9.0561e-22,9.0561e-22,9.0561e-22,9.0561e-22
7.2449e-22,7.2449e-22,7.2449e-22,7.2449e-22,7.2449e-22
5.7959e-22,5.7959e-22,5.7959e-22,5.7959e-22,5.7959e-22
4.6367e-22,4.6367e-22,4.6367e-22,4.6367e-22,4.6367e-22
3.7094e-22,3.7094e-22,3.7094e-22,3.7094e-22,3.7094e-22
2.9675e-22,2.9675e-22,2.9675e-22,2.9675e-22,2.9675e-22
2.374e-22,2.374e-22,2.374e-22,2.374e-22,2.374e-22
1.8992e-22,1.8992e-22,1.8992e-22,1.8992e-22,1.8992e-22
1.5194e-22,1.5194e-22,1.5194e-22,1.5194e-22,1.5194e-22
1.2155e-22,1.2155e-22,1.2155e-22,1.2155e-22,1.2155e-22
9.7239e-23,9.7239e-23,9.7239e-23,9.7239e-23,9.7239e-23
7.7791e-23,7.7791e-23,7.7791e-23,7.7791e-23,7.7791e-23
6.2233e-23,6.2233e-23,6.2233e-23,6.2233e-23,6.2233e-23
4.9786e-23,4.9786e-23,4.9786e-23,4.9786e-23,4.9786e-23
3.9829e-23,3.9829e-23,3.9829e-23,3.9829e-23,3.9829e-23
3.1863e-23,3.1863e-23,3.1863e-23,3.1863e-23,3.1863e-23
2.5491e-23,2.5491e-23,2.5491e-23,2.5491e-23,2.5491e-23
2.0393e-23,2.0393e-23,2.0393e-23,2.0393e-23,2.0393e-23
1.6314e-23,1.6314e-23,1.6314e-23,1.6314e-23,1.6314e-23
1.3051e-23,1.3051e-23,1.3051e-23,1.3051e-23,1.3051e-23
1.0441e-23,1.0441e-23,1.0441e-23,1.0441e-23,1.0441e-23
8.3528e-24,8.3528e-24,8.3528e-24,8.3528e-24,8.3528e-24
6.6822e-24,6.6822e-24,6.6822e-24,6.6822e-24,6.6822e-24
5.3458e-24,5.3458e-24,5.3458e-24,5.3458e-24,5.3458e-24
4.2766e-24,4.2766e-24,4.2766e-24,4.2766e-24,4.2766e-24
3.4213e-24,3.4213e-24,3.4213e-24,3.4213e-24,3.4213e-24
2.737e-24,2.737e-24,2.737e-24,2.737e-24,2.737e-24
2.1896e-24,2.1896e-24,2.1896e-24,2.1896e-24,2.1896e-24
1.7517e-24,1.7517e-24,1.7517e-24,1.7517e-24,1.7517e-24
1.4014e-24,1.4014e-24,1.4014e-24,1.4014e-24,1.4014e-24
1.1211e-24,1.1211e-24,1.1211e-24,1.1211e-24,1.1211e-24
8.9687e-25,8.9687e-25,8.9687e-25,8.9687e-25,8.9687e-25
7.175e-25,7.175e-25,7.175e-25,7.175e-25,7.175e-25
5.74e-25,5.74e-25,5.74e-25,5.74e-25,5.74e-25
4.592e-25,4.592e-25,4.592e-25,4.592e-25,4.592e-25
3.6736e-25,3.6736e-25,3.6736e-25,3.6736e-25,3.6736e-25
2.9389e-25,2.9389e-25,2.9389e-25,2.9389e-25,2.9389e-25
2.3511e-25,2.3511e-25,2.3511e-25,2.3511e-25,2.3511e-25
1.8809e-25,1.8809e-25,1.8809e-25,1.8809e-25,1.8809e-25
1.5047e-25,1.5047e-25,1.5047e-25,1.5047e-25,1.5047e-25
1.2038e-25,1.2038e-25,1.2038e-25,1.2038e-25,1.2038e-25
9.6301e-26,9.6301e-26,9.6301e-26,9.6301e-26,9.6301e-26
7.7041e-26,7.7041e-26,7.7041e-26,7.7041e-26,7.7041e-26
6.1633e-26,6.1633e-26,6.1633e-26,6.1633e-26,6.1633e-26
4.9306e-26,4.9306e-26,4.9306e-26,4.9306e-26,4.9306e-26
3.9445e-26,3.9445e-26,3.9445e-26,3.9445e-26,3.9445e-26
3.1556e-26,3.1556e-26,3.1556e-26,3.1556e-26,3.1556e-26
2.5245e-26,2.5245e-26,2.5245e-26,2.5245e-26,2.5245e-26
2.0196e-26,2.0196e-26,2.0196e-26,2.0196e-26,2.0196e-26
1.6157e-26,1.6157e-26,1.6157e-26,1.6157e-26,1.6157e-26
1.2925e-26,1.2925e-26,1.2925e-26,1.2925e-26,1.2925e-26
1.034e-26,1.034e-26,1.034e-26,1.034e-26,1.034e-26
8.2722e-27,8.2722e-27,8.2722e-27,8.2722e-27,8.2722e-27
6.6177e-27,6.6177e-27,6.6177e-27,6.6177e-27,6.6177e-27
5.2942e-27,5.2942e-27,5.2942e-27,5.2942e-27,5.2942e-27
4.2354e-27,4.2354e-27,4.2354e-27,4.2354e-27,4.2354e-27
3.3883e-27,3.3883e-27,3.3883e-27,3.3883e-27,3.3883e-27
2.7106e-27,2.7106e-27,2.7106e-27,2.7106e-27,2.7106e-27
2.1685e-27,2.1685e-27,2.1685e-27,2.1685e-27,2.1685e-27
1.7348e-27,1.7348e-27,1.7348e-27,1.7348e-27,1.7348e-27
1.3878e-27,1.3878e-27,1.3878e-27,1.3878e-27,1.3878e-27
1.1103e-27,1.1103e-27,1.1103e-27,1.1103e-27,1.1103e-27
8.8822e-28,8.8822e-28,8.8822e-28,8.8822e-28,8.8822e-28
7.1058e-28,7.1058e-28,7.1058e-28,7.1058e-28,7.1058e-28
5.6846e-28,5.6846e-28,5.6846e-28,5.6846e-28,5.6846e-28
4.5477e-28,4.5477e-28,4.5477e-28,4.5477e-28,4.5477e-28
3.6381e-28,3.6381e-28,3.6381e-28,3.6381e-28,3.6381e-28
2.9105e-28,2.9105e-28,2.9105e-28,2.9105e-28,2.9105e-28
2.3284e-28,2.3284e-28,2.3284e-28,2.3284e-28,2.3284e-28
1.8627e-28,1.8627e-28,1.8627e-28,1.8627e-28,1.8627e-28
1.4902e-28,1.4902e-28,1.4902e-28,1.4902e-28,1.4902e-28
1.1921e-28,1.1921e-28,1.1921e-28,1.1921e-28,1.1921e-28
9.5372e-29,9.5372e-29,9.5372e-29,9.5372e-29,9.5372e-29
7.6297e-29,7.6297e-29,7.6297e-29,7.6297e-29,7.6297e-29
6.1038e-29,6.1038e-29,6.1038e-29,6.1038e-29,6.1038e-29
4.883e-29,4.883e-29,4.883e-29,4.883e-29,4.883e-29
3.9064e-29,3.9064e-29,3.9064e-29,3.9064e-29,3.9064e-29
3.1251e-29,3.1251e-29,3.1251e-29,3.1251e-29,3.1251e-29
2.5001e-29,2.5001e-29,2.5001e-29,2.5001e-29,2.5001e-29
2.0001e-29,2.0001e-29,2.0001e-29,2.0001e-29,2.0001e-29
1.6001e-29,1.6001e-29,1.6001e-29,1.6001e-29,1.6001e-29
1.2801e-29,1.2801e-29,1.2801e-29,1.2801e-29,1.2801e-29
1.024e-29,1.024e-29,1.024e-29,1.024e-29,1.024e-29
8.1924e-30,8.1924e-30,8.1924e-30,8.1924e-30,8.1924e-30
6.5539e-30,6.5539e-30,6.5539e-30,6.5539e-30,6.5539e-30
5.2431e-30,5.2431e-30,5.2431e-30,5.2431e-30,5.2431e-30
4.1945e-30,4.1945e-30,4.1945e-30,4.1945e-30,4.1945e-30
3.3556e-30,3.3556e-30,3.3556e-30,3.3556e-30,3.3556e-30
2.6845e-30,2.6845e-30,2.6845e-30,2.6845e-30,2.6845e-30
2.1476e-30,2.1476e-30,2.1476e-30,2.1476e-30,2.1476e-30
1.7181e-30,1.7181e-30,1.7181e-30,1.7181e-30,1.7181e-30
1.3745e-30,1.3745e-30,1.3745e-30,1.3745e-30,1.3745e-30
1.0996e-30,1.0996e-30,1.0996e-30,1.0996e-30,1.0996e-30
8.7965e-31,8.7965e-31,8.7965e-31,8.7965e-31,8.7965e-31
7.0372e-31,7.0372e-31,7.0372e-31,7.0372e-31,7.0372e-31
5.6298e-31,5.6298e-31,5.6298e-31,5.6298e-31,5.6298e-31
4.5038e-31,4.5038e-31,4.5038e-31,4.5038e-31,4.5038e-31
3.603e-31,3.603e-31,3.603e-31,3.603e-31,3.603e-31
2.8824e-31,2.8824e-31,2.8824e-31,2.8824e-31,2.8824e-31
2.3059e-31,2.3059e-31,2.3059e-31,2.3059e-31,2.3059e-31
1.8448e-31,1.8448e-31,1.8448e-31,1.8448e-31,1.8448e-31
1.4758e-31,1.4758e-31,1.4758e-31,1.4758e-31,1.4758e-31
1.1806e-31,1.1806e-31,1.1806e-31,1.1806e-31,1.1806e-31
9.4452e-32,9.4452e-32,9.4452e-32,9.4452e-32,9.4452e-32
7.5561e-32,7.5561e-32,7.5561e-32,7.5561e-32,7.5561e-32
6.0449e-32,6.0449e-32,6.0449e-32,6.0449e-32,6.0449e-32
4.8359e-32,4.8359e-32,4.8359e-32,4.8359e-32,4.8359e-32
3.8687e-32,3.8687e-32,3.8687e-32,3.8687e-32,3.8687e-32
3.095e-32,3.095e-32,3.095e-32,3.095e-32,3.095e-32
2.476e-32,2.476e-32,2.476e-32,2.476e-32,2.476e-32
1.9808e-32,1.9808e-32,1.9808e-32,1.9808e-32,1.9808e-32
1.5846e-32,1.5846e-32,1.5846e-32,1.5846e-32,1.5846e-32
1.2677e-32,1.2677e-32,1.2677e-32,1.2677e-32,1.2677e-32
1.0142e-32,1.0142e-32,1.0142e-32,1.0142e-32,1.0142e-32
8.1133e-33,8.1133e-33,8.1133e-33,8.1133e-33,8.1133e-33
6.4907e-33,6.4907e-33,6.4907e-33,6.4907e-33,6.4907e-33
5.1925e-33,5.1925e-33,5.1925e-33,5.1925e-33,5.1925e-33
4.154e-33,4.154e-33,4.154e-33,4.154e-33,4.154e-33
3.3232e-33,3.3232e-33,3.3232e-33,3.3232e-33,3.3232e-33
2.6586e-33,2.6586e-33,2.6586e-33,2.6586e-33,2.6586e-33
2.1269e-33,2.1269e-33,2.1269e-33,2.1269e-33,2.1269e-33
1.7015e-33,1.7015e-33,1.7015e-33,1.7015e-33,1.7015e-33
1.3612e-33,1.3612e-33,1.3612e-33,1.3612e-33,1.3612e-33
1.089e-33,1.089e-33,1.089e-33,1.089e-33,1.089e-33
8.7116e-34,8.7116e-34,8.7116e-34,8.7116e-34,8.7116e-34
6.9693e-34,6.9693e-34,6.9693e-34,6.9693e-34,6.9693e-34
5.5754e-34,5.5754e-34,5.5754e-34,5.5754e-34,5.5754e-34
4.4604e-34,4.4604e-34,4.4604e-34,4.4604e-34,4.4604e-34
3.5683e-34,3.5683e-34,3.5683e-34,3.5683e-34,3.5683e-34
2.8546e-34,2.8546e-34,2.8546e-34,2.8546e-34,2.8546e-34
2.2837e-34,2.2837e-34,2.2837e-34,2.2837e-34,2.2837e-34
1.827e-34,1.827e-34,1.827e-34,1.827e-34,1.827e-34
1.4616e-34,1.4616e-34,1.4616e-34,1.4616e-34,1.4616e-34
1.1693e-34,1.1693e-34,1.1693e-34,1.1693e-34,1.1693e-34
9.354e-35,9.354e-35,9.354e-35,9.354e-35,9.354e-35
7.4832e-35,7.4832e-35,7.4832e-35,7.4832e-35,7.4832e-35
5.9866e-35,5.9866e-35,5.9866e-35,5.9866e-35,5.9866e-35
4.7893e-35,4.7893e-35,4.7893e-35,4.7893e-35,4.7893e-35
3.8314e-35,3.8314e-35,3.8314e-35,3.8314e-35,3.8314e-35
3.0651e-35,3.0651e-35,3.0651e-35,3.0651e-35,3.0651e-35
2.4521e-35,2.4521e-35,2.4521e-35,2.4521e-35,2.4521e-35
1.9617e-35,1.9617e-35,1.9617e-35,1.9617e-35,1.9617e-35
1.5693e-35,1.5693e-35,1.5693e-35,1.5693e-35,1.5693e-35
1.2555e-35,1.2555e-35,1.2555e-35,1.2555e-35,1.2555e-35
1.0044e-35,1.0044e-35,1.0044e-35,1.0044e-35,1.0044e-35
8.0351e-36,8.0351e-36,8.0351e-36,8.0351e-36,8.0351e-36
6.428e-36,6.428e-36,6.428e-36,6.428e-36,6.428e-36
5.1424e-36,5.1424e-36,5.1424e-36,5.1424e-36,5.1424e-36
4.1139e-36,4.1139e-36,4.1139e-36,4.1139e-36,4.1139e-36
3.2912e-36,3.2912e-36,3.2912e-36,3.2912e-36,3.2912e-36
2.6329e-36,2.6329e-36,2.6329e-36,2.6329e-36,2.6329e-36
2.1063e-36,2.1063e-36,2.1063e-36,2.1063e-36,2.1063e-36
1.6851e-36,1.6851e-36,1.6851e-36,1.6851e-36,1.6851e-36
1.3481e-36,1.3481e-36,1.3481e-36,1.3481e-36,1.3481e-36
1.0784e-36,1.0784e-36,1.0784e-36,1.0784e-36,1.0784e-36
8.6276e-37,8.6276e-37,8.6276e-37,8.6276e-37,8.6276e-37
6.9021e-37,6.9021e-37,6.9021e-37,6.9021e-37,6.9021e-37
5.5216e-37,5.5216e-37,5.5216e-37,5.5216e-37,5.5216e-37
4.4173e-37,4.4173e-37,4.4173e-37,4.4173e-37,4.4173e-37
3.5339e-37,3.5339e-37,3.5339e-37,3.5339e-37,3.5339e-37
2.8271e-37,2.8271e-37,2.8271e-37,2.8271e-37,2.8271e-37
2.2617e-37,2.2617e-37,2.2617e-37,2.2617e-37,2.2617e-37
1.8093e-37,1.8093e-37,1.8093e-37,1.8093e-37,1.8093e-37
1.4475e-37,1.4475e-37,1.4475e-37,1.4475e-37,1.4475e-37
1.158e-37,1.158e-37,1.158e-37,1.158e-37,1.158e-37
9.2638e-38,9.2638e-38,9.2638e-38,9.2638e-38,9.2638e-38
7.411e-38,7.411e-38,7.411e-38,7.411e-38,7.411e-38
5.9288e-38,5.9288e-38,5.9288e-38,5.9288e-38,5.9288e-38
4.7431e-38,4.7431e-38,4.7431e-38,4.7431e-38,4.7431e-38
3.7944e-38,3.7944e-38,3.7944e-38,3.7944e-38,3.7944e-38
3.0356e-38,3.0356e-38,3.0356e-38,3.0356e-38,3.0356e-38
2.4284e-38,2.4284e-38,2.4284e-38,2.4284e-38,2.4284e-38
1.9428e-38,1.9428e-38,1.9428e-38,1.9428e-38,1.9428e-38
1.5542e-38,1.5542e-38,1.5542e-38,1.5542e-38,1.5542e-38
1.2434e-38,1.2434e-38,1.2434e-38,1.2434e-38,1.2434e-38
9.9469e-39,9.9469e-39,9.9469e-39,9.9469e-39,9.9469e-39
7.9575e-39,7.9575e-39,7.9575e-39,7.9575e-39,7.9575e-39
6.366e-39,6.366e-39,6.366e-39,6.366e-39,6.366e-39
5.0928e-39,5.0928e-39,5.0928e-39,5.0928e-39,5.0928e-39
4.0743e-39,4.0743e-39,4.0743e-39,4.0743e-39,4.0743e-39
3.2594e-39,3.2594e-39,3.2594e-39,3.2594e-39,3.2594e-39
2.6075e-39,2.6075e-39,2.6075e-39,2.6075e-39,2.6075e-39
2.086e-39,2.086e-39,2.086e-39,2.086e-39,2.086e-39
1.6688e-39,1.6688e-39,1.6688e-39,1.6688e-39,1.6688e-39
1.3351e-39,1.3351e-39,1.3351e-39,1.3351e-39,1.3351e-39
1.068e-39,1.068e-39,1.068e-39,1.068e-39,1.068e-39
8.5443e-40,8.5443e-40,8.5443e-40,8.5443e-40,8.5443e-40
6.8355e-40,6.8355e-40,6.8355e-40,6.8355e-40,6.8355e-40
5.4684e-40,5.4684e-40,5.4684e-40,5.4684e-40,5.4684e-40
4.3747e-40,4.3747e-40,4.3747e-40,4.3747e-40,4.3747e-40
3.4998e-40,3.4998e-40,3.4998e-40,3.4998e-40,3.4998e-40
2.7998e-40,2.7998e-40,2.7998e-40,2.7998e-40,2.7998e-40
2.2398e-40,2.2398e-40,2.2398e-40,2.2398e-40,2.2398e-40
1.7919e-40,1.7919e-40,1.7919e-40,1.7919e-40,1.7919e-40
1.4335e-40,1.4335e-40,1.4335e-40,1.4335e-40,1.4335e-40
1.1468e-40,1.1468e-40,1.1468e-40,1.1468e-40,1.1468e-40
9.1744e-41,9.1744e-41,9.1744e-41,9.1744e-41,9.1744e-41
7.3395e-41,7.3395e-41,7.3395e-41,7.3395e-41,7.3395e-41
5.8716e-41,5.8716e-41,5.8716e-41,5.8716e-41,5.8716e-41
4.6973e-41,4.6973e-41,4.6973e-41,4.6973e-41,4.6973e-41
3.7578e-41,3.7578e-41,3.7578e-41,3.7578e-41,3.7578e-41
3.0063e-41,3.0063e-41,3.0063e-41,3.0063e-41,3.0063e-41
2.405e-41,2.405e-41,2.405e-41,2.405e-41,2.405e-41
1.924e-41,1.924e-41,1.924e-41,1.924e-41,1.924e-41
1.5392e-41,1.5392e-41,1.5392e-41,1.5392e-41,1.5392e-41
1.2314e-41,1.2314e-41,1.2314e-41,1.2314e-41,1.2314e-41
9.8509e-42,9.8509e-42,9.8509e-42,9.8509e-42,9.8509e-42
7.8808e-42,7.8808e-42,7.8808e-42,7.8808e-42,7.8808e-42
6.3046e-42,6.3046e-42,6.3046e-42,6.3046e-42,6.3046e-42
5.0437e-42,5.0437e-42,5.0437e-42,5.0437e-42,5.0437e-42
4.0349e-42,4.0349e-42,4.0349e-42,4.0349e-42,4.0349e-42
3.228e-42,3.228e-42,3.228e-42,3.228e-42,3.228e-42
2.5824e-42,2.5824e-42,2.5824e-42,2.5824e-42,2.5824e-42
2.0659e-42,2.0659e-42,2.0659e-42,2.0659e-42,2.0659e-42
1.6527e-42,1.6527e-42,1.6527e-42,1.6527e-42,1.6527e-42
1.3222e-42,1.3222e-42,1.3222e-42,1.3222e-42,1.3222e-42
1.0577e-42,1.0577e-42,1.0577e-42,1.0577e-42,1.0577e-42
8.4619e-43,8.4619e-43,8.4619e-43,8.4619e-43,8.4619e-43
6.7695e-43,6.7695e-43,6.7695e-43,6.7695e-43,6.7695e-43
5.4156e-43,5.4156e-43,5.4156e-43,5.4156e-43,5.4156e-43
4.3325e-43,4.3325e-43,4.3325e-43,4.3325e-43,4.3325e-43
3.466e-43,3.466e-43,3.466e-43,3.466e-43,3.466e-43
2.7728e-43,2.7728e-43,2.7728e-43,2.7728e-43,2.7728e-43
2.2182e-43,2.2182e-43,2.2182e-43,2.2182e-43,2.2182e-43
1.7746e-43,1.7746e-43,1.7746e-43,1.7746e-43,1.7746e-43
1.4197e-43,1.4197e-43,1.4197e-43,1.4197e-43,1.4197e-43
1.1357e-43,1.1357e-43,1.1357e-43,1.1357e-43,1.1357e-43
9.0859e-44,9.0859e-44,9.0859e-44,9.0859e-44,9.0859e-44
7.2687e-44,7.2687e-44,7.2687e-44,7.2687e-44,7.2687e-44
5.815e-44,5.815e-44,5.815e-44,5.815e-44,5.815e-44
4.652e-44,4.652e-44,4.652e-44,4.652e-44,4.652e-44
3.7216e-44,3.7216e-44,3.7216e-44,3.7216e-44,3.7216e-44
2.9773e-44,2.9773e-44,2.9773e-44,2.9773e-44,2.9773e-44
2.3818e-44,2.3818e-44,2.3818e-44,2.3818e-44,2.3818e-44
1.9055e-44,1.9055e-44,1.9055e-44,1.9055e-44,1.9055e-44
1.5244e-44,1.5244e-44,1.5244e-44,1.5244e-44,1.5244e-44
1.2195e-44,1.2195e-44,1.2195e-44,1.2195e-44,1.2195e-44
9.7559e-45,9.7559e-45,9.7559e-45,9.7559e-45,9.7559e-45
7.8047e-45,7.8047e-45,7.8047e-45,7.8047e-45,7.8047e-45
6.2438e-45,6.2438e-45,6.2438e-45,6.2438e-45,6.2438e-45
4.995e-45,4.995e-45,4.995e-45,4.995e-45,4.995e-45
3.996e-45,3.996e-45,3.996e-45,3.996e-45,3.996e-45
3.1968e-45,3.1968e-45,3.1968e-45,3.1968e-45,3.1968e-45
2.5575e-45,2.5575e-45,2.5575e-45,2.5575e-45,2.5575e-45
2.046e-45,2.046e-45,2.046e-45,2.046e-45,2.046e-45
1.6368e-45,1.6368e-45,1.6368e-45,1.6368e-45,1.6368e-45
1.3094e-45,1.3094e-45,1.3094e-45,1.3094e-45,1.3094e-45
1.0475e-45,1.0475e-45,1.0475e-45,1.0475e-45,1.0475e-45
8.3803e-46,8.3803e-46,8.3803e-46,8.3803e-46,8.3803e-46
6.7042e-46,6.7042e-46,6.7042e-46,6.7042e-46,6.7042e-46
5.3634e-46,5.3634e-46,5.3634e-46,5.3634e-46,5.3634e-46
4.2907e-46,4.2907e-46,4.2907e-46,4.2907e-46,4.2907e-46
3.4326e-46,3.4326e-46,3.4326e-46,3.4326e-46,3.4326e-46
2.746e-46,2.746e-46,2.746e-46,2.746e-46,2.746e-46
2.1968e-46,2.1968e-46,2.1968e-46,2.1968e-46,2.1968e-46
1.7575e-46,1.7575e-46,1.7575e-46,1.7575e-46,1.7575e-46
1.406e-46,1.406e-46,1.406e-46,1.406e-46,1.406e-46
1.1248e-46,1.1248e-46,1.1248e-46,1.1248e-46,1.1248e-46
8.9982e-47,8.9982e-47,8.9982e-47,8.9982e-47,8.9982e-47
7.1986e-47,7.1986e-47,7.1986e-47,7.1986e-47,7.1986e-47
5.7589e-47,5.7589e-47,5.7589e-47,5.7589e-47,5.7589e-47
4.6071e-47,4.6071e-47,4.6071e-47,4.6071e-47,4.6071e-47
3.6857e-47,3.6857e-47,3.6857e-47,3.6857e-47,3.6857e-47
2.9485e-47,2.9485e-47,2.9485e-47,2.9485e-47,2.9485e-47
2.3588e-47,2.3588e-47,2.3588e-47,2.3588e-47,2.3588e-47
1.8871e-47,1.8871e-47,1.8871e-47,1.8871e-47,1.8871e-47
1.5097e-47,1.5097e-47,1.5097e-47,1.5097e-47,1.5097e-47
1.2077e-47,1.2077e-47,1.2077e-47,1.2077e-47,1.2077e-47
9.6618e-48,9.6618e-48,9.6618e-48,9.6618e-48,9.6618e-48
7.7294e-48,7.7294e-48,7.7294e-48,7.7294e-48,7.7294e-48
6.1835e-48,6.1835e-48,6.1835e-48,6.1835e-48,6.1835e-48
4.9468e-48,4.9468e-48,4.9468e-48,4.9468e-48,4.9468e-48
3.9575e-48,3.9575e-48,3.9575e-48,3.9575e-48,3.9575e-48
3.166e-48,3.166e-48,3.166e-48,3.166e-48,3.166e-48
2.5328e-48,2.5328e-48,2.5328e-48,2.5328e-48,2.5328e-48
2.0262e-48,2.0262e-48,2.0262e-48,2.0262e-48,2.0262e-48
1.621e-48,1.621e-48,1.621e-48,1.621e-48,1.621e-48
1.2968e-48,1.2968e-48,1.2968e-48,1.2968e-48,1.2968e-48
1.0374e-48,1.0374e-48,1.0374e-48,1.0374e-48,1.0374e-48
8.2994e-49,8.2994e-49,8.2994e-49,8.2994e-49,8.2994e-49
6.6395e-49,6.6395e-49,6.6395e-49,6.6395e-49,6.6395e-49
5.3116e-49,5.3116e-49,5.3116e-49,5.3116e-49,5.3116e-49
4.2493e-49,4.2493e-49,4.2493e-49,4.2493e-49,4.2493e-49
3.3994e-49,3.3994e-49,3.3994e-49,3.3994e-49,3.3994e-49
2.7196e-49,2.7196e-49,2.7196e-49,2.7196e-49,2.7196e-49
2.1756e-49,2.1756e-49,2.1756e-49,2.1756e-49,2.1756e-49
1.7405e-49,1.7405e-49,1.7405e-49,1.7405e-49,1.7405e-49
1.3924e-49,1.3924e-49,1.3924e-49,1.3924e-49,1.3924e-49
1.1139e-49,1.1139e-49,1.1139e-49,1.1139e-49,1.1139e-49
8.9114e-50,8.9114e-50,8.9114e-50,8.9114e-50,8.9114e-50
7.1291e-50,7.1291e-50,7.1291e-50,7.1291e-50,7.1291e-50
5.7033e-50,5.7033e-50,5.7033e-50,5.7033e-50,5.7033e-50
4.5626e-50,4.5626e-50,4.5626e-50,4.5626e-50,4.5626e-50
3.6501e-50,3.6501e-50,3.6501e-50,3.6501e-50,3.6501e-50
2.9201e-50,2.9201e-50,2.9201e-50,2.9201e-50,2.9201e-50
2.3361e-50,2.3361e-50,2.3361e-50,2.3361e-50,2.3361e-50
1.8689e-50,1.8689e-50,1.8689e-50,1.8689e-50,1.8689e-50
1.4951e-50,1.4951e-50,1.4951e-50,1.4951e-50,1.4951e-50
1.1961e-50,1.1961e-50,1.1961e-50,1.1961e-50,1.1961e-50
9.5686e-51,9.5686e-51,9.5686e-51,9.5686e-51,9.5686e-51
7.6549e-51,7.6549e-51,7.6549e-51,7.6549e-51,7.6549e-51
6.1239e-51,6.1239e-51,6.1239e-51,6.1239e-51,6.1239e-51
4.8991e-51,4.8991e-51,4.8991e-51,4.8991e-51,4.8991e-51
3.9193e-51,3.9193e-51,3.9193e-51,3.9193e-51,3.9193e-51
3.1354e-51,3.1354e-51,3.1354e-51,3.1354e-51,3.1354e-51
2.5083e-51,2.5083e-51,2.5083e-51,2.5083e-51,2.5083e-51
2.0067e-51,2.0067e-51,2.0067e-51,2.0067e-51,2.0067e-51
1.6053e-51,1.6053e-51,1.6053e-51,1.6053e-51,1.6053e-51
1.2843e-51,1.2843e-51,1.2843e-51,1.2843e-51,1.2843e-51
1.0274e-51,1.0274e-51,1.0274e-51,1.0274e-51,1.0274e-51
8.2193e-52,8.2193e-52,8.2193e-52,8.2193e-52,8.2193e-52
6.5755e-52,6.5755e-52,6.5755e-52,6.5755e-52,6.5755e-52
5.2604e-52,5.2604e-52,5.2604e-52,5.2604e-52,5.2604e-52
4.2083e-52,4.2083e-52,4.2083e-52,4.2083e-52,4.2083e-52
3.3666e-52,3.3666e-52,3.3666e-52,3.3666e-52,3.3666e-52
2.6933e-52,2.6933e-52,2.6933e-52,2.6933e-52,2.6933e-52
2.1546e-52,2.1546e-52,2.1546e-52,2.1546e-52,2.1546e-52
1.7237e-52,1.7237e-52,1.7237e-52,1.7237e-52,1.7237e-52
1.379e-52,1.379e-52,1.379e-52,1.379e-52,1.379e-52
1.1032e-52,1.1032e-52,1.1032e-52,1.1032e-52,1.1032e-52
8.8254e-53,8.8254e-53,8.8254e-53,8.8254e-53,8.8254e-53
7.0604e-53,7.0604e-53,7.0604e-53,7.0604e-53,7.0604e-53
5.6483e-53,5.6483e-53,5.6483e-53,5.6483e-53,5.6483e-53
4.5186e-53,4.5186e-53,4.5186e-53,4.5186e-53,4.5186e-53
3.6149e-53,3.6149e-53,3.6149e-53,3.6149e-53,3.6149e-53
2.8919e-53,2.8919e-53,2.8919e-53,2.8919e-53,2.8919e-53
2.3135e-53,2.3135e-53,2.3135e-53,2.3135e-53,2.3135e-53
1.8508e-53,1.8508e-53,1.8508e-53,1.8508e-53,1.8508e-53
1.4807e-53,1.4807e-53,1.4807e-53,1.4807e-53,1.4807e-53
1.1845e-53,1.1845e-53,1.1845e-53,1.1845e-53,1.1845e-53
9.4762e-54,9.4762e-54,9.4762e-54,9.4762e-54,9.4762e-54
7.581e-54,7.581e-54,7.581e-54,7.581e-54,7.581e-54
6.0648e-54,6.0648e-54,6.0648e-54,6.0648e-54,6.0648e-54
4.8518e-54,4.8518e-54,4.8518e-54,4.8518e-54,4.8518e-54
3.8815e-54,3.8815e-54,3.8815e-54,3.8815e-54,3.8815e-54
3.1052e-54,3.1052e-54,3.1052e-54,3.1052e-54,3.1052e-54
2.4841e-54,2.4841e-54,2.4841e-54,2.4841e-54,2.4841e-54
1.9873e-54,1.9873e-54,1.9873e-54,1.9873e-54,1.9873e-54
1.5899e-54,1.5899e-54,1.5899e-54,1.5899e-54,1.5899e-54
1.2719e-54,1.2719e-54,1.2719e-54,1.2719e-54,1.2719e-54
1.0175e-54,1.0175e-54,1.0175e-54,1.0175e-54,1.0175e-54
8.14e-55,8.14e-55,8.14e-55,8.14e-55,8.14e-55
6.512e-55,6.512e-55,6.512e-55,6.512e-55,6.512e-55
5.2096e-55,5.2096e-55,5.2096e-55,5.2096e-55,5.2096e-55
4.1677e-55,4.1677e-55,4.1677e-55,4.1677e-55,4.1677e-55
3.3342e-55,3.3342e-55,3.3342e-55,3.3342e-55,3.3342e-55
2.6673e-55,2.6673e-55,2.6673e-55,2.6673e-55,2.6673e-55
2.1339e-55,2.1339e-55,2.1339e-55,2.1339e-55,2.1339e-55
1.7071e-55,1.7071e-55,1.7071e-55,1.7071e-55,1.7071e-55
1.3657e-55,1.3657e-55,1.3657e-55,1.3657e-55,1.3657e-55
1.0925e-55,1.0925e-55,1.0925e-55,1.0925e-55,1.0925e-55
8.7403e-56,8.7403e-56,8.7403e-56,8.7403e-56,8.7403e-56
6.9922e-56,6.9922e-56,6.9922e-56,6.9922e-56,6.9922e-56
5.5938e-56,5.5938e-56,5.5938e-56,5.5938e-56,5.5938e-56
4.475e-56,4.475e-56,4.475e-56,4.475e-56,4.475e-56
3.58e-56,3.58e-56,3.58e-56,3.58e-56,3.58e-56
2.864e-56,2.864e-56,2.864e-56,2.864e-56,2.864e-56
2.2912e-56,2.2912e-56,2.2912e-56,2.2912e-56,2.2912e-56
1.833e-56,1.833e-56,1.833e-56,1.833e-56,1.833e-56
1.4664e-56,1.4664e-56,1.4664e-56,1.4664e-56,1.4664e-56
1.1731e-56,1.1731e-56,1.1731e-56,1.1731e-56,1.1731e-56
9.3848e-57,9.3848e-57,9.3848e-57,9.3848e-57,9.3848e-57
7.5079e-57,7.5079e-57,7.5079e-57,7.5079e-57,7.5079e-57
6.0063e-57,6.0063e-57,6.0063e-57,6.0063e-57,6.0063e-57
4.805e-57,4.805e-57,4.805e-57,4.805e-57,4.805e-57
3.844e-57,3.844e-57,3.844e-57,3.844e-57,3.844e-57
3.0752e-57,3.0752e-57,3.0752e-57,3.0752e-57,3.0752e-57
2.4602e-57,2.4602e-57,2.4602e-57,2.4602e-57,2.4602e-57
1.9681e-57,1.9681e-57,1.9681e-57,1.9681e-57,1.9681e-57
1.5745e-57,1.5745e-57,1.5745e-57,1.5745e-57,1.5745e-57
1.2596e-57,1.2596e-57,1.2596e-57,1.2596e-57,1.2596e-57
1.0077e-57,1.0077e-57,1.0077e-57,1.0077e-57,1.0077e-57
8.0615e-58,8.0615e-58,8.0615e-58,8.0615e-58,8.0615e-58
6.4492e-58,6.4492e-58,6.4492e-58,6.4492e-58,6.4492e-58
5.1594e-58,5.1594e-58,5.1594e-58,5.1594e-58,5.1594e-58
4.1275e-58,4.1275e-58,4.1275e-58,4.1275e-58,4.1275e-58
3.302e-58,3.302e-58,3.302e-58,3.302e-58,3.302e-58
2.6416e-58,2.6416e-58,2.6416e-58,2.6416e-58,2.6416e-58
2.1133e-58,2.1133e-58,2.1133e-58,2.1133e-58,2.1133e-58
1.6906e-58,1.6906e-58,1.6906e-58,1.6906e-58,1.6906e-58
1.3525e-58,1.3525e-58,1.3525e-58,1.3525e-58,1.3525e-58
1.082e-58,1.082e-58,1.082e-58,1.082e-58,1.082e-58
8.656e-59,8.656e-59,8.656e-59,8.656e-59,8.656e-59
6.9248e-59,6.9248e-59,6.9248e-59,6.9248e-59,6.9248e-59
5.5398e-59,5.5398e-59,5.5398e-59,5.5398e-59,5.5398e-59
4.4319e-59,4.4319e-59,4.4319e-59,4.4319e-59,4.4319e-59
3.5455e-59,3.5455e-59,3.5455e-59,3.5455e-59,3.5455e-59
2.8364e-59,2.8364e-59,2.8364e-59,2.8364e-59,2.8364e-59
2.2691e-59,2.2691e-59,2.2691e-59,2.2691e-59,2.2691e-59
1.8153e-59,1.8153e-59,1.8153e-59,1.8153e-59,1.8153e-59
1.4522e-59,1.4522e-59,1.4522e-59,1.4522e-59,1.4522e-59
1.1618e-59,1.1618e-59,1.1618e-59,1.1618e-59,1.1618e-59
9.2943e-60,9.2943e-60,9.2943e-60,9.2943e-60,9.2943e-60
7.4354e-60,7.4354e-60,7.4354e-60,7.4354e-60,7.4354e-60
5.9483e-60,5.9483e-60,5.9483e-60,5.9483e-60,5.9483e-60
4.7587e-60,4.7587e-60,4.7587e-60,4.7587e-60,4.7587e-60
3.8069e-60,3.8069e-60,3.8069e-60,3.8069e-60,3.8069e-60
3.0455e-60,3.0455e-60,3.0455e-60,3.0455e-60,3.0455e-60
2.4364e-60,2.4364e-60,2.4364e-60,2.4364e-60,2.4364e-60
1.9492e-60,1.9492e-60,1.9492e-60,1.9492e-60,1.9492e-60
1.5593e-60,1.5593e-60,1.5593e-60,1.5593e-60,1.5593e-60
1.2475e-60,1.2475e-60,1.2475e-60,1.2475e-60,1.2475e-60
9.9797e-61,9.9797e-61,9.9797e-61,9.9797e-61,9.9797e-61
7.9837e-61,7.9837e-61,7.9837e-61,7.9837e-61,7.9837e-61
6.387e-61,6.387e-61,6.387e-61,6.387e-61,6.387e-61
5.1096e-61,5.1096e-61,5.1096e-61,5.1096e-61,5.1096e-61
4.0877e-61,4.0877e-61,4.0877e-61,4.0877e-61,4.0877e-61
3.2701e-61,3.2701e-61,3.2701e-61,3.2701e-61,3.2701e-61
2.6161e-61,2.6161e-61,2.6161e-61,2.6161e-61,2.6161e-61
2.0929e-61,2.0929e-61,2.0929e-61,2.0929e-61,2.0929e-61
1.6743e-61,1.6743e-61,1.6743e-61,1.6743e-61,1.6743e-61
1.3394e-61,1.3394e-61,1.3394e-61,1.3394e-61,1.3394e-61
1.0716e-61,1.0716e-61,1.0716e-61,1.0716e-61,1.0716e-61
8.5725e-62,8.5725e-62,8.5725e-62,8.5725e-62,8.5725e-62
6.858e-62,6.858e-62,6.858e-62,6.858e-62,6.858e-62
5.4864e-62,5.4864e-62,5.4864e-62,5.4864e-62,5.4864e-62
4.3891e-62,4.3891e-62,4.3891e-62,4.3891e-62,4.3891e-62
3.5113e-62,3.5113e-62,3.5113e-62,3.5113e-62,3.5113e-62
2.809e-62,2.809e-62,2.809e-62,2.809e-62,2.809e-62
2.2472e-62,2.2472e-62,2.2472e-62,2.2472e-62,2.2472e-62
1.7978e-62,1.7978e-62,1.7978e-62,1.7978e-62,1.7978e-62
1.4382e-62,1.4382e-62,1.4382e-62,1.4382e-62,1.4382e-62
1.1506e-62,1.1506e-62,1.1506e-62,1.1506e-62,1.1506e-62
9.2046e-63,9.2046e-63,9.2046e-63,9.2046e-63,9.2046e-63
7.3637e-63,7.3637e-63,7.3637e-63,7.3637e-63,7.3637e-63
5.8909e-63,5.8909e-63,5.8909e-63,5.8909e-63,5.8909e-63
4.7128e-63,4.7128e-63,4.7128e-63,4.7128e-63,4.7128e-63
3.7702e-63,3.7702e-63,3.7702e-63,3.7702e-63,3.7702e-63
3.0162e-63,3.0162e-63,3.0162e-63,3.0162e-63,3.0162e-63
2.4129e-63,2.4129e-63,2.4129e-63,2.4129e-63,2.4129e-63
1.9303e-63,1.9303e-63,1.9303e-63,1.9303e-63,1.9303e-63
1.5443e-63,1.5443e-63,1.5443e-63,1.5443e-63,1.5443e-63
1.2354e-63,1.2354e-63,1.2354e-63,1.2354e-63,1.2354e-63
9.8834e-64,9.8834e-64,9.8834e-64,9.8834e-64,9.8834e-64
7.9067e-64,7.9067e-64,7.9067e-64,7.9067e-64,7.9067e-64
6.3254e-64,6.3254e-64,6.3254e-64,6.3254e-64,6.3254e-64
5.0603e-64,5.0603e-64,5.0603e-64,5.0603e-64,5.0603e-64
4.0482e-64,4.0482e-64,4.0482e-64,4.0482e-64,4.0482e-64
3.2386e-64,3.2386e-64,3.2386e-64,3.2386e-64,3.2386e-64
2.5909e-64,2.5909e-64,2.5909e-64,2.5909e-64,2.5909e-64
2.0727e-64,2.0727e-64,2.0727e-64,2.0727e-64,2.0727e-64
1.6582e-64,1.6582e-64,1.6582e-64,1.6582e-64,1.6582e-64
1.3265e-64,1.3265e-64,1.3265e-64,1.3265e-64,1.3265e-64
1.0612e-64,1.0612e-64,1.0612e-64,1.0612e-64,1.0612e-64
8.4898e-65,8.4898e-65,8.4898e-65,8.4898e-65,8.4898e-65
6.7918e-65,6.7918e-65,6.7918e-65,6.7918e-65,6.7918e-65
5.4334e-65,5.4334e-65,5.4334e-65,5.4334e-65,5.4334e-65
4.3468e-65,4.3468e-65,4.3468e-65,4.3468e-65,4.3468e-65
3.4774e-65,3.4774e-65,3.4774e-65,3.4774e-65,3.4774e-65
2.7819e-65,2.7819e-65,2.7819e-65,2.7819e-65,2.7819e-65
2.2255e-65,2.2255e-65,2.2255e-65,2.2255e-65,2.2255e-65
1.7804e-65,1.7804e-65,1.7804e-65,1.7804e-65,1.7804e-65
1.4243e-65,1.4243e-65,1.4243e-65,1.4243e-65,1.4243e-65
1.1395e-65,1.1395e-65,1.1395e-65,1.1395e-65,1.1395e-65
9.1158e-66,9.1158e-66,9.1158e-66,9.1158e-66,9.1158e-66
7.2926e-66,7.2926e-66,7.2926e-66,7.2926e-66,7.2926e-66
5.8341e-66,5.8341e-66,5.8341e-66,5.8341e-66,5.8341e-66
4.6673e-66,4.6673e-66,4.6673e-66,4.6673e-66,4.6673e-66
3.7338e-66,3.7338e-66,3.7338e-66,3.7338e-66,3.7338e-66
2.9871e-66,2.9871e-66,2.9871e-66,2.9871e-66,2.9871e-66
2.3897e-66,2.3897e-66,2.3897e-66,2.3897e-66,2.3897e-66
1.9117e-66,1.9117e-66,1.9117e-66,1.9117e-66,1.9117e-66
1.5294e-66,1.5294e-66,1.5294e-66,1.5294e-66,1.5294e-66
1.2235e-66,1.2235e-66,1.2235e-66,1.2235e-66,1.2235e-66
9.788e-67,9.788e-67,9.788e-67,9.788e-67,9.788e-67
7.8304e-67,7.8304e-67,7.8304e-67,7.8304e-67,7.8304e-67
6.2643e-67,6.2643e-67,6.2643e-67,6.2643e-67,6.2643e-67
5.0115e-67,5.0115e-67,5.0115e-67,5.0115e-67,5.0115e-67
4.0092e-67,4.0092e-67,4.0092e-67,4.0092e-67,4.0092e-67
3.2073e-67,3.2073e-67,3.2073e-67,3.2073e-67,3.2073e-67
2.5659e-67,2.5659e-67,2.5659e-67,2.5659e-67,2.5659e-67
2.0527e-67,2.0527e-67,2.0527e-67,2.0527e-67,2.0527e-67
1.6422e-67,1.6422e-67,1.6422e-67,1.6422e-67,1.6422e-67
1.3137e-67,1.3137e-67,1.3137e-67,1.3137e-67,1.3137e-67
1.051e-67,1.051e-67,1.051e-67,1.051e-67,1.051e-67
8.4078e-68,8.4078e-68,8.4078e-68,8.4078e-68,8.4078e-68
6.7263e-68,6.7263e-68,6.7263e-68,6.7263e-68,6.7263e-68
5.381e-68,5.381e-68,5.381e-68,5.381e-68,5.381e-68
4.3048e-68,4.3048e-68,4.3048e-68,4.3048e-68,4.3048e-68
3.4439e-68,3.4439e-68,3.4439e-68,3.4439e-68,3.4439e-68
2.7551e-68,2.7551e-68,2.7551e-68,2.7551e-68,2.7551e-68
2.2041e-68,2.2041e-68,2.2041e-68,2.2041e-68,2.2041e-68
1.7633e-68,1.7633e-68,1.7633e-68,1.7633e-68,1.7633e-68
1.4106e-68,1.4106e-68,1.4106e-68,1.4106e-68,1.4106e-68
1.1285e-68,1.1285e-68,1.1285e-68,1.1285e-68,1.1285e-68
9.0279e-69,9.0279e-69,9.0279e-69,9.0279e-69,9.0279e-69
7.2223e-69,7.2223e-69,7.2223e-69,7.2223e-69,7.2223e-69
5.7778e-69,5.7778e-69,5.7778e-69,5.7778e-69,5.7778e-69
4.6223e-69,4.6223e-69,4.6223e-69,4.6223e-69,4.6223e-69
3.6978e-69,3.6978e-69,3.6978e-69,3.6978e-69,3.6978e-69
2.9582e-69,2.9582e-69,2.9582e-69,2.9582e-69,2.9582e-69
2.3666e-69,2.3666e-69,2.3666e-69,2.3666e-69,2.3666e-69
1.8933e-69,1.8933e-69,1.8933e-69,1.8933e-69,1.8933e-69
1.5146e-69,1.5146e-69,1.5146e-69,1.5146e-69,1.5146e-69
1.2117e-69,1.2117e-69,1.2117e-69,1.2117e-69,1.2117e-69
9.6936e-70,9.6936e-70,9.6936e-70,9.6936e-70,9.6936e-70
7.7549e-70,7.7549e-70,7.7549e-70,7.7549e-70,7.7549e-70
6.2039e-70,6.2039e-70,6.2039e-70,6.2039e-70,6.2039e-70
4.9631e-70,4.9631e-70,4.9631e-70,4.9631e-70,4.9631e-70
3.9705e-70,3.9705e-70,3.9705e-70,3.9705e-70,3.9705e-70
3.1764e-70,3.1764e-70,3.1764e-70,3.1764e-70,3.1764e-70
2.5411e-70,2.5411e-70,2.5411e-70,2.5411e-70,2.5411e-70
2.0329e-70,2.0329e-70,2.0329e-70,2.0329e-70,2.0329e-70
1.6263e-70,1.6263e-70,1.6263e-70,1.6263e-70,1.6263e-70
1.3011e-70,1.3011e-70,1.3011e-70,1.3011e-70,1.3011e-70
1.0408e-70,1.0408e-70,1.0408e-70,1.0408e-70,1.0408e-70
8.3267e-71,8.3267e-71,8.3267e-71,8.3267e-71,8.3267e-71
6.6614e-71,6.6614e-71,6.6614e-71,6.6614e-71,6.6614e-71
5.3291e-71,5.3291e-71,5.3291e-71,5.3291e-71,5.3291e-71
4.2633e-71,4.2633e-71,4.2633e-71,4.2633e-71,4.2633e-71
3.4106e-71,3.4106e-71,3.4106e-71,3.4106e-71,3.4106e-71
2.7285e-71,2.7285e-71,2.7285e-71,2.7285e-71,2.7285e-71
2.1828e-71,2.1828e-71,2.1828e-71,2.1828e-71,2.1828e-71
1.7462e-71,1.7462e-71,1.7462e-71,1.7462e-71,1.7462e-71
1.397e-71,1.397e-71,1.397e-71,1.397e-71,1.397e-71
1.1176e-71,1.1176e-71,1.1176e-71,1.1176e-71,1.1176e-71
8.9408e-72,8.9408e-72,8.9408e-72,8.9408e-72,8.9408e-72
7.1526e-72,7.1526e-72,7.1526e-72,7.1526e-72,7.1526e-72
5.7221e-72,5.7221e-72,5.7221e-72,5.7221e-72,5.7221e-72
4.5777e-72,4.5777e-72,4.5777e-72,4.5777e-72,4.5777e-72
3.6621e-72,3.6621e-72,3.6621e-72,3.6621e-72,3.6621e-72
2.9297e-72,2.9297e-72,2.9297e-72,2.9297e-72,2.9297e-72
2.3438e-72,2.3438e-72,2.3438e-72,2.3438e-72,2.3438e-72
1.875e-72,1.875e-72,1.875e-72,1.875e-72,1.875e-72
1.5e-72,1.5e-72,1.5e-72,1.5e-72,1.5e-72
1.2e-72,1.2e-72,1.2e-72,1.2e-72,1.2e-72
9.6001e-73,9.6001e-73,9.6001e-73,9.6001e-73,9.6001e-73
7.68e-73,7.68e-73,7.68e-73,7.68e-73,7.68e-73
6.144e-73,6.144e-73,6.144e-73,6.144e-73,6.144e-73
4.9152e-73,4.9152e-73,4.9152e-73,4.9152e-73,4.9152e-73
3.9322e-73,3.9322e-73,3.9322e-73,3.9322e-73,3.9322e-73
3.1457e-73,3.1457e-73,3.1457e-73,3.1457e-73,3.1457e-73
2.5166e-73,2.5166e-73,2.5166e-73,2.5166e-73,2.5166e-73
2.0133e-73,2.0133e-73,2.0133e-73,2.0133e-73,2.0133e-73
1.6106e-73,1.6106e-73,1.6106e-73,1.6106e-73,1.6106e-73
1.2885e-73,1.2885e-73,1.2885e-73,1.2885e-73,1.2885e-73
1.0308e-73,1.0308e-73,1.0308e-73,1.0308e-73,1.0308e-73
8.2464e-74,8.2464e-74,8.2464e-74,8.2464e-74,8.2464e-74
6.5971e-74,6.5971e-74,6.5971e-74,6.5971e-74,6.5971e-74
5.2777e-74,5.2777e-74,5.2777e-74,5.2777e-74,5.2777e-74
4.2222e-74,4.2222e-74,4.2222e-74,4.2222e-74,4.2222e-74
3.3777e-74,3.3777e-74,3.3777e-74,3.3777e-74,3.3777e-74
2.7022e-74,2.7022e-74,2.7022e-74,2.7022e-74,2.7022e-74
2.1617e-74,2.1617e-74,2.1617e-74,2.1617e-74,2.1617e-74
1.7294e-74,1.7294e-74,1.7294e-74,1.7294e-74,1.7294e-74
1.3835e-74,1.3835e-74,1.3835e-74,1.3835e-74,1.3835e-74
1.1068e-74,1.1068e-74,1.1068e-74,1.1068e-74,1.1068e-74
8.8545e-75,8.8545e-75,8.8545e-75,8.8545e-75,8.8545e-75
7.0836e-75,7.0836e-75,7.0836e-75,7.0836e-75,7.0836e-75
5.6669e-75,5.6669e-75,5.6669e-75,5.6669e-75,5.6669e-75
4.5335e-75,4.5335e-75,4.5335e-75,4.5335e-75,4.5335e-75
3.6268e-75,3.6268e-75,3.6268e-75,3.6268e-75,3.6268e-75
2.9014e-75,2.9014e-75,2.9014e-75,2.9014e-75,2.9014e-75
2.3212e-75,2.3212e-75,2.3212e-75,2.3212e-75,2.3212e-75
1.8569e-75,1.8569e-75,1.8569e-75,1.8569e-75,1.8569e-75
1.4855e-75,1.4855e-75,1.4855e-75,1.4855e-75,1.4855e-75
1.1884e-75,1.1884e-75,1.1884e-75,1.1884e-75,1.1884e-75
9.5074e-76,9.5074e-76,9.5074e-76,9.5074e-76,9.5074e-76
7.606e-76,7.606e-76,7.606e-76,7.606e-76,7.606e-76
6.0848e-76,6.0848e-76,6.0848e-76,6.0848e-76,6.0848e-76
4.8678e-76,4.8678e-76,4.8678e-76,4.8678e-76,4.8678e-76
3.8942e-76,3.8942e-76,3.8942e-76,3.8942e-76,3.8942e-76
3.1154e-76,3.1154e-76,3.1154e-76,3.1154e-76,3.1154e-76
2.4923e-76,2.4923e-76,2.4923e-76,2.4923e-76,2.4923e-76
1.9939e-76,1.9939e-76,1.9939e-76,1.9939e-76,1.9939e-76
1.5951e-76,1.5951e-76,1.5951e-76,1.5951e-76,1.5951e-76
1.2761e-76,1.2761e-76,1.2761e-76,1.2761e-76,1.2761e-76
1.0209e-76,1.0209e-76,1.0209e-76,1.0209e-76,1.0209e-76
8.1668e-77,8.1668e-77,8.1668e-77,8.1668e-77,8.1668e-77
6.5335e-77,6.5335e-77,6.5335e-77,6.5335e-77,6.5335e-77
5.2268e-77,5.2268e-77,5.2268e-77,5.2268e-77,5.2268e-77
4.1814e-77,4.1814e-77,4.1814e-77,4.1814e-77,4.1814e-77
3.3451e-77,3.3451e-77,3.3451e-77,3.3451e-77,3.3451e-77
2.6761e-77,2.6761e-77,2.6761e-77,2.6761e-77,2.6761e-77
2.1409e-77,2.1409e-77,2.1409e-77,2.1409e-77,2.1409e-77
1.7127e-77,1.7127e-77,1.7127e-77,1.7127e-77,1.7127e-77
1.3702e-77,1.3702e-77,1.3702e-77,1.3702e-77,1.3702e-77
1.0961e-77,1.0961e-77,1.0961e-77,1.0961e-77,1.0961e-77
8.7691e-78,8.7691e-78,8.7691e-78,8.7691e-78,8.7691e-78
7.0153e-78,7.0153e-78,7.0153e-78,7.0153e-78,7.0153e-78
5.6122e-78,5.6122e-78,5.6122e-78,5.6122e-78,5.6122e-78
4.4898e-78,4.4898e-78,4.4898e-78,4.4898e-78,4.4898e-78
3.5918e-78,3.5918e-78,3.5918e-78,3.5918e-78,3.5918e-78
2.8734e-78,2.8734e-78,2.8734e-78,2.8734e-78,2.8734e-78
2.2988e-78,2.2988e-78,2.2988e-78,2.2988e-78,2.2988e-78
1.839e-78,1.839e-78,1.839e-78,1.839e-78,1.839e-78
1.4712e-78,1.4712e-78,1.4712e-78,1.4712e-78,1.4712e-78
1.177e-78,1.177e-78,1.177e-78,1.177e-78,1.177e-78
9.4157e-79,9.4157e-79,9.4157e-79,9.4157e-79,9.4157e-79
7.5326e-79,7.5326e-79,7.5326e-79,7.5326e-79,7.5326e-79
6.0261e-79,6.0261e-79,6.0261e-79,6.0261e-79,6.0261e-79
4.8208e-79,4.8208e-79,4.8208e-79,4.8208e-79,4.8208e-79
3.8567e-79,3.8567e-79,3.8567e-79,3.8567e-79,3.8567e-79
3.0853e-79,3.0853e-79,3.0853e-79,3.0853e-79,3.0853e-79
2.4683e-79,2.4683e-79,2.4683e-79,2.4683e-79,2.4683e-79
1.9746e-79,1.9746e-79,1.9746e-79,1.9746e-79,1.9746e-79
1.5797e-79,1.5797e-79,1.5797e-79,1.5797e-79,1.5797e-79
1.2638e-79,1.2638e-79,1.2638e-79,1.2638e-79,1.2638e-79
1.011e-79,1.011e-79,1.011e-79,1.011e-79,1.011e-79
8.088e-80,8.088e-80,8.088e-80,8.088e-80,8.088e-80
6.4704e-80,6.4704e-80,6.4704e-80,6.4704e-80,6.4704e-80
5.1763e-80,5.1763e-80,5.1763e-80,5.1763e-80,5.1763e-80
4.1411e-80,4.1411e-80,4.1411e-80,4.1411e-80,4.1411e-80
3.3129e-80,3.3129e-80,3.3129e-80,3.3129e-80,3.3129e-80
2.6503e-80,2.6503e-80,2.6503e-80,2.6503e-80,2.6503e-80
2.1202e-80,2.1202e-80,2.1202e-80,2.1202e-80,2.1202e-80
1.6962e-80,1.6962e-80,1.6962e-80,1.6962e-80,1.6962e-80
1.3569e-80,1.3569e-80,1.3569e-80,1.3569e-80,1.3569e-80
1.0856e-80,1.0856e-80,1.0856e-80,1.0856e-80,1.0856e-80
8.6845e-81,8.6845e-81,8.6845e-81,8.6845e-81,8.6845e-81
6.9476e-81,6.9476e-81,6.9476e-81,6.9476e-81,6.9476e-81
5.5581e-81,5.5581e-81,5.5581e-81,5.5581e-81,5.5581e-81
4.4464e-81,4.4464e-81,4.4464e-81,4.4464e-81,4.4464e-81
3.5572e-81,3.5572e-81,3.5572e-81,3.5572e-81,3.5572e-81
2.8457e-81,2.8457e-81,2.8457e-81,2.8457e-81,2.8457e-81
2.2766e-81,2.2766e-81,2.2766e-81,2.2766e-81,2.2766e-81
1.8213e-81,1.8213e-81,1.8213e-81,1.8213e-81,1.8213e-81
1.457e-81,1.457e-81,1.457e-81,1.457e-81,1.457e-81
1.1656e-81,1.1656e-81,1.1656e-81,1.1656e-81,1.1656e-81
9.3249e-82,9.3249e-82,9.3249e-82,9.3249e-82,9.3249e-82
7.4599e-82,7.4599e-82,7.4599e-82,7.4599e-82,7.4599e-82
5.9679e-82,5.9679e-82,5.9679e-82,5.9679e-82,5.9679e-82
4.7743e-82,4.7743e-82,4.7743e-82,4.7743e-82,4.7743e-82
3.8195e-82,3.8195e-82,3.8195e-82,3.8195e-82,3.8195e-82
3.0556e-82,3.0556e-82,3.0556e-82,3.0556e-82,3.0556e-82
2.4445e-82,2.4445e-82,2.4445e-82,2.4445e-82,2.4445e-82
1.9556e-82,1.9556e-82,1.9556e-82,1.9556e-82,1.9556e-82
1.5645e-82,1.5645e-82,1.5645e-82,1.5645e-82,1.5645e-82
1.2516e-82,1.2516e-82,1.2516e-82,1.2516e-82,1.2516e-82
1.0013e-82,1.0013e-82,1.0013e-82,1.0013e-82,1.0013e-82
8.01e-83,8.01e-83,8.01e-83,8.01e-83,8.01e-83
6.408e-83,6.408e-83,6.408e-83,6.408e-83,6.408e-83
5.1264e-83,5.1264e-83,5.1264e-83,5.1264e-83,5.1264e-83
4.1011e-83,4.1011e-83,4.1011e-83,4.1011e-83,4.1011e-83
3.2809e-83,3.2809e-83,3.2809e-83,3.2809e-83,3.2809e-83
2.6247e-83,2.6247e-83,2.6247e-83,2.6247e-83,2.6247e-83
2.0998e-83,2.0998e-83,2.0998e-83,2.0998e-83,2.0998e-83
1.6798e-83,1.6798e-83,1.6798e-83,1.6798e-83,1.6798e-83
1.3439e-83,1.3439e-83,1.3439e-83,1.3439e-83,1.3439e-83
1.0751e-83,1.0751e-83,1.0751e-83,1.0751e-83,1.0751e-83
8.6007e-84,8.6007e-84,8.6007e-84,8.6007e-84,8.6007e-84
6.8805e-84,6.8805e-84,6.8805e-84,6.8805e-84,6.8805e-84
5.5044e-84,5.5044e-84,5.5044e-84,5.5044e-84,5.5044e-84
4.4035e-84,4.4035e-84,4.4035e-84,4.4035e-84,4.4035e-84
3.5228e-84,3.5228e-84,3.5228e-84,3.5228e-84,3.5228e-84
2.8183e-84,2.8183e-84,2.8183e-84,2.8183e-84,2.8183e-84
2.2546e-84,2.2546e-84,2.2546e-84,2.2546e-84,2.2546e-84
1.8037e-84,1.8037e-84,1.8037e-84,1.8037e-84,1.8037e-84
1.443e-84,1.443e-84,1.443e-84,1.443e-84,1.443e-84
1.1544e-84,1.1544e-84,1.1544e-84,1.1544e-84,1.1544e-84
9.2349e-85,9.2349e-85,9.2349e-85,9.2349e-85,9.2349e-85
7.3879e-85,7.3879e-85,7.3879e-85,7.3879e-85,7.3879e-85
5.9103e-85,5.9103e-85,5.9103e-85,5.9103e-85,5.9103e-85
4.7283e-85,4.7283e-85,4.7283e-85,4.7283e-85,4.7283e-85
3.7826e-85,3.7826e-85,3.7826e-85,3.7826e-85,3.7826e-85
3.0261e-85,3.0261e-85,3.0261e-85,3.0261e-85,3.0261e-85
2.4209e-85,2.4209e-85,2.4209e-85,2.4209e-85,2.4209e-85
1.9367e-85,1.9367e-85,1.9367e-85,1.9367e-85,1.9367e-85
1.5494e-85,1.5494e-85,1.5494e-85,1.5494e-85,1.5494e-85
1.2395e-85,1.2395e-85,1.2395e-85,1.2395e-85,1.2395e-85
9.9159e-86,9.9159e-86,9.9159e-86,9.9159e-86,9.9159e-86
7.9327e-86,7.9327e-86,7.9327e-86,7.9327e-86,7.9327e-86
6.3462e-86,6.3462e-86,6.3462e-86,6.3462e-86,6.3462e-86
5.0769e-86,5.0769e-86,5.0769e-86,5.0769e-86,5.0769e-86
4.0616e-86,4.0616e-86,4.0616e-86,4.0616e-86,4.0616e-86
3.2492e-86,3.2492e-86,3.2492e-86,3.2492e-86,3.2492e-86
2.5994e-86,2.5994e-86,2.5994e-86,2.5994e-86,2.5994e-86
2.0795e-86,2.0795e-86,2.0795e-86,2.0795e-86,2.0795e-86
1.6636e-86,1.6636e-86,1.6636e-86,1.6636e-86,1.6636e-86
1.3309e-86,1.3309e-86,1.3309e-86,1.3309e-86,1.3309e-86
1.0647e-86,1.0647e-86,1.0647e-86,1.0647e-86,1.0647e-86
8.5177e-87,8.5177e-87,8.5177e-87,8.5177e-87,8.5177e-87
6.8142e-87,6.8142e-87,6.8142e-87,6.8142e-87,6.8142e-87
5.4513e-87,5.4513e-87,5.4513e-87,5.4513e-87,5.4513e-87
4.3611e-87,4.3611e-87,4.3611e-87,4.3611e-87,4.3611e-87
3.4888e-87,3.4888e-87,3.4888e-87,3.4888e-87,3.4888e-87
2.7911e-87,2.7911e-87,2.7911e-87,2.7911e-87,2.7911e-87
2.2329e-87,2.2329e-87,2.2329e-87,2.2329e-87,2.2329e-87
1.7863e-87,1.7863e-87,1.7863e-87,1.7863e-87,1.7863e-87
1.429e-87,1.429e-87,1.429e-87,1.429e-87,1.429e-87
1.1432e-87,1.1432e-87,1.1432e-87,1.1432e-87,1.1432e-87
9.1458e-88,9.1458e-88,9.1458e-88,9.1458e-88,9.1458e-88
7.3166e-88,7.3166e-88,7.3166e-88,7.3166e-88,7.3166e-88
5.8533e-88,5.8533e-88,5.8533e-88,5.8533e-88,5.8533e-88
4.6827e-88,4.6827e-88,4.6827e-88,4.6827e-88,4.6827e-88
3.7461e-88,3.7461e-88,3.7461e-88,3.7461e-88,3.7461e-88
2.9969e-88,2.9969e-88,2.9969e-88,2.9969e-88,2.9969e-88
2.3975e-88,2.3975e-88,2.3975e-88,2.3975e-88,2.3975e-88
1.918e-88,1.918e-88,1.918e-88,1.918e-88,1.918e-88
1.5344e-88,1.5344e-88,1.5344e-88,1.5344e-88,1.5344e-88
1.2275e-88,1.2275e-88,1.2275e-88,1.2275e-88,1.2275e-88
9.8202e-89,9.8202e-89,9.8202e-89,9.8202e-89,9.8202e-89
7.8562e-89,7.8562e-89,7.8562e-89,7.8562e-89,7.8562e-89
6.2849e-89,6.2849e-89,6.2849e-89,6.2849e-89,6.2849e-89
5.028e-89,5.028e-89,5.028e-89,5.028e-89,5.028e-89
4.0224e-89,4.0224e-89,4.0224e-89,4.0224e-89,4.0224e-89
3.2179e-89,3.2179e-89,3.2179e-89,3.2179e-89,3.2179e-89
2.5743e-89,2.5743e-89,2.5743e-89,2.5743e-89,2.5743e-89
2.0595e-89,2.0595e-89,2.0595e-89,2.0595e-89,2.0595e-89
1.6476e-89,1.6476e-89,1.6476e-89,1.6476e-89,1.6476e-89
1.318e-89,1.318e-89,1.318e-89,1.318e-89,1.318e-89
1.0544e-89,1.0544e-89,1.0544e-89,1.0544e-89,1.0544e-89
8.4355e-90,8.4355e-90,8.4355e-90,8.4355e-90,8.4355e-90
6.7484e-90,6.7484e-90,6.7484e-90,6.7484e-90,6.7484e-90
5.3987e-90,5.3987e-90,5.3987e-90,5.3987e-90,5.3987e-90
4.319e-90,4.319e-90,4.319e-90,4.319e-90,4.319e-90
3.4552e-90,3.4552e-90,3.4552e-90,3.4552e-90,3.4552e-90
2.7641e-90,2.7641e-90,2.7641e-90,2.7641e-90,2.7641e-90
2.2113e-90,2.2113e-90,2.2113e-90,2.2113e-90,2.2113e-90
1.7691e-90,1.7691e-90,1.7691e-90,1.7691e-90,1.7691e-90
1.4152e-90,1.4152e-90,1.4152e-90,1.4152e-90,1.4152e-90
1.1322e-90,1.1322e-90,1.1322e-90,1.1322e-90,1.1322e-90
9.0576e-91,9.0576e-91,9.0576e-91,9.0576e-91,9.0576e-91
7.2461e-91,7.2461e-91,7.2461e-91,7.2461e-91,7.2461e-91
5.7968e-91,5.7968e-91,5.7968e-91,5.7968e-91,5.7968e-91
4.6375e-91,4.6375e-91,4.6375e-91,4.6375e-91,4.6375e-91
3.71e-91,3.71e-91,3.71e-91,3.71e-91,3.71e-91
2.968e-91,2.968e-91,2.968e-91,2.968e-91,2.968e-91
2.3744e-91,2.3744e-91,2.3744e-91,2.3744e-91,2.3744e-91
1.8995e-91,1.8995e-91,1.8995e-91,1.8995e-91,1.8995e-91
1.5196e-91,1.5196e-91,1.5196e-91,1.5196e-91,1.5196e-91
1.2157e-91,1.2157e-91,1.2157e-91,1.2157e-91,1.2157e-91
9.7255e-92,9.7255e-92,9.7255e-92,9.7255e-92,9.7255e-92
7.7804e-92,7.7804e-92,7.7804e-92,7.7804e-92,7.7804e-92
6.2243e-92,6.2243e-92,6.2243e-92,6.2243e-92,6.2243e-92
4.9794e-92,4.9794e-92,4.9794e-92,4.9794e-92,4.9794e-92
3.9836e-92,3.9836e-92,3.9836e-92,3.9836e-92,3.9836e-92
3.1868e-92,3.1868e-92,3.1868e-92,3.1868e-92,3.1868e-92
2.5495e-92,2.5495e-92,2.5495e-92,2.5495e-92,2.5495e-92
2.0396e-92,2.0396e-92,2.0396e-92,2.0396e-92,2.0396e-92
1.6317e-92,1.6317e-92,1.6317e-92,1.6317e-92,1.6317e-92
1.3053e-92,1.3053e-92,1.3053e-92,1.3053e-92,1.3053e-92
1.0443e-92,1.0443e-92,1.0443e-92,1.0443e-92,1.0443e-92
8.3541e-93,8.3541e-93,8.3541e-93,8.3541e-93,8.3541e-93
6.6833e-93,6.6833e-93,6.6833e-93,6.6833e-93,6.6833e-93
5.3466e-93,5.3466e-93,5.3466e-93,5.3466e-93,5.3466e-93
4.2773e-93,4.2773e-93,4.2773e-93,4.2773e-93,4.2773e-93
3.4219e-93,3.4219e-93,3.4219e-93,3.4219e-93,3.4219e-93
2.7375e-93,2.7375e-93,2.7375e-93,2.7375e-93,2.7375e-93
2.19e-93,2.19e-93,2.19e-93,2.19e-93,2.19e-93
1.752e-93,1.752e-93,1.752e-93,1.752e-93,1.752e-93
1.4016e-93,1.4016e-93,1.4016e-93,1.4016e-93,1.4016e-93
1.1213e-93,1.1213e-93,1.1213e-93,1.1213e-93,1.1213e-93
8.9702e-94,8.9702e-94,8.9702e-94,8.9702e-94,8.9702e-94
7.1761e-94,7.1761e-94,7.1761e-94,7.1761e-94,7.1761e-94
5.7409e-94,5.7409e-94,5.7409e-94,5.7409e-94,5.7409e-94
4.5927e-94,4.5927e-94,4.5927e-94,4.5927e-94,4.5927e-94
3.6742e-94,3.6742e-94,3.6742e-94,3.6742e-94,3.6742e-94
2.9393e-94,2.9393e-94,2.9393e-94,2.9393e-94,2.9393e-94
2.3515e-94,2.3515e-94,2.3515e-94,2.3515e-94,2.3515e-94
1.8812e-94,1.8812e-94,1.8812e-94,1.8812e-94,1.8812e-94
1.5049e-94,1.5049e-94,1.5049e-94,1.5049e-94,1.5049e-94
1.204e-94,1.204e-94,1.204e-94,1.204e-94,1.204e-94
9.6317e-95,9.6317e-95,9.6317e-95,9.6317e-95,9.6317e-95
7.7053e-95,7.7053e-95,7.7053e-95,7.7053e-95,7.7053e-95
6.1643e-95,6.1643e-95,6.1643e-95,6.1643e-95,6.1643e-95
4.9314e-95,4.9314e-95,4.9314e-95,4.9314e-95,4.9314e-95
3.9451e-95,3.9451e-95,3.9451e-95,3.9451e-95,3.9451e-95
3.1561e-95,3.1561e-95,3.1561e-95,3.1561e-95,3.1561e-95
2.5249e-95,2.5249e-95,2.5249e-95,2.5249e-95,2.5249e-95
2.0199e-95,2.0199e-95,2.0199e-95,2.0199e-95,2.0199e-95
1.6159e-95,1.6159e-95,1.6159e-95,1.6159e-95,1.6159e-95
1.2927e-95,1.2927e-95,1.2927e-95,1.2927e-95,1.2927e-95
1.0342e-95,1.0342e-95,1.0342e-95,1.0342e-95,1.0342e-95
8.2735e-96,8.2735e-96,8.2735e-96,8.2735e-96,8.2735e-96
6.6188e-96,6.6188e-96,6.6188e-96,6.6188e-96,6.6188e-96
5.2951e-96,5.2951e-96,5.2951e-96,5.2951e-96,5.2951e-96
4.236e-96,4.236e-96,4.236e-96,4.236e-96,4.236e-96
3.3888e-96,3.3888e-96,3.3888e-96,3.3888e-96,3.3888e-96
2.7111e-96,2.7111e-96,2.7111e-96,2.7111e-96,2.7111e-96
2.1689e-96,2.1689e-96,2.1689e-96,2.1689e-96,2.1689e-96
1.7351e-96,1.7351e-96,1.7351e-96,1.7351e-96,1.7351e-96
1.3881e-96,1.3881e-96,1.3881e-96,1.3881e-96,1.3881e-96
1.1105e-96,1.1105e-96,1.1105e-96,1.1105e-96,1.1105e-96
8.8836e-97,8.8836e-97,8.8836e-97,8.8836e-97,8.8836e-97
7.1069e-97,7.1069e-97,7.1069e-97,7.1069e-97,7.1069e-97
5.6855e-97,5.6855e-97,5.6855e-97,5.6855e-97,5.6855e-97
4.5484e-97,4.5484e-97,4.5484e-97,4.5484e-97,4.5484e-97
3.6387e-97,3.6387e-97,3.6387e-97,3.6387e-97,3.6387e-97
2.911e-97,2.911e-97,2.911e-97,2.911e-97,2.911e-97
2.3288e-97,2.3288e-97,2.3288e-97,2.3288e-97,2.3288e-97
1.863e-97,1.863e-97,1.863e-97,1.863e-97,1.863e-97
1.4904e-97,1.4904e-97,1.4904e-97,1.4904e-97,1.4904e-97
1.1923e-97,1.1923e-97,1.1923e-97,1.1923e-97,1.1923e-97
9.5387e-98,9.5387e-98,9.5387e-98,9.5387e-98,9.5387e-98
7.631e-98,7.631e-98,7.631e-98,7.631e-98,7.631e-98
6.1048e-98,6.1048e-98,6.1048e-98,6.1048e-98,6.1048e-98
4.8838e-98,4.8838e-98,4.8838e-98,4.8838e-98,4.8838e-98
3.9071e-98,3.9071e-98,3.9071e-98,3.9071e-98,3.9071e-98
3.1257e-98,3.1257e-98,3.1257e-98,3.1257e-98,3.1257e-98
2.5005e-98,2.5005e-98,2.5005e-98,2.5005e-98,2.5005e-98
2.0004e-98,2.0004e-98,2.0004e-98,2.0004e-98,2.0004e-98
1.6003e-98,1.6003e-98,1.6003e-98,1.6003e-98,1.6003e-98
