0.1,0.2,0.3,0.5,0.6
0.2004,0.1836,0.2478,0.279,0.2292
0.19484,0.19955,0.21454,0.2249,0.21539
0.19454,0.19417,0.20097,0.20451,0.19994
0.18931,0.18958,0.19185,0.1932,0.19173
0.18487,0.18489,0.18581,0.18632,0.18571
0.18106,0.18108,0.18143,0.18163,0.1814
0.17803,0.17804,0.17818,0.17826,0.17816
0.17564,0.17564,0.1757,0.17573,0.17569
0.17376,0.17377,0.17379,0.1738,0.17379
0.17229,0.17229,0.1723,0.17231,0.1723
0.17113,0.17113,0.17113,0.17114,0.17113
0.17022,0.17022,0.17022,0.17022,0.17022
0.16949,0.16949,0.16949,0.16949,0.16949
0.16892,0.16892,0.16892,0.16892,0.16892
0.16846,0.16846,0.16846,0.16846,0.16846
0.1681,0.1681,0.1681,0.1681,0.1681
0.16781,0.16781,0.16781,0.16781,0.16781
0.16758,0.16758,0.16758,0.16758,0.16758
0.1674,0.1674,0.1674,0.1674,0.1674
0.16725,0.16725,0.16725,0.16725,0.16725
0.16713,0.16713,0.16713,0.16713,0.16713
0.16704,0.16704,0.16704,0.16704,0.16704
0.16696,0.16696,0.16696,0.16696,0.16696
0.1669,0.1669,0.1669,0.1669,0.1669
0.16686,0.16686,0.16686,0.16686,0.16686
0.16682,0.16682,0.16682,0.16682,0.16682
0.16679,0.16679,0.16679,0.16679,0.16679
0.16676,0.16676,0.16676,0.16676,0.16676
0.16674,0.16674,0.16674,0.16674,0.16674
0.16673,0.16673,0.16673,0.16673,0.16673
0.16672,0.16672,0.16672,0.16672,0.16672
0.16671,0.16671,0.16671,0.16671,0.16671
0.1667,0.1667,0.1667,0.1667,0.1667
0.16669,0.16669,0.16669,0.16669,0.16669
0.16669,0.16669,0.16669,0.16669,0.16669
0.16668,0.16668,0.16668,0.16668,0.16668
0.16668,0.16668,0.16668,0.16668,0.16668
0.16668,0.16668,0.16668,0.16668,0.16668
0.16668,0.16668,0.16668,0.16668,0.16668
0.16667,0.16667,0.16667,0.16667,0.16667
0.16667,0.16667,0.16667,0.16667,0.16667
0.16667,0.16667,0.16667,0.16667,0.16667
0.16667,0.16667,0.16667,0.16667,0.16667
0.16667,0.16667,0.16667,0.16667,0.16667
0.16667,0.16667,0.16667,0.16667,0.16667
0.16667,0.16667,0.16667,0.16667,0.16667
0.16667,0.16667,0.16667,0.16667,0.16667
0.16667,0.16667,0.16667,0.16667,0.16667
0.16667,0.16667,0.16667,0.16667,0.16667
0.16667,0.16667,0.16667,0.16667,0.16667
0.16667,0.16667,0.16667,0.16667,0.16667
0.16667,0.16667,0.16667,0.16667,0.16667
0.16667,0.16667,0.16667,0.16667,0.16667
0.16667,0.16667,0.16667,0.16667,0.16667
0.16667,0.16667,0.16667,0.16667,0.16667
0.16667,0.16667,0.16667,0.16667,0.16667
0.16667,0.16667,0.16667,0.16667,0.16667
0.16667,0.16667,0.16667,0.16667,0.16667
0.16667,0.16667,0.16667,0.16667,0.16667
0.16667,0.16667,0.16667,0.16667,0.16667
0.16667,0.16667,0.16667,0.16667,0.16667
0.16667,0.16667,0.16667,0.16667,0.16667
0.16667,0.16667,0.16667,0.16667,0.16667
0.16667,0.16667,0.16667,0.16667,0.16667
0.16667,0.16667,0.16667,0.16667,0.16667
0.16667,0.16667,0.16667,0.16667,0.16667
0.16667,0.16667,0.16667,0.16667,0.16667
0.16667,0.16667,0.16667,0.16667,0.16667
0.16667,0.16667,0.16667,0.16667,0.16667
0.16667,0.16667,0.16667,0.16667,0.16667
0.16667,0.16667,0.16667,0.16667,0.16667
0.16667,0.16667,0.16667,0.16667,0.16667
0.16667,0.16667,0.16667,0.16667,0.16667
0.16667,0.16667,0.16667,0.16667,0.16667
0.16667,0.16667,0.16667,0.16667,0.16667
0.16667,0.16667,0.16667,0.16667,0.16667
0.16667,0.16667,0.16667,0.16667,0.16667
0.16667,0.16667,0.16667,0.16667,0.16667
0.16667,0.16667,0.16667,0.16667,0.16667
0.16667,0.16667,0.16667,0.16667,0.16667
0.16667,0.16667,0.16667,0.16667,0.16667
0.16667,0.16667,0.16667,0.16667,0.16667
0.16667,0.16667,0.16667,0.16667,0.16667
0.16667,0.16667,0.16667,0.16667,0.16667
0.16667,0.16667,0.16667,0.16667,0.16667
0.16667,0.16667,0.16667,0.16667,0.16667
0.16667,0.16667,0.16667,0.16667,0.16667
0.16667,0.16667,0.16667,0.16667,0.16667
0.16667,0.16667,0.16667,0.16667,0.16667
0.16667,0.16667,0.16667,0.16667,0.16667
0.16667,0.16667,0.16667,0.16667,0.16667
0.16667,0.16667,0.16667,0.16667,0.16667
0.16667,0.16667,0.16667,0.16667,0.16667
0.16667,0.16667,0.16667,0.16667,0.16667
0.16667,0.16667,0.16667,0.16667,0.16667
0.16667,0.16667,0.16667,0.16667,0.16667
0.16667,0.16667,0.16667,0.16667,0.16667
0.16667,0.16667,0.16667,0.16667,0.16667
0.16667,0.16667,0.16667,0.16667,0.16667
0.16667,0.16667,0.16667,0.16667,0.16667
0.16667,0.16667,0.16667,0.16667,0.16667
0.16667,0.16667,0.16667,0.16667,0.16667
0.16667,0.16667,0.16667,0.16667,0.16667
0.16667,0.16667,0.16667,0.16667,0.16667
0.16667,0.16667,0.16667,0.16667,0.16667
0.16667,0.16667,0.16667,0.16667,0.16667
0.16667,0.16667,0.16667,0.16667,0.16667
0.16667,0.16667,0.16667,0.16667,0.16667
0.16667,0.16667,0.16667,0.16667,0.16667
0.16667,0.16667,0.16667,0.16667,0.16667
0.16667,0.16667,0.16667,0.16667,0.16667
0.16667,0.16667,0.16667,0.16667,0.16667
0.16667,0.16667,0.16667,0.16667,0.16667
0.16667,0.16667,0.16667,0.16667,0.16667
0.16667,0.16667,0.16667,0.16667,0.16667
0.16667,0.16667,0.16667,0.16667,0.16667
0.16667,0.16667,0.16667,0.16667,0.16667
0.16667,0.16667,0.16667,0.16667,0.16667
0.16667,0.16667,0.16667,0.16667,0.16667
0.16667,0.16667,0.16667,0.16667,0.16667
0.16667,0.16667,0.16667,0.16667,0.16667
0.16667,0.16667,0.16667,0.16667,0.16667
0.16667,0.16667,0.16667,0.16667,0.16667
0.16667,0.16667,0.16667,0.16667,0.16667
0.16667,0.16667,0.16667,0.16667,0.16667
0.16667,0.16667,0.16667,0.16667,0.16667
0.16667,0.16667,0.16667,0.16667,0.16667
0.16667,0.16667,0.16667,0.16667,0.16667
0.16667,0.16667,0.16667,0.16667,0.16667
0.16667,0.16667,0.16667,0.16667,0.16667
0.16667,0.16667,0.16667,0.16667,0.16667
0.16667,0.16667,0.16667,0.16667,0.16667
0.16667,0.16667,0.16667,0.16667,0.16667
0.16667,0.16667,0.16667,0.16667,0.16667
0.16667,0.16667,0.16667,0.16667,0.16667
0.16667,0.16667,0.16667,0.16667,0.16667
0.16667,0.16667,0.16667,0.16667,0.16667
0.16667,0.16667,0.16667,0.16667,0.16667
0.16667,0.16667,0.16667,0.16667,0.16667
0.16667,0.16667,0.16667,0.16667,0.16667
0.16667,0.16667,0.16667,0.16667,0.16667
0.16667,0.16667,0.16667,0.16667,0.16667
0.16667,0.16667,0.16667,0.16667,0.16667
0.16667,0.16667,0.16667,0.16667,0.16667
0.16667,0.16667,0.16667,0.16667,0.16667
0.16667,0.16667,0.16667,0.16667,0.16667
0.16667,0.16667,0.16667,0.16667,0.16667
0.16667,0.16667,0.16667,0.16667,0.16667
0.16667,0.16667,0.16667,0.16667,0.16667
0.16667,0.16667,0.16667,0.16667,0.16667
0.16667,0.16667,0.16667,0.16667,0.16667
0.16667,0.16667,0.16667,0.16667,0.16667
0.16667,0.16667,0.16667,0.16667,0.16667
0.16667,0.16667,0.16667,0.16667,0.16667
0.16667,0.16667,0.16667,0.16667,0.16667
0.16667,0.16667,0.16667,0.16667,0.16667
0.16667,0.16667,0.16667,0.16667,0.16667
0.16667,0.16667,0.16667,0.16667,0.16667
0.16667,0.16667,0.16667,0.16667,0.16667
0.16667,0.16667,0.16667,0.16667,0.16667
0.16667,0.16667,0.16667,0.16667,0.16667
0.16667,0.16667,0.16667,0.16667,0.16667
0.16667,0.16667,0.16667,0.16667,0.16667
0.16667,0.16667,0.16667,0.16667,0.16667
0.16667,0.16667,0.16667,0.16667,0.16667
0.16667,0.16667,0.16667,0.16667,0.16667
0.16667,0.16667,0.16667,0.16667,0.16667
0.16667,0.16667,0.16667,0.16667,0.16667
0.16667,0.16667,0.16667,0.16667,0.16667
0.16667,0.16667,0.16667,0.16667,0.16667
0.16667,0.16667,0.16667,0.16667,0.16667
0.16667,0.16667,0.16667,0.16667,0.16667
0.16667,0.16667,0.16667,0.16667,0.16667
0.16667,0.16667,0.16667,0.16667,0.16667
0.16667,0.16667,0.16667,0.16667,0.16667
0.16667,0.16667,0.16667,0.16667,0.16667
0.16667,0.16667,0.16667,0.16667,0.16667
0.16667,0.16667,0.16667,0.16667,0.16667
0.16667,0.16667,0.16667,0.16667,0.16667
0.16667,0.16667,0.16667,0.16667,0.16667
0.16667,0.16667,0.16667,0.16667,0.16667
0.16667,0.16667,0.16667,0.16667,0.16667
0.16667,0.16667,0.16667,0.16667,0.16667
0.16667,0.16667,0.16667,0.16667,0.16667
0.16667,0.16667,0.16667,0.16667,0.16667
0.16667,0.16667,0.16667,0.16667,0.16667
0.16667,0.16667,0.16667,0.16667,0.16667
0.16667,0.16667,0.16667,0.16667,0.16667
0.16667,0.16667,0.16667,0.16667,0.16667
0.16667,0.16667,0.16667,0.16667,0.16667
0.16667,0.16667,0.16667,0.16667,0.16667
0.16667,0.16667,0.16667,0.16667,0.16667
0.16667,0.16667,0.16667,0.16667,0.16667
0.16667,0.16667,0.16667,0.16667,0.16667
0.16667,0.16667,0.16667,0.16667,0.16667
0.16667,0.16667,0.16667,0.16667,0.16667
0.16667,0.16667,0.16667,0.16667,0.16667
0.16667,0.16667,0.16667,0.16667,0.16667
0.16667,0.16667,0.16667,0.16667,0.16667
0.16667,0.16667,0.16667,0.16667,0.16667
0.16667,0.16667,0.16667,0.16667,0.16667
0.16667,0.16667,0.16667,0.16667,0.16667
0.16667,0.16667,0.16667,0.16667,0.16667
0.16667,0.16667,0.16667,0.16667,0.16667
0.16667,0.16667,0.16667,0.16667,0.16667
0.16667,0.16667,0.16667,0.16667,0.16667
0.16667,0.16667,0.16667,0.16667,0.16667
0.16667,0.16667,0.16667,0.16667,0.16667
0.16667,0.16667,0.16667,0.16667,0.16667
0.16667,0.16667,0.16667,0.16667,0.16667
0.16667,0.16667,0.16667,0.16667,0.16667
0.16667,0.16667,0.16667,0.16667,0.16667
0.16667,0.16667,0.16667,0.16667,0.16667
0.16667,0.16667,0.16667,0.16667,0.16667
0.16667,0.16667,0.16667,0.16667,0.16667
0.16667,0.16667,0.16667,0.16667,0.16667
0.16667,0.16667,0.16667,0.16667,0.16667
0.16667,0.16667,0.16667,0.16667,0.16667
0.16667,0.16667,0.16667,0.16667,0.16667
0.16667,0.16667,0.16667,0.16667,0.16667
0.16667,0.16667,0.16667,0.16667,0.16667
0.16667,0.16667,0.16667,0.16667,0.16667
0.16667,0.16667,0.16667,0.16667,0.16667
0.16667,0.16667,0.16667,0.16667,0.16667
0.16667,0.16667,0.16667,0.16667,0.16667
0.16667,0.16667,0.16667,0.16667,0.16667
0.16667,0.16667,0.16667,0.16667,0.16667
0.16667,0.16667,0.16667,0.16667,0.16667
0.16667,0.16667,0.16667,0.16667,0.16667
0.16667,0.16667,0.16667,0.16667,0.16667
0.16667,0.16667,0.16667,0.16667,0.16667
0.16667,0.16667,0.16667,0.16667,0.16667
0.16667,0.16667,0.16667,0.16667,0.16667
0.16667,0.16667,0.16667,0.16667,0.16667
0.16667,0.16667,0.16667,0.16667,0.16667
0.16667,0.16667,0.16667,0.16667,0.16667
0.16667,0.16667,0.16667,0.16667,0.16667
0.16667,0.16667,0.16667,0.16667,0.16667
0.16667,0.16667,0.16667,0.16667,0.16667
0.16667,0.16667,0.16667,0.16667,0.16667
0.16667,0.16667,0.16667,0.16667,0.16667
0.16667,0.16667,0.16667,0.16667,0.16667
0.16667,0.16667,0.16667,0.16667,0.16667
0.16667,0.16667,0.16667,0.16667,0.16667
0.16667,0.16667,0.16667,0.16667,0.16667
0.16667,0.16667,0.16667,0.16667,0.16667
0.16667,0.16667,0.16667,0.16667,0.16667
0.16667,0.16667,0.16667,0.16667,0.16667
0.16667,0.16667,0.16667,0.16667,0.16667
0.16667,0.16667,0.16667,0.16667,0.16667
0.16667,0.16667,0.16667,0.16667,0.16667
0.16667,0.16667,0.16667,0.16667,0.16667
0.16667,0.16667,0.16667,0.16667,0.16667
0.16667,0.16667,0.16667,0.16667,0.16667
0.16667,0.16667,0.16667,0.16667,0.16667
0.16667,0.16667,0.16667,0.16667,0.16667
0.16667,0.16667,0.16667,0.16667,0.16667
0.16667,0.16667,0.16667,0.16667,0.16667
0.16667,0.16667,0.16667,0.16667,0.16667
0.16667,0.16667,0.16667,0.16667,0.16667
0.16667,0.16667,0.16667,0.16667,0.16667
0.16667,0.16667,0.16667,0.16667,0.16667
0.16667,0.16667,0.16667,0.16667,0.16667
0.16667,0.16667,0.16667,0.16667,0.16667
0.16667,0.16667,0.16667,0.16667,0.16667
0.16667,0.16667,0.16667,0.16667,0.16667
0.16667,0.16667,0.16667,0.16667,0.16667
0.16667,0.16667,0.16667,0.16667,0.16667
0.16667,0.16667,0.16667,0.16667,0.16667
0.16667,0.16667,0.16667,0.16667,0.16667
0.16667,0.16667,0.16667,0.16667,0.16667
0.16667,0.16667,0.16667,0.16667,0.16667
0.16667,0.16667,0.16667,0.16667,0.16667
0.16667,0.16667,0.16667,0.16667,0.16667
0.16667,0.16667,0.16667,0.16667,0.16667
0.16667,0.16667,0.16667,0.16667,0.16667
0.16667,0.16667,0.16667,0.16667,0.16667
0.16667,0.16667,0.16667,0.16667,0.16667
0.16667,0.16667,0.16667,0.16667,0.16667
0.16667,0.16667,0.16667,0.16667,0.16667
0.16667,0.16667,0.16667,0.16667,0.16667
0.16667,0.16667,0.16667,0.16667,0.16667
0.16667,0.16667,0.16667,0.16667,0.16667
0.16667,0.16667,0.16667,0.16667,0.16667
0.16667,0.16667,0.16667,0.16667,0.16667
0.16667,0.16667,0.16667,0.16667,0.16667
0.16667,0.16667,0.16667,0.16667,0.16667
0.16667,0.16667,0.16667,0.16667,0.16667
0.16667,0.16667,0.16667,0.16667,0.16667
0.16667,0.16667,0.16667,0.16667,0.16667
0.16667,0.16667,0.16667,0.16667,0.16667
0.16667,0.16667,0.16667,0.16667,0.16667
0.16667,0.16667,0.16667,0.16667,0.16667
0.16667,0.16667,0.16667,0.16667,0.16667
0.16667,0.16667,0.16667,0.16667,0.16667
0.16667,0.16667,0.16667,0.16667,0.16667
0.16667,0.16667,0.16667,0.16667,0.16667
0.16667,0.16667,0.16667,0.16667,0.16667
0.16667,0.16667,0.16667,0.16667,0.16667
0.16667,0.16667,0.16667,0.16667,0.16667
0.16667,0.16667,0.16667,0.16667,0.16667
0.16667,0.16667,0.16667,0.16667,0.16667
0.16667,0.16667,0.16667,0.16667,0.16667
0.16667,0.16667,0.16667,0.16667,0.16667
0.16667,0.16667,0.16667,0.16667,0.16667
0.16667,0.16667,0.16667,0.16667,0.16667
0.16667,0.16667,0.16667,0.16667,0.16667
0.16667,0.16667,0.16667,0.16667,0.16667
0.16667,0.16667,0.16667,0.16667,0.16667
0.16667,0.16667,0.16667,0.16667,0.16667
0.16667,0.16667,0.16667,0.16667,0.16667
0.16667,0.16667,0.16667,0.16667,0.16667
0.16667,0.16667,0.16667,0.16667,0.16667
0.16667,0.16667,0.16667,0.16667,0.16667
0.16667,0.16667,0.16667,0.16667,0.16667
0.16667,0.16667,0.16667,0.16667,0.16667
0.16667,0.16667,0.16667,0.16667,0.16667
0.16667,0.16667,0.16667,0.16667,0.16667
0.16667,0.16667,0.16667,0.16667,0.16667
0.16667,0.16667,0.16667,0.16667,0.16667
0.16667,0.16667,0.16667,0.16667,0.16667
0.16667,0.16667,0.16667,0.16667,0.16667
0.16667,0.16667,0.16667,0.16667,0.16667
0.16667,0.16667,0.16667,0.16667,0.16667
0.16667,0.16667,0.16667,0.16667,0.16667
0.16667,0.16667,0.16667,0.16667,0.16667
0.16667,0.16667,0.16667,0.16667,0.16667
0.16667,0.16667,0.16667,0.16667,0.16667
0.16667,0.16667,0.16667,0.16667,0.16667
0.16667,0.16667,0.16667,0.16667,0.16667
0.16667,0.16667,0.16667,0.16667,0.16667
0.16667,0.16667,0.16667,0.16667,0.16667
0.16667,0.16667,0.16667,0.16667,0.16667
0.16667,0.16667,0.16667,0.16667,0.16667
0.16667,0.16667,0.16667,0.16667,0.16667
0.16667,0.16667,0.16667,0.16667,0.16667
0.16667,0.16667,0.16667,0.16667,0.16667
0.16667,0.16667,0.16667,0.16667,0.16667
0.16667,0.16667,0.16667,0.16667,0.16667
0.16667,0.16667,0.16667,0.16667,0.16667
0.16667,0.16667,0.16667,0.16667,0.16667
0.16667,0.16667,0.16667,0.16667,0.16667
0.16667,0.16667,0.16667,0.16667,0.16667
0.16667,0.16667,0.16667,0.16667,0.16667
0.16667,0.16667,0.16667,0.16667,0.16667
0.16667,0.16667,0.16667,0.16667,0.16667
0.16667,0.16667,0.16667,0.16667,0.16667
0.16667,0.16667,0.16667,0.16667,0.16667
0.16667,0.16667,0.16667,0.16667,0.16667
0.16667,0.16667,0.16667,0.16667,0.16667
0.16667,0.16667,0.16667,0.16667,0.16667
0.16667,0.16667,0.16667,0.16667,0.16667
0.16667,0.16667,0.16667,0.16667,0.16667
0.16667,0.16667,0.16667,0.16667,0.16667
0.16667,0.16667,0.16667,0.16667,0.16667
0.16667,0.16667,0.16667,0.16667,0.16667
0.16667,0.16667,0.16667,0.16667,0.16667
0.16667,0.16667,0.16667,0.16667,0.16667
0.16667,0.16667,0.16667,0.16667,0.16667
0.16667,0.16667,0.16667,0.16667,0.16667
0.16667,0.16667,0.16667,0.16667,0.16667
0.16667,0.16667,0.16667,0.16667,0.16667
0.16667,0.16667,0.16667,0.16667,0.16667
0.16667,0.16667,0.16667,0.16667,0.16667
0.16667,0.16667,0.16667,0.16667,0.16667
0.16667,0.16667,0.16667,0.16667,0.16667
0.16667,0.16667,0.16667,0.16667,0.16667
0.16667,0.16667,0.16667,0.16667,0.16667
0.16667,0.16667,0.16667,0.16667,0.16667
0.16667,0.16667,0.16667,0.16667,0.16667
0.16667,0.16667,0.16667,0.16667,0.16667
0.16667,0.16667,0.16667,0.16667,0.16667
0.16667,0.16667,0.16667,0.16667,0.16667
0.16667,0.16667,0.16667,0.16667,0.16667
0.16667,0.16667,0.16667,0.16667,0.16667
0.16667,0.16667,0.16667,0.16667,0.16667
0.16667,0.16667,0.16667,0.16667,0.16667
0.16667,0.16667,0.16667,0.16667,0.16667
0.16667,0.16667,0.16667,0.16667,0.16667
0.16667,0.16667,0.16667,0.16667,0.16667
0.16667,0.16667,0.16667,0.16667,0.16667
0.16667,0.16667,0.16667,0.16667,0.16667
0.16667,0.16667,0.16667,0.16667,0.16667
0.16667,0.16667,0.16667,0.16667,0.16667
0.16667,0.16667,0.16667,0.16667,0.16667
0.16667,0.16667,0.16667,0.16667,0.16667
0.16667,0.16667,0.16667,0.16667,0.16667
0.16667,0.16667,0.16667,0.16667,0.16667
0.16667,0.16667,0.16667,0.16667,0.16667
0.16667,0.16667,0.16667,0.16667,0.16667
0.16667,0.16667,0.16667,0.16667,0.16667
0.16667,0.16667,0.16667,0.16667,0.16667
0.16667,0.16667,0.16667,0.16667,0.16667
0.16667,0.16667,0.16667,0.16667,0.16667
0.16667,0.16667,0.16667,0.16667,0.16667
0.16667,0.16667,0.16667,0.16667,0.16667
0.16667,0.16667,0.16667,0.16667,0.16667
0.16667,0.16667,0.16667,0.16667,0.16667
0.16667,0.16667,0.16667,0.16667,0.16667
0.16667,0.16667,0.16667,0.16667,0.16667
0.16667,0.16667,0.16667,0.16667,0.16667
0.16667,0.16667,0.16667,0.16667,0.16667
0.16667,0.16667,0.16667,0.16667,0.16667
0.16667,0.16667,0.16667,0.16667,0.16667
0.16667,0.16667,0.16667,0.16667,0.16667
0.16667,0.16667,0.16667,0.16667,0.16667
0.16667,0.16667,0.16667,0.16667,0.16667
0.16667,0.16667,0.16667,0.16667,0.16667
0.16667,0.16667,0.16667,0.16667,0.16667
0.16667,0.16667,0.16667,0.16667,0.16667
0.16667,0.16667,0.16667,0.16667,0.16667
0.16667,0.16667,0.16667,0.16667,0.16667
0.16667,0.16667,0.16667,0.16667,0.16667
0.16667,0.16667,0.16667,0.16667,0.16667
0.16667,0.16667,0.16667,0.16667,0.16667
0.16667,0.16667,0.16667,0.16667,0.16667
0.16667,0.16667,0.16667,0.16667,0.16667
0.16667,0.16667,0.16667,0.16667,0.16667
0.16667,0.16667,0.16667,0.16667,0.16667
0.16667,0.16667,0.16667,0.16667,0.16667
0.16667,0.16667,0.16667,0.16667,0.16667
0.16667,0.16667,0.16667,0.16667,0.16667
0.16667,0.16667,0.16667,0.16667,0.16667
0.16667,0.16667,0.16667,0.16667,0.16667
0.16667,0.16667,0.16667,0.16667,0.16667
0.16667,0.16667,0.16667,0.16667,0.16667
0.16667,0.16667,0.16667,0.16667,0.16667
0.16667,0.16667,0.16667,0.16667,0.16667
0.16667,0.16667,0.16667,0.16667,0.16667
0.16667,0.16667,0.16667,0.16667,0.16667
0.16667,0.16667,0.16667,0.16667,0.16667
0.16667,0.16667,0.16667,0.16667,0.16667
0.16667,0.16667,0.16667,0.16667,0.16667
0.16667,0.16667,0.16667,0.16667,0.16667
0.16667,0.16667,0.16667,0.16667,0.16667
0.16667,0.16667,0.16667,0.16667,0.16667
0.16667,0.16667,0.16667,0.16667,0.16667
0.16667,0.16667,0.16667,0.16667,0.16667
0.16667,0.16667,0.16667,0.16667,0.16667
0.16667,0.16667,0.16667,0.16667,0.16667
0.16667,0.16667,0.16667,0.16667,0.16667
0.16667,0.16667,0.16667,0.16667,0.16667
0.16667,0.16667,0.16667,0.16667,0.16667
0.16667,0.16667,0.16667,0.16667,0.16667
0.16667,0.16667,0.16667,0.16667,0.16667
0.16667,0.16667,0.16667,0.16667,0.16667
0.16667,0.16667,0.16667,0.16667,0.16667
0.16667,0.16667,0.16667,0.16667,0.16667
0.16667,0.16667,0.16667,0.16667,0.16667
0.16667,0.16667,0.16667,0.16667,0.16667
0.16667,0.16667,0.16667,0.16667,0.16667
0.16667,0.16667,0.16667,0.16667,0.16667
0.16667,0.16667,0.16667,0.16667,0.16667
0.16667,0.16667,0.16667,0.16667,0.16667
0.16667,0.16667,0.16667,0.16667,0.16667
0.16667,0.16667,0.16667,0.16667,0.16667
0.16667,0.16667,0.16667,0.16667,0.16667
0.16667,0.16667,0.16667,0.16667,0.16667
0.16667,0.16667,0.16667,0.16667,0.16667
0.16667,0.16667,0.16667,0.16667,0.16667
0.16667,0.16667,0.16667,0.16667,0.16667
0.16667,0.16667,0.16667,0.16667,0.16667
0.16667,0.16667,0.16667,0.16667,0.16667
0.16667,0.16667,0.16667,0.16667,0.16667
0.16667,0.16667,0.16667,0.16667,0.16667
0.16667,0.16667,0.16667,0.16667,0.16667
0.16667,0.16667,0.16667,0.16667,0.16667
0.16667,0.16667,0.16667,0.16667,0.16667
0.16667,0.16667,0.16667,0.16667,0.16667
0.16667,0.16667,0.16667,0.16667,0.16667
0.16667,0.16667,0.16667,0.16667,0.16667
0.16667,0.16667,0.16667,0.16667,0.16667
0.16667,0.16667,0.16667,0.16667,0.16667
0.16667,0.16667,0.16667,0.16667,0.16667
0.16667,0.16667,0.16667,0.16667,0.16667
0.16667,0.16667,0.16667,0.16667,0.16667
0.16667,0.16667,0.16667,0.16667,0.16667
0.16667,0.16667,0.16667,0.16667,0.16667
0.16667,0.16667,0.16667,0.16667,0.16667
0.16667,0.16667,0.16667,0.16667,0.16667
0.16667,0.16667,0.16667,0.16667,0.16667
0.16667,0.16667,0.16667,0.16667,0.16667
0.16667,0.16667,0.16667,0.16667,0.16667
0.16667,0.16667,0.16667,0.16667,0.16667
0.16667,0.16667,0.16667,0.16667,0.16667
0.16667,0.16667,0.16667,0.16667,0.16667
0.16667,0.16667,0.16667,0.16667,0.16667
0.16667,0.16667,0.16667,0.16667,0.16667
0.16667,0.16667,0.16667,0.16667,0.16667
0.16667,0.16667,0.16667,0.16667,0.16667
0.16667,0.16667,0.16667,0.16667,0.16667
0.16667,0.16667,0.16667,0.16667,0.16667
0.16667,0.16667,0.16667,0.16667,0.16667
0.16667,0.16667,0.16667,0.16667,0.16667
0.16667,0.16667,0.16667,0.16667,0.16667
0.16667,0.16667,0.16667,0.16667,0.16667
0.16667,0.16667,0.16667,0.16667,0.16667
0.16667,0.16667,0.16667,0.16667,0.16667
0.16667,0.16667,0.16667,0.16667,0.16667
0.16667,0.16667,0.16667,0.16667,0.16667
0.16667,0.16667,0.16667,0.16667,0.16667
0.16667,0.16667,0.16667,0.16667,0.16667
0.16667,0.16667,0.16667,0.16667,0.16667
0.16667,0.16667,0.16667,0.16667,0.16667
0.16667,0.16667,0.16667,0.16667,0.16667
0.16667,0.16667,0.16667,0.16667,0.16667
0.16667,0.16667,0.16667,0.16667,0.16667
0.16667,0.16667,0.16667,0.16667,0.16667
0.16667,0.16667,0.16667,0.16667,0.16667
0.16667,0.16667,0.16667,0.16667,0.16667
0.16667,0.16667,0.16667,0.16667,0.16667
0.16667,0.16667,0.16667,0.16667,0.16667
0.16667,0.16667,0.16667,0.16667,0.16667
0.16667,0.16667,0.16667,0.16667,0.16667
0.16667,0.16667,0.16667,0.16667,0.16667
0.16667,0.16667,0.16667,0.16667,0.16667
0.16667,0.16667,0.16667,0.16667,0.16667
0.16667,0.16667,0.16667,0.16667,0.16667
0.16667,0.16667,0.16667,0.16667,0.16667
0.16667,0.16667,0.16667,0.16667,0.16667
0.16667,0.16667,0.16667,0.16667,0.16667
0.16667,0.16667,0.16667,0.16667,0.16667
0.16667,0.16667,0.16667,0.16667,0.16667
0.16667,0.16667,0.16667,0.16667,0.16667
0.16667,0.16667,0.16667,0.16667,0.16667
0.16667,0.16667,0.16667,0.16667,0.16667
0.16667,0.16667,0.16667,0.16667,0.16667
0.16667,0.16667,0.16667,0.16667,0.16667
0.16667,0.16667,0.16667,0.16667,0.16667
0.16667,0.16667,0.16667,0.16667,0.16667
0.16667,0.16667,0.16667,0.16667,0.16667
0.16667,0.16667,0.16667,0.16667,0.16667
0.16667,0.16667,0.16667,0.16667,0.16667
0.16667,0.16667,0.16667,0.16667,0.16667
0.16667,0.16667,0.16667,0.16667,0.16667
0.16667,0.16667,0.16667,0.16667,0.16667
0.16667,0.16667,0.16667,0.16667,0.16667
0.16667,0.16667,0.16667,0.16667,0.16667
0.16667,0.16667,0.16667,0.16667,0.16667
0.16667,0.16667,0.16667,0.16667,0.16667
0.16667,0.16667,0.16667,0.16667,0.16667
0.16667,0.16667,0.16667,0.16667,0.16667
0.16667,0.16667,0.16667,0.16667,0.16667
0.16667,0.16667,0.16667,0.16667,0.16667
0.16667,0.16667,0.16667,0.16667,0.16667
0.16667,0.16667,0.16667,0.16667,0.16667
0.16667,0.16667,0.16667,0.16667,0.16667
0.16667,0.16667,0.16667,0.16667,0.16667
0.16667,0.16667,0.16667,0.16667,0.16667
0.16667,0.16667,0.16667,0.16667,0.16667
0.16667,0.16667,0.16667,0.16667,0.16667
0.16667,0.16667,0.16667,0.16667,0.16667
0.16667,0.16667,0.16667,0.16667,0.16667
0.16667,0.16667,0.16667,0.16667,0.16667
0.16667,0.16667,0.16667,0.16667,0.16667
0.16667,0.16667,0.16667,0.16667,0.16667
0.16667,0.16667,0.16667,0.16667,0.16667
0.16667,0.16667,0.16667,0.16667,0.16667
0.16667,0.16667,0.16667,0.16667,0.16667
0.16667,0.16667,0.16667,0.16667,0.16667
0.16667,0.16667,0.16667,0.16667,0.16667
0.16667,0.16667,0.16667,0.16667,0.16667
0.16667,0.16667,0.16667,0.16667,0.16667
0.16667,0.16667,0.16667,0.16667,0.16667
0.16667,0.16667,0.16667,0.16667,0.16667
0.16667,0.16667,0.16667,0.16667,0.16667
0.16667,0.16667,0.16667,0.16667,0.16667
0.16667,0.16667,0.16667,0.16667,0.16667
0.16667,0.16667,0.16667,0.16667,0.16667
0.16667,0.16667,0.16667,0.16667,0.16667
0.16667,0.16667,0.16667,0.16667,0.16667
0.16667,0.16667,0.16667,0.16667,0.16667
0.16667,0.16667,0.16667,0.16667,0.16667
0.16667,0.16667,0.16667,0.16667,0.16667
0.16667,0.16667,0.16667,0.16667,0.16667
0.16667,0.16667,0.16667,0.16667,0.16667
0.16667,0.16667,0.16667,0.16667,0.16667
0.16667,0.16667,0.16667,0.16667,0.16667
0.16667,0.16667,0.16667,0.16667,0.16667
0.16667,0.16667,0.16667,0.16667,0.16667
0.16667,0.16667,0.16667,0.16667,0.16667
0.16667,0.16667,0.16667,0.16667,0.16667
0.16667,0.16667,0.16667,0.16667,0.16667
0.16667,0.16667,0.16667,0.16667,0.16667
0.16667,0.16667,0.16667,0.16667,0.16667
0.16667,0.16667,0.16667,0.16667,0.16667
0.16667,0.16667,0.16667,0.16667,0.16667
0.16667,0.16667,0.16667,0.16667,0.16667
0.16667,0.16667,0.16667,0.16667,0.16667
0.16667,0.16667,0.16667,0.16667,0.16667
0.16667,0.16667,0.16667,0.16667,0.16667
0.16667,0.16667,0.16667,0.16667,0.16667
0.16667,0.16667,0.16667,0.16667,0.16667
0.16667,0.16667,0.16667,0.16667,0.16667
0.16667,0.16667,0.16667,0.16667,0.16667
0.16667,0.16667,0.16667,0.16667,0.16667
0.16667,0.16667,0.16667,0.16667,0.16667
0.16667,0.16667,0.16667,0.16667,0.16667
0.16667,0.16667,0.16667,0.16667,0.16667
0.16667,0.16667,0.16667,0.16667,0.16667
0.16667,0.16667,0.16667,0.16667,0.16667
0.16667,0.16667,0.16667,0.16667,0.16667
0.16667,0.16667,0.16667,0.16667,0.16667
0.16667,0.16667,0.16667,0.16667,0.16667
0.16667,0.16667,0.16667,0.16667,0.16667
0.16667,0.16667,0.16667,0.16667,0.16667
0.16667,0.16667,0.16667,0.16667,0.16667
0.16667,0.16667,0.16667,0.16667,0.16667
0.16667,0.16667,0.16667,0.16667,0.16667
0.16667,0.16667,0.16667,0.16667,0.16667
0.16667,0.16667,0.16667,0.16667,0.16667
0.16667,0.16667,0.16667,0.16667,0.16667
0.16667,0.16667,0.16667,0.16667,0.16667
0.16667,0.16667,0.16667,0.16667,0.16667
0.16667,0.16667,0.16667,0.16667,0.16667
0.16667,0.16667,0.16667,0.16667,0.16667
0.16667,0.16667,0.16667,0.16667,0.16667
0.16667,0.16667,0.16667,0.16667,0.16667
0.16667,0.16667,0.16667,0.16667,0.16667
0.16667,0.16667,0.16667,0.16667,0.16667
0.16667,0.16667,0.16667,0.16667,0.16667
0.16667,0.16667,0.16667,0.16667,0.16667
0.16667,0.16667,0.16667,0.16667,0.16667
0.16667,0.16667,0.16667,0.16667,0.16667
0.16667,0.16667,0.16667,0.16667,0.16667
0.16667,0.16667,0.16667,0.16667,0.16667
0.16667,0.16667,0.16667,0.16667,0.16667
0.16667,0.16667,0.16667,0.16667,0.16667
0.16667,0.16667,0.16667,0.16667,0.16667
0.16667,0.16667,0.16667,0.16667,0.16667
0.16667,0.16667,0.16667,0.16667,0.16667
0.16667,0.16667,0.16667,0.16667,0.16667
0.16667,0.16667,0.16667,0.16667,0.16667
0.16667,0.16667,0.16667,0.16667,0.16667
0.16667,0.16667,0.16667,0.16667,0.16667
0.16667,0.16667,0.16667,0.16667,0.16667
0.16667,0.16667,0.16667,0.16667,0.16667
0.16667,0.16667,0.16667,0.16667,0.16667
0.16667,0.16667,0.16667,0.16667,0.16667
0.16667,0.16667,0.16667,0.16667,0.16667
0.16667,0.16667,0.16667,0.16667,0.16667
0.16667,0.16667,0.16667,0.16667,0.16667
0.16667,0.16667,0.16667,0.16667,0.16667
0.16667,0.16667,0.16667,0.16667,0.16667
0.16667,0.16667,0.16667,0.16667,0.16667
0.16667,0.16667,0.16667,0.16667,0.16667
0.16667,0.16667,0.16667,0.16667,0.16667
0.16667,0.16667,0.16667,0.16667,0.16667
0.16667,0.16667,0.16667,0.16667,0.16667
0.16667,0.16667,0.16667,0.16667,0.16667
0.16667,0.16667,0.16667,0.16667,0.16667
0.16667,0.16667,0.16667,0.16667,0.16667
0.16667,0.16667,0.16667,0.16667,0.16667
0.16667,0.16667,0.16667,0.16667,0.16667
0.16667,0.16667,0.16667,0.16667,0.16667
0.16667,0.16667,0.16667,0.16667,0.16667
0.16667,0.16667,0.16667,0.16667,0.16667
0.16667,0.16667,0.16667,0.16667,0.16667
0.16667,0.16667,0.16667,0.16667,0.16667
0.16667,0.16667,0.16667,0.16667,0.16667
0.16667,0.16667,0.16667,0.16667,0.16667
0.16667,0.16667,0.16667,0.16667,0.16667
0.16667,0.16667,0.16667,0.16667,0.16667
0.16667,0.16667,0.16667,0.16667,0.16667
0.16667,0.16667,0.16667,0.16667,0.16667
0.16667,0.16667,0.16667,0.16667,0.16667
0.16667,0.16667,0.16667,0.16667,0.16667
0.16667,0.16667,0.16667,0.16667,0.16667
0.16667,0.16667,0.16667,0.16667,0.16667
0.16667,0.16667,0.16667,0.16667,0.16667
0.16667,0.16667,0.16667,0.16667,0.16667
0.16667,0.16667,0.16667,0.16667,0.16667
0.16667,0.16667,0.16667,0.16667,0.16667
0.16667,0.16667,0.16667,0.16667,0.16667
0.16667,0.16667,0.16667,0.16667,0.16667
0.16667,0.16667,0.16667,0.16667,0.16667
0.16667,0.16667,0.16667,0.16667,0.16667
0.16667,0.16667,0.16667,0.16667,0.16667
0.16667,0.16667,0.16667,0.16667,0.16667
0.16667,0.16667,0.16667,0.16667,0.16667
0.16667,0.16667,0.16667,0.16667,0.16667
0.16667,0.16667,0.16667,0.16667,0.16667
0.16667,0.16667,0.16667,0.16667,0.16667
0.16667,0.16667,0.16667,0.16667,0.16667
0.16667,0.16667,0.16667,0.16667,0.16667
0.16667,0.16667,0.16667,0.16667,0.16667
0.16667,0.16667,0.16667,0.16667,0.16667
0.16667,0.16667,0.16667,0.16667,0.16667
0.16667,0.16667,0.16667,0.16667,0.16667
0.16667,0.16667,0.16667,0.16667,0.16667
0.16667,0.16667,0.16667,0.16667,0.16667
0.16667,0.16667,0.16667,0.16667,0.16667
0.16667,0.16667,0.16667,0.16667,0.16667
0.16667,0.16667,0.16667,0.16667,0.16667
0.16667,0.16667,0.16667,0.16667,0.16667
0.16667,0.16667,0.16667,0.16667,0.16667
0.16667,0.16667,0.16667,0.16667,0.16667
0.16667,0.16667,0.16667,0.16667,0.16667
0.16667,0.16667,0.16667,0.16667,0.16667
0.16667,0.16667,0.16667,0.16667,0.16667
0.16667,0.16667,0.16667,0.16667,0.16667
0.16667,0.16667,0.16667,0.16667,0.16667
0.16667,0.16667,0.16667,0.16667,0.16667
0.16667,0.16667,0.16667,0.16667,0.16667
0.16667,0.16667,0.16667,0.16667,0.16667
0.16667,0.16667,0.16667,0.16667,0.16667
0.16667,0.16667,0.16667,0.16667,0.16667
0.16667,0.16667,0.16667,0.16667,0.16667
0.16667,0.16667,0.16667,0.16667,0.16667
0.16667,0.16667,0.16667,0.16667,0.16667
0.16667,0.16667,0.16667,0.16667,0.16667
0.16667,0.16667,0.16667,0.16667,0.16667
0.16667,0.16667,0.16667,0.16667,0.16667
0.16667,0.16667,0.16667,0.16667,0.16667
0.16667,0.16667,0.16667,0.16667,0.16667
0.16667,0.16667,0.16667,0.16667,0.16667
0.16667,0.16667,0.16667,0.16667,0.16667
0.16667,0.16667,0.16667,0.16667,0.16667
0.16667,0.16667,0.16667,0.16667,0.16667
0.16667,0.16667,0.16667,0.16667,0.16667
0.16667,0.16667,0.16667,0.16667,0.16667
0.16667,0.16667,0.16667,0.16667,0.16667
0.16667,0.16667,0.16667,0.16667,0.16667
0.16667,0.16667,0.16667,0.16667,0.16667
0.16667,0.16667,0.16667,0.16667,0.16667
0.16667,0.16667,0.16667,0.16667,0.16667
0.16667,0.16667,0.16667,0.16667,0.16667
0.16667,0.16667,0.16667,0.16667,0.16667
0.16667,0.16667,0.16667,0.16667,0.16667
0.16667,0.16667,0.16667,0.16667,0.16667
0.16667,0.16667,0.16667,0.16667,0.16667
0.16667,0.16667,0.16667,0.16667,0.16667
0.16667,0.16667,0.16667,0.16667,0.16667
0.16667,0.16667,0.16667,0.16667,0.16667
0.16667,0.16667,0.16667,0.16667,0.16667
0.16667,0.16667,0.16667,0.16667,0.16667
0.16667,0.16667,0.16667,0.16667,0.16667
0.16667,0.16667,0.16667,0.16667,0.16667
0.16667,0.16667,0.16667,0.16667,0.16667
0.16667,0.16667,0.16667,0.16667,0.16667
0.16667,0.16667,0.16667,0.16667,0.16667
0.16667,0.16667,0.16667,0.16667,0.16667
0.16667,0.16667,0.16667,0.16667,0.16667
0.16667,0.16667,0.16667,0.16667,0.16667
0.16667,0.16667,0.16667,0.16667,0.16667
0.16667,0.16667,0.16667,0.16667,0.16667
0.16667,0.16667,0.16667,0.16667,0.16667
0.16667,0.16667,0.16667,0.16667,0.16667
0.16667,0.16667,0.16667,0.16667,0.16667
0.16667,0.16667,0.16667,0.16667,0.16667
0.16667,0.16667,0.16667,0.16667,0.16667
0.16667,0.16667,0.16667,0.16667,0.16667
0.16667,0.16667,0.16667,0.16667,0.16667
0.16667,0.16667,0.16667,0.16667,0.16667
0.16667,0.16667,0.16667,0.16667,0.16667
0.16667,0.16667,0.16667,0.16667,0.16667
0.16667,0.16667,0.16667,0.16667,0.16667
0.16667,0.16667,0.16667,0.16667,0.16667
0.16667,0.16667,0.16667,0.16667,0.16667
0.16667,0.16667,0.16667,0.16667,0.16667
0.16667,0.16667,0.16667,0.16667,0.16667
0.16667,0.16667,0.16667,0.16667,0.16667
0.16667,0.16667,0.16667,0.16667,0.16667
0.16667,0.16667,0.16667,0.16667,0.16667
0.16667,0.16667,0.16667,0.16667,0.16667
0.16667,0.16667,0.16667,0.16667,0.16667
0.16667,0.16667,0.16667,0.16667,0.16667
0.16667,0.16667,0.16667,0.16667,0.16667
0.16667,0.16667,0.16667,0.16667,0.16667
0.16667,0.16667,0.16667,0.16667,0.16667
0.16667,0.16667,0.16667,0.16667,0.16667
0.16667,0.16667,0.16667,0.16667,0.16667
0.16667,0.16667,0.16667,0.16667,0.16667
0.16667,0.16667,0.16667,0.16667,0.16667
0.16667,0.16667,0.16667,0.16667,0.16667
0.16667,0.16667,0.16667,0.16667,0.16667
0.16667,0.16667,0.16667,0.16667,0.16667
0.16667,0.16667,0.16667,0.16667,0.16667
0.16667,0.16667,0.16667,0.16667,0.16667
0.16667,0.16667,0.16667,0.16667,0.16667
0.16667,0.16667,0.16667,0.16667,0.16667
0.16667,0.16667,0.16667,0.16667,0.16667
0.16667,0.16667,0.16667,0.16667,0.16667
0.16667,0.16667,0.16667,0.16667,0.16667
0.16667,0.16667,0.16667,0.16667,0.16667
0.16667,0.16667,0.16667,0.16667,0.16667
0.16667,0.16667,0.16667,0.16667,0.16667
0.16667,0.16667,0.16667,0.16667,0.16667
0.16667,0.16667,0.16667,0.16667,0.16667
0.16667,0.16667,0.16667,0.16667,0.16667
0.16667,0.16667,0.16667,0.16667,0.16667
0.16667,0.16667,0.16667,0.16667,0.16667
0.16667,0.16667,0.16667,0.16667,0.16667
0.16667,0.16667,0.16667,0.16667,0.16667
0.16667,0.16667,0.16667,0.16667,0.16667
0.16667,0.16667,0.16667,0.16667,0.16667
0.16667,0.16667,0.16667,0.16667,0.16667
0.16667,0.16667,0.16667,0.16667,0.16667
0.16667,0.16667,0.16667,0.16667,0.16667
0.16667,0.16667,0.16667,0.16667,0.16667
0.16667,0.16667,0.16667,0.16667,0.16667
0.16667,0.16667,0.16667,0.16667,0.16667
0.16667,0.16667,0.16667,0.16667,0.16667
0.16667,0.16667,0.16667,0.16667,0.16667
0.16667,0.16667,0.16667,0.16667,0.16667
0.16667,0.16667,0.16667,0.16667,0.16667
0.16667,0.16667,0.16667,0.16667,0.16667
0.16667,0.16667,0.16667,0.16667,0.16667
0.16667,0.16667,0.16667,0.16667,0.16667
0.16667,0.16667,0.16667,0.16667,0.16667
0.16667,0.16667,0.16667,0.16667,0.16667
0.16667,0.16667,0.16667,0.16667,0.16667
0.16667,0.16667,0.16667,0.16667,0.16667
0.16667,0.16667,0.16667,0.16667,0.16667
0.16667,0.16667,0.16667,0.16667,0.16667
0.16667,0.16667,0.16667,0.16667,0.16667
0.16667,0.16667,0.16667,0.16667,0.16667
0.16667,0.16667,0.16667,0.16667,0.16667
0.16667,0.16667,0.16667,0.16667,0.16667
0.16667,0.16667,0.16667,0.16667,0.16667
0.16667,0.16667,0.16667,0.16667,0.16667
0.16667,0.16667,0.16667,0.16667,0.16667
0.16667,0.16667,0.16667,0.16667,0.16667
0.16667,0.16667,0.16667,0.16667,0.16667
0.16667,0.16667,0.16667,0.16667,0.16667
0.16667,0.16667,0.16667,0.16667,0.16667
0.16667,0.16667,0.16667,0.16667,0.16667
0.16667,0.16667,0.16667,0.16667,0.16667
0.16667,0.16667,0.16667,0.16667,0.16667
0.16667,0.16667,0.16667,0.16667,0.16667
0.16667,0.16667,0.16667,0.16667,0.16667
0.16667,0.16667,0.16667,0.16667,0.16667
0.16667,0.16667,0.16667,0.16667,0.16667
0.16667,0.16667,0.16667,0.16667,0.16667
0.16667,0.16667,0.16667,0.16667,0.16667
0.16667,0.16667,0.16667,0.16667,0.16667
0.16667,0.16667,0.16667,0.16667,0.16667
0.16667,0.16667,0.16667,0.16667,0.16667
0.16667,0.16667,0.16667,0.16667,0.16667
0.16667,0.16667,0.16667,0.16667,0.16667
0.16667,0.16667,0.16667,0.16667,0.16667
0.16667,0.16667,0.16667,0.16667,0.16667
0.16667,0.16667,0.16667,0.16667,0.16667
0.16667,0.16667,0.16667,0.16667,0.16667
0.16667,0.16667,0.16667,0.16667,0.16667
0.16667,0.16667,0.16667,0.16667,0.16667
0.16667,0.16667,0.16667,0.16667,0.16667
0.16667,0.16667,0.16667,0.16667,0.16667
0.16667,0.16667,0.16667,0.16667,0.16667
0.16667,0.16667,0.16667,0.16667,0.16667
0.16667,0.16667,0.16667,0.16667,0.16667
0.16667,0.16667,0.16667,0.16667,0.16667
0.16667,0.16667,0.16667,0.16667,0.16667
0.16667,0.16667,0.16667,0.16667,0.16667
0.16667,0.16667,0.16667,0.16667,0.16667
0.16667,0.16667,0.16667,0.16667,0.16667
0.16667,0.16667,0.16667,0.16667,0.16667
0.16667,0.16667,0.16667,0.16667,0.16667
0.16667,0.16667,0.16667,0.16667,0.16667
0.16667,0.16667,0.16667,0.16667,0.16667
0.16667,0.16667,0.16667,0.16667,0.16667
0.16667,0.16667,0.16667,0.16667,0.16667
0.16667,0.16667,0.16667,0.16667,0.16667
0.16667,0.16667,0.16667,0.16667,0.16667
0.16667,0.16667,0.16667,0.16667,0.16667
0.16667,0.16667,0.16667,0.16667,0.16667
0.16667,0.16667,0.16667,0.16667,0.16667
0.16667,0.16667,0.16667,0.16667,0.16667
0.16667,0.16667,0.16667,0.16667,0.16667
0.16667,0.16667,0.16667,0.16667,0.16667
0.16667,0.16667,0.16667,0.16667,0.16667
0.16667,0.16667,0.16667,0.16667,0.16667
0.16667,0.16667,0.16667,0.16667,0.16667
0.16667,0.16667,0.16667,0.16667,0.16667
0.16667,0.16667,0.16667,0.16667,0.16667
0.16667,0.16667,0.16667,0.16667,0.16667
0.16667,0.16667,0.16667,0.16667,0.16667
0.16667,0.16667,0.16667,0.16667,0.16667
0.16667,0.16667,0.16667,0.16667,0.16667
0.16667,0.16667,0.16667,0.16667,0.16667
0.16667,0.16667,0.16667,0.16667,0.16667
0.16667,0.16667,0.16667,0.16667,0.16667
0.16667,0.16667,0.16667,0.16667,0.16667
0.16667,0.16667,0.16667,0.16667,0.16667
0.16667,0.16667,0.16667,0.16667,0.16667
0.16667,0.16667,0.16667,0.16667,0.16667
0.16667,0.16667,0.16667,0.16667,0.16667
0.16667,0.16667,0.16667,0.16667,0.16667
0.16667,0.16667,0.16667,0.16667,0.16667
0.16667,0.16667,0.16667,0.16667,0.16667
0.16667,0.16667,0.16667,0.16667,0.16667
0.16667,0.16667,0.16667,0.16667,0.16667
0.16667,0.16667,0.16667,0.16667,0.16667
0.16667,0.16667,0.16667,0.16667,0.16667
0.16667,0.16667,0.16667,0.16667,0.16667
0.16667,0.16667,0.16667,0.16667,0.16667
0.16667,0.16667,0.16667,0.16667,0.16667
0.16667,0.16667,0.16667,0.16667,0.16667
0.16667,0.16667,0.16667,0.16667,0.16667
0.16667,0.16667,0.16667,0.16667,0.16667
0.16667,0.16667,0.16667,0.16667,0.16667
0.16667,0.16667,0.16667,0.16667,0.16667
0.16667,0.16667,0.16667,0.16667,0.16667
0.16667,0.16667,0.16667,0.16667,0.16667
0.16667,0.16667,0.16667,0.16667,0.16667
0.16667,0.16667,0.16667,0.16667,0.16667
0.16667,0.16667,0.16667,0.16667,0.16667
0.16667,0.16667,0.16667,0.16667,0.16667
0.16667,0.16667,0.16667,0.16667,0.16667
0.16667,0.16667,0.16667,0.16667,0.16667
0.16667,0.16667,0.16667,0.16667,0.16667
0.16667,0.16667,0.16667,0.16667,0.16667
0.16667,0.16667,0.16667,0.16667,0.16667
0.16667,0.16667,0.16667,0.16667,0.16667
0.16667,0.16667,0.16667,0.16667,0.16667
0.16667,0.16667,0.16667,0.16667,0.16667
0.16667,0.16667,0.16667,0.16667,0.16667
0.16667,0.16667,0.16667,0.16667,0.16667
0.16667,0.16667,0.16667,0.16667,0.16667
0.16667,0.16667,0.16667,0.16667,0.16667
0.16667,0.16667,0.16667,0.16667,0.16667
0.16667,0.16667,0.16667,0.16667,0.16667
0.16667,0.16667,0.16667,0.16667,0.16667
0.16667,0.16667,0.16667,0.16667,0.16667
0.16667,0.16667,0.16667,0.16667,0.16667
0.16667,0.16667,0.16667,0.16667,0.16667
0.16667,0.16667,0.16667,0.16667,0.16667
0.16667,0.16667,0.16667,0.16667,0.16667
0.16667,0.16667,0.16667,0.16667,0.16667
0.16667,0.16667,0.16667,0.16667,0.16667
0.16667,0.16667,0.16667,0.16667,0.16667
0.16667,0.16667,0.16667,0.16667,0.16667
0.16667,0.16667,0.16667,0.16667,0.16667
0.16667,0.16667,0.16667,0.16667,0.16667
0.16667,0.16667,0.16667,0.16667,0.16667
0.16667,0.16667,0.16667,0.16667,0.16667
0.16667,0.16667,0.16667,0.16667,0.16667
0.16667,0.16667,0.16667,0.16667,0.16667
0.16667,0.16667,0.16667,0.16667,0.16667
0.16667,0.16667,0.16667,0.16667,0.16667
0.16667,0.16667,0.16667,0.16667,0.16667
0.16667,0.16667,0.16667,0.16667,0.16667
0.16667,0.16667,0.16667,0.16667,0.16667
0.16667,0.16667,0.16667,0.16667,0.16667
0.16667,0.16667,0.16667,0.16667,0.16667
0.16667,0.16667,0.16667,0.16667,0.16667
0.16667,0.16667,0.16667,0.16667,0.16667
0.16667,0.16667,0.16667,0.16667,0.16667
0.16667,0.16667,0.16667,0.16667,0.16667
0.16667,0.16667,0.16667,0.16667,0.16667
0.16667,0.16667,0.16667,0.16667,0.16667
0.16667,0.16667,0.16667,0.16667,0.16667
0.16667,0.16667,0.16667,0.16667,0.16667
0.16667,0.16667,0.16667,0.16667,0.16667
0.16667,0.16667,0.16667,0.16667,0.16667
0.16667,0.16667,0.16667,0.16667,0.16667
0.16667,0.16667,0.16667,0.16667,0.16667
0.16667,0.16667,0.16667,0.16667,0.16667
0.16667,0.16667,0.16667,0.16667,0.16667
0.16667,0.16667,0.16667,0.16667,0.16667
0.16667,0.16667,0.16667,0.16667,0.16667
0.16667,0.16667,0.16667,0.16667,0.16667
0.16667,0.16667,0.16667,0.16667,0.16667
0.16667,0.16667,0.16667,0.16667,0.16667
0.16667,0.16667,0.16667,0.16667,0.16667
0.16667,0.16667,0.16667,0.16667,0.16667
0.16667,0.16667,0.16667,0.16667,0.16667
0.16667,0.16667,0.16667,0.16667,0.16667
0.16667,0.16667,0.16667,0.16667,0.16667
0.16667,0.16667,0.16667,0.16667,0.16667
0.16667,0.16667,0.16667,0.16667,0.16667
0.16667,0.16667,0.16667,0.16667,0.16667
0.16667,0.16667,0.16667,0.16667,0.16667
0.16667,0.16667,0.16667,0.16667,0.16667
0.16667,0.16667,0.16667,0.16667,0.16667
0.16667,0.16667,0.16667,0.16667,0.16667
0.16667,0.16667,0.16667,0.16667,0.16667
0.16667,0.16667,0.16667,0.16667,0.16667
0.16667,0.16667,0.16667,0.16667,0.16667
0.16667,0.16667,0.16667,0.16667,0.16667
0.16667,0.16667,0.16667,0.16667,0.16667
0.16667,0.16667,0.16667,0.16667,0.16667
0.16667,0.16667,0.16667,0.16667,0.16667
0.16667,0.16667,0.16667,0.16667,0.16667
0.16667,0.16667,0.16667,0.16667,0.16667
0.16667,0.16667,0.16667,0.16667,0.16667
0.16667,0.16667,0.16667,0.16667,0.16667
0.16667,0.16667,0.16667,0.16667,0.16667
0.16667,0.16667,0.16667,0.16667,0.16667
0.16667,0.16667,0.16667,0.16667,0.16667
0.16667,0.16667,0.16667,0.16667,0.16667
0.16667,0.16667,0.16667,0.16667,0.16667
0.16667,0.16667,0.16667,0.16667,0.16667
0.16667,0.16667,0.16667,0.16667,0.16667
0.16667,0.16667,0.16667,0.16667,0.16667
0.16667,0.16667,0.16667,0.16667,0.16667
0.16667,0.16667,0.16667,0.16667,0.16667
0.16667,0.16667,0.16667,0.16667,0.16667
0.16667,0.16667,0.16667,0.16667,0.16667
