0.1,0.2,0.3,0.5,0.6
0.16,0.12,0.164,0.18,0.136
0.089242,0.1086,0.10128,0.10184,0.1128
0.078753,0.06892,0.075311,0.076439,0.069099
0.051398,0.056876,0.053907,0.053586,0.057259
0.043049,0.039903,0.041742,0.041992,0.039788
0.030606,0.032478,0.031416,0.031282,0.03257
0.025173,0.024039,0.024691,0.024775,0.023989
0.01875,0.019448,0.019049,0.018998,0.01948
0.015268,0.014834,0.015083,0.015115,0.014814
0.011683,0.011956,0.0118,0.01178,0.011969
0.0094554,0.0092831,0.0093818,0.0093945,0.0092753
0.0073545,0.0074639,0.0074013,0.0073932,0.0074689
0.0059285,0.0058587,0.0058987,0.0059038,0.0058556
0.0046583,0.0047029,0.0046774,0.0046741,0.0047049
0.0037454,0.0037168,0.0037332,0.0037353,0.0037155
0.0029619,0.0029803,0.0029698,0.0029684,0.0029811
0.0023774,0.0023656,0.0023724,0.0023733,0.0023651
0.0018878,0.0018954,0.0018911,0.0018905,0.0018958
0.0015136,0.0015087,0.0015115,0.0015119,0.0015085
0.001205,0.0012082,0.0012064,0.0012062,0.0012084
0.00096546,0.00096341,0.00096458,0.00096474,0.00096332
0.00076995,0.00077127,0.00077052,0.00077042,0.00077133
0.00061657,0.00061571,0.0006162,0.00061626,0.00061567
0.00049225,0.0004928,0.00049249,0.00049245,0.00049283
0.00039406,0.0003937,0.00039391,0.00039393,0.00039368
0.00031483,0.00031506,0.00031493,0.00031491,0.00031507
0.00025197,0.00025182,0.00025191,0.00025192,0.00025182
0.00020141,0.0002015,0.00020145,0.00020144,0.00020151
0.00016117,0.00016111,0.00016114,0.00016115,0.00016111
0.00012887,0.00012891,0.00012888,0.00012888,0.00012891
0.00010311,0.00010309,0.0001031,0.0001031,0.00010308
8.246e-05,8.2477e-05,8.2467e-05,8.2466e-05,8.2477e-05
6.5976e-05,6.5965e-05,6.5971e-05,6.5972e-05,6.5965e-05
5.2768e-05,5.2776e-05,5.2772e-05,5.2771e-05,5.2776e-05
4.2218e-05,4.2214e-05,4.2216e-05,4.2217e-05,4.2214e-05
3.377e-05,3.3772e-05,3.3771e-05,3.3771e-05,3.3773e-05
2.7017e-05,2.7015e-05,2.7016e-05,2.7016e-05,2.7015e-05
2.1612e-05,2.1613e-05,2.1612e-05,2.1612e-05,2.1613e-05
1.729e-05,1.7289e-05,1.729e-05,1.729e-05,1.7289e-05
1.3831e-05,1.3832e-05,1.3831e-05,1.3831e-05,1.3832e-05
1.1065e-05,1.1065e-05,1.1065e-05,1.1065e-05,1.1065e-05
8.8517e-06,8.8519e-06,8.8518e-06,8.8518e-06,8.8519e-06
7.0815e-06,7.0813e-06,7.0814e-06,7.0814e-06,7.0813e-06
5.665e-06,5.6651e-06,5.6651e-06,5.665e-06,5.6651e-06
4.5321e-06,4.532e-06,4.532e-06,4.532e-06,4.532e-06
3.6256e-06,3.6256e-06,3.6256e-06,3.6256e-06,3.6256e-06
2.9005e-06,2.9005e-06,2.9005e-06,2.9005e-06,2.9005e-06
2.3204e-06,2.3204e-06,2.3204e-06,2.3204e-06,2.3204e-06
1.8563e-06,1.8563e-06,1.8563e-06,1.8563e-06,1.8563e-06
1.485e-06,1.485e-06,1.485e-06,1.485e-06,1.485e-06
1.188e-06,1.188e-06,1.188e-06,1.188e-06,1.188e-06
9.5042e-07,9.5042e-07,9.5042e-07,9.5042e-07,9.5042e-07
7.6033e-07,7.6033e-07,7.6033e-07,7.6033e-07,7.6033e-07
6.0827e-07,6.0827e-07,6.0827e-07,6.0827e-07,6.0827e-07
4.8661e-07,4.8661e-07,4.8661e-07,4.8661e-07,4.8661e-07
3.8929e-07,3.8929e-07,3.8929e-07,3.8929e-07,3.8929e-07
3.1143e-07,3.1143e-07,3.1143e-07,3.1143e-07,3.1143e-07
2.4915e-07,2.4915e-07,2.4915e-07,2.4915e-07,2.4915e-07
1.9932e-07,1.9932e-07,1.9932e-07,1.9932e-07,1.9932e-07
1.5945e-07,1.5945e-07,1.5945e-07,1.5945e-07,1.5945e-07
1.2756e-07,1.2756e-07,1.2756e-07,1.2756e-07,1.2756e-07
1.0205e-07,1.0205e-07,1.0205e-07,1.0205e-07,1.0205e-07
8.164e-08,8.164e-08,8.164e-08,8.164e-08,8.164e-08
6.5312e-08,6.5312e-08,6.5312e-08,6.5312e-08,6.5312e-08
5.225e-08,5.225e-08,5.225e-08,5.225e-08,5.225e-08
4.18e-08,4.18e-08,4.18e-08,4.18e-08,4.18e-08
3.344e-08,3.344e-08,3.344e-08,3.344e-08,3.344e-08
2.6752e-08,2.6752e-08,2.6752e-08,2.6752e-08,2.6752e-08
2.1401e-08,2.1401e-08,2.1401e-08,2.1401e-08,2.1401e-08
1.7121e-08,1.7121e-08,1.7121e-08,1.7121e-08,1.7121e-08
1.3697e-08,1.3697e-08,1.3697e-08,1.3697e-08,1.3697e-08
1.0958e-08,1.0958e-08,1.0958e-08,1.0958e-08,1.0958e-08
8.766e-09,8.766e-09,8.766e-09,8.766e-09,8.766e-09
7.0128e-09,7.0128e-09,7.0128e-09,7.0128e-09,7.0128e-09
5.6103e-09,5.6103e-09,5.6103e-09,5.6103e-09,5.6103e-09
4.4882e-09,4.4882e-09,4.4882e-09,4.4882e-09,4.4882e-09
3.5906e-09,3.5906e-09,3.5906e-09,3.5906e-09,3.5906e-09
2.8724e-09,2.8724e-09,2.8724e-09,2.8724e-09,2.8724e-09
2.298e-09,2.298e-09,2.298e-09,2.298e-09,2.298e-09
1.8384e-09,1.8384e-09,1.8384e-09,1.8384e-09,1.8384e-09
1.4707e-09,1.4707e-09,1.4707e-09,1.4707e-09,1.4707e-09
1.1766e-09,1.1766e-09,1.1766e-09,1.1766e-09,1.1766e-09
9.4124e-10,9.4124e-10,9.4124e-10,9.4124e-10,9.4124e-10
7.53e-10,7.53e-10,7.53e-10,7.53e-10,7.53e-10
6.024e-10,6.024e-10,6.024e-10,6.024e-10,6.024e-10
4.8192e-10,4.8192e-10,4.8192e-10,4.8192e-10,4.8192e-10
3.8553e-10,3.8553e-10,3.8553e-10,3.8553e-10,3.8553e-10
3.0843e-10,3.0843e-10,3.0843e-10,3.0843e-10,3.0843e-10
2.4674e-10,2.4674e-10,2.4674e-10,2.4674e-10,2.4674e-10
1.9739e-10,1.9739e-10,1.9739e-10,1.9739e-10,1.9739e-10
1.5791e-10,1.5791e-10,1.5791e-10,1.5791e-10,1.5791e-10
1.2633e-10,1.2633e-10,1.2633e-10,1.2633e-10,1.2633e-10
1.0107e-10,1.0107e-10,1.0107e-10,1.0107e-10,1.0107e-10
8.0852e-11,8.0852e-11,8.0852e-11,8.0852e-11,8.0852e-11
6.4682e-11,6.4682e-11,6.4682e-11,6.4682e-11,6.4682e-11
5.1745e-11,5.1745e-11,5.1745e-11,5.1745e-11,5.1745e-11
4.1396e-11,4.1396e-11,4.1396e-11,4.1396e-11,4.1396e-11
3.3117e-11,3.3117e-11,3.3117e-11,3.3117e-11,3.3117e-11
2.6494e-11,2.6494e-11,2.6494e-11,2.6494e-11,2.6494e-11
2.1195e-11,2.1195e-11,2.1195e-11,2.1195e-11,2.1195e-11
1.6956e-11,1.6956e-11,1.6956e-11,1.6956e-11,1.6956e-11
1.3565e-11,1.3565e-11,1.3565e-11,1.3565e-11,1.3565e-11
1.0852e-11,1.0852e-11,1.0852e-11,1.0852e-11,1.0852e-11
8.6814e-12,8.6814e-12,8.6814e-12,8.6814e-12,8.6814e-12
6.9452e-12,6.9452e-12,6.9452e-12,6.9452e-12,6.9452e-12
5.5561e-12,5.5561e-12,5.5561e-12,5.5561e-12,5.5561e-12
4.4449e-12,4.4449e-12,4.4449e-12,4.4449e-12,4.4449e-12
3.5559e-12,3.5559e-12,3.5559e-12,3.5559e-12,3.5559e-12
2.8447e-12,2.8447e-12,2.8447e-12,2.8447e-12,2.8447e-12
2.2758e-12,2.2758e-12,2.2758e-12,2.2758e-12,2.2758e-12
1.8206e-12,1.8206e-12,1.8206e-12,1.8206e-12,1.8206e-12
1.4565e-12,1.4565e-12,1.4565e-12,1.4565e-12,1.4565e-12
1.1652e-12,1.1652e-12,1.1652e-12,1.1652e-12,1.1652e-12
9.3216e-13,9.3216e-13,9.3216e-13,9.3216e-13,9.3216e-13
7.4573e-13,7.4573e-13,7.4573e-13,7.4573e-13,7.4573e-13
5.9658e-13,5.9658e-13,5.9658e-13,5.9658e-13,5.9658e-13
4.7727e-13,4.7727e-13,4.7727e-13,4.7727e-13,4.7727e-13
3.8181e-13,3.8181e-13,3.8181e-13,3.8181e-13,3.8181e-13
3.0545e-13,3.0545e-13,3.0545e-13,3.0545e-13,3.0545e-13
2.4436e-13,2.4436e-13,2.4436e-13,2.4436e-13,2.4436e-13
1.9549e-13,1.9549e-13,1.9549e-13,1.9549e-13,1.9549e-13
1.5639e-13,1.5639e-13,1.5639e-13,1.5639e-13,1.5639e-13
1.2511e-13,1.2511e-13,1.2511e-13,1.2511e-13,1.2511e-13
1.0009e-13,1.0009e-13,1.0009e-13,1.0009e-13,1.0009e-13
8.0072e-14,8.0072e-14,8.0072e-14,8.0072e-14,8.0072e-14
6.4058e-14,6.4058e-14,6.4058e-14,6.4058e-14,6.4058e-14
5.1246e-14,5.1246e-14,5.1246e-14,5.1246e-14,5.1246e-14
4.0997e-14,4.0997e-14,4.0997e-14,4.0997e-14,4.0997e-14
3.2798e-14,3.2798e-14,3.2798e-14,3.2798e-14,3.2798e-14
2.6238e-14,2.6238e-14,2.6238e-14,2.6238e-14,2.6238e-14
2.099e-14,2.099e-14,2.099e-14,2.099e-14,2.099e-14
1.6792e-14,1.6792e-14,1.6792e-14,1.6792e-14,1.6792e-14
1.3434e-14,1.3434e-14,1.3434e-14,1.3434e-14,1.3434e-14
1.0747e-14,1.0747e-14,1.0747e-14,1.0747e-14,1.0747e-14
8.5977e-15,8.5977e-15,8.5977e-15,8.5977e-15,8.5977e-15
6.8781e-15,6.8781e-15,6.8781e-15,6.8781e-15,6.8781e-15
5.5025e-15,5.5025e-15,5.5025e-15,5.5025e-15,5.5025e-15
4.402e-15,4.402e-15,4.402e-15,4.402e-15,4.402e-15
3.5216e-15,3.5216e-15,3.5216e-15,3.5216e-15,3.5216e-15
2.8173e-15,2.8173e-15,2.8173e-15,2.8173e-15,2.8173e-15
2.2538e-15,2.2538e-15,2.2538e-15,2.2538e-15,2.2538e-15
1.8031e-15,1.8031e-15,1.8031e-15,1.8031e-15,1.8031e-15
1.4425e-15,1.4425e-15,1.4425e-15,1.4425e-15,1.4425e-15
1.154e-15,1.154e-15,1.154e-15,1.154e-15,1.154e-15
9.2317e-16,9.2317e-16,9.2317e-16,9.2317e-16,9.2317e-16
7.3854e-16,7.3854e-16,7.3854e-16,7.3854e-16,7.3854e-16
5.9083e-16,5.9083e-16,5.9083e-16,5.9083e-16,5.9083e-16
4.7266e-16,4.7266e-16,4.7266e-16,4.7266e-16,4.7266e-16
3.7813e-16,3.7813e-16,3.7813e-16,3.7813e-16,3.7813e-16
3.025e-16,3.025e-16,3.025e-16,3.025e-16,3.025e-16
2.42e-16,2.42e-16,2.42e-16,2.42e-16,2.42e-16
1.936e-16,1.936e-16,1.936e-16,1.936e-16,1.936e-16
1.5488e-16,1.5488e-16,1.5488e-16,1.5488e-16,1.5488e-16
1.2391e-16,1.2391e-16,1.2391e-16,1.2391e-16,1.2391e-16
9.9125e-17,9.9125e-17,9.9125e-17,9.9125e-17,9.9125e-17
7.93e-17,7.93e-17,7.93e-17,7.93e-17,7.93e-17
6.344e-17,6.344e-17,6.344e-17,6.344e-17,6.344e-17
5.0752e-17,5.0752e-17,5.0752e-17,5.0752e-17,5.0752e-17
4.0601e-17,4.0601e-17,4.0601e-17,4.0601e-17,4.0601e-17
3.2481e-17,3.2481e-17,3.2481e-17,3.2481e-17,3.2481e-17
2.5985e-17,2.5985e-17,2.5985e-17,2.5985e-17,2.5985e-17
2.0788e-17,2.0788e-17,2.0788e-17,2.0788e-17,2.0788e-17
1.663e-17,1.663e-17,1.663e-17,1.663e-17,1.663e-17
1.3304e-17,1.3304e-17,1.3304e-17,1.3304e-17,1.3304e-17
1.0643e-17,1.0643e-17,1.0643e-17,1.0643e-17,1.0643e-17
8.5147e-18,8.5147e-18,8.5147e-18,8.5147e-18,8.5147e-18
6.8118e-18,6.8118e-18,6.8118e-18,6.8118e-18,6.8118e-18
5.4494e-18,5.4494e-18,5.4494e-18,5.4494e-18,5.4494e-18
4.3595e-18,4.3595e-18,4.3595e-18,4.3595e-18,4.3595e-18
3.4876e-18,3.4876e-18,3.4876e-18,3.4876e-18,3.4876e-18
2.7901e-18,2.7901e-18,2.7901e-18,2.7901e-18,2.7901e-18
2.2321e-18,2.2321e-18,2.2321e-18,2.2321e-18,2.2321e-18
1.7857e-18,1.7857e-18,1.7857e-18,1.7857e-18,1.7857e-18
1.4285e-18,1.4285e-18,1.4285e-18,1.4285e-18,1.4285e-18
1.1428e-18,1.1428e-18,1.1428e-18,1.1428e-18,1.1428e-18
9.1426e-19,9.1426e-19,9.1426e-19,9.1426e-19,9.1426e-19
7.3141e-19,7.3141e-19,7.3141e-19,7.3141e-19,7.3141e-19
5.8513e-19,5.8513e-19,5.8513e-19,5.8513e-19,5.8513e-19
4.681e-19,4.681e-19,4.681e-19,4.681e-19,4.681e-19
3.7448e-19,3.7448e-19,3.7448e-19,3.7448e-19,3.7448e-19
2.9959e-19,2.9959e-19,2.9959e-19,2.9959e-19,2.9959e-19
2.3967e-19,2.3967e-19,2.3967e-19,2.3967e-19,2.3967e-19
1.9173e-19,1.9173e-19,1.9173e-19,1.9173e-19,1.9173e-19
1.5339e-19,1.5339e-19,1.5339e-19,1.5339e-19,1.5339e-19
1.2271e-19,1.2271e-19,1.2271e-19,1.2271e-19,1.2271e-19
9.8168e-20,9.8168e-20,9.8168e-20,9.8168e-20,9.8168e-20
7.8535e-20,7.8535e-20,7.8535e-20,7.8535e-20,7.8535e-20
6.2828e-20,6.2828e-20,6.2828e-20,6.2828e-20,6.2828e-20
5.0262e-20,5.0262e-20,5.0262e-20,5.0262e-20,5.0262e-20
4.021e-20,4.021e-20,4.021e-20,4.021e-20,4.021e-20
3.2168e-20,3.2168e-20,3.2168e-20,3.2168e-20,3.2168e-20
2.5734e-20,2.5734e-20,2.5734e-20,2.5734e-20,2.5734e-20
2.0587e-20,2.0587e-20,2.0587e-20,2.0587e-20,2.0587e-20
1.647e-20,1.647e-20,1.647e-20,1.647e-20,1.647e-20
1.3176e-20,1.3176e-20,1.3176e-20,1.3176e-20,1.3176e-20
1.0541e-20,1.0541e-20,1.0541e-20,1.0541e-20,1.0541e-20
8.4326e-21,8.4326e-21,8.4326e-21,8.4326e-21,8.4326e-21
6.7461e-21,6.7461e-21,6.7461e-21,6.7461e-21,6.7461e-21
5.3969e-21,5.3969e-21,5.3969e-21,5.3969e-21,5.3969e-21
4.3175e-21,4.3175e-21,4.3175e-21,4.3175e-21,4.3175e-21
3.454e-21,3.454e-21,3.454e-21,3.454e-21,3.454e-21
2.7632e-21,2.7632e-21,2.7632e-21,2.7632e-21,2.7632e-21
2.2106e-21,2.2106e-21,2.2106e-21,2.2106e-21,2.2106e-21
1.7684e-21,1.7684e-21,1.7684e-21,1.7684e-21,1.7684e-21
1.4148e-21,1.4148e-21,1.4148e-21,1.4148e-21,1.4148e-21
1.1318e-21,1.1318e-21,1.1318e-21,1.1318e-21,1.1318e-21
9.0544e-22,9.0544e-22,9.0544e-22,9.0544e-22,9.0544e-22
7.2435e-22,7.2435e-22,7.2435e-22,7.2435e-22,7.2435e-22
5.7948e-22,5.7948e-22,5.7948e-22,5.7948e-22,5.7948e-22
4.6359e-22,4.6359e-22,4.6359e-22,4.6359e-22,4.6359e-22
3.7087e-22,3.7087e-22,3.7087e-22,3.7087e-22,3.7087e-22
2.967e-22,2.967e-22,2.967e-22,2.967e-22,2.967e-22
2.3736e-22,2.3736e-22,2.3736e-22,2.3736e-22,2.3736e-22
1.8988e-22,1.8988e-22,1.8988e-22,1.8988e-22,1.8988e-22
1.5191e-22,1.5191e-22,1.5191e-22,1.5191e-22,1.5191e-22
1.2153e-22,1.2153e-22,1.2153e-22,1.2153e-22,1.2153e-22
9.7221e-23,9.7221e-23,9.7221e-23,9.7221e-23,9.7221e-23
7.7777e-23,7.7777e-23,7.7777e-23,7.7777e-23,7.7777e-23
6.2222e-23,6.2222e-23,6.2222e-23,6.2222e-23,6.2222e-23
4.9777e-23,4.9777e-23,4.9777e-23,4.9777e-23,4.9777e-23
3.9822e-23,3.9822e-23,3.9822e-23,3.9822e-23,3.9822e-23
3.1857e-23,3.1857e-23,3.1857e-23,3.1857e-23,3.1857e-23
2.5486e-23,2.5486e-23,2.5486e-23,2.5486e-23,2.5486e-23
2.0389e-23,2.0389e-23,2.0389e-23,2.0389e-23,2.0389e-23
1.6311e-23,1.6311e-23,1.6311e-23,1.6311e-23,1.6311e-23
1.3049e-23,1.3049e-23,1.3049e-23,1.3049e-23,1.3049e-23
1.0439e-23,1.0439e-23,1.0439e-23,1.0439e-23,1.0439e-23
8.3512e-24,8.3512e-24,8.3512e-24,8.3512e-24,8.3512e-24
6.681e-24,6.681e-24,6.681e-24,6.681e-24,6.681e-24
5.3448e-24,5.3448e-24,5.3448e-24,5.3448e-24,5.3448e-24
4.2758e-24,4.2758e-24,4.2758e-24,4.2758e-24,4.2758e-24
3.4207e-24,3.4207e-24,3.4207e-24,3.4207e-24,3.4207e-24
2.7365e-24,2.7365e-24,2.7365e-24,2.7365e-24,2.7365e-24
2.1892e-24,2.1892e-24,2.1892e-24,2.1892e-24,2.1892e-24
1.7514e-24,1.7514e-24,1.7514e-24,1.7514e-24,1.7514e-24
1.4011e-24,1.4011e-24,1.4011e-24,1.4011e-24,1.4011e-24
1.1209e-24,1.1209e-24,1.1209e-24,1.1209e-24,1.1209e-24
8.9671e-25,8.9671e-25,8.9671e-25,8.9671e-25,8.9671e-25
7.1737e-25,7.1737e-25,7.1737e-25,7.1737e-25,7.1737e-25
5.7389e-25,5.7389e-25,5.7389e-25,5.7389e-25,5.7389e-25
4.5911e-25,4.5911e-25,4.5911e-25,4.5911e-25,4.5911e-25
3.6729e-25,3.6729e-25,3.6729e-25,3.6729e-25,3.6729e-25
2.9383e-25,2.9383e-25,2.9383e-25,2.9383e-25,2.9383e-25
2.3507e-25,2.3507e-25,2.3507e-25,2.3507e-25,2.3507e-25
1.8805e-25,1.8805e-25,1.8805e-25,1.8805e-25,1.8805e-25
1.5044e-25,1.5044e-25,1.5044e-25,1.5044e-25,1.5044e-25
1.2035e-25,1.2035e-25,1.2035e-25,1.2035e-25,1.2035e-25
9.6283e-26,9.6283e-26,9.6283e-26,9.6283e-26,9.6283e-26
7.7026e-26,7.7026e-26,7.7026e-26,7.7026e-26,7.7026e-26
6.1621e-26,6.1621e-26,6.1621e-26,6.1621e-26,6.1621e-26
4.9297e-26,4.9297e-26,4.9297e-26,4.9297e-26,4.9297e-26
3.9438e-26,3.9438e-26,3.9438e-26,3.9438e-26,3.9438e-26
3.155e-26,3.155e-26,3.155e-26,3.155e-26,3.155e-26
2.524e-26,2.524e-26,2.524e-26,2.524e-26,2.524e-26
2.0192e-26,2.0192e-26,2.0192e-26,2.0192e-26,2.0192e-26
1.6154e-26,1.6154e-26,1.6154e-26,1.6154e-26,1.6154e-26
1.2923e-26,1.2923e-26,1.2923e-26,1.2923e-26,1.2923e-26
1.0338e-26,1.0338e-26,1.0338e-26,1.0338e-26,1.0338e-26
8.2707e-27,8.2707e-27,8.2707e-27,8.2707e-27,8.2707e-27
6.6165e-27,6.6165e-27,6.6165e-27,6.6165e-27,6.6165e-27
5.2932e-27,5.2932e-27,5.2932e-27,5.2932e-27,5.2932e-27
4.2346e-27,4.2346e-27,4.2346e-27,4.2346e-27,4.2346e-27
3.3877e-27,3.3877e-27,3.3877e-27,3.3877e-27,3.3877e-27
2.7101e-27,2.7101e-27,2.7101e-27,2.7101e-27,2.7101e-27
2.1681e-27,2.1681e-27,2.1681e-27,2.1681e-27,2.1681e-27
1.7345e-27,1.7345e-27,1.7345e-27,1.7345e-27,1.7345e-27
1.3876e-27,1.3876e-27,1.3876e-27,1.3876e-27,1.3876e-27
1.1101e-27,1.1101e-27,1.1101e-27,1.1101e-27,1.1101e-27
8.8806e-28,8.8806e-28,8.8806e-28,8.8806e-28,8.8806e-28
7.1044e-28,7.1044e-28,7.1044e-28,7.1044e-28,7.1044e-28
5.6836e-28,5.6836e-28,5.6836e-28,5.6836e-28,5.6836e-28
4.5468e-28,4.5468e-28,4.5468e-28,4.5468e-28,4.5468e-28
3.6375e-28,3.6375e-28,3.6375e-28,3.6375e-28,3.6375e-28
2.91e-28,2.91e-28,2.91e-28,2.91e-28,2.91e-28
2.328e-28,2.328e-28,2.328e-28,2.328e-28,2.328e-28
1.8624e-28,1.8624e-28,1.8624e-28,1.8624e-28,1.8624e-28
1.4899e-28,1.4899e-28,1.4899e-28,1.4899e-28,1.4899e-28
1.1919e-28,1.1919e-28,1.1919e-28,1.1919e-28,1.1919e-28
9.5354e-29,9.5354e-29,9.5354e-29,9.5354e-29,9.5354e-29
7.6283e-29,7.6283e-29,7.6283e-29,7.6283e-29,7.6283e-29
6.1027e-29,6.1027e-29,6.1027e-29,6.1027e-29,6.1027e-29
4.8821e-29,4.8821e-29,4.8821e-29,4.8821e-29,4.8821e-29
3.9057e-29,3.9057e-29,3.9057e-29,3.9057e-29,3.9057e-29
3.1246e-29,3.1246e-29,3.1246e-29,3.1246e-29,3.1246e-29
2.4997e-29,2.4997e-29,2.4997e-29,2.4997e-29,2.4997e-29
1.9997e-29,1.9997e-29,1.9997e-29,1.9997e-29,1.9997e-29
1.5998e-29,1.5998e-29,1.5998e-29,1.5998e-29,1.5998e-29
1.2798e-29,1.2798e-29,1.2798e-29,1.2798e-29,1.2798e-29
1.0239e-29,1.0239e-29,1.0239e-29,1.0239e-29,1.0239e-29
8.1909e-30,8.1909e-30,8.1909e-30,8.1909e-30,8.1909e-30
6.5527e-30,6.5527e-30,6.5527e-30,6.5527e-30,6.5527e-30
5.2422e-30,5.2422e-30,5.2422e-30,5.2422e-30,5.2422e-30
4.1937e-30,4.1937e-30,4.1937e-30,4.1937e-30,4.1937e-30
3.355e-30,3.355e-30,3.355e-30,3.355e-30,3.355e-30
2.684e-30,2.684e-30,2.684e-30,2.684e-30,2.684e-30
2.1472e-30,2.1472e-30,2.1472e-30,2.1472e-30,2.1472e-30
1.7177e-30,1.7177e-30,1.7177e-30,1.7177e-30,1.7177e-30
1.3742e-30,1.3742e-30,1.3742e-30,1.3742e-30,1.3742e-30
1.0994e-30,1.0994e-30,1.0994e-30,1.0994e-30,1.0994e-30
8.7949e-31,8.7949e-31,8.7949e-31,8.7949e-31,8.7949e-31
7.0359e-31,7.0359e-31,7.0359e-31,7.0359e-31,7.0359e-31
5.6287e-31,5.6287e-31,5.6287e-31,5.6287e-31,5.6287e-31
4.503e-31,4.503e-31,4.503e-31,4.503e-31,4.503e-31
3.6024e-31,3.6024e-31,3.6024e-31,3.6024e-31,3.6024e-31
2.8819e-31,2.8819e-31,2.8819e-31,2.8819e-31,2.8819e-31
2.3055e-31,2.3055e-31,2.3055e-31,2.3055e-31,2.3055e-31
1.8444e-31,1.8444e-31,1.8444e-31,1.8444e-31,1.8444e-31
1.4755e-31,1.4755e-31,1.4755e-31,1.4755e-31,1.4755e-31
1.1804e-31,1.1804e-31,1.1804e-31,1.1804e-31,1.1804e-31
9.4434e-32,9.4434e-32,9.4434e-32,9.4434e-32,9.4434e-32
7.5547e-32,7.5547e-32,7.5547e-32,7.5547e-32,7.5547e-32
6.0438e-32,6.0438e-32,6.0438e-32,6.0438e-32,6.0438e-32
4.835e-32,4.835e-32,4.835e-32,4.835e-32,4.835e-32
3.868e-32,3.868e-32,3.868e-32,3.868e-32,3.868e-32
3.0944e-32,3.0944e-32,3.0944e-32,3.0944e-32,3.0944e-32
2.4755e-32,2.4755e-32,2.4755e-32,2.4755e-32,2.4755e-32
1.9804e-32,1.9804e-32,1.9804e-32,1.9804e-32,1.9804e-32
1.5843e-32,1.5843e-32,1.5843e-32,1.5843e-32,1.5843e-32
1.2675e-32,1.2675e-32,1.2675e-32,1.2675e-32,1.2675e-32
1.014e-32,1.014e-32,1.014e-32,1.014e-32,1.014e-32
8.1118e-33,8.1118e-33,8.1118e-33,8.1118e-33,8.1118e-33
6.4895e-33,6.4895e-33,6.4895e-33,6.4895e-33,6.4895e-33
5.1916e-33,5.1916e-33,5.1916e-33,5.1916e-33,5.1916e-33
4.1533e-33,4.1533e-33,4.1533e-33,4.1533e-33,4.1533e-33
3.3226e-33,3.3226e-33,3.3226e-33,3.3226e-33,3.3226e-33
2.6581e-33,2.6581e-33,2.6581e-33,2.6581e-33,2.6581e-33
2.1265e-33,2.1265e-33,2.1265e-33,2.1265e-33,2.1265e-33
1.7012e-33,1.7012e-33,1.7012e-33,1.7012e-33,1.7012e-33
1.3609e-33,1.3609e-33,1.3609e-33,1.3609e-33,1.3609e-33
1.0888e-33,1.0888e-33,1.0888e-33,1.0888e-33,1.0888e-33
8.71e-34,8.71e-34,8.71e-34,8.71e-34,8.71e-34
6.968e-34,6.968e-34,6.968e-34,6.968e-34,6.968e-34
5.5744e-34,5.5744e-34,5.5744e-34,5.5744e-34,5.5744e-34
4.4595e-34,4.4595e-34,4.4595e-34,4.4595e-34,4.4595e-34
3.5676e-34,3.5676e-34,3.5676e-34,3.5676e-34,3.5676e-34
2.8541e-34,2.8541e-34,2.8541e-34,2.8541e-34,2.8541e-34
2.2833e-34,2.2833e-34,2.2833e-34,2.2833e-34,2.2833e-34
1.8266e-34,1.8266e-34,1.8266e-34,1.8266e-34,1.8266e-34
1.4613e-34,1.4613e-34,1.4613e-34,1.4613e-34,1.4613e-34
1.169e-34,1.169e-34,1.169e-34,1.169e-34,1.169e-34
9.3523e-35,9.3523e-35,9.3523e-35,9.3523e-35,9.3523e-35
7.4818e-35,7.4818e-35,7.4818e-35,7.4818e-35,7.4818e-35
5.9855e-35,5.9855e-35,5.9855e-35,5.9855e-35,5.9855e-35
4.7884e-35,4.7884e-35,4.7884e-35,4.7884e-35,4.7884e-35
3.8307e-35,3.8307e-35,3.8307e-35,3.8307e-35,3.8307e-35
3.0646e-35,3.0646e-35,3.0646e-35,3.0646e-35,3.0646e-35
2.4517e-35,2.4517e-35,2.4517e-35,2.4517e-35,2.4517e-35
1.9613e-35,1.9613e-35,1.9613e-35,1.9613e-35,1.9613e-35
1.5691e-35,1.5691e-35,1.5691e-35,1.5691e-35,1.5691e-35
1.2552e-35,1.2552e-35,1.2552e-35,1.2552e-35,1.2552e-35
1.0042e-35,1.0042e-35,1.0042e-35,1.0042e-35,1.0042e-35
8.0336e-36,8.0336e-36,8.0336e-36,8.0336e-36,8.0336e-36
6.4269e-36,6.4269e-36,6.4269e-36,6.4269e-36,6.4269e-36
5.1415e-36,5.1415e-36,5.1415e-36,5.1415e-36,5.1415e-36
4.1132e-36,4.1132e-36,4.1132e-36,4.1132e-36,4.1132e-36
3.2906e-36,3.2906e-36,3.2906e-36,3.2906e-36,3.2906e-36
2.6324e-36,2.6324e-36,2.6324e-36,2.6324e-36,2.6324e-36
2.106e-36,2.106e-36,2.106e-36,2.106e-36,2.106e-36
1.6848e-36,1.6848e-36,1.6848e-36,1.6848e-36,1.6848e-36
1.3478e-36,1.3478e-36,1.3478e-36,1.3478e-36,1.3478e-36
1.0782e-36,1.0782e-36,1.0782e-36,1.0782e-36,1.0782e-36
8.626e-37,8.626e-37,8.626e-37,8.626e-37,8.626e-37
6.9008e-37,6.9008e-37,6.9008e-37,6.9008e-37,6.9008e-37
5.5206e-37,5.5206e-37,5.5206e-37,5.5206e-37,5.5206e-37
4.4165e-37,4.4165e-37,4.4165e-37,4.4165e-37,4.4165e-37
3.5332e-37,3.5332e-37,3.5332e-37,3.5332e-37,3.5332e-37
2.8266e-37,2.8266e-37,2.8266e-37,2.8266e-37,2.8266e-37
2.2613e-37,2.2613e-37,2.2613e-37,2.2613e-37,2.2613e-37
1.809e-37,1.809e-37,1.809e-37,1.809e-37,1.809e-37
1.4472e-37,1.4472e-37,1.4472e-37,1.4472e-37,1.4472e-37
1.1578e-37,1.1578e-37,1.1578e-37,1.1578e-37,1.1578e-37
9.2621e-38,9.2621e-38,9.2621e-38,9.2621e-38,9.2621e-38
7.4097e-38,7.4097e-38,7.4097e-38,7.4097e-38,7.4097e-38
5.9277e-38,5.9277e-38,5.9277e-38,5.9277e-38,5.9277e-38
4.7422e-38,4.7422e-38,4.7422e-38,4.7422e-38,4.7422e-38
3.7937e-38,3.7937e-38,3.7937e-38,3.7937e-38,3.7937e-38
3.035e-38,3.035e-38,3.035e-38,3.035e-38,3.035e-38
2.428e-38,2.428e-38,2.428e-38,2.428e-38,2.428e-38
1.9424e-38,1.9424e-38,1.9424e-38,1.9424e-38,1.9424e-38
1.5539e-38,1.5539e-38,1.5539e-38,1.5539e-38,1.5539e-38
1.2431e-38,1.2431e-38,1.2431e-38,1.2431e-38,1.2431e-38
9.9451e-39,9.9451e-39,9.9451e-39,9.9451e-39,9.9451e-39
7.9561e-39,7.9561e-39,7.9561e-39,7.9561e-39,7.9561e-39
6.3649e-39,6.3649e-39,6.3649e-39,6.3649e-39,6.3649e-39
5.0919e-39,5.0919e-39,5.0919e-39,5.0919e-39,5.0919e-39
4.0735e-39,4.0735e-39,4.0735e-39,4.0735e-39,4.0735e-39
3.2588e-39,3.2588e-39,3.2588e-39,3.2588e-39,3.2588e-39
2.607e-39,2.607e-39,2.607e-39,2.607e-39,2.607e-39
2.0856e-39,2.0856e-39,2.0856e-39,2.0856e-39,2.0856e-39
1.6685e-39,1.6685e-39,1.6685e-39,1.6685e-39,1.6685e-39
1.3348e-39,1.3348e-39,1.3348e-39,1.3348e-39,1.3348e-39
1.0678e-39,1.0678e-39,1.0678e-39,1.0678e-39,1.0678e-39
8.5428e-40,8.5428e-40,8.5428e-40,8.5428e-40,8.5428e-40
6.8342e-40,6.8342e-40,6.8342e-40,6.8342e-40,6.8342e-40
5.4674e-40,5.4674e-40,5.4674e-40,5.4674e-40,5.4674e-40
4.3739e-40,4.3739e-40,4.3739e-40,4.3739e-40,4.3739e-40
3.4991e-40,3.4991e-40,3.4991e-40,3.4991e-40,3.4991e-40
2.7993e-40,2.7993e-40,2.7993e-40,2.7993e-40,2.7993e-40
2.2394e-40,2.2394e-40,2.2394e-40,2.2394e-40,2.2394e-40
1.7915e-40,1.7915e-40,1.7915e-40,1.7915e-40,1.7915e-40
1.4332e-40,1.4332e-40,1.4332e-40,1.4332e-40,1.4332e-40
1.1466e-40,1.1466e-40,1.1466e-40,1.1466e-40,1.1466e-40
9.1727e-41,9.1727e-41,9.1727e-41,9.1727e-41,9.1727e-41
7.3382e-41,7.3382e-41,7.3382e-41,7.3382e-41,7.3382e-41
5.8705e-41,5.8705e-41,5.8705e-41,5.8705e-41,5.8705e-41
4.6964e-41,4.6964e-41,4.6964e-41,4.6964e-41,4.6964e-41
3.7571e-41,3.7571e-41,3.7571e-41,3.7571e-41,3.7571e-41
3.0057e-41,3.0057e-41,3.0057e-41,3.0057e-41,3.0057e-41
2.4046e-41,2.4046e-41,2.4046e-41,2.4046e-41,2.4046e-41
1.9237e-41,1.9237e-41,1.9237e-41,1.9237e-41,1.9237e-41
1.5389e-41,1.5389e-41,1.5389e-41,1.5389e-41,1.5389e-41
1.2311e-41,1.2311e-41,1.2311e-41,1.2311e-41,1.2311e-41
9.8491e-42,9.8491e-42,9.8491e-42,9.8491e-42,9.8491e-42
7.8793e-42,7.8793e-42,7.8793e-42,7.8793e-42,7.8793e-42
6.3034e-42,6.3034e-42,6.3034e-42,6.3034e-42,6.3034e-42
5.0428e-42,5.0428e-42,5.0428e-42,5.0428e-42,5.0428e-42
4.0342e-42,4.0342e-42,4.0342e-42,4.0342e-42,4.0342e-42
3.2274e-42,3.2274e-42,3.2274e-42,3.2274e-42,3.2274e-42
2.5819e-42,2.5819e-42,2.5819e-42,2.5819e-42,2.5819e-42
2.0655e-42,2.0655e-42,2.0655e-42,2.0655e-42,2.0655e-42
1.6524e-42,1.6524e-42,1.6524e-42,1.6524e-42,1.6524e-42
1.3219e-42,1.3219e-42,1.3219e-42,1.3219e-42,1.3219e-42
1.0575e-42,1.0575e-42,1.0575e-42,1.0575e-42,1.0575e-42
8.4603e-43,8.4603e-43,8.4603e-43,8.4603e-43,8.4603e-43
6.7683e-43,6.7683e-43,6.7683e-43,6.7683e-43,6.7683e-43
5.4146e-43,5.4146e-43,5.4146e-43,5.4146e-43,5.4146e-43
4.3317e-43,4.3317e-43,4.3317e-43,4.3317e-43,4.3317e-43
3.4654e-43,3.4654e-43,3.4654e-43,3.4654e-43,3.4654e-43
2.7723e-43,2.7723e-43,2.7723e-43,2.7723e-43,2.7723e-43
2.2178e-43,2.2178e-43,2.2178e-43,2.2178e-43,2.2178e-43
1.7743e-43,1.7743e-43,1.7743e-43,1.7743e-43,1.7743e-43
1.4194e-43,1.4194e-43,1.4194e-43,1.4194e-43,1.4194e-43
1.1355e-43,1.1355e-43,1.1355e-43,1.1355e-43,1.1355e-43
9.0842e-44,9.0842e-44,9.0842e-44,9.0842e-44,9.0842e-44
7.2674e-44,7.2674e-44,7.2674e-44,7.2674e-44,7.2674e-44
5.8139e-44,5.8139e-44,5.8139e-44,5.8139e-44,5.8139e-44
4.6511e-44,4.6511e-44,4.6511e-44,4.6511e-44,4.6511e-44
3.7209e-44,3.7209e-44,3.7209e-44,3.7209e-44,3.7209e-44
2.9767e-44,2.9767e-44,2.9767e-44,2.9767e-44,2.9767e-44
2.3814e-44,2.3814e-44,2.3814e-44,2.3814e-44,2.3814e-44
1.9051e-44,1.9051e-44,1.9051e-44,1.9051e-44,1.9051e-44
1.5241e-44,1.5241e-44,1.5241e-44,1.5241e-44,1.5241e-44
1.2193e-44,1.2193e-44,1.2193e-44,1.2193e-44,1.2193e-44
9.7541e-45,9.7541e-45,9.7541e-45,9.7541e-45,9.7541e-45
7.8033e-45,7.8033e-45,7.8033e-45,7.8033e-45,7.8033e-45
6.2426e-45,6.2426e-45,6.2426e-45,6.2426e-45,6.2426e-45
4.9941e-45,4.9941e-45,4.9941e-45,4.9941e-45,4.9941e-45
3.9953e-45,3.9953e-45,3.9953e-45,3.9953e-45,3.9953e-45
3.1962e-45,3.1962e-45,3.1962e-45,3.1962e-45,3.1962e-45
2.557e-45,2.557e-45,2.557e-45,2.557e-45,2.557e-45
2.0456e-45,2.0456e-45,2.0456e-45,2.0456e-45,2.0456e-45
1.6365e-45,1.6365e-45,1.6365e-45,1.6365e-45,1.6365e-45
1.3092e-45,1.3092e-45,1.3092e-45,1.3092e-45,1.3092e-45
1.0473e-45,1.0473e-45,1.0473e-45,1.0473e-45,1.0473e-45
8.3787e-46,8.3787e-46,8.3787e-46,8.3787e-46,8.3787e-46
6.703e-46,6.703e-46,6.703e-46,6.703e-46,6.703e-46
5.3624e-46,5.3624e-46,5.3624e-46,5.3624e-46,5.3624e-46
4.2899e-46,4.2899e-46,4.2899e-46,4.2899e-46,4.2899e-46
3.4319e-46,3.4319e-46,3.4319e-46,3.4319e-46,3.4319e-46
2.7455e-46,2.7455e-46,2.7455e-46,2.7455e-46,2.7455e-46
2.1964e-46,2.1964e-46,2.1964e-46,2.1964e-46,2.1964e-46
1.7571e-46,1.7571e-46,1.7571e-46,1.7571e-46,1.7571e-46
1.4057e-46,1.4057e-46,1.4057e-46,1.4057e-46,1.4057e-46
1.1246e-46,1.1246e-46,1.1246e-46,1.1246e-46,1.1246e-46
8.9966e-47,8.9966e-47,8.9966e-47,8.9966e-47,8.9966e-47
7.1973e-47,7.1973e-47,7.1973e-47,7.1973e-47,7.1973e-47
5.7578e-47,5.7578e-47,5.7578e-47,5.7578e-47,5.7578e-47
4.6062e-47,4.6062e-47,4.6062e-47,4.6062e-47,4.6062e-47
3.685e-47,3.685e-47,3.685e-47,3.685e-47,3.685e-47
2.948e-47,2.948e-47,2.948e-47,2.948e-47,2.948e-47
2.3584e-47,2.3584e-47,2.3584e-47,2.3584e-47,2.3584e-47
1.8867e-47,1.8867e-47,1.8867e-47,1.8867e-47,1.8867e-47
1.5094e-47,1.5094e-47,1.5094e-47,1.5094e-47,1.5094e-47
1.2075e-47,1.2075e-47,1.2075e-47,1.2075e-47,1.2075e-47
9.66e-48,9.66e-48,9.66e-48,9.66e-48,9.66e-48
7.728e-48,7.728e-48,7.728e-48,7.728e-48,7.728e-48
6.1824e-48,6.1824e-48,6.1824e-48,6.1824e-48,6.1824e-48
4.9459e-48,4.9459e-48,4.9459e-48,4.9459e-48,4.9459e-48
3.9567e-48,3.9567e-48,3.9567e-48,3.9567e-48,3.9567e-48
3.1654e-48,3.1654e-48,3.1654e-48,3.1654e-48,3.1654e-48
2.5323e-48,2.5323e-48,2.5323e-48,2.5323e-48,2.5323e-48
2.0258e-48,2.0258e-48,2.0258e-48,2.0258e-48,2.0258e-48
1.6207e-48,1.6207e-48,1.6207e-48,1.6207e-48,1.6207e-48
1.2965e-48,1.2965e-48,1.2965e-48,1.2965e-48,1.2965e-48
1.0372e-48,1.0372e-48,1.0372e-48,1.0372e-48,1.0372e-48
8.2979e-49,8.2979e-49,8.2979e-49,8.2979e-49,8.2979e-49
6.6383e-49,6.6383e-49,6.6383e-49,6.6383e-49,6.6383e-49
5.3106e-49,5.3106e-49,5.3106e-49,5.3106e-49,5.3106e-49
4.2485e-49,4.2485e-49,4.2485e-49,4.2485e-49,4.2485e-49
3.3988e-49,3.3988e-49,3.3988e-49,3.3988e-49,3.3988e-49
2.719e-49,2.719e-49,2.719e-49,2.719e-49,2.719e-49
2.1752e-49,2.1752e-49,2.1752e-49,2.1752e-49,2.1752e-49
1.7402e-49,1.7402e-49,1.7402e-49,1.7402e-49,1.7402e-49
1.3922e-49,1.3922e-49,1.3922e-49,1.3922e-49,1.3922e-49
1.1137e-49,1.1137e-49,1.1137e-49,1.1137e-49,1.1137e-49
8.9098e-50,8.9098e-50,8.9098e-50,8.9098e-50,8.9098e-50
7.1278e-50,7.1278e-50,7.1278e-50,7.1278e-50,7.1278e-50
5.7023e-50,5.7023e-50,5.7023e-50,5.7023e-50,5.7023e-50
4.5618e-50,4.5618e-50,4.5618e-50,4.5618e-50,4.5618e-50
3.6494e-50,3.6494e-50,3.6494e-50,3.6494e-50,3.6494e-50
2.9196e-50,2.9196e-50,2.9196e-50,2.9196e-50,2.9196e-50
2.3356e-50,2.3356e-50,2.3356e-50,2.3356e-50,2.3356e-50
1.8685e-50,1.8685e-50,1.8685e-50,1.8685e-50,1.8685e-50
1.4948e-50,1.4948e-50,1.4948e-50,1.4948e-50,1.4948e-50
1.1959e-50,1.1959e-50,1.1959e-50,1.1959e-50,1.1959e-50
9.5668e-51,9.5668e-51,9.5668e-51,9.5668e-51,9.5668e-51
7.6534e-51,7.6534e-51,7.6534e-51,7.6534e-51,7.6534e-51
6.1228e-51,6.1228e-51,6.1228e-51,6.1228e-51,6.1228e-51
4.8982e-51,4.8982e-51,4.8982e-51,4.8982e-51,4.8982e-51
3.9186e-51,3.9186e-51,3.9186e-51,3.9186e-51,3.9186e-51
3.1348e-51,3.1348e-51,3.1348e-51,3.1348e-51,3.1348e-51
2.5079e-51,2.5079e-51,2.5079e-51,2.5079e-51,2.5079e-51
2.0063e-51,2.0063e-51,2.0063e-51,2.0063e-51,2.0063e-51
1.605e-51,1.605e-51,1.605e-51,1.605e-51,1.605e-51
1.284e-51,1.284e-51,1.284e-51,1.284e-51,1.284e-51
1.0272e-51,1.0272e-51,1.0272e-51,1.0272e-51,1.0272e-51
8.2178e-52,8.2178e-52,8.2178e-52,8.2178e-52,8.2178e-52
6.5743e-52,6.5743e-52,6.5743e-52,6.5743e-52,6.5743e-52
5.2594e-52,5.2594e-52,5.2594e-52,5.2594e-52,5.2594e-52
4.2075e-52,4.2075e-52,4.2075e-52,4.2075e-52,4.2075e-52
3.366e-52,3.366e-52,3.366e-52,3.366e-52,3.366e-52
2.6928e-52,2.6928e-52,2.6928e-52,2.6928e-52,2.6928e-52
2.1543e-52,2.1543e-52,2.1543e-52,2.1543e-52,2.1543e-52
1.7234e-52,1.7234e-52,1.7234e-52,1.7234e-52,1.7234e-52
1.3787e-52,1.3787e-52,1.3787e-52,1.3787e-52,1.3787e-52
1.103e-52,1.103e-52,1.103e-52,1.103e-52,1.103e-52
8.8238e-53,8.8238e-53,8.8238e-53,8.8238e-53,8.8238e-53
7.0591e-53,7.0591e-53,7.0591e-53,7.0591e-53,7.0591e-53
5.6472e-53,5.6472e-53,5.6472e-53,5.6472e-53,5.6472e-53
4.5178e-53,4.5178e-53,4.5178e-53,4.5178e-53,4.5178e-53
3.6142e-53,3.6142e-53,3.6142e-53,3.6142e-53,3.6142e-53
2.8914e-53,2.8914e-53,2.8914e-53,2.8914e-53,2.8914e-53
2.3131e-53,2.3131e-53,2.3131e-53,2.3131e-53,2.3131e-53
1.8505e-53,1.8505e-53,1.8505e-53,1.8505e-53,1.8505e-53
1.4804e-53,1.4804e-53,1.4804e-53,1.4804e-53,1.4804e-53
1.1843e-53,1.1843e-53,1.1843e-53,1.1843e-53,1.1843e-53
9.4745e-54,9.4745e-54,9.4745e-54,9.4745e-54,9.4745e-54
7.5796e-54,7.5796e-54,7.5796e-54,7.5796e-54,7.5796e-54
6.0637e-54,6.0637e-54,6.0637e-54,6.0637e-54,6.0637e-54
4.8509e-54,4.8509e-54,4.8509e-54,4.8509e-54,4.8509e-54
3.8808e-54,3.8808e-54,3.8808e-54,3.8808e-54,3.8808e-54
3.1046e-54,3.1046e-54,3.1046e-54,3.1046e-54,3.1046e-54
2.4837e-54,2.4837e-54,2.4837e-54,2.4837e-54,2.4837e-54
1.9869e-54,1.9869e-54,1.9869e-54,1.9869e-54,1.9869e-54
1.5896e-54,1.5896e-54,1.5896e-54,1.5896e-54,1.5896e-54
1.2716e-54,1.2716e-54,1.2716e-54,1.2716e-54,1.2716e-54
1.0173e-54,1.0173e-54,1.0173e-54,1.0173e-54,1.0173e-54
8.1385e-55,8.1385e-55,8.1385e-55,8.1385e-55,8.1385e-55
6.5108e-55,6.5108e-55,6.5108e-55,6.5108e-55,6.5108e-55
5.2087e-55,5.2087e-55,5.2087e-55,5.2087e-55,5.2087e-55
4.1669e-55,4.1669e-55,4.1669e-55,4.1669e-55,4.1669e-55
3.3335e-55,3.3335e-55,3.3335e-55,3.3335e-55,3.3335e-55
2.6668e-55,2.6668e-55,2.6668e-55,2.6668e-55,2.6668e-55
2.1335e-55,2.1335e-55,2.1335e-55,2.1335e-55,2.1335e-55
1.7068e-55,1.7068e-55,1.7068e-55,1.7068e-55,1.7068e-55
1.3654e-55,1.3654e-55,1.3654e-55,1.3654e-55,1.3654e-55
1.0923e-55,1.0923e-55,1.0923e-55,1.0923e-55,1.0923e-55
8.7387e-56,8.7387e-56,8.7387e-56,8.7387e-56,8.7387e-56
6.9909e-56,6.9909e-56,6.9909e-56,6.9909e-56,6.9909e-56
5.5928e-56,5.5928e-56,5.5928e-56,5.5928e-56,5.5928e-56
4.4742e-56,4.4742e-56,4.4742e-56,4.4742e-56,4.4742e-56
3.5794e-56,3.5794e-56,3.5794e-56,3.5794e-56,3.5794e-56
2.8635e-56,2.8635e-56,2.8635e-56,2.8635e-56,2.8635e-56
2.2908e-56,2.2908e-56,2.2908e-56,2.2908e-56,2.2908e-56
1.8326e-56,1.8326e-56,1.8326e-56,1.8326e-56,1.8326e-56
1.4661e-56,1.4661e-56,1.4661e-56,1.4661e-56,1.4661e-56
1.1729e-56,1.1729e-56,1.1729e-56,1.1729e-56,1.1729e-56
9.3831e-57,9.3831e-57,9.3831e-57,9.3831e-57,9.3831e-57
7.5065e-57,7.5065e-57,7.5065e-57,7.5065e-57,7.5065e-57
6.0052e-57,6.0052e-57,6.0052e-57,6.0052e-57,6.0052e-57
4.8041e-57,4.8041e-57,4.8041e-57,4.8041e-57,4.8041e-57
3.8433e-57,3.8433e-57,3.8433e-57,3.8433e-57,3.8433e-57
3.0747e-57,3.0747e-57,3.0747e-57,3.0747e-57,3.0747e-57
2.4597e-57,2.4597e-57,2.4597e-57,2.4597e-57,2.4597e-57
1.9678e-57,1.9678e-57,1.9678e-57,1.9678e-57,1.9678e-57
1.5742e-57,1.5742e-57,1.5742e-57,1.5742e-57,1.5742e-57
1.2594e-57,1.2594e-57,1.2594e-57,1.2594e-57,1.2594e-57
1.0075e-57,1.0075e-57,1.0075e-57,1.0075e-57,1.0075e-57
8.06e-58,8.06e-58,8.06e-58,8.06e-58,8.06e-58
6.448e-58,6.448e-58,6.448e-58,6.448e-58,6.448e-58
5.1584e-58,5.1584e-58,5.1584e-58,5.1584e-58,5.1584e-58
4.1267e-58,4.1267e-58,4.1267e-58,4.1267e-58,4.1267e-58
3.3014e-58,3.3014e-58,3.3014e-58,3.3014e-58,3.3014e-58
2.6411e-58,2.6411e-58,2.6411e-58,2.6411e-58,2.6411e-58
2.1129e-58,2.1129e-58,2.1129e-58,2.1129e-58,2.1129e-58
1.6903e-58,1.6903e-58,1.6903e-58,1.6903e-58,1.6903e-58
1.3522e-58,1.3522e-58,1.3522e-58,1.3522e-58,1.3522e-58
1.0818e-58,1.0818e-58,1.0818e-58,1.0818e-58,1.0818e-58
8.6544e-59,8.6544e-59,8.6544e-59,8.6544e-59,8.6544e-59
6.9235e-59,6.9235e-59,6.9235e-59,6.9235e-59,6.9235e-59
5.5388e-59,5.5388e-59,5.5388e-59,5.5388e-59,5.5388e-59
4.431e-59,4.431e-59,4.431e-59,4.431e-59,4.431e-59
3.5448e-59,3.5448e-59,3.5448e-59,3.5448e-59,3.5448e-59
2.8359e-59,2.8359e-59,2.8359e-59,2.8359e-59,2.8359e-59
2.2687e-59,2.2687e-59,2.2687e-59,2.2687e-59,2.2687e-59
1.815e-59,1.815e-59,1.815e-59,1.815e-59,1.815e-59
1.452e-59,1.452e-59,1.452e-59,1.452e-59,1.452e-59
1.1616e-59,1.1616e-59,1.1616e-59,1.1616e-59,1.1616e-59
9.2926e-60,9.2926e-60,9.2926e-60,9.2926e-60,9.2926e-60
7.4341e-60,7.4341e-60,7.4341e-60,7.4341e-60,7.4341e-60
5.9472e-60,5.9472e-60,5.9472e-60,5.9472e-60,5.9472e-60
4.7578e-60,4.7578e-60,4.7578e-60,4.7578e-60,4.7578e-60
3.8062e-60,3.8062e-60,3.8062e-60,3.8062e-60,3.8062e-60
3.045e-60,3.045e-60,3.045e-60,3.045e-60,3.045e-60
2.436e-60,2.436e-60,2.436e-60,2.436e-60,2.436e-60
1.9488e-60,1.9488e-60,1.9488e-60,1.9488e-60,1.9488e-60
1.559e-60,1.559e-60,1.559e-60,1.559e-60,1.559e-60
1.2472e-60,1.2472e-60,1.2472e-60,1.2472e-60,1.2472e-60
9.9778e-61,9.9778e-61,9.9778e-61,9.9778e-61,9.9778e-61
7.9823e-61,7.9823e-61,7.9823e-61,7.9823e-61,7.9823e-61
6.3858e-61,6.3858e-61,6.3858e-61,6.3858e-61,6.3858e-61
5.1086e-61,5.1086e-61,5.1086e-61,5.1086e-61,5.1086e-61
4.0869e-61,4.0869e-61,4.0869e-61,4.0869e-61,4.0869e-61
3.2695e-61,3.2695e-61,3.2695e-61,3.2695e-61,3.2695e-61
2.6156e-61,2.6156e-61,2.6156e-61,2.6156e-61,2.6156e-61
2.0925e-61,2.0925e-61,2.0925e-61,2.0925e-61,2.0925e-61
1.674e-61,1.674e-61,1.674e-61,1.674e-61,1.674e-61
1.3392e-61,1.3392e-61,1.3392e-61,1.3392e-61,1.3392e-61
1.0714e-61,1.0714e-61,1.0714e-61,1.0714e-61,1.0714e-61
8.5709e-62,8.5709e-62,8.5709e-62,8.5709e-62,8.5709e-62
6.8567e-62,6.8567e-62,6.8567e-62,6.8567e-62,6.8567e-62
5.4854e-62,5.4854e-62,5.4854e-62,5.4854e-62,5.4854e-62
4.3883e-62,4.3883e-62,4.3883e-62,4.3883e-62,4.3883e-62
3.5106e-62,3.5106e-62,3.5106e-62,3.5106e-62,3.5106e-62
2.8085e-62,2.8085e-62,2.8085e-62,2.8085e-62,2.8085e-62
2.2468e-62,2.2468e-62,2.2468e-62,2.2468e-62,2.2468e-62
1.7974e-62,1.7974e-62,1.7974e-62,1.7974e-62,1.7974e-62
1.438e-62,1.438e-62,1.438e-62,1.438e-62,1.438e-62
1.1504e-62,1.1504e-62,1.1504e-62,1.1504e-62,1.1504e-62
9.2029e-63,9.2029e-63,9.2029e-63,9.2029e-63,9.2029e-63
7.3623e-63,7.3623e-63,7.3623e-63,7.3623e-63,7.3623e-63
5.8899e-63,5.8899e-63,5.8899e-63,5.8899e-63,5.8899e-63
4.7119e-63,4.7119e-63,4.7119e-63,4.7119e-63,4.7119e-63
3.7695e-63,3.7695e-63,3.7695e-63,3.7695e-63,3.7695e-63
3.0156e-63,3.0156e-63,3.0156e-63,3.0156e-63,3.0156e-63
2.4125e-63,2.4125e-63,2.4125e-63,2.4125e-63,2.4125e-63
1.93e-63,1.93e-63,1.93e-63,1.93e-63,1.93e-63
1.544e-63,1.544e-63,1.544e-63,1.544e-63,1.544e-63
1.2352e-63,1.2352e-63,1.2352e-63,1.2352e-63,1.2352e-63
9.8816e-64,9.8816e-64,9.8816e-64,9.8816e-64,9.8816e-64
7.9052e-64,7.9052e-64,7.9052e-64,7.9052e-64,7.9052e-64
6.3242e-64,6.3242e-64,6.3242e-64,6.3242e-64,6.3242e-64
5.0594e-64,5.0594e-64,5.0594e-64,5.0594e-64,5.0594e-64
4.0475e-64,4.0475e-64,4.0475e-64,4.0475e-64,4.0475e-64
3.238e-64,3.238e-64,3.238e-64,3.238e-64,3.238e-64
2.5904e-64,2.5904e-64,2.5904e-64,2.5904e-64,2.5904e-64
2.0723e-64,2.0723e-64,2.0723e-64,2.0723e-64,2.0723e-64
1.6578e-64,1.6578e-64,1.6578e-64,1.6578e-64,1.6578e-64
1.3263e-64,1.3263e-64,1.3263e-64,1.3263e-64,1.3263e-64
1.061e-64,1.061e-64,1.061e-64,1.061e-64,1.061e-64
8.4882e-65,8.4882e-65,8.4882e-65,8.4882e-65,8.4882e-65
6.7905e-65,6.7905e-65,6.7905e-65,6.7905e-65,6.7905e-65
5.4324e-65,5.4324e-65,5.4324e-65,5.4324e-65,5.4324e-65
4.346e-65,4.346e-65,4.346e-65,4.346e-65,4.346e-65
3.4768e-65,3.4768e-65,3.4768e-65,3.4768e-65,3.4768e-65
2.7814e-65,2.7814e-65,2.7814e-65,2.7814e-65,2.7814e-65
2.2251e-65,2.2251e-65,2.2251e-65,2.2251e-65,2.2251e-65
1.7801e-65,1.7801e-65,1.7801e-65,1.7801e-65,1.7801e-65
1.4241e-65,1.4241e-65,1.4241e-65,1.4241e-65,1.4241e-65
1.1393e-65,1.1393e-65,1.1393e-65,1.1393e-65,1.1393e-65
9.1141e-66,9.1141e-66,9.1141e-66,9.1141e-66,9.1141e-66
7.2913e-66,7.2913e-66,7.2913e-66,7.2913e-66,7.2913e-66
5.833e-66,5.833e-66,5.833e-66,5.833e-66,5.833e-66
4.6664e-66,4.6664e-66,4.6664e-66,4.6664e-66,4.6664e-66
3.7331e-66,3.7331e-66,3.7331e-66,3.7331e-66,3.7331e-66
2.9865e-66,2.9865e-66,2.9865e-66,2.9865e-66,2.9865e-66
2.3892e-66,2.3892e-66,2.3892e-66,2.3892e-66,2.3892e-66
1.9114e-66,1.9114e-66,1.9114e-66,1.9114e-66,1.9114e-66
1.5291e-66,1.5291e-66,1.5291e-66,1.5291e-66,1.5291e-66
1.2233e-66,1.2233e-66,1.2233e-66,1.2233e-66,1.2233e-66
9.7862e-67,9.7862e-67,9.7862e-67,9.7862e-67,9.7862e-67
7.829e-67,7.829e-67,7.829e-67,7.829e-67,7.829e-67
6.2632e-67,6.2632e-67,6.2632e-67,6.2632e-67,6.2632e-67
5.0105e-67,5.0105e-67,5.0105e-67,5.0105e-67,5.0105e-67
4.0084e-67,4.0084e-67,4.0084e-67,4.0084e-67,4.0084e-67
3.2067e-67,3.2067e-67,3.2067e-67,3.2067e-67,3.2067e-67
2.5654e-67,2.5654e-67,2.5654e-67,2.5654e-67,2.5654e-67
2.0523e-67,2.0523e-67,2.0523e-67,2.0523e-67,2.0523e-67
1.6419e-67,1.6419e-67,1.6419e-67,1.6419e-67,1.6419e-67
1.3135e-67,1.3135e-67,1.3135e-67,1.3135e-67,1.3135e-67
1.0508e-67,1.0508e-67,1.0508e-67,1.0508e-67,1.0508e-67
8.4063e-68,8.4063e-68,8.4063e-68,8.4063e-68,8.4063e-68
6.725e-68,6.725e-68,6.725e-68,6.725e-68,6.725e-68
5.38e-68,5.38e-68,5.38e-68,5.38e-68,5.38e-68
4.304e-68,4.304e-68,4.304e-68,4.304e-68,4.304e-68
3.4432e-68,3.4432e-68,3.4432e-68,3.4432e-68,3.4432e-68
2.7546e-68,2.7546e-68,2.7546e-68,2.7546e-68,2.7546e-68
2.2037e-68,2.2037e-68,2.2037e-68,2.2037e-68,2.2037e-68
1.7629e-68,1.7629e-68,1.7629e-68,1.7629e-68,1.7629e-68
1.4103e-68,1.4103e-68,1.4103e-68,1.4103e-68,1.4103e-68
1.1283e-68,1.1283e-68,1.1283e-68,1.1283e-68,1.1283e-68
9.0262e-69,9.0262e-69,9.0262e-69,9.0262e-69,9.0262e-69
7.221e-69,7.221e-69,7.221e-69,7.221e-69,7.221e-69
5.7768e-69,5.7768e-69,5.7768e-69,5.7768e-69,5.7768e-69
4.6214e-69,4.6214e-69,4.6214e-69,4.6214e-69,4.6214e-69
3.6971e-69,3.6971e-69,3.6971e-69,3.6971e-69,3.6971e-69
2.9577e-69,2.9577e-69,2.9577e-69,2.9577e-69,2.9577e-69
2.3662e-69,2.3662e-69,2.3662e-69,2.3662e-69,2.3662e-69
1.8929e-69,1.8929e-69,1.8929e-69,1.8929e-69,1.8929e-69
1.5143e-69,1.5143e-69,1.5143e-69,1.5143e-69,1.5143e-69
1.2115e-69,1.2115e-69,1.2115e-69,1.2115e-69,1.2115e-69
9.6918e-70,9.6918e-70,9.6918e-70,9.6918e-70,9.6918e-70
7.7534e-70,7.7534e-70,7.7534e-70,7.7534e-70,7.7534e-70
6.2027e-70,6.2027e-70,6.2027e-70,6.2027e-70,6.2027e-70
4.9622e-70,4.9622e-70,4.9622e-70,4.9622e-70,4.9622e-70
3.9698e-70,3.9698e-70,3.9698e-70,3.9698e-70,3.9698e-70
3.1758e-70,3.1758e-70,3.1758e-70,3.1758e-70,3.1758e-70
2.5406e-70,2.5406e-70,2.5406e-70,2.5406e-70,2.5406e-70
2.0325e-70,2.0325e-70,2.0325e-70,2.0325e-70,2.0325e-70
1.626e-70,1.626e-70,1.626e-70,1.626e-70,1.626e-70
1.3008e-70,1.3008e-70,1.3008e-70,1.3008e-70,1.3008e-70
1.0406e-70,1.0406e-70,1.0406e-70,1.0406e-70,1.0406e-70
8.3252e-71,8.3252e-71,8.3252e-71,8.3252e-71,8.3252e-71
6.6602e-71,6.6602e-71,6.6602e-71,6.6602e-71,6.6602e-71
5.3281e-71,5.3281e-71,5.3281e-71,5.3281e-71,5.3281e-71
4.2625e-71,4.2625e-71,4.2625e-71,4.2625e-71,4.2625e-71
3.41e-71,3.41e-71,3.41e-71,3.41e-71,3.41e-71
2.728e-71,2.728e-71,2.728e-71,2.728e-71,2.728e-71
2.1824e-71,2.1824e-71,2.1824e-71,2.1824e-71,2.1824e-71
1.7459e-71,1.7459e-71,1.7459e-71,1.7459e-71,1.7459e-71
1.3967e-71,1.3967e-71,1.3967e-71,1.3967e-71,1.3967e-71
1.1174e-71,1.1174e-71,1.1174e-71,1.1174e-71,1.1174e-71
8.9391e-72,8.9391e-72,8.9391e-72,8.9391e-72,8.9391e-72
7.1513e-72,7.1513e-72,7.1513e-72,7.1513e-72,7.1513e-72
5.721e-72,5.721e-72,5.721e-72,5.721e-72,5.721e-72
4.5768e-72,4.5768e-72,4.5768e-72,4.5768e-72,4.5768e-72
3.6615e-72,3.6615e-72,3.6615e-72,3.6615e-72,3.6615e-72
2.9292e-72,2.9292e-72,2.9292e-72,2.9292e-72,2.9292e-72
2.3433e-72,2.3433e-72,2.3433e-72,2.3433e-72,2.3433e-72
1.8747e-72,1.8747e-72,1.8747e-72,1.8747e-72,1.8747e-72
1.4997e-72,1.4997e-72,1.4997e-72,1.4997e-72,1.4997e-72
1.1998e-72,1.1998e-72,1.1998e-72,1.1998e-72,1.1998e-72
9.5983e-73,9.5983e-73,9.5983e-73,9.5983e-73,9.5983e-73
7.6786e-73,7.6786e-73,7.6786e-73,7.6786e-73,7.6786e-73
6.1429e-73,6.1429e-73,6.1429e-73,6.1429e-73,6.1429e-73
4.9143e-73,4.9143e-73,4.9143e-73,4.9143e-73,4.9143e-73
3.9315e-73,3.9315e-73,3.9315e-73,3.9315e-73,3.9315e-73
3.1452e-73,3.1452e-73,3.1452e-73,3.1452e-73,3.1452e-73
2.5161e-73,2.5161e-73,2.5161e-73,2.5161e-73,2.5161e-73
2.0129e-73,2.0129e-73,2.0129e-73,2.0129e-73,2.0129e-73
1.6103e-73,1.6103e-73,1.6103e-73,1.6103e-73,1.6103e-73
1.2883e-73,1.2883e-73,1.2883e-73,1.2883e-73,1.2883e-73
1.0306e-73,1.0306e-73,1.0306e-73,1.0306e-73,1.0306e-73
8.2449e-74,8.2449e-74,8.2449e-74,8.2449e-74,8.2449e-74
6.5959e-74,6.5959e-74,6.5959e-74,6.5959e-74,6.5959e-74
5.2767e-74,5.2767e-74,5.2767e-74,5.2767e-74,5.2767e-74
4.2214e-74,4.2214e-74,4.2214e-74,4.2214e-74,4.2214e-74
3.3771e-74,3.3771e-74,3.3771e-74,3.3771e-74,3.3771e-74
2.7017e-74,2.7017e-74,2.7017e-74,2.7017e-74,2.7017e-74
2.1613e-74,2.1613e-74,2.1613e-74,2.1613e-74,2.1613e-74
1.7291e-74,1.7291e-74,1.7291e-74,1.7291e-74,1.7291e-74
1.3833e-74,1.3833e-74,1.3833e-74,1.3833e-74,1.3833e-74
1.1066e-74,1.1066e-74,1.1066e-74,1.1066e-74,1.1066e-74
8.8529e-75,8.8529e-75,8.8529e-75,8.8529e-75,8.8529e-75
7.0823e-75,7.0823e-75,7.0823e-75,7.0823e-75,7.0823e-75
5.6658e-75,5.6658e-75,5.6658e-75,5.6658e-75,5.6658e-75
4.5327e-75,4.5327e-75,4.5327e-75,4.5327e-75,4.5327e-75
3.6261e-75,3.6261e-75,3.6261e-75,3.6261e-75,3.6261e-75
2.9009e-75,2.9009e-75,2.9009e-75,2.9009e-75,2.9009e-75
2.3207e-75,2.3207e-75,2.3207e-75,2.3207e-75,2.3207e-75
1.8566e-75,1.8566e-75,1.8566e-75,1.8566e-75,1.8566e-75
1.4853e-75,1.4853e-75,1.4853e-75,1.4853e-75,1.4853e-75
1.1882e-75,1.1882e-75,1.1882e-75,1.1882e-75,1.1882e-75
9.5057e-76,9.5057e-76,9.5057e-76,9.5057e-76,9.5057e-76
7.6045e-76,7.6045e-76,7.6045e-76,7.6045e-76,7.6045e-76
6.0836e-76,6.0836e-76,6.0836e-76,6.0836e-76,6.0836e-76
4.8669e-76,4.8669e-76,4.8669e-76,4.8669e-76,4.8669e-76
3.8935e-76,3.8935e-76,3.8935e-76,3.8935e-76,3.8935e-76
3.1148e-76,3.1148e-76,3.1148e-76,3.1148e-76,3.1148e-76
2.4919e-76,2.4919e-76,2.4919e-76,2.4919e-76,2.4919e-76
1.9935e-76,1.9935e-76,1.9935e-76,1.9935e-76,1.9935e-76
1.5948e-76,1.5948e-76,1.5948e-76,1.5948e-76,1.5948e-76
1.2758e-76,1.2758e-76,1.2758e-76,1.2758e-76,1.2758e-76
1.0207e-76,1.0207e-76,1.0207e-76,1.0207e-76,1.0207e-76
8.1653e-77,8.1653e-77,8.1653e-77,8.1653e-77,8.1653e-77
6.5323e-77,6.5323e-77,6.5323e-77,6.5323e-77,6.5323e-77
5.2258e-77,5.2258e-77,5.2258e-77,5.2258e-77,5.2258e-77
4.1806e-77,4.1806e-77,4.1806e-77,4.1806e-77,4.1806e-77
3.3445e-77,3.3445e-77,3.3445e-77,3.3445e-77,3.3445e-77
2.6756e-77,2.6756e-77,2.6756e-77,2.6756e-77,2.6756e-77
2.1405e-77,2.1405e-77,2.1405e-77,2.1405e-77,2.1405e-77
1.7124e-77,1.7124e-77,1.7124e-77,1.7124e-77,1.7124e-77
1.3699e-77,1.3699e-77,1.3699e-77,1.3699e-77,1.3699e-77
1.0959e-77,1.0959e-77,1.0959e-77,1.0959e-77,1.0959e-77
8.7674e-78,8.7674e-78,8.7674e-78,8.7674e-78,8.7674e-78
7.014e-78,7.014e-78,7.014e-78,7.014e-78,7.014e-78
5.6112e-78,5.6112e-78,5.6112e-78,5.6112e-78,5.6112e-78
4.4889e-78,4.4889e-78,4.4889e-78,4.4889e-78,4.4889e-78
3.5911e-78,3.5911e-78,3.5911e-78,3.5911e-78,3.5911e-78
2.8729e-78,2.8729e-78,2.8729e-78,2.8729e-78,2.8729e-78
2.2983e-78,2.2983e-78,2.2983e-78,2.2983e-78,2.2983e-78
1.8387e-78,1.8387e-78,1.8387e-78,1.8387e-78,1.8387e-78
1.4709e-78,1.4709e-78,1.4709e-78,1.4709e-78,1.4709e-78
1.1767e-78,1.1767e-78,1.1767e-78,1.1767e-78,1.1767e-78
9.414e-79,9.414e-79,9.414e-79,9.414e-79,9.414e-79
7.5312e-79,7.5312e-79,7.5312e-79,7.5312e-79,7.5312e-79
6.0249e-79,6.0249e-79,6.0249e-79,6.0249e-79,6.0249e-79
4.82e-79,4.82e-79,4.82e-79,4.82e-79,4.82e-79
3.856e-79,3.856e-79,3.856e-79,3.856e-79,3.856e-79
3.0848e-79,3.0848e-79,3.0848e-79,3.0848e-79,3.0848e-79
2.4678e-79,2.4678e-79,2.4678e-79,2.4678e-79,2.4678e-79
1.9743e-79,1.9743e-79,1.9743e-79,1.9743e-79,1.9743e-79
1.5794e-79,1.5794e-79,1.5794e-79,1.5794e-79,1.5794e-79
1.2635e-79,1.2635e-79,1.2635e-79,1.2635e-79,1.2635e-79
1.0108e-79,1.0108e-79,1.0108e-79,1.0108e-79,1.0108e-79
8.0865e-80,8.0865e-80,8.0865e-80,8.0865e-80,8.0865e-80
6.4692e-80,6.4692e-80,6.4692e-80,6.4692e-80,6.4692e-80
5.1754e-80,5.1754e-80,5.1754e-80,5.1754e-80,5.1754e-80
4.1403e-80,4.1403e-80,4.1403e-80,4.1403e-80,4.1403e-80
3.3122e-80,3.3122e-80,3.3122e-80,3.3122e-80,3.3122e-80
2.6498e-80,2.6498e-80,2.6498e-80,2.6498e-80,2.6498e-80
2.1198e-80,2.1198e-80,2.1198e-80,2.1198e-80,2.1198e-80
1.6959e-80,1.6959e-80,1.6959e-80,1.6959e-80,1.6959e-80
1.3567e-80,1.3567e-80,1.3567e-80,1.3567e-80,1.3567e-80
1.0854e-80,1.0854e-80,1.0854e-80,1.0854e-80,1.0854e-80
8.6829e-81,8.6829e-81,8.6829e-81,8.6829e-81,8.6829e-81
6.9463e-81,6.9463e-81,6.9463e-81,6.9463e-81,6.9463e-81
5.557e-81,5.557e-81,5.557e-81,5.557e-81,5.557e-81
4.4456e-81,4.4456e-81,4.4456e-81,4.4456e-81,4.4456e-81
3.5565e-81,3.5565e-81,3.5565e-81,3.5565e-81,3.5565e-81
2.8452e-81,2.8452e-81,2.8452e-81,2.8452e-81,2.8452e-81
2.2762e-81,2.2762e-81,2.2762e-81,2.2762e-81,2.2762e-81
1.8209e-81,1.8209e-81,1.8209e-81,1.8209e-81,1.8209e-81
1.4567e-81,1.4567e-81,1.4567e-81,1.4567e-81,1.4567e-81
1.1654e-81,1.1654e-81,1.1654e-81,1.1654e-81,1.1654e-81
9.3231e-82,9.3231e-82,9.3231e-82,9.3231e-82,9.3231e-82
7.4585e-82,7.4585e-82,7.4585e-82,7.4585e-82,7.4585e-82
5.9668e-82,5.9668e-82,5.9668e-82,5.9668e-82,5.9668e-82
4.7735e-82,4.7735e-82,4.7735e-82,4.7735e-82,4.7735e-82
3.8188e-82,3.8188e-82,3.8188e-82,3.8188e-82,3.8188e-82
3.055e-82,3.055e-82,3.055e-82,3.055e-82,3.055e-82
2.444e-82,2.444e-82,2.444e-82,2.444e-82,2.444e-82
1.9552e-82,1.9552e-82,1.9552e-82,1.9552e-82,1.9552e-82
1.5642e-82,1.5642e-82,1.5642e-82,1.5642e-82,1.5642e-82
1.2513e-82,1.2513e-82,1.2513e-82,1.2513e-82,1.2513e-82
1.0011e-82,1.0011e-82,1.0011e-82,1.0011e-82,1.0011e-82
8.0085e-83,8.0085e-83,8.0085e-83,8.0085e-83,8.0085e-83
6.4068e-83,6.4068e-83,6.4068e-83,6.4068e-83,6.4068e-83
5.1255e-83,5.1255e-83,5.1255e-83,5.1255e-83,5.1255e-83
4.1004e-83,4.1004e-83,4.1004e-83,4.1004e-83,4.1004e-83
3.2803e-83,3.2803e-83,3.2803e-83,3.2803e-83,3.2803e-83
2.6242e-83,2.6242e-83,2.6242e-83,2.6242e-83,2.6242e-83
2.0994e-83,2.0994e-83,2.0994e-83,2.0994e-83,2.0994e-83
1.6795e-83,1.6795e-83,1.6795e-83,1.6795e-83,1.6795e-83
1.3436e-83,1.3436e-83,1.3436e-83,1.3436e-83,1.3436e-83
1.0749e-83,1.0749e-83,1.0749e-83,1.0749e-83,1.0749e-83
8.5991e-84,8.5991e-84,8.5991e-84,8.5991e-84,8.5991e-84
6.8793e-84,6.8793e-84,6.8793e-84,6.8793e-84,6.8793e-84
5.5034e-84,5.5034e-84,5.5034e-84,5.5034e-84,5.5034e-84
4.4027e-84,4.4027e-84,4.4027e-84,4.4027e-84,4.4027e-84
3.5222e-84,3.5222e-84,3.5222e-84,3.5222e-84,3.5222e-84
2.8177e-84,2.8177e-84,2.8177e-84,2.8177e-84,2.8177e-84
2.2542e-84,2.2542e-84,2.2542e-84,2.2542e-84,2.2542e-84
1.8034e-84,1.8034e-84,1.8034e-84,1.8034e-84,1.8034e-84
1.4427e-84,1.4427e-84,1.4427e-84,1.4427e-84,1.4427e-84
1.1542e-84,1.1542e-84,1.1542e-84,1.1542e-84,1.1542e-84
9.2332e-85,9.2332e-85,9.2332e-85,9.2332e-85,9.2332e-85
7.3866e-85,7.3866e-85,7.3866e-85,7.3866e-85,7.3866e-85
5.9092e-85,5.9092e-85,5.9092e-85,5.9092e-85,5.9092e-85
4.7274e-85,4.7274e-85,4.7274e-85,4.7274e-85,4.7274e-85
3.7819e-85,3.7819e-85,3.7819e-85,3.7819e-85,3.7819e-85
3.0255e-85,3.0255e-85,3.0255e-85,3.0255e-85,3.0255e-85
2.4204e-85,2.4204e-85,2.4204e-85,2.4204e-85,2.4204e-85
1.9363e-85,1.9363e-85,1.9363e-85,1.9363e-85,1.9363e-85
1.5491e-85,1.5491e-85,1.5491e-85,1.5491e-85,1.5491e-85
1.2393e-85,1.2393e-85,1.2393e-85,1.2393e-85,1.2393e-85
9.9141e-86,9.9141e-86,9.9141e-86,9.9141e-86,9.9141e-86
7.9313e-86,7.9313e-86,7.9313e-86,7.9313e-86,7.9313e-86
6.345e-86,6.345e-86,6.345e-86,6.345e-86,6.345e-86
5.076e-86,5.076e-86,5.076e-86,5.076e-86,5.076e-86
4.0608e-86,4.0608e-86,4.0608e-86,4.0608e-86,4.0608e-86
3.2486e-86,3.2486e-86,3.2486e-86,3.2486e-86,3.2486e-86
2.5989e-86,2.5989e-86,2.5989e-86,2.5989e-86,2.5989e-86
2.0791e-86,2.0791e-86,2.0791e-86,2.0791e-86,2.0791e-86
1.6633e-86,1.6633e-86,1.6633e-86,1.6633e-86,1.6633e-86
1.3306e-86,1.3306e-86,1.3306e-86,1.3306e-86,1.3306e-86
1.0645e-86,1.0645e-86,1.0645e-86,1.0645e-86,1.0645e-86
8.5161e-87,8.5161e-87,8.5161e-87,8.5161e-87,8.5161e-87
6.8129e-87,6.8129e-87,6.8129e-87,6.8129e-87,6.8129e-87
5.4503e-87,5.4503e-87,5.4503e-87,5.4503e-87,5.4503e-87
4.3603e-87,4.3603e-87,4.3603e-87,4.3603e-87,4.3603e-87
3.4882e-87,3.4882e-87,3.4882e-87,3.4882e-87,3.4882e-87
2.7906e-87,2.7906e-87,2.7906e-87,2.7906e-87,2.7906e-87
2.2325e-87,2.2325e-87,2.2325e-87,2.2325e-87,2.2325e-87
1.786e-87,1.786e-87,1.786e-87,1.786e-87,1.786e-87
1.4288e-87,1.4288e-87,1.4288e-87,1.4288e-87,1.4288e-87
1.143e-87,1.143e-87,1.143e-87,1.143e-87,1.143e-87
9.1441e-88,9.1441e-88,9.1441e-88,9.1441e-88,9.1441e-88
7.3153e-88,7.3153e-88,7.3153e-88,7.3153e-88,7.3153e-88
5.8522e-88,5.8522e-88,5.8522e-88,5.8522e-88,5.8522e-88
4.6818e-88,4.6818e-88,4.6818e-88,4.6818e-88,4.6818e-88
3.7454e-88,3.7454e-88,3.7454e-88,3.7454e-88,3.7454e-88
2.9963e-88,2.9963e-88,2.9963e-88,2.9963e-88,2.9963e-88
2.3971e-88,2.3971e-88,2.3971e-88,2.3971e-88,2.3971e-88
1.9177e-88,1.9177e-88,1.9177e-88,1.9177e-88,1.9177e-88
1.5341e-88,1.5341e-88,1.5341e-88,1.5341e-88,1.5341e-88
1.2273e-88,1.2273e-88,1.2273e-88,1.2273e-88,1.2273e-88
9.8184e-89,9.8184e-89,9.8184e-89,9.8184e-89,9.8184e-89
7.8547e-89,7.8547e-89,7.8547e-89,7.8547e-89,7.8547e-89
6.2838e-89,6.2838e-89,6.2838e-89,6.2838e-89,6.2838e-89
5.027e-89,5.027e-89,5.027e-89,5.027e-89,5.027e-89
4.0216e-89,4.0216e-89,4.0216e-89,4.0216e-89,4.0216e-89
3.2173e-89,3.2173e-89,3.2173e-89,3.2173e-89,3.2173e-89
2.5738e-89,2.5738e-89,2.5738e-89,2.5738e-89,2.5738e-89
2.0591e-89,2.0591e-89,2.0591e-89,2.0591e-89,2.0591e-89
1.6473e-89,1.6473e-89,1.6473e-89,1.6473e-89,1.6473e-89
1.3178e-89,1.3178e-89,1.3178e-89,1.3178e-89,1.3178e-89
1.0542e-89,1.0542e-89,1.0542e-89,1.0542e-89,1.0542e-89
8.434e-90,8.434e-90,8.434e-90,8.434e-90,8.434e-90
6.7472e-90,6.7472e-90,6.7472e-90,6.7472e-90,6.7472e-90
5.3977e-90,5.3977e-90,5.3977e-90,5.3977e-90,5.3977e-90
4.3182e-90,4.3182e-90,4.3182e-90,4.3182e-90,4.3182e-90
3.4546e-90,3.4546e-90,3.4546e-90,3.4546e-90,3.4546e-90
2.7636e-90,2.7636e-90,2.7636e-90,2.7636e-90,2.7636e-90
2.2109e-90,2.2109e-90,2.2109e-90,2.2109e-90,2.2109e-90
1.7687e-90,1.7687e-90,1.7687e-90,1.7687e-90,1.7687e-90
1.415e-90,1.415e-90,1.415e-90,1.415e-90,1.415e-90
1.132e-90,1.132e-90,1.132e-90,1.132e-90,1.132e-90
9.0559e-91,9.0559e-91,9.0559e-91,9.0559e-91,9.0559e-91
7.2447e-91,7.2447e-91,7.2447e-91,7.2447e-91,7.2447e-91
5.7958e-91,5.7958e-91,5.7958e-91,5.7958e-91,5.7958e-91
4.6366e-91,4.6366e-91,4.6366e-91,4.6366e-91,4.6366e-91
3.7093e-91,3.7093e-91,3.7093e-91,3.7093e-91,3.7093e-91
2.9674e-91,2.9674e-91,2.9674e-91,2.9674e-91,2.9674e-91
2.3739e-91,2.3739e-91,2.3739e-91,2.3739e-91,2.3739e-91
1.8992e-91,1.8992e-91,1.8992e-91,1.8992e-91,1.8992e-91
1.5193e-91,1.5193e-91,1.5193e-91,1.5193e-91,1.5193e-91
1.2155e-91,1.2155e-91,1.2155e-91,1.2155e-91,1.2155e-91
9.7237e-92,9.7237e-92,9.7237e-92,9.7237e-92,9.7237e-92
7.779e-92,7.779e-92,7.779e-92,7.779e-92,7.779e-92
6.2232e-92,6.2232e-92,6.2232e-92,6.2232e-92,6.2232e-92
4.9785e-92,4.9785e-92,4.9785e-92,4.9785e-92,4.9785e-92
3.9828e-92,3.9828e-92,3.9828e-92,3.9828e-92,3.9828e-92
3.1863e-92,3.1863e-92,3.1863e-92,3.1863e-92,3.1863e-92
2.549e-92,2.549e-92,2.549e-92,2.549e-92,2.549e-92
2.0392e-92,2.0392e-92,2.0392e-92,2.0392e-92,2.0392e-92
1.6314e-92,1.6314e-92,1.6314e-92,1.6314e-92,1.6314e-92
1.3051e-92,1.3051e-92,1.3051e-92,1.3051e-92,1.3051e-92
1.0441e-92,1.0441e-92,1.0441e-92,1.0441e-92,1.0441e-92
8.3526e-93,8.3526e-93,8.3526e-93,8.3526e-93,8.3526e-93
6.6821e-93,6.6821e-93,6.6821e-93,6.6821e-93,6.6821e-93
5.3457e-93,5.3457e-93,5.3457e-93,5.3457e-93,5.3457e-93
4.2765e-93,4.2765e-93,4.2765e-93,4.2765e-93,4.2765e-93
3.4212e-93,3.4212e-93,3.4212e-93,3.4212e-93,3.4212e-93
2.737e-93,2.737e-93,2.737e-93,2.737e-93,2.737e-93
2.1896e-93,2.1896e-93,2.1896e-93,2.1896e-93,2.1896e-93
1.7517e-93,1.7517e-93,1.7517e-93,1.7517e-93,1.7517e-93
1.4013e-93,1.4013e-93,1.4013e-93,1.4013e-93,1.4013e-93
1.1211e-93,1.1211e-93,1.1211e-93,1.1211e-93,1.1211e-93
8.9685e-94,8.9685e-94,8.9685e-94,8.9685e-94,8.9685e-94
7.1748e-94,7.1748e-94,7.1748e-94,7.1748e-94,7.1748e-94
5.7399e-94,5.7399e-94,5.7399e-94,5.7399e-94,5.7399e-94
4.5919e-94,4.5919e-94,4.5919e-94,4.5919e-94,4.5919e-94
3.6735e-94,3.6735e-94,3.6735e-94,3.6735e-94,3.6735e-94
2.9388e-94,2.9388e-94,2.9388e-94,2.9388e-94,2.9388e-94
2.351e-94,2.351e-94,2.351e-94,2.351e-94,2.351e-94
1.8808e-94,1.8808e-94,1.8808e-94,1.8808e-94,1.8808e-94
1.5047e-94,1.5047e-94,1.5047e-94,1.5047e-94,1.5047e-94
1.2037e-94,1.2037e-94,1.2037e-94,1.2037e-94,1.2037e-94
9.6299e-95,9.6299e-95,9.6299e-95,9.6299e-95,9.6299e-95
7.7039e-95,7.7039e-95,7.7039e-95,7.7039e-95,7.7039e-95
6.1631e-95,6.1631e-95,6.1631e-95,6.1631e-95,6.1631e-95
4.9305e-95,4.9305e-95,4.9305e-95,4.9305e-95,4.9305e-95
3.9444e-95,3.9444e-95,3.9444e-95,3.9444e-95,3.9444e-95
3.1555e-95,3.1555e-95,3.1555e-95,3.1555e-95,3.1555e-95
2.5244e-95,2.5244e-95,2.5244e-95,2.5244e-95,2.5244e-95
2.0195e-95,2.0195e-95,2.0195e-95,2.0195e-95,2.0195e-95
1.6156e-95,1.6156e-95,1.6156e-95,1.6156e-95,1.6156e-95
1.2925e-95,1.2925e-95,1.2925e-95,1.2925e-95,1.2925e-95
1.034e-95,1.034e-95,1.034e-95,1.034e-95,1.034e-95
8.272e-96,8.272e-96,8.272e-96,8.272e-96,8.272e-96
6.6176e-96,6.6176e-96,6.6176e-96,6.6176e-96,6.6176e-96
5.2941e-96,5.2941e-96,5.2941e-96,5.2941e-96,5.2941e-96
4.2353e-96,4.2353e-96,4.2353e-96,4.2353e-96,4.2353e-96
3.3882e-96,3.3882e-96,3.3882e-96,3.3882e-96,3.3882e-96
2.7106e-96,2.7106e-96,2.7106e-96,2.7106e-96,2.7106e-96
2.1685e-96,2.1685e-96,2.1685e-96,2.1685e-96,2.1685e-96
1.7348e-96,1.7348e-96,1.7348e-96,1.7348e-96,1.7348e-96
1.3878e-96,1.3878e-96,1.3878e-96,1.3878e-96,1.3878e-96
1.1102e-96,1.1102e-96,1.1102e-96,1.1102e-96,1.1102e-96
8.882e-97,8.882e-97,8.882e-97,8.882e-97,8.882e-97
7.1056e-97,7.1056e-97,7.1056e-97,7.1056e-97,7.1056e-97
5.6845e-97,5.6845e-97,5.6845e-97,5.6845e-97,5.6845e-97
4.5476e-97,4.5476e-97,4.5476e-97,4.5476e-97,4.5476e-97
3.6381e-97,3.6381e-97,3.6381e-97,3.6381e-97,3.6381e-97
2.9105e-97,2.9105e-97,2.9105e-97,2.9105e-97,2.9105e-97
2.3284e-97,2.3284e-97,2.3284e-97,2.3284e-97,2.3284e-97
1.8627e-97,1.8627e-97,1.8627e-97,1.8627e-97,1.8627e-97
1.4902e-97,1.4902e-97,1.4902e-97,1.4902e-97,1.4902e-97
1.1921e-97,1.1921e-97,1.1921e-97,1.1921e-97,1.1921e-97
9.537e-98,9.537e-98,9.537e-98,9.537e-98,9.537e-98
7.6296e-98,7.6296e-98,7.6296e-98,7.6296e-98,7.6296e-98
6.1037e-98,6.1037e-98,6.1037e-98,6.1037e-98,6.1037e-98
4.8829e-98,4.8829e-98,4.8829e-98,4.8829e-98,4.8829e-98
3.9063e-98,3.9063e-98,3.9063e-98,3.9063e-98,3.9063e-98
3.1251e-98,3.1251e-98,3.1251e-98,3.1251e-98,3.1251e-98
2.5001e-98,2.5001e-98,2.5001e-98,2.5001e-98,2.5001e-98
2e-98,2e-98,2e-98,2e-98,2e-98
1.6e-98,1.6e-98,1.6e-98,1.6e-98,1.6e-98
