0.1,0.2,0.3,0.5,0.6
0.0404,0.0636,0.0838,0.099,0.0932
0.016838,0.023751,0.030615,0.035337,0.032984
0.0070612,0.0092718,0.011829,0.013503,0.012496
0.0029546,0.0036809,0.0046584,0.0052762,0.0048488
0.0012304,0.0014719,0.0018475,0.0020786,0.001901
0.00050973,0.00059057,0.00073476,0.00082158,0.00074912
0.00021018,0.00023735,0.00029254,0.00032518,0.00029609
8.6316e-05,9.5478e-05,0.00011653,0.0001288,0.00011727
3.5326e-05,3.8425e-05,4.6431e-05,5.1036e-05,4.6512e-05
1.4415e-05,1.5468e-05,1.8504e-05,2.0231e-05,1.8471e-05
5.8682e-06,6.2267e-06,7.3752e-06,8.0225e-06,7.3423e-06
2.3839e-06,2.5064e-06,2.94e-06,3.1824e-06,2.921e-06
9.6676e-07,1.0088e-06,1.1722e-06,1.2629e-06,1.1629e-06
3.9147e-07,4.0595e-07,4.6742e-07,5.0134e-07,4.6323e-07
1.5831e-07,1.6332e-07,1.8642e-07,1.9909e-07,1.8462e-07
6.3951e-08,6.5689e-08,7.4358e-08,7.9095e-08,7.3611e-08
2.5808e-08,2.6414e-08,2.9665e-08,3.1434e-08,2.9361e-08
1.0407e-08,1.0619e-08,1.1836e-08,1.2497e-08,1.1715e-08
4.193e-09,4.2675e-09,4.7233e-09,4.9698e-09,4.6754e-09
1.6883e-09,1.7146e-09,1.8851e-09,1.9771e-09,1.8664e-09
6.7942e-10,6.8874e-10,7.5249e-10,7.8679e-10,7.4521e-10
2.7327e-10,2.7659e-10,3.0041e-10,3.132e-10,2.976e-10
1.0986e-10,1.1104e-10,1.1994e-10,1.2471e-10,1.1887e-10
4.4148e-11,4.4572e-11,4.7894e-11,4.9672e-11,4.7483e-11
1.7735e-11,1.7887e-11,1.9127e-11,1.979e-11,1.897e-11
7.1216e-12,7.1765e-12,7.6392e-12,7.8862e-12,7.5798e-12
2.8589e-12,2.8787e-12,3.0514e-12,3.1434e-12,3.0289e-12
1.1474e-12,1.1546e-12,1.2189e-12,1.2532e-12,1.2104e-12
4.6035e-13,4.6296e-13,4.8697e-13,4.9975e-13,4.8377e-13
1.8466e-13,1.8561e-13,1.9456e-13,1.9932e-13,1.9336e-13
7.4057e-14,7.4405e-14,7.7742e-14,7.9515e-14,7.7289e-14
2.9694e-14,2.9822e-14,3.1065e-14,3.1726e-14,3.0895e-14
1.1904e-14,1.1951e-14,1.2415e-14,1.2661e-14,1.2351e-14
4.7716e-15,4.7888e-15,4.9615e-15,5.0531e-15,4.9376e-15
1.9123e-15,1.9186e-15,1.983e-15,2.0171e-15,1.974e-15
7.6628e-16,7.6861e-16,7.9258e-16,8.053e-16,7.8924e-16
3.0702e-16,3.0788e-16,3.1681e-16,3.2154e-16,3.1556e-16
1.23e-16,1.2331e-16,1.2664e-16,1.284e-16,1.2617e-16
4.9268e-17,4.9385e-17,5.0624e-17,5.1281e-17,5.045e-17
1.9733e-17,1.9776e-17,2.0238e-17,2.0483e-17,2.0173e-17
7.9029e-18,7.9189e-18,8.0909e-18,8.182e-18,8.0666e-18
3.1648e-18,3.1707e-18,3.2347e-18,3.2687e-18,3.2257e-18
1.2672e-18,1.2694e-18,1.2933e-18,1.3059e-18,1.2899e-18
5.0739e-19,5.0821e-19,5.1709e-19,5.218e-19,5.1583e-19
2.0314e-19,2.0344e-19,2.0675e-19,2.0851e-19,2.0628e-19
8.1326e-20,8.1438e-20,8.267e-20,8.3323e-20,8.2495e-20
3.2556e-20,3.2598e-20,3.3057e-20,3.33e-20,3.2991e-20
1.3032e-20,1.3047e-20,1.3218e-20,1.3309e-20,1.3194e-20
5.2163e-21,5.2221e-21,5.2857e-21,5.3194e-21,5.2766e-21
2.0878e-21,2.09e-21,2.1137e-21,2.1262e-21,2.1103e-21
8.3563e-22,8.3643e-22,8.4525e-22,8.4992e-22,8.4399e-22
3.3444e-22,3.3473e-22,3.3802e-22,3.3976e-22,3.3755e-22
1.3384e-22,1.3395e-22,1.3518e-22,1.3582e-22,1.35e-22
5.3562e-23,5.3603e-23,5.4059e-23,5.43e-23,5.3994e-23
2.1434e-23,2.145e-23,2.1619e-23,2.1709e-23,2.1595e-23
8.5773e-24,8.5829e-24,8.6461e-24,8.6796e-24,8.637e-24
3.4322e-24,3.4343e-24,3.4578e-24,3.4703e-24,3.4545e-24
1.3734e-24,1.3742e-24,1.3829e-24,1.3876e-24,1.3817e-24
5.4953e-25,5.4982e-25,5.5308e-25,5.5481e-25,5.5262e-25
2.1988e-25,2.1999e-25,2.212e-25,2.2185e-25,2.2103e-25
8.7977e-26,8.8017e-26,8.847e-26,8.8709e-26,8.8405e-26
3.52e-26,3.5215e-26,3.5384e-26,3.5473e-26,3.5359e-26
1.4084e-26,1.4089e-26,1.4152e-26,1.4185e-26,1.4143e-26
5.6347e-27,5.6368e-27,5.6602e-27,5.6725e-27,5.6568e-27
2.2544e-27,2.2551e-27,2.2638e-27,2.2684e-27,2.2626e-27
9.0193e-28,9.0222e-28,9.0546e-28,9.0717e-28,9.0499e-28
3.6084e-28,3.6095e-28,3.6215e-28,3.6279e-28,3.6198e-28
1.4436e-28,1.444e-28,1.4485e-28,1.4509e-28,1.4478e-28
5.7753e-29,5.7768e-29,5.7936e-29,5.8024e-29,5.7912e-29
2.3105e-29,2.311e-29,2.3173e-29,2.3206e-29,2.3164e-29
9.2432e-30,9.2453e-30,9.2685e-30,9.2807e-30,9.2651e-30
3.6978e-30,3.6985e-30,3.7072e-30,3.7117e-30,3.7059e-30
1.4793e-30,1.4796e-30,1.4828e-30,1.4845e-30,1.4823e-30
5.9178e-31,5.9189e-31,5.9308e-31,5.9372e-31,5.9291e-31
2.3674e-31,2.3678e-31,2.3722e-31,2.3746e-31,2.3716e-31
9.4704e-32,9.4719e-32,9.4885e-32,9.4973e-32,9.4861e-32
3.7885e-32,3.7891e-32,3.7952e-32,3.7985e-32,3.7943e-32
1.5155e-32,1.5157e-32,1.518e-32,1.5193e-32,1.5177e-32
6.0626e-33,6.0634e-33,6.0719e-33,6.0765e-33,6.0707e-33
2.4252e-33,2.4255e-33,2.4287e-33,2.4304e-33,2.4282e-33
9.7015e-34,9.7026e-34,9.7145e-34,9.7208e-34,9.7128e-34
3.8809e-34,3.8812e-34,3.8857e-34,3.888e-34,3.885e-34
1.5524e-34,1.5526e-34,1.5542e-34,1.5551e-34,1.554e-34
6.2101e-35,6.2106e-35,6.2168e-35,6.22e-35,6.2159e-35
2.4842e-35,2.4844e-35,2.4866e-35,2.4879e-35,2.4863e-35
9.9371e-36,9.9379e-36,9.9464e-36,9.9509e-36,9.9451e-36
3.975e-36,3.9753e-36,3.9785e-36,3.9801e-36,3.978e-36
1.5901e-36,1.5902e-36,1.5914e-36,1.592e-36,1.5912e-36
6.3605e-37,6.3609e-37,6.3653e-37,6.3676e-37,6.3647e-37
2.5443e-37,2.5444e-37,2.5461e-37,2.5469e-37,2.5458e-37
1.0178e-37,1.0178e-37,1.0184e-37,1.0187e-37,1.0183e-37
4.0711e-38,4.0713e-38,4.0736e-38,4.0748e-38,4.0733e-38
1.6285e-38,1.6286e-38,1.6294e-38,1.6299e-38,1.6293e-38
6.5142e-39,6.5145e-39,6.5176e-39,6.5193e-39,6.5172e-39
2.6057e-39,2.6058e-39,2.607e-39,2.6076e-39,2.6068e-39
1.0423e-39,1.0424e-39,1.0428e-39,1.043e-39,1.0427e-39
4.1694e-40,4.1695e-40,4.1711e-40,4.172e-40,4.1709e-40
1.6678e-40,1.6678e-40,1.6684e-40,1.6688e-40,1.6684e-40
6.6713e-41,6.6715e-41,6.6737e-41,6.6749e-41,6.6734e-41
2.6686e-41,2.6686e-41,2.6695e-41,2.6699e-41,2.6693e-41
1.0674e-41,1.0675e-41,1.0678e-41,1.0679e-41,1.0677e-41
4.2698e-42,4.2699e-42,4.2711e-42,4.2717e-42,4.2709e-42
1.708e-42,1.708e-42,1.7084e-42,1.7087e-42,1.7084e-42
6.8319e-43,6.832e-43,6.8336e-43,6.8345e-43,6.8334e-43
2.7328e-43,2.7328e-43,2.7334e-43,2.7338e-43,2.7334e-43
1.0931e-43,1.0931e-43,1.0934e-43,1.0935e-43,1.0933e-43
4.3726e-44,4.3726e-44,4.3735e-44,4.3739e-44,4.3733e-44
1.749e-44,1.7491e-44,1.7494e-44,1.7495e-44,1.7493e-44
6.9962e-45,6.9963e-45,6.9975e-45,6.9981e-45,6.9973e-45
2.7985e-45,2.7986e-45,2.799e-45,2.7992e-45,2.7989e-45
1.1194e-45,1.1194e-45,1.1196e-45,1.1197e-45,1.1196e-45
4.4777e-46,4.4777e-46,4.4783e-46,4.4787e-46,4.4783e-46
1.7911e-46,1.7911e-46,1.7913e-46,1.7914e-46,1.7913e-46
7.1644e-47,7.1645e-47,7.1653e-47,7.1657e-47,7.1652e-47
2.8658e-47,2.8658e-47,2.8661e-47,2.8663e-47,2.8661e-47
1.1463e-47,1.1463e-47,1.1464e-47,1.1465e-47,1.1464e-47
4.5853e-48,4.5853e-48,4.5858e-48,4.586e-48,4.5857e-48
1.8341e-48,1.8341e-48,1.8343e-48,1.8344e-48,1.8343e-48
7.3365e-49,7.3366e-49,7.3372e-49,7.3375e-49,7.3371e-49
2.9346e-49,2.9346e-49,2.9349e-49,2.935e-49,2.9348e-49
1.1739e-49,1.1739e-49,1.1739e-49,1.174e-49,1.1739e-49
4.6954e-50,4.6955e-50,4.6958e-50,4.6959e-50,4.6957e-50
1.8782e-50,1.8782e-50,1.8783e-50,1.8784e-50,1.8783e-50
7.5128e-51,7.5128e-51,7.5132e-51,7.5134e-51,7.5132e-51
3.0051e-51,3.0051e-51,3.0053e-51,3.0054e-51,3.0053e-51
1.202e-51,1.2021e-51,1.2021e-51,1.2021e-51,1.2021e-51
4.8082e-52,4.8082e-52,4.8084e-52,4.8086e-52,4.8084e-52
1.9233e-52,1.9233e-52,1.9234e-52,1.9234e-52,1.9234e-52
7.6932e-53,7.6932e-53,7.6935e-53,7.6936e-53,7.6934e-53
3.0773e-53,3.0773e-53,3.0774e-53,3.0775e-53,3.0774e-53
1.2309e-53,1.2309e-53,1.231e-53,1.231e-53,1.2309e-53
4.9236e-54,4.9237e-54,4.9238e-54,4.9239e-54,4.9238e-54
1.9695e-54,1.9695e-54,1.9695e-54,1.9696e-54,1.9695e-54
7.8779e-55,7.8779e-55,7.8781e-55,7.8782e-55,7.8781e-55
3.1511e-55,3.1512e-55,3.1512e-55,3.1513e-55,3.1512e-55
1.2605e-55,1.2605e-55,1.2605e-55,1.2605e-55,1.2605e-55
5.0419e-56,5.0419e-56,5.042e-56,5.042e-56,5.042e-56
2.0167e-56,2.0167e-56,2.0168e-56,2.0168e-56,2.0168e-56
8.067e-57,8.067e-57,8.0671e-57,8.0672e-57,8.0671e-57
3.2268e-57,3.2268e-57,3.2269e-57,3.2269e-57,3.2268e-57
1.2907e-57,1.2907e-57,1.2907e-57,1.2908e-57,1.2907e-57
5.1629e-58,5.1629e-58,5.163e-58,5.163e-58,5.163e-58
2.0652e-58,2.0652e-58,2.0652e-58,2.0652e-58,2.0652e-58
8.2606e-59,8.2606e-59,8.2607e-59,8.2608e-59,8.2607e-59
3.3043e-59,3.3043e-59,3.3043e-59,3.3043e-59,3.3043e-59
1.3217e-59,1.3217e-59,1.3217e-59,1.3217e-59,1.3217e-59
5.2868e-60,5.2868e-60,5.2869e-60,5.2869e-60,5.2869e-60
2.1147e-60,2.1147e-60,2.1147e-60,2.1148e-60,2.1147e-60
8.4589e-61,8.4589e-61,8.459e-61,8.459e-61,8.459e-61
3.3836e-61,3.3836e-61,3.3836e-61,3.3836e-61,3.3836e-61
1.3534e-61,1.3534e-61,1.3534e-61,1.3534e-61,1.3534e-61
5.4137e-62,5.4137e-62,5.4138e-62,5.4138e-62,5.4137e-62
2.1655e-62,2.1655e-62,2.1655e-62,2.1655e-62,2.1655e-62
8.6619e-63,8.6619e-63,8.662e-63,8.662e-63,8.662e-63
3.4648e-63,3.4648e-63,3.4648e-63,3.4648e-63,3.4648e-63
1.3859e-63,1.3859e-63,1.3859e-63,1.3859e-63,1.3859e-63
5.5436e-64,5.5436e-64,5.5437e-64,5.5437e-64,5.5437e-64
2.2175e-64,2.2175e-64,2.2175e-64,2.2175e-64,2.2175e-64
8.8698e-65,8.8698e-65,8.8699e-65,8.8699e-65,8.8699e-65
3.5479e-65,3.5479e-65,3.548e-65,3.548e-65,3.5479e-65
1.4192e-65,1.4192e-65,1.4192e-65,1.4192e-65,1.4192e-65
5.6767e-66,5.6767e-66,5.6767e-66,5.6767e-66,5.6767e-66
2.2707e-66,2.2707e-66,2.2707e-66,2.2707e-66,2.2707e-66
9.0827e-67,9.0827e-67,9.0828e-67,9.0828e-67,9.0827e-67
3.6331e-67,3.6331e-67,3.6331e-67,3.6331e-67,3.6331e-67
1.4532e-67,1.4532e-67,1.4532e-67,1.4532e-67,1.4532e-67
5.8129e-68,5.8129e-68,5.813e-68,5.813e-68,5.813e-68
2.3252e-68,2.3252e-68,2.3252e-68,2.3252e-68,2.3252e-68
9.3007e-69,9.3007e-69,9.3007e-69,9.3007e-69,9.3007e-69
3.7203e-69,3.7203e-69,3.7203e-69,3.7203e-69,3.7203e-69
1.4881e-69,1.4881e-69,1.4881e-69,1.4881e-69,1.4881e-69
5.9525e-70,5.9525e-70,5.9525e-70,5.9525e-70,5.9525e-70
2.381e-70,2.381e-70,2.381e-70,2.381e-70,2.381e-70
9.5239e-71,9.5239e-71,9.524e-71,9.524e-71,9.5239e-71
3.8096e-71,3.8096e-71,3.8096e-71,3.8096e-71,3.8096e-71
1.5238e-71,1.5238e-71,1.5238e-71,1.5238e-71,1.5238e-71
6.0953e-72,6.0953e-72,6.0953e-72,6.0953e-72,6.0953e-72
2.4381e-72,2.4381e-72,2.4381e-72,2.4381e-72,2.4381e-72
9.7525e-73,9.7525e-73,9.7525e-73,9.7525e-73,9.7525e-73
3.901e-73,3.901e-73,3.901e-73,3.901e-73,3.901e-73
1.5604e-73,1.5604e-73,1.5604e-73,1.5604e-73,1.5604e-73
6.2416e-74,6.2416e-74,6.2416e-74,6.2416e-74,6.2416e-74
2.4966e-74,2.4966e-74,2.4966e-74,2.4966e-74,2.4966e-74
9.9866e-75,9.9866e-75,9.9866e-75,9.9866e-75,9.9866e-75
3.9946e-75,3.9946e-75,3.9946e-75,3.9946e-75,3.9946e-75
1.5979e-75,1.5979e-75,1.5979e-75,1.5979e-75,1.5979e-75
6.3914e-76,6.3914e-76,6.3914e-76,6.3914e-76,6.3914e-76
2.5566e-76,2.5566e-76,2.5566e-76,2.5566e-76,2.5566e-76
1.0226e-76,1.0226e-76,1.0226e-76,1.0226e-76,1.0226e-76
4.0905e-77,4.0905e-77,4.0905e-77,4.0905e-77,4.0905e-77
1.6362e-77,1.6362e-77,1.6362e-77,1.6362e-77,1.6362e-77
6.5448e-78,6.5448e-78,6.5448e-78,6.5448e-78,6.5448e-78
2.6179e-78,2.6179e-78,2.6179e-78,2.6179e-78,2.6179e-78
1.0472e-78,1.0472e-78,1.0472e-78,1.0472e-78,1.0472e-78
4.1887e-79,4.1887e-79,4.1887e-79,4.1887e-79,4.1887e-79
1.6755e-79,1.6755e-79,1.6755e-79,1.6755e-79,1.6755e-79
6.7019e-80,6.7019e-80,6.7019e-80,6.7019e-80,6.7019e-80
2.6808e-80,2.6808e-80,2.6808e-80,2.6808e-80,2.6808e-80
1.0723e-80,1.0723e-80,1.0723e-80,1.0723e-80,1.0723e-80
4.2892e-81,4.2892e-81,4.2892e-81,4.2892e-81,4.2892e-81
1.7157e-81,1.7157e-81,1.7157e-81,1.7157e-81,1.7157e-81
6.8627e-82,6.8627e-82,6.8627e-82,6.8627e-82,6.8627e-82
2.7451e-82,2.7451e-82,2.7451e-82,2.7451e-82,2.7451e-82
1.098e-82,1.098e-82,1.098e-82,1.098e-82,1.098e-82
4.3921e-83,4.3921e-83,4.3921e-83,4.3921e-83,4.3921e-83
1.7569e-83,1.7569e-83,1.7569e-83,1.7569e-83,1.7569e-83
7.0274e-84,7.0274e-84,7.0274e-84,7.0274e-84,7.0274e-84
2.811e-84,2.811e-84,2.811e-84,2.811e-84,2.811e-84
1.1244e-84,1.1244e-84,1.1244e-84,1.1244e-84,1.1244e-84
4.4976e-85,4.4976e-85,4.4976e-85,4.4976e-85,4.4976e-85
1.799e-85,1.799e-85,1.799e-85,1.799e-85,1.799e-85
7.1961e-86,7.1961e-86,7.1961e-86,7.1961e-86,7.1961e-86
2.8784e-86,2.8784e-86,2.8784e-86,2.8784e-86,2.8784e-86
1.1514e-86,1.1514e-86,1.1514e-86,1.1514e-86,1.1514e-86
4.6055e-87,4.6055e-87,4.6055e-87,4.6055e-87,4.6055e-87
1.8422e-87,1.8422e-87,1.8422e-87,1.8422e-87,1.8422e-87
7.3688e-88,7.3688e-88,7.3688e-88,7.3688e-88,7.3688e-88
2.9475e-88,2.9475e-88,2.9475e-88,2.9475e-88,2.9475e-88
1.179e-88,1.179e-88,1.179e-88,1.179e-88,1.179e-88
4.716e-89,4.716e-89,4.716e-89,4.716e-89,4.716e-89
1.8864e-89,1.8864e-89,1.8864e-89,1.8864e-89,1.8864e-89
7.5456e-90,7.5456e-90,7.5456e-90,7.5456e-90,7.5456e-90
3.0183e-90,3.0183e-90,3.0183e-90,3.0183e-90,3.0183e-90
1.2073e-90,1.2073e-90,1.2073e-90,1.2073e-90,1.2073e-90
4.8292e-91,4.8292e-91,4.8292e-91,4.8292e-91,4.8292e-91
1.9317e-91,1.9317e-91,1.9317e-91,1.9317e-91,1.9317e-91
7.7267e-92,7.7267e-92,7.7267e-92,7.7267e-92,7.7267e-92
3.0907e-92,3.0907e-92,3.0907e-92,3.0907e-92,3.0907e-92
1.2363e-92,1.2363e-92,1.2363e-92,1.2363e-92,1.2363e-92
4.9451e-93,4.9451e-93,4.9451e-93,4.9451e-93,4.9451e-93
1.978e-93,1.978e-93,1.978e-93,1.978e-93,1.978e-93
7.9122e-94,7.9122e-94,7.9122e-94,7.9122e-94,7.9122e-94
3.1649e-94,3.1649e-94,3.1649e-94,3.1649e-94,3.1649e-94
1.2659e-94,1.2659e-94,1.2659e-94,1.2659e-94,1.2659e-94
5.0638e-95,5.0638e-95,5.0638e-95,5.0638e-95,5.0638e-95
2.0255e-95,2.0255e-95,2.0255e-95,2.0255e-95,2.0255e-95
8.1021e-96,8.1021e-96,8.1021e-96,8.1021e-96,8.1021e-96
3.2408e-96,3.2408e-96,3.2408e-96,3.2408e-96,3.2408e-96
1.2963e-96,1.2963e-96,1.2963e-96,1.2963e-96,1.2963e-96
5.1853e-97,5.1853e-97,5.1853e-97,5.1853e-97,5.1853e-97
2.0741e-97,2.0741e-97,2.0741e-97,2.0741e-97,2.0741e-97
8.2965e-98,8.2965e-98,8.2965e-98,8.2965e-98,8.2965e-98
3.3186e-98,3.3186e-98,3.3186e-98,3.3186e-98,3.3186e-98
1.3274e-98,1.3274e-98,1.3274e-98,1.3274e-98,1.3274e-98
5.3098e-99,5.3098e-99,5.3098e-99,5.3098e-99,5.3098e-99
2.1239e-99,2.1239e-99,2.1239e-99,2.1239e-99,2.1239e-99
8.4956e-100,8.4956e-100,8.4956e-100,8.4956e-100,8.4956e-100
3.3983e-100,3.3983e-100,3.3983e-100,3.3983e-100,3.3983e-100
1.3593e-100,1.3593e-100,1.3593e-100,1.3593e-100,1.3593e-100
5.4372e-101,5.4372e-101,5.4372e-101,5.4372e-101,5.4372e-101
2.1749e-101,2.1749e-101,2.1749e-101,2.1749e-101,2.1749e-101
8.6995e-102,8.6995e-102,8.6995e-102,8.6995e-102,8.6995e-102
3.4798e-102,3.4798e-102,3.4798e-102,3.4798e-102,3.4798e-102
1.3919e-102,1.3919e-102,1.3919e-102,1.3919e-102,1.3919e-102
5.5677e-103,5.5677e-103,5.5677e-103,5.5677e-103,5.5677e-103
2.2271e-103,2.2271e-103,2.2271e-103,2.2271e-103,2.2271e-103
8.9083e-104,8.9083e-104,8.9083e-104,8.9083e-104,8.9083e-104
3.5633e-104,3.5633e-104,3.5633e-104,3.5633e-104,3.5633e-104
1.4253e-104,1.4253e-104,1.4253e-104,1.4253e-104,1.4253e-104
5.7013e-105,5.7013e-105,5.7013e-105,5.7013e-105,5.7013e-105
2.2805e-105,2.2805e-105,2.2805e-105,2.2805e-105,2.2805e-105
9.1221e-106,9.1221e-106,9.1221e-106,9.1221e-106,9.1221e-106
3.6489e-106,3.6489e-106,3.6489e-106,3.6489e-106,3.6489e-106
1.4595e-106,1.4595e-106,1.4595e-106,1.4595e-106,1.4595e-106
5.8382e-107,5.8382e-107,5.8382e-107,5.8382e-107,5.8382e-107
2.3353e-107,2.3353e-107,2.3353e-107,2.3353e-107,2.3353e-107
9.3411e-108,9.3411e-108,9.3411e-108,9.3411e-108,9.3411e-108
3.7364e-108,3.7364e-108,3.7364e-108,3.7364e-108,3.7364e-108
1.4946e-108,1.4946e-108,1.4946e-108,1.4946e-108,1.4946e-108
5.9783e-109,5.9783e-109,5.9783e-109,5.9783e-109,5.9783e-109
2.3913e-109,2.3913e-109,2.3913e-109,2.3913e-109,2.3913e-109
9.5652e-110,9.5652e-110,9.5652e-110,9.5652e-110,9.5652e-110
3.8261e-110,3.8261e-110,3.8261e-110,3.8261e-110,3.8261e-110
1.5304e-110,1.5304e-110,1.5304e-110,1.5304e-110,1.5304e-110
6.1218e-111,6.1218e-111,6.1218e-111,6.1218e-111,6.1218e-111
2.4487e-111,2.4487e-111,2.4487e-111,2.4487e-111,2.4487e-111
9.7948e-112,9.7948e-112,9.7948e-112,9.7948e-112,9.7948e-112
3.9179e-112,3.9179e-112,3.9179e-112,3.9179e-112,3.9179e-112
1.5672e-112,1.5672e-112,1.5672e-112,1.5672e-112,1.5672e-112
6.2687e-113,6.2687e-113,6.2687e-113,6.2687e-113,6.2687e-113
2.5075e-113,2.5075e-113,2.5075e-113,2.5075e-113,2.5075e-113
1.003e-113,1.003e-113,1.003e-113,1.003e-113,1.003e-113
4.012e-114,4.012e-114,4.012e-114,4.012e-114,4.012e-114
1.6048e-114,1.6048e-114,1.6048e-114,1.6048e-114,1.6048e-114
6.4191e-115,6.4191e-115,6.4191e-115,6.4191e-115,6.4191e-115
2.5677e-115,2.5677e-115,2.5677e-115,2.5677e-115,2.5677e-115
1.0271e-115,1.0271e-115,1.0271e-115,1.0271e-115,1.0271e-115
4.1082e-116,4.1082e-116,4.1082e-116,4.1082e-116,4.1082e-116
1.6433e-116,1.6433e-116,1.6433e-116,1.6433e-116,1.6433e-116
6.5732e-117,6.5732e-117,6.5732e-117,6.5732e-117,6.5732e-117
2.6293e-117,2.6293e-117,2.6293e-117,2.6293e-117,2.6293e-117
1.0517e-117,1.0517e-117,1.0517e-117,1.0517e-117,1.0517e-117
4.2068e-118,4.2068e-118,4.2068e-118,4.2068e-118,4.2068e-118
1.6827e-118,1.6827e-118,1.6827e-118,1.6827e-118,1.6827e-118
6.7309e-119,6.7309e-119,6.7309e-119,6.7309e-119,6.7309e-119
2.6924e-119,2.6924e-119,2.6924e-119,2.6924e-119,2.6924e-119
1.077e-119,1.077e-119,1.077e-119,1.077e-119,1.077e-119
4.3078e-120,4.3078e-120,4.3078e-120,4.3078e-120,4.3078e-120
1.7231e-120,1.7231e-120,1.7231e-120,1.7231e-120,1.7231e-120
6.8925e-121,6.8925e-121,6.8925e-121,6.8925e-121,6.8925e-121
2.757e-121,2.757e-121,2.757e-121,2.757e-121,2.757e-121
1.1028e-121,1.1028e-121,1.1028e-121,1.1028e-121,1.1028e-121
4.4112e-122,4.4112e-122,4.4112e-122,4.4112e-122,4.4112e-122
1.7645e-122,1.7645e-122,1.7645e-122,1.7645e-122,1.7645e-122
7.0579e-123,7.0579e-123,7.0579e-123,7.0579e-123,7.0579e-123
2.8232e-123,2.8232e-123,2.8232e-123,2.8232e-123,2.8232e-123
1.1293e-123,1.1293e-123,1.1293e-123,1.1293e-123,1.1293e-123
4.5171e-124,4.5171e-124,4.5171e-124,4.5171e-124,4.5171e-124
1.8068e-124,1.8068e-124,1.8068e-124,1.8068e-124,1.8068e-124
7.2273e-125,7.2273e-125,7.2273e-125,7.2273e-125,7.2273e-125
2.8909e-125,2.8909e-125,2.8909e-125,2.8909e-125,2.8909e-125
1.1564e-125,1.1564e-125,1.1564e-125,1.1564e-125,1.1564e-125
4.6255e-126,4.6255e-126,4.6255e-126,4.6255e-126,4.6255e-126
1.8502e-126,1.8502e-126,1.8502e-126,1.8502e-126,1.8502e-126
7.4007e-127,7.4007e-127,7.4007e-127,7.4007e-127,7.4007e-127
2.9603e-127,2.9603e-127,2.9603e-127,2.9603e-127,2.9603e-127
1.1841e-127,1.1841e-127,1.1841e-127,1.1841e-127,1.1841e-127
4.7365e-128,4.7365e-128,4.7365e-128,4.7365e-128,4.7365e-128
1.8946e-128,1.8946e-128,1.8946e-128,1.8946e-128,1.8946e-128
7.5784e-129,7.5784e-129,7.5784e-129,7.5784e-129,7.5784e-129
3.0313e-129,3.0313e-129,3.0313e-129,3.0313e-129,3.0313e-129
1.2125e-129,1.2125e-129,1.2125e-129,1.2125e-129,1.2125e-129
4.8502e-130,4.8502e-130,4.8502e-130,4.8502e-130,4.8502e-130
1.9401e-130,1.9401e-130,1.9401e-130,1.9401e-130,1.9401e-130
7.7602e-131,7.7602e-131,7.7602e-131,7.7602e-131,7.7602e-131
3.1041e-131,3.1041e-131,3.1041e-131,3.1041e-131,3.1041e-131
1.2416e-131,1.2416e-131,1.2416e-131,1.2416e-131,1.2416e-131
4.9666e-132,4.9666e-132,4.9666e-132,4.9666e-132,4.9666e-132
1.9866e-132,1.9866e-132,1.9866e-132,1.9866e-132,1.9866e-132
7.9465e-133,7.9465e-133,7.9465e-133,7.9465e-133,7.9465e-133
3.1786e-133,3.1786e-133,3.1786e-133,3.1786e-133,3.1786e-133
1.2714e-133,1.2714e-133,1.2714e-133,1.2714e-133,1.2714e-133
5.0858e-134,5.0858e-134,5.0858e-134,5.0858e-134,5.0858e-134
2.0343e-134,2.0343e-134,2.0343e-134,2.0343e-134,2.0343e-134
8.1372e-135,8.1372e-135,8.1372e-135,8.1372e-135,8.1372e-135
3.2549e-135,3.2549e-135,3.2549e-135,3.2549e-135,3.2549e-135
1.302e-135,1.302e-135,1.302e-135,1.302e-135,1.302e-135
5.2078e-136,5.2078e-136,5.2078e-136,5.2078e-136,5.2078e-136
2.0831e-136,2.0831e-136,2.0831e-136,2.0831e-136,2.0831e-136
8.3325e-137,8.3325e-137,8.3325e-137,8.3325e-137,8.3325e-137
3.333e-137,3.333e-137,3.333e-137,3.333e-137,3.333e-137
1.3332e-137,1.3332e-137,1.3332e-137,1.3332e-137,1.3332e-137
5.3328e-138,5.3328e-138,5.3328e-138,5.3328e-138,5.3328e-138
2.1331e-138,2.1331e-138,2.1331e-138,2.1331e-138,2.1331e-138
8.5325e-139,8.5325e-139,8.5325e-139,8.5325e-139,8.5325e-139
3.413e-139,3.413e-139,3.413e-139,3.413e-139,3.413e-139
1.3652e-139,1.3652e-139,1.3652e-139,1.3652e-139,1.3652e-139
5.4608e-140,5.4608e-140,5.4608e-140,5.4608e-140,5.4608e-140
2.1843e-140,2.1843e-140,2.1843e-140,2.1843e-140,2.1843e-140
8.7373e-141,8.7373e-141,8.7373e-141,8.7373e-141,8.7373e-141
3.4949e-141,3.4949e-141,3.4949e-141,3.4949e-141,3.4949e-141
1.398e-141,1.398e-141,1.398e-141,1.398e-141,1.398e-141
5.5918e-142,5.5918e-142,5.5918e-142,5.5918e-142,5.5918e-142
2.2367e-142,2.2367e-142,2.2367e-142,2.2367e-142,2.2367e-142
8.947e-143,8.947e-143,8.947e-143,8.947e-143,8.947e-143
3.5788e-143,3.5788e-143,3.5788e-143,3.5788e-143,3.5788e-143
1.4315e-143,1.4315e-143,1.4315e-143,1.4315e-143,1.4315e-143
5.7261e-144,5.7261e-144,5.7261e-144,5.7261e-144,5.7261e-144
2.2904e-144,2.2904e-144,2.2904e-144,2.2904e-144,2.2904e-144
9.1617e-145,9.1617e-145,9.1617e-145,9.1617e-145,9.1617e-145
3.6647e-145,3.6647e-145,3.6647e-145,3.6647e-145,3.6647e-145
1.4659e-145,1.4659e-145,1.4659e-145,1.4659e-145,1.4659e-145
5.8635e-146,5.8635e-146,5.8635e-146,5.8635e-146,5.8635e-146
2.3454e-146,2.3454e-146,2.3454e-146,2.3454e-146,2.3454e-146
9.3816e-147,9.3816e-147,9.3816e-147,9.3816e-147,9.3816e-147
3.7526e-147,3.7526e-147,3.7526e-147,3.7526e-147,3.7526e-147
1.5011e-147,1.5011e-147,1.5011e-147,1.5011e-147,1.5011e-147
6.0042e-148,6.0042e-148,6.0042e-148,6.0042e-148,6.0042e-148
2.4017e-148,2.4017e-148,2.4017e-148,2.4017e-148,2.4017e-148
9.6067e-149,9.6067e-149,9.6067e-149,9.6067e-149,9.6067e-149
3.8427e-149,3.8427e-149,3.8427e-149,3.8427e-149,3.8427e-149
1.5371e-149,1.5371e-149,1.5371e-149,1.5371e-149,1.5371e-149
6.1483e-150,6.1483e-150,6.1483e-150,6.1483e-150,6.1483e-150
2.4593e-150,2.4593e-150,2.4593e-150,2.4593e-150,2.4593e-150
9.8373e-151,9.8373e-151,9.8373e-151,9.8373e-151,9.8373e-151
3.9349e-151,3.9349e-151,3.9349e-151,3.9349e-151,3.9349e-151
1.574e-151,1.574e-151,1.574e-151,1.574e-151,1.574e-151
6.2959e-152,6.2959e-152,6.2959e-152,6.2959e-152,6.2959e-152
2.5183e-152,2.5183e-152,2.5183e-152,2.5183e-152,2.5183e-152
1.0073e-152,1.0073e-152,1.0073e-152,1.0073e-152,1.0073e-152
4.0294e-153,4.0294e-153,4.0294e-153,4.0294e-153,4.0294e-153
1.6117e-153,1.6117e-153,1.6117e-153,1.6117e-153,1.6117e-153
6.447e-154,6.447e-154,6.447e-154,6.447e-154,6.447e-154
2.5788e-154,2.5788e-154,2.5788e-154,2.5788e-154,2.5788e-154
1.0315e-154,1.0315e-154,1.0315e-154,1.0315e-154,1.0315e-154
4.1261e-155,4.1261e-155,4.1261e-155,4.1261e-155,4.1261e-155
1.6504e-155,1.6504e-155,1.6504e-155,1.6504e-155,1.6504e-155
6.6017e-156,6.6017e-156,6.6017e-156,6.6017e-156,6.6017e-156
2.6407e-156,2.6407e-156,2.6407e-156,2.6407e-156,2.6407e-156
1.0563e-156,1.0563e-156,1.0563e-156,1.0563e-156,1.0563e-156
4.2251e-157,4.2251e-157,4.2251e-157,4.2251e-157,4.2251e-157
1.69e-157,1.69e-157,1.69e-157,1.69e-157,1.69e-157
6.7601e-158,6.7601e-158,6.7601e-158,6.7601e-158,6.7601e-158
2.7041e-158,2.7041e-158,2.7041e-158,2.7041e-158,2.7041e-158
1.0816e-158,1.0816e-158,1.0816e-158,1.0816e-158,1.0816e-158
4.3265e-159,4.3265e-159,4.3265e-159,4.3265e-159,4.3265e-159
1.7306e-159,1.7306e-159,1.7306e-159,1.7306e-159,1.7306e-159
6.9224e-160,6.9224e-160,6.9224e-160,6.9224e-160,6.9224e-160
2.7689e-160,2.7689e-160,2.7689e-160,2.7689e-160,2.7689e-160
1.1076e-160,1.1076e-160,1.1076e-160,1.1076e-160,1.1076e-160
4.4303e-161,4.4303e-161,4.4303e-161,4.4303e-161,4.4303e-161
1.7721e-161,1.7721e-161,1.7721e-161,1.7721e-161,1.7721e-161
7.0885e-162,7.0885e-162,7.0885e-162,7.0885e-162,7.0885e-162
2.8354e-162,2.8354e-162,2.8354e-162,2.8354e-162,2.8354e-162
1.1342e-162,1.1342e-162,1.1342e-162,1.1342e-162,1.1342e-162
4.5366e-163,4.5366e-163,4.5366e-163,4.5366e-163,4.5366e-163
1.8147e-163,1.8147e-163,1.8147e-163,1.8147e-163,1.8147e-163
7.2586e-164,7.2586e-164,7.2586e-164,7.2586e-164,7.2586e-164
2.9035e-164,2.9035e-164,2.9035e-164,2.9035e-164,2.9035e-164
1.1614e-164,1.1614e-164,1.1614e-164,1.1614e-164,1.1614e-164
4.6455e-165,4.6455e-165,4.6455e-165,4.6455e-165,4.6455e-165
1.8582e-165,1.8582e-165,1.8582e-165,1.8582e-165,1.8582e-165
7.4328e-166,7.4328e-166,7.4328e-166,7.4328e-166,7.4328e-166
2.9731e-166,2.9731e-166,2.9731e-166,2.9731e-166,2.9731e-166
1.1893e-166,1.1893e-166,1.1893e-166,1.1893e-166,1.1893e-166
4.757e-167,4.757e-167,4.757e-167,4.757e-167,4.757e-167
1.9028e-167,1.9028e-167,1.9028e-167,1.9028e-167,1.9028e-167
7.6112e-168,7.6112e-168,7.6112e-168,7.6112e-168,7.6112e-168
3.0445e-168,3.0445e-168,3.0445e-168,3.0445e-168,3.0445e-168
1.2178e-168,1.2178e-168,1.2178e-168,1.2178e-168,1.2178e-168
4.8712e-169,4.8712e-169,4.8712e-169,4.8712e-169,4.8712e-169
1.9485e-169,1.9485e-169,1.9485e-169,1.9485e-169,1.9485e-169
7.7939e-170,7.7939e-170,7.7939e-170,7.7939e-170,7.7939e-170
3.1176e-170,3.1176e-170,3.1176e-170,3.1176e-170,3.1176e-170
1.247e-170,1.247e-170,1.247e-170,1.247e-170,1.247e-170
4.9881e-171,4.9881e-171,4.9881e-171,4.9881e-171,4.9881e-171
1.9952e-171,1.9952e-171,1.9952e-171,1.9952e-171,1.9952e-171
7.981e-172,7.981e-172,7.981e-172,7.981e-172,7.981e-172
3.1924e-172,3.1924e-172,3.1924e-172,3.1924e-172,3.1924e-172
1.277e-172,1.277e-172,1.277e-172,1.277e-172,1.277e-172
5.1078e-173,5.1078e-173,5.1078e-173,5.1078e-173,5.1078e-173
2.0431e-173,2.0431e-173,2.0431e-173,2.0431e-173,2.0431e-173
8.1725e-174,8.1725e-174,8.1725e-174,8.1725e-174,8.1725e-174
3.269e-174,3.269e-174,3.269e-174,3.269e-174,3.269e-174
1.3076e-174,1.3076e-174,1.3076e-174,1.3076e-174,1.3076e-174
5.2304e-175,5.2304e-175,5.2304e-175,5.2304e-175,5.2304e-175
2.0922e-175,2.0922e-175,2.0922e-175,2.0922e-175,2.0922e-175
8.3686e-176,8.3686e-176,8.3686e-176,8.3686e-176,8.3686e-176
3.3475e-176,3.3475e-176,3.3475e-176,3.3475e-176,3.3475e-176
1.339e-176,1.339e-176,1.339e-176,1.339e-176,1.339e-176
5.3559e-177,5.3559e-177,5.3559e-177,5.3559e-177,5.3559e-177
2.1424e-177,2.1424e-177,2.1424e-177,2.1424e-177,2.1424e-177
8.5695e-178,8.5695e-178,8.5695e-178,8.5695e-178,8.5695e-178
3.4278e-178,3.4278e-178,3.4278e-178,3.4278e-178,3.4278e-178
1.3711e-178,1.3711e-178,1.3711e-178,1.3711e-178,1.3711e-178
5.4845e-179,5.4845e-179,5.4845e-179,5.4845e-179,5.4845e-179
2.1938e-179,2.1938e-179,2.1938e-179,2.1938e-179,2.1938e-179
8.7751e-180,8.7751e-180,8.7751e-180,8.7751e-180,8.7751e-180
3.5101e-180,3.5101e-180,3.5101e-180,3.5101e-180,3.5101e-180
1.404e-180,1.404e-180,1.404e-180,1.404e-180,1.404e-180
5.6161e-181,5.6161e-181,5.6161e-181,5.6161e-181,5.6161e-181
2.2464e-181,2.2464e-181,2.2464e-181,2.2464e-181,2.2464e-181
8.9858e-182,8.9858e-182,8.9858e-182,8.9858e-182,8.9858e-182
3.5943e-182,3.5943e-182,3.5943e-182,3.5943e-182,3.5943e-182
1.4377e-182,1.4377e-182,1.4377e-182,1.4377e-182,1.4377e-182
5.7509e-183,5.7509e-183,5.7509e-183,5.7509e-183,5.7509e-183
2.3004e-183,2.3004e-183,2.3004e-183,2.3004e-183,2.3004e-183
9.2014e-184,9.2014e-184,9.2014e-184,9.2014e-184,9.2014e-184
3.6806e-184,3.6806e-184,3.6806e-184,3.6806e-184,3.6806e-184
1.4722e-184,1.4722e-184,1.4722e-184,1.4722e-184,1.4722e-184
5.8889e-185,5.8889e-185,5.8889e-185,5.8889e-185,5.8889e-185
2.3556e-185,2.3556e-185,2.3556e-185,2.3556e-185,2.3556e-185
9.4222e-186,9.4222e-186,9.4222e-186,9.4222e-186,9.4222e-186
3.7689e-186,3.7689e-186,3.7689e-186,3.7689e-186,3.7689e-186
1.5076e-186,1.5076e-186,1.5076e-186,1.5076e-186,1.5076e-186
6.0302e-187,6.0302e-187,6.0302e-187,6.0302e-187,6.0302e-187
2.4121e-187,2.4121e-187,2.4121e-187,2.4121e-187,2.4121e-187
9.6484e-188,9.6484e-188,9.6484e-188,9.6484e-188,9.6484e-188
3.8594e-188,3.8594e-188,3.8594e-188,3.8594e-188,3.8594e-188
1.5437e-188,1.5437e-188,1.5437e-188,1.5437e-188,1.5437e-188
6.175e-189,6.175e-189,6.175e-189,6.175e-189,6.175e-189
2.47e-189,2.47e-189,2.47e-189,2.47e-189,2.47e-189
9.8799e-190,9.8799e-190,9.8799e-190,9.8799e-190,9.8799e-190
3.952e-190,3.952e-190,3.952e-190,3.952e-190,3.952e-190
1.5808e-190,1.5808e-190,1.5808e-190,1.5808e-190,1.5808e-190
6.3232e-191,6.3232e-191,6.3232e-191,6.3232e-191,6.3232e-191
2.5293e-191,2.5293e-191,2.5293e-191,2.5293e-191,2.5293e-191
1.0117e-191,1.0117e-191,1.0117e-191,1.0117e-191,1.0117e-191
4.0468e-192,4.0468e-192,4.0468e-192,4.0468e-192,4.0468e-192
1.6187e-192,1.6187e-192,1.6187e-192,1.6187e-192,1.6187e-192
6.4749e-193,6.4749e-193,6.4749e-193,6.4749e-193,6.4749e-193
2.59e-193,2.59e-193,2.59e-193,2.59e-193,2.59e-193
1.036e-193,1.036e-193,1.036e-193,1.036e-193,1.036e-193
4.1439e-194,4.1439e-194,4.1439e-194,4.1439e-194,4.1439e-194
1.6576e-194,1.6576e-194,1.6576e-194,1.6576e-194,1.6576e-194
6.6303e-195,6.6303e-195,6.6303e-195,6.6303e-195,6.6303e-195
2.6521e-195,2.6521e-195,2.6521e-195,2.6521e-195,2.6521e-195
1.0609e-195,1.0609e-195,1.0609e-195,1.0609e-195,1.0609e-195
4.2434e-196,4.2434e-196,4.2434e-196,4.2434e-196,4.2434e-196
1.6974e-196,1.6974e-196,1.6974e-196,1.6974e-196,1.6974e-196
6.7894e-197,6.7894e-197,6.7894e-197,6.7894e-197,6.7894e-197
2.7158e-197,2.7158e-197,2.7158e-197,2.7158e-197,2.7158e-197
1.0863e-197,1.0863e-197,1.0863e-197,1.0863e-197,1.0863e-197
4.3452e-198,4.3452e-198,4.3452e-198,4.3452e-198,4.3452e-198
1.7381e-198,1.7381e-198,1.7381e-198,1.7381e-198,1.7381e-198
6.9524e-199,6.9524e-199,6.9524e-199,6.9524e-199,6.9524e-199
2.781e-199,2.781e-199,2.781e-199,2.781e-199,2.781e-199
1.1124e-199,1.1124e-199,1.1124e-199,1.1124e-199,1.1124e-199
4.4495e-200,4.4495e-200,4.4495e-200,4.4495e-200,4.4495e-200
1.7798e-200,1.7798e-200,1.7798e-200,1.7798e-200,1.7798e-200
7.1192e-201,7.1192e-201,7.1192e-201,7.1192e-201,7.1192e-201
2.8477e-201,2.8477e-201,2.8477e-201,2.8477e-201,2.8477e-201
1.1391e-201,1.1391e-201,1.1391e-201,1.1391e-201,1.1391e-201
4.5563e-202,4.5563e-202,4.5563e-202,4.5563e-202,4.5563e-202
1.8225e-202,1.8225e-202,1.8225e-202,1.8225e-202,1.8225e-202
7.2901e-203,7.2901e-203,7.2901e-203,7.2901e-203,7.2901e-203
2.916e-203,2.916e-203,2.916e-203,2.916e-203,2.916e-203
1.1664e-203,1.1664e-203,1.1664e-203,1.1664e-203,1.1664e-203
4.6657e-204,4.6657e-204,4.6657e-204,4.6657e-204,4.6657e-204
1.8663e-204,1.8663e-204,1.8663e-204,1.8663e-204,1.8663e-204
7.4651e-205,7.4651e-205,7.4651e-205,7.4651e-205,7.4651e-205
2.986e-205,2.986e-205,2.986e-205,2.986e-205,2.986e-205
1.1944e-205,1.1944e-205,1.1944e-205,1.1944e-205,1.1944e-205
4.7776e-206,4.7776e-206,4.7776e-206,4.7776e-206,4.7776e-206
1.9111e-206,1.9111e-206,1.9111e-206,1.9111e-206,1.9111e-206
7.6442e-207,7.6442e-207,7.6442e-207,7.6442e-207,7.6442e-207
3.0577e-207,3.0577e-207,3.0577e-207,3.0577e-207,3.0577e-207
1.2231e-207,1.2231e-207,1.2231e-207,1.2231e-207,1.2231e-207
4.8923e-208,4.8923e-208,4.8923e-208,4.8923e-208,4.8923e-208
1.9569e-208,1.9569e-208,1.9569e-208,1.9569e-208,1.9569e-208
7.8277e-209,7.8277e-209,7.8277e-209,7.8277e-209,7.8277e-209
3.1311e-209,3.1311e-209,3.1311e-209,3.1311e-209,3.1311e-209
1.2524e-209,1.2524e-209,1.2524e-209,1.2524e-209,1.2524e-209
5.0097e-210,5.0097e-210,5.0097e-210,5.0097e-210,5.0097e-210
2.0039e-210,2.0039e-210,2.0039e-210,2.0039e-210,2.0039e-210
8.0156e-211,8.0156e-211,8.0156e-211,8.0156e-211,8.0156e-211
3.2062e-211,3.2062e-211,3.2062e-211,3.2062e-211,3.2062e-211
1.2825e-211,1.2825e-211,1.2825e-211,1.2825e-211,1.2825e-211
5.13e-212,5.13e-212,5.13e-212,5.13e-212,5.13e-212
2.052e-212,2.052e-212,2.052e-212,2.052e-212,2.052e-212
8.2079e-213,8.2079e-213,8.2079e-213,8.2079e-213,8.2079e-213
3.2832e-213,3.2832e-213,3.2832e-213,3.2832e-213,3.2832e-213
1.3133e-213,1.3133e-213,1.3133e-213,1.3133e-213,1.3133e-213
5.2531e-214,5.2531e-214,5.2531e-214,5.2531e-214,5.2531e-214
2.1012e-214,2.1012e-214,2.1012e-214,2.1012e-214,2.1012e-214
8.4049e-215,8.4049e-215,8.4049e-215,8.4049e-215,8.4049e-215
3.362e-215,3.362e-215,3.362e-215,3.362e-215,3.362e-215
1.3448e-215,1.3448e-215,1.3448e-215,1.3448e-215,1.3448e-215
5.3792e-216,5.3792e-216,5.3792e-216,5.3792e-216,5.3792e-216
2.1517e-216,2.1517e-216,2.1517e-216,2.1517e-216,2.1517e-216
8.6066e-217,8.6066e-217,8.6066e-217,8.6066e-217,8.6066e-217
3.4427e-217,3.4427e-217,3.4427e-217,3.4427e-217,3.4427e-217
1.3771e-217,1.3771e-217,1.3771e-217,1.3771e-217,1.3771e-217
5.5083e-218,5.5083e-218,5.5083e-218,5.5083e-218,5.5083e-218
2.2033e-218,2.2033e-218,2.2033e-218,2.2033e-218,2.2033e-218
8.8132e-219,8.8132e-219,8.8132e-219,8.8132e-219,8.8132e-219
3.5253e-219,3.5253e-219,3.5253e-219,3.5253e-219,3.5253e-219
1.4101e-219,1.4101e-219,1.4101e-219,1.4101e-219,1.4101e-219
5.6404e-220,5.6404e-220,5.6404e-220,5.6404e-220,5.6404e-220
2.2562e-220,2.2562e-220,2.2562e-220,2.2562e-220,2.2562e-220
9.0247e-221,9.0247e-221,9.0247e-221,9.0247e-221,9.0247e-221
3.6099e-221,3.6099e-221,3.6099e-221,3.6099e-221,3.6099e-221
1.444e-221,1.444e-221,1.444e-221,1.444e-221,1.444e-221
5.7758e-222,5.7758e-222,5.7758e-222,5.7758e-222,5.7758e-222
2.3103e-222,2.3103e-222,2.3103e-222,2.3103e-222,2.3103e-222
9.2413e-223,9.2413e-223,9.2413e-223,9.2413e-223,9.2413e-223
3.6965e-223,3.6965e-223,3.6965e-223,3.6965e-223,3.6965e-223
1.4786e-223,1.4786e-223,1.4786e-223,1.4786e-223,1.4786e-223
5.9144e-224,5.9144e-224,5.9144e-224,5.9144e-224,5.9144e-224
2.3658e-224,2.3658e-224,2.3658e-224,2.3658e-224,2.3658e-224
9.4631e-225,9.4631e-225,9.4631e-225,9.4631e-225,9.4631e-225
3.7852e-225,3.7852e-225,3.7852e-225,3.7852e-225,3.7852e-225
1.5141e-225,1.5141e-225,1.5141e-225,1.5141e-225,1.5141e-225
6.0564e-226,6.0564e-226,6.0564e-226,6.0564e-226,6.0564e-226
2.4226e-226,2.4226e-226,2.4226e-226,2.4226e-226,2.4226e-226
9.6902e-227,9.6902e-227,9.6902e-227,9.6902e-227,9.6902e-227
3.8761e-227,3.8761e-227,3.8761e-227,3.8761e-227,3.8761e-227
1.5504e-227,1.5504e-227,1.5504e-227,1.5504e-227,1.5504e-227
6.2017e-228,6.2017e-228,6.2017e-228,6.2017e-228,6.2017e-228
2.4807e-228,2.4807e-228,2.4807e-228,2.4807e-228,2.4807e-228
9.9228e-229,9.9228e-229,9.9228e-229,9.9228e-229,9.9228e-229
3.9691e-229,3.9691e-229,3.9691e-229,3.9691e-229,3.9691e-229
1.5876e-229,1.5876e-229,1.5876e-229,1.5876e-229,1.5876e-229
6.3506e-230,6.3506e-230,6.3506e-230,6.3506e-230,6.3506e-230
2.5402e-230,2.5402e-230,2.5402e-230,2.5402e-230,2.5402e-230
1.0161e-230,1.0161e-230,1.0161e-230,1.0161e-230,1.0161e-230
4.0644e-231,4.0644e-231,4.0644e-231,4.0644e-231,4.0644e-231
1.6257e-231,1.6257e-231,1.6257e-231,1.6257e-231,1.6257e-231
6.503e-232,6.503e-232,6.503e-232,6.503e-232,6.503e-232
2.6012e-232,2.6012e-232,2.6012e-232,2.6012e-232,2.6012e-232
1.0405e-232,1.0405e-232,1.0405e-232,1.0405e-232,1.0405e-232
4.1619e-233,4.1619e-233,4.1619e-233,4.1619e-233,4.1619e-233
1.6648e-233,1.6648e-233,1.6648e-233,1.6648e-233,1.6648e-233
6.6591e-234,6.6591e-234,6.6591e-234,6.6591e-234,6.6591e-234
2.6636e-234,2.6636e-234,2.6636e-234,2.6636e-234,2.6636e-234
1.0655e-234,1.0655e-234,1.0655e-234,1.0655e-234,1.0655e-234
4.2618e-235,4.2618e-235,4.2618e-235,4.2618e-235,4.2618e-235
1.7047e-235,1.7047e-235,1.7047e-235,1.7047e-235,1.7047e-235
6.8189e-236,6.8189e-236,6.8189e-236,6.8189e-236,6.8189e-236
2.7276e-236,2.7276e-236,2.7276e-236,2.7276e-236,2.7276e-236
1.091e-236,1.091e-236,1.091e-236,1.091e-236,1.091e-236
4.3641e-237,4.3641e-237,4.3641e-237,4.3641e-237,4.3641e-237
1.7456e-237,1.7456e-237,1.7456e-237,1.7456e-237,1.7456e-237
6.9825e-238,6.9825e-238,6.9825e-238,6.9825e-238,6.9825e-238
2.793e-238,2.793e-238,2.793e-238,2.793e-238,2.793e-238
1.1172e-238,1.1172e-238,1.1172e-238,1.1172e-238,1.1172e-238
4.4688e-239,4.4688e-239,4.4688e-239,4.4688e-239,4.4688e-239
1.7875e-239,1.7875e-239,1.7875e-239,1.7875e-239,1.7875e-239
7.1501e-240,7.1501e-240,7.1501e-240,7.1501e-240,7.1501e-240
2.86e-240,2.86e-240,2.86e-240,2.86e-240,2.86e-240
1.144e-240,1.144e-240,1.144e-240,1.144e-240,1.144e-240
4.5761e-241,4.5761e-241,4.5761e-241,4.5761e-241,4.5761e-241
1.8304e-241,1.8304e-241,1.8304e-241,1.8304e-241,1.8304e-241
7.3217e-242,7.3217e-242,7.3217e-242,7.3217e-242,7.3217e-242
2.9287e-242,2.9287e-242,2.9287e-242,2.9287e-242,2.9287e-242
1.1715e-242,1.1715e-242,1.1715e-242,1.1715e-242,1.1715e-242
4.6859e-243,4.6859e-243,4.6859e-243,4.6859e-243,4.6859e-243
1.8744e-243,1.8744e-243,1.8744e-243,1.8744e-243,1.8744e-243
7.4974e-244,7.4974e-244,7.4974e-244,7.4974e-244,7.4974e-244
2.999e-244,2.999e-244,2.999e-244,2.999e-244,2.999e-244
1.1996e-244,1.1996e-244,1.1996e-244,1.1996e-244,1.1996e-244
4.7984e-245,4.7984e-245,4.7984e-245,4.7984e-245,4.7984e-245
1.9193e-245,1.9193e-245,1.9193e-245,1.9193e-245,1.9193e-245
7.6774e-246,7.6774e-246,7.6774e-246,7.6774e-246,7.6774e-246
3.071e-246,3.071e-246,3.071e-246,3.071e-246,3.071e-246
1.2284e-246,1.2284e-246,1.2284e-246,1.2284e-246,1.2284e-246
4.9135e-247,4.9135e-247,4.9135e-247,4.9135e-247,4.9135e-247
1.9654e-247,1.9654e-247,1.9654e-247,1.9654e-247,1.9654e-247
7.8616e-248,7.8616e-248,7.8616e-248,7.8616e-248,7.8616e-248
3.1447e-248,3.1447e-248,3.1447e-248,3.1447e-248,3.1447e-248
1.2579e-248,1.2579e-248,1.2579e-248,1.2579e-248,1.2579e-248
5.0314e-249,5.0314e-249,5.0314e-249,5.0314e-249,5.0314e-249
2.0126e-249,2.0126e-249,2.0126e-249,2.0126e-249,2.0126e-249
8.0503e-250,8.0503e-250,8.0503e-250,8.0503e-250,8.0503e-250
3.2201e-250,3.2201e-250,3.2201e-250,3.2201e-250,3.2201e-250
1.2881e-250,1.2881e-250,1.2881e-250,1.2881e-250,1.2881e-250
5.1522e-251,5.1522e-251,5.1522e-251,5.1522e-251,5.1522e-251
2.0609e-251,2.0609e-251,2.0609e-251,2.0609e-251,2.0609e-251
8.2435e-252,8.2435e-252,8.2435e-252,8.2435e-252,8.2435e-252
3.2974e-252,3.2974e-252,3.2974e-252,3.2974e-252,3.2974e-252
1.319e-252,1.319e-252,1.319e-252,1.319e-252,1.319e-252
5.2759e-253,5.2759e-253,5.2759e-253,5.2759e-253,5.2759e-253
2.1103e-253,2.1103e-253,2.1103e-253,2.1103e-253,2.1103e-253
8.4414e-254,8.4414e-254,8.4414e-254,8.4414e-254,8.4414e-254
3.3765e-254,3.3765e-254,3.3765e-254,3.3765e-254,3.3765e-254
1.3506e-254,1.3506e-254,1.3506e-254,1.3506e-254,1.3506e-254
5.4025e-255,5.4025e-255,5.4025e-255,5.4025e-255,5.4025e-255
2.161e-255,2.161e-255,2.161e-255,2.161e-255,2.161e-255
8.644e-256,8.644e-256,8.644e-256,8.644e-256,8.644e-256
3.4576e-256,3.4576e-256,3.4576e-256,3.4576e-256,3.4576e-256
1.383e-256,1.383e-256,1.383e-256,1.383e-256,1.383e-256
5.5321e-257,5.5321e-257,5.5321e-257,5.5321e-257,5.5321e-257
2.2129e-257,2.2129e-257,2.2129e-257,2.2129e-257,2.2129e-257
8.8514e-258,8.8514e-258,8.8514e-258,8.8514e-258,8.8514e-258
3.5406e-258,3.5406e-258,3.5406e-258,3.5406e-258,3.5406e-258
1.4162e-258,1.4162e-258,1.4162e-258,1.4162e-258,1.4162e-258
5.6649e-259,5.6649e-259,5.6649e-259,5.6649e-259,5.6649e-259
2.266e-259,2.266e-259,2.266e-259,2.266e-259,2.266e-259
9.0639e-260,9.0639e-260,9.0639e-260,9.0639e-260,9.0639e-260
3.6255e-260,3.6255e-260,3.6255e-260,3.6255e-260,3.6255e-260
1.4502e-260,1.4502e-260,1.4502e-260,1.4502e-260,1.4502e-260
5.8009e-261,5.8009e-261,5.8009e-261,5.8009e-261,5.8009e-261
2.3203e-261,2.3203e-261,2.3203e-261,2.3203e-261,2.3203e-261
9.2814e-262,9.2814e-262,9.2814e-262,9.2814e-262,9.2814e-262
3.7126e-262,3.7126e-262,3.7126e-262,3.7126e-262,3.7126e-262
1.485e-262,1.485e-262,1.485e-262,1.485e-262,1.485e-262
5.9401e-263,5.9401e-263,5.9401e-263,5.9401e-263,5.9401e-263
2.376e-263,2.376e-263,2.376e-263,2.376e-263,2.376e-263
9.5041e-264,9.5041e-264,9.5041e-264,9.5041e-264,9.5041e-264
3.8017e-264,3.8017e-264,3.8017e-264,3.8017e-264,3.8017e-264
1.5207e-264,1.5207e-264,1.5207e-264,1.5207e-264,1.5207e-264
6.0826e-265,6.0826e-265,6.0826e-265,6.0826e-265,6.0826e-265
2.4331e-265,2.4331e-265,2.4331e-265,2.4331e-265,2.4331e-265
9.7322e-266,9.7322e-266,9.7322e-266,9.7322e-266,9.7322e-266
3.8929e-266,3.8929e-266,3.8929e-266,3.8929e-266,3.8929e-266
1.5572e-266,1.5572e-266,1.5572e-266,1.5572e-266,1.5572e-266
6.2286e-267,6.2286e-267,6.2286e-267,6.2286e-267,6.2286e-267
2.4915e-267,2.4915e-267,2.4915e-267,2.4915e-267,2.4915e-267
9.9658e-268,9.9658e-268,9.9658e-268,9.9658e-268,9.9658e-268
3.9863e-268,3.9863e-268,3.9863e-268,3.9863e-268,3.9863e-268
1.5945e-268,1.5945e-268,1.5945e-268,1.5945e-268,1.5945e-268
6.3781e-269,6.3781e-269,6.3781e-269,6.3781e-269,6.3781e-269
2.5512e-269,2.5512e-269,2.5512e-269,2.5512e-269,2.5512e-269
1.0205e-269,1.0205e-269,1.0205e-269,1.0205e-269,1.0205e-269
4.082e-270,4.082e-270,4.082e-270,4.082e-270,4.082e-270
1.6328e-270,1.6328e-270,1.6328e-270,1.6328e-270,1.6328e-270
6.5312e-271,6.5312e-271,6.5312e-271,6.5312e-271,6.5312e-271
2.6125e-271,2.6125e-271,2.6125e-271,2.6125e-271,2.6125e-271
1.045e-271,1.045e-271,1.045e-271,1.045e-271,1.045e-271
4.18e-272,4.18e-272,4.18e-272,4.18e-272,4.18e-272
1.672e-272,1.672e-272,1.672e-272,1.672e-272,1.672e-272
6.6879e-273,6.6879e-273,6.6879e-273,6.6879e-273,6.6879e-273
2.6752e-273,2.6752e-273,2.6752e-273,2.6752e-273,2.6752e-273
1.0701e-273,1.0701e-273,1.0701e-273,1.0701e-273,1.0701e-273
4.2803e-274,4.2803e-274,4.2803e-274,4.2803e-274,4.2803e-274
1.7121e-274,1.7121e-274,1.7121e-274,1.7121e-274,1.7121e-274
6.8485e-275,6.8485e-275,6.8485e-275,6.8485e-275,6.8485e-275
2.7394e-275,2.7394e-275,2.7394e-275,2.7394e-275,2.7394e-275
1.0958e-275,1.0958e-275,1.0958e-275,1.0958e-275,1.0958e-275
4.383e-276,4.383e-276,4.383e-276,4.383e-276,4.383e-276
1.7532e-276,1.7532e-276,1.7532e-276,1.7532e-276,1.7532e-276
7.0128e-277,7.0128e-277,7.0128e-277,7.0128e-277,7.0128e-277
2.8051e-277,2.8051e-277,2.8051e-277,2.8051e-277,2.8051e-277
1.1221e-277,1.1221e-277,1.1221e-277,1.1221e-277,1.1221e-277
4.4882e-278,4.4882e-278,4.4882e-278,4.4882e-278,4.4882e-278
1.7953e-278,1.7953e-278,1.7953e-278,1.7953e-278,1.7953e-278
7.1811e-279,7.1811e-279,7.1811e-279,7.1811e-279,7.1811e-279
2.8724e-279,2.8724e-279,2.8724e-279,2.8724e-279,2.8724e-279
1.149e-279,1.149e-279,1.149e-279,1.149e-279,1.149e-279
4.5959e-280,4.5959e-280,4.5959e-280,4.5959e-280,4.5959e-280
1.8384e-280,1.8384e-280,1.8384e-280,1.8384e-280,1.8384e-280
7.3535e-281,7.3535e-281,7.3535e-281,7.3535e-281,7.3535e-281
2.9414e-281,2.9414e-281,2.9414e-281,2.9414e-281,2.9414e-281
1.1766e-281,1.1766e-281,1.1766e-281,1.1766e-281,1.1766e-281
4.7062e-282,4.7062e-282,4.7062e-282,4.7062e-282,4.7062e-282
1.8825e-282,1.8825e-282,1.8825e-282,1.8825e-282,1.8825e-282
7.53e-283,7.53e-283,7.53e-283,7.53e-283,7.53e-283
3.012e-283,3.012e-283,3.012e-283,3.012e-283,3.012e-283
1.2048e-283,1.2048e-283,1.2048e-283,1.2048e-283,1.2048e-283
4.8192e-284,4.8192e-284,4.8192e-284,4.8192e-284,4.8192e-284
1.9277e-284,1.9277e-284,1.9277e-284,1.9277e-284,1.9277e-284
7.7107e-285,7.7107e-285,7.7107e-285,7.7107e-285,7.7107e-285
3.0843e-285,3.0843e-285,3.0843e-285,3.0843e-285,3.0843e-285
1.2337e-285,1.2337e-285,1.2337e-285,1.2337e-285,1.2337e-285
4.9348e-286,4.9348e-286,4.9348e-286,4.9348e-286,4.9348e-286
1.9739e-286,1.9739e-286,1.9739e-286,1.9739e-286,1.9739e-286
7.8957e-287,7.8957e-287,7.8957e-287,7.8957e-287,7.8957e-287
3.1583e-287,3.1583e-287,3.1583e-287,3.1583e-287,3.1583e-287
1.2633e-287,1.2633e-287,1.2633e-287,1.2633e-287,1.2633e-287
5.0533e-288,5.0533e-288,5.0533e-288,5.0533e-288,5.0533e-288
2.0213e-288,2.0213e-288,2.0213e-288,2.0213e-288,2.0213e-288
8.0852e-289,8.0852e-289,8.0852e-289,8.0852e-289,8.0852e-289
3.2341e-289,3.2341e-289,3.2341e-289,3.2341e-289,3.2341e-289
1.2936e-289,1.2936e-289,1.2936e-289,1.2936e-289,1.2936e-289
5.1745e-290,5.1745e-290,5.1745e-290,5.1745e-290,5.1745e-290
2.0698e-290,2.0698e-290,2.0698e-290,2.0698e-290,2.0698e-290
8.2793e-291,8.2793e-291,8.2793e-291,8.2793e-291,8.2793e-291
3.3117e-291,3.3117e-291,3.3117e-291,3.3117e-291,3.3117e-291
1.3247e-291,1.3247e-291,1.3247e-291,1.3247e-291,1.3247e-291
5.2987e-292,5.2987e-292,5.2987e-292,5.2987e-292,5.2987e-292
2.1195e-292,2.1195e-292,2.1195e-292,2.1195e-292,2.1195e-292
8.478e-293,8.478e-293,8.478e-293,8.478e-293,8.478e-293
3.3912e-293,3.3912e-293,3.3912e-293,3.3912e-293,3.3912e-293
1.3565e-293,1.3565e-293,1.3565e-293,1.3565e-293,1.3565e-293
5.4259e-294,5.4259e-294,5.4259e-294,5.4259e-294,5.4259e-294
2.1704e-294,2.1704e-294,2.1704e-294,2.1704e-294,2.1704e-294
8.6814e-295,8.6814e-295,8.6814e-295,8.6814e-295,8.6814e-295
3.4726e-295,3.4726e-295,3.4726e-295,3.4726e-295,3.4726e-295
1.389e-295,1.389e-295,1.389e-295,1.389e-295,1.389e-295
5.5561e-296,5.5561e-296,5.5561e-296,5.5561e-296,5.5561e-296
2.2224e-296,2.2224e-296,2.2224e-296,2.2224e-296,2.2224e-296
8.8898e-297,8.8898e-297,8.8898e-297,8.8898e-297,8.8898e-297
3.5559e-297,3.5559e-297,3.5559e-297,3.5559e-297,3.5559e-297
1.4224e-297,1.4224e-297,1.4224e-297,1.4224e-297,1.4224e-297
5.6895e-298,5.6895e-298,5.6895e-298,5.6895e-298,5.6895e-298
2.2758e-298,2.2758e-298,2.2758e-298,2.2758e-298,2.2758e-298
9.1032e-299,9.1032e-299,9.1032e-299,9.1032e-299,9.1032e-299
3.6413e-299,3.6413e-299,3.6413e-299,3.6413e-299,3.6413e-299
1.4565e-299,1.4565e-299,1.4565e-299,1.4565e-299,1.4565e-299
5.826e-300,5.826e-300,5.826e-300,5.826e-300,5.826e-300
2.3304e-300,2.3304e-300,2.3304e-300,2.3304e-300,2.3304e-300
9.3216e-301,9.3216e-301,9.3216e-301,9.3216e-301,9.3216e-301
3.7287e-301,3.7287e-301,3.7287e-301,3.7287e-301,3.7287e-301
1.4915e-301,1.4915e-301,1.4915e-301,1.4915e-301,1.4915e-301
5.9658e-302,5.9658e-302,5.9658e-302,5.9658e-302,5.9658e-302
2.3863e-302,2.3863e-302,2.3863e-302,2.3863e-302,2.3863e-302
9.5453e-303,9.5453e-303,9.5453e-303,9.5453e-303,9.5453e-303
3.8181e-303,3.8181e-303,3.8181e-303,3.8181e-303,3.8181e-303
1.5273e-303,1.5273e-303,1.5273e-303,1.5273e-303,1.5273e-303
6.109e-304,6.109e-304,6.109e-304,6.109e-304,6.109e-304
2.4436e-304,2.4436e-304,2.4436e-304,2.4436e-304,2.4436e-304
9.7744e-305,9.7744e-305,9.7744e-305,9.7744e-305,9.7744e-305
3.9098e-305,3.9098e-305,3.9098e-305,3.9098e-305,3.9098e-305
1.5639e-305,1.5639e-305,1.5639e-305,1.5639e-305,1.5639e-305
6.2556e-306,6.2556e-306,6.2556e-306,6.2556e-306,6.2556e-306
2.5023e-306,2.5023e-306,2.5023e-306,2.5023e-306,2.5023e-306
1.0009e-306,1.0009e-306,1.0009e-306,1.0009e-306,1.0009e-306
4.0036e-307,4.0036e-307,4.0036e-307,4.0036e-307,4.0036e-307
1.6014e-307,1.6014e-307,1.6014e-307,1.6014e-307,1.6014e-307
6.4058e-308,6.4058e-308,6.4058e-308,6.4058e-308,6.4058e-308
2.5623e-308,2.5623e-308,2.5623e-308,2.5623e-308,2.5623e-308
1.0249e-308,1.0249e-308,1.0249e-308,1.0249e-308,1.0249e-308
4.0997e-309,4.0997e-309,4.0997e-309,4.0997e-309,4.0997e-309
1.6399e-309,1.6399e-309,1.6399e-309,1.6399e-309,1.6399e-309
6.5595e-310,6.5595e-310,6.5595e-310,6.5595e-310,6.5595e-310
2.6238e-310,2.6238e-310,2.6238e-310,2.6238e-310,2.6238e-310
1.0495e-310,1.0495e-310,1.0495e-310,1.0495e-310,1.0495e-310
4.1981e-311,4.1981e-311,4.1981e-311,4.1981e-311,4.1981e-311
1.6792e-311,1.6792e-311,1.6792e-311,1.6792e-311,1.6792e-311
6.7169e-312,6.7169e-312,6.7169e-312,6.7169e-312,6.7169e-312
2.6868e-312,2.6868e-312,2.6868e-312,2.6868e-312,2.6868e-312
1.0747e-312,1.0747e-312,1.0747e-312,1.0747e-312,1.0747e-312
4.2988e-313,4.2988e-313,4.2988e-313,4.2988e-313,4.2988e-313
1.7195e-313,1.7195e-313,1.7195e-313,1.7195e-313,1.7195e-313
6.8781e-314,6.8781e-314,6.8781e-314,6.8781e-314,6.8781e-314
2.7513e-314,2.7513e-314,2.7513e-314,2.7513e-314,2.7513e-314
1.1005e-314,1.1005e-314,1.1005e-314,1.1005e-314,1.1005e-314
4.402e-315,4.402e-315,4.402e-315,4.402e-315,4.402e-315
1.7608e-315,1.7608e-315,1.7608e-315,1.7608e-315,1.7608e-315
7.0432e-316,7.0432e-316,7.0432e-316,7.0432e-316,7.0432e-316
2.8173e-316,2.8173e-316,2.8173e-316,2.8173e-316,2.8173e-316
1.1269e-316,1.1269e-316,1.1269e-316,1.1269e-316,1.1269e-316
4.5077e-317,4.5077e-317,4.5077e-317,4.5077e-317,4.5077e-317
1.8031e-317,1.8031e-317,1.8031e-317,1.8031e-317,1.8031e-317
7.2123e-318,7.2123e-318,7.2123e-318,7.2123e-318,7.2123e-318
2.8849e-318,2.8849e-318,2.8849e-318,2.8849e-318,2.8849e-318
1.154e-318,1.154e-318,1.154e-318,1.154e-318,1.154e-318
4.6158e-319,4.6158e-319,4.6158e-319,4.6158e-319,4.6158e-319
1.8464e-319,1.8464e-319,1.8464e-319,1.8464e-319,1.8464e-319
7.3853e-320,7.3853e-320,7.3853e-320,7.3853e-320,7.3853e-320
2.954e-320,2.954e-320,2.954e-320,2.954e-320,2.954e-320
1.1818e-320,1.1818e-320,1.1818e-320,1.1818e-320,1.1818e-320
4.7282e-321,4.7282e-321,4.7282e-321,4.7282e-321,4.7282e-321
1.8923e-321,1.8923e-321,1.8923e-321,1.8923e-321,1.8923e-321
7.6086e-322,7.6086e-322,7.6086e-322,7.6086e-322,7.6086e-322
3.0138e-322,3.0138e-322,3.0138e-322,3.0138e-322,3.0138e-322
1.1858e-322,1.1858e-322,1.1858e-322,1.1858e-322,1.1858e-322
4.4466e-323,4.4466e-323,4.4466e-323,4.4466e-323,4.4466e-323
1.4822e-323,1.4822e-323,1.4822e-323,1.4822e-323,1.4822e-323
4.9407e-324,4.9407e-324,4.9407e-324,4.9407e-324,4.9407e-324
0,0,0,0,0
0,0,0,0,0
0,0,0,0,0
0,0,0,0,0
0,0,0,0,0
0,0,0,0,0
0,0,0,0,0
0,0,0,0,0
0,0,0,0,0
0,0,0,0,0
0,0,0,0,0
0,0,0,0,0
0,0,0,0,0
0,0,0,0,0
0,0,0,0,0
0,0,0,0,0
0,0,0,0,0
0,0,0,0,0
0,0,0,0,0
0,0,0,0,0
0,0,0,0,0
0,0,0,0,0
0,0,0,0,0
0,0,0,0,0
0,0,0,0,0
0,0,0,0,0
0,0,0,0,0
0,0,0,0,0
0,0,0,0,0
0,0,0,0,0
0,0,0,0,0
0,0,0,0,0
0,0,0,0,0
0,0,0,0,0
0,0,0,0,0
0,0,0,0,0
0,0,0,0,0
0,0,0,0,0
0,0,0,0,0
0,0,0,0,0
0,0,0,0,0
0,0,0,0,0
0,0,0,0,0
0,0,0,0,0
0,0,0,0,0
0,0,0,0,0
0,0,0,0,0
0,0,0,0,0
0,0,0,0,0
0,0,0,0,0
0,0,0,0,0
0,0,0,0,0
0,0,0,0,0
0,0,0,0,0
0,0,0,0,0
0,0,0,0,0
0,0,0,0,0
0,0,0,0,0
0,0,0,0,0
0,0,0,0,0
0,0,0,0,0
0,0,0,0,0
0,0,0,0,0
0,0,0,0,0
0,0,0,0,0
0,0,0,0,0
0,0,0,0,0
0,0,0,0,0
0,0,0,0,0
0,0,0,0,0
0,0,0,0,0
0,0,0,0,0
0,0,0,0,0
0,0,0,0,0
0,0,0,0,0
0,0,0,0,0
0,0,0,0,0
0,0,0,0,0
0,0,0,0,0
0,0,0,0,0
0,0,0,0,0
0,0,0,0,0
0,0,0,0,0
0,0,0,0,0
0,0,0,0,0
0,0,0,0,0
0,0,0,0,0
0,0,0,0,0
0,0,0,0,0
0,0,0,0,0
0,0,0,0,0
0,0,0,0,0
0,0,0,0,0
0,0,0,0,0
0,0,0,0,0
0,0,0,0,0
0,0,0,0,0
0,0,0,0,0
0,0,0,0,0
0,0,0,0,0
0,0,0,0,0
0,0,0,0,0
0,0,0,0,0
0,0,0,0,0
0,0,0,0,0
0,0,0,0,0
0,0,0,0,0
0,0,0,0,0
0,0,0,0,0
0,0,0,0,0
0,0,0,0,0
0,0,0,0,0
0,0,0,0,0
0,0,0,0,0
0,0,0,0,0
0,0,0,0,0
0,0,0,0,0
0,0,0,0,0
0,0,0,0,0
0,0,0,0,0
0,0,0,0,0
0,0,0,0,0
0,0,0,0,0
0,0,0,0,0
0,0,0,0,0
0,0,0,0,0
0,0,0,0,0
0,0,0,0,0
0,0,0,0,0
0,0,0,0,0
0,0,0,0,0
0,0,0,0,0
0,0,0,0,0
0,0,0,0,0
0,0,0,0,0
0,0,0,0,0
0,0,0,0,0
0,0,0,0,0
0,0,0,0,0
0,0,0,0,0
0,0,0,0,0
0,0,0,0,0
0,0,0,0,0
0,0,0,0,0
0,0,0,0,0
0,0,0,0,0
0,0,0,0,0
0,0,0,0,0
0,0,0,0,0
0,0,0,0,0
0,0,0,0,0
0,0,0,0,0
0,0,0,0,0
0,0,0,0,0
0,0,0,0,0
0,0,0,0,0
0,0,0,0,0
0,0,0,0,0
0,0,0,0,0
0,0,0,0,0
0,0,0,0,0
0,0,0,0,0
0,0,0,0,0
0,0,0,0,0
0,0,0,0,0
0,0,0,0,0
0,0,0,0,0
0,0,0,0,0
0,0,0,0,0
0,0,0,0,0
0,0,0,0,0
0,0,0,0,0
0,0,0,0,0
0,0,0,0,0
0,0,0,0,0
0,0,0,0,0
0,0,0,0,0
0,0,0,0,0
0,0,0,0,0
0,0,0,0,0
0,0,0,0,0
0,0,0,0,0
0,0,0,0,0
0,0,0,0,0
0,0,0,0,0
0,0,0,0,0
0,0,0,0,0
0,0,0,0,0
0,0,0,0,0
