0.1,0.2,0.3,0.5,0.6
0.087,0.093,0.1245,0.1425,0.123
0.052663,0.05357,0.063682,0.069189,0.062605
0.031375,0.031637,0.035153,0.037067,0.034749
0.018744,0.018837,0.020125,0.020827,0.019975
0.011226,0.011262,0.011747,0.012012,0.011691
0.0067334,0.0067469,0.0069332,0.0070349,0.0069115
0.0040412,0.0040464,0.0041185,0.0041579,0.0041101
0.0024259,0.002428,0.0024561,0.0024714,0.0024528
0.0014563,0.0014571,0.0014681,0.0014741,0.0014668
0.00087422,0.00087453,0.00087883,0.00088118,0.00087833
0.00052474,0.00052486,0.00052654,0.00052746,0.00052635
0.00031494,0.00031498,0.00031565,0.00031601,0.00031557
0.000189,0.00018902,0.00018928,0.00018942,0.00018925
0.00011342,0.00011343,0.00011353,0.00011359,0.00011352
6.8061e-05,6.8063e-05,6.8103e-05,6.8125e-05,6.8099e-05
4.084e-05,4.0841e-05,4.0857e-05,4.0865e-05,4.0855e-05
2.4505e-05,2.4506e-05,2.4512e-05,2.4515e-05,2.4511e-05
1.4704e-05,1.4704e-05,1.4706e-05,1.4708e-05,1.4706e-05
8.8225e-06,8.8226e-06,8.8235e-06,8.824e-06,8.8234e-06
5.2936e-06,5.2936e-06,5.294e-06,5.2942e-06,5.294e-06
3.1762e-06,3.1762e-06,3.1764e-06,3.1764e-06,3.1763e-06
1.9057e-06,1.9057e-06,1.9058e-06,1.9058e-06,1.9058e-06
1.1434e-06,1.1434e-06,1.1435e-06,1.1435e-06,1.1435e-06
6.8607e-07,6.8607e-07,6.8608e-07,6.8609e-07,6.8608e-07
4.1164e-07,4.1164e-07,4.1165e-07,4.1165e-07,4.1165e-07
2.4699e-07,2.4699e-07,2.4699e-07,2.4699e-07,2.4699e-07
1.4819e-07,1.4819e-07,1.4819e-07,1.4819e-07,1.4819e-07
8.8915e-08,8.8915e-08,8.8916e-08,8.8916e-08,8.8916e-08
5.3349e-08,5.3349e-08,5.3349e-08,5.3349e-08,5.3349e-08
3.201e-08,3.201e-08,3.201e-08,3.201e-08,3.201e-08
1.9206e-08,1.9206e-08,1.9206e-08,1.9206e-08,1.9206e-08
1.1523e-08,1.1523e-08,1.1523e-08,1.1523e-08,1.1523e-08
6.9141e-09,6.9141e-09,6.9141e-09,6.9141e-09,6.9141e-09
4.1484e-09,4.1484e-09,4.1484e-09,4.1484e-09,4.1484e-09
2.4891e-09,2.4891e-09,2.4891e-09,2.4891e-09,2.4891e-09
1.4934e-09,1.4934e-09,1.4934e-09,1.4934e-09,1.4934e-09
8.9606e-10,8.9606e-10,8.9606e-10,8.9606e-10,8.9606e-10
5.3764e-10,5.3764e-10,5.3764e-10,5.3764e-10,5.3764e-10
3.2258e-10,3.2258e-10,3.2258e-10,3.2258e-10,3.2258e-10
1.9355e-10,1.9355e-10,1.9355e-10,1.9355e-10,1.9355e-10
1.1613e-10,1.1613e-10,1.1613e-10,1.1613e-10,1.1613e-10
6.9678e-11,6.9678e-11,6.9678e-11,6.9678e-11,6.9678e-11
4.1807e-11,4.1807e-11,4.1807e-11,4.1807e-11,4.1807e-11
2.5084e-11,2.5084e-11,2.5084e-11,2.5084e-11,2.5084e-11
1.505e-11,1.505e-11,1.505e-11,1.505e-11,1.505e-11
9.0303e-12,9.0303e-12,9.0303e-12,9.0303e-12,9.0303e-12
5.4182e-12,5.4182e-12,5.4182e-12,5.4182e-12,5.4182e-12
3.2509e-12,3.2509e-12,3.2509e-12,3.2509e-12,3.2509e-12
1.9505e-12,1.9505e-12,1.9505e-12,1.9505e-12,1.9505e-12
1.1703e-12,1.1703e-12,1.1703e-12,1.1703e-12,1.1703e-12
7.0219e-13,7.0219e-13,7.0219e-13,7.0219e-13,7.0219e-13
4.2132e-13,4.2132e-13,4.2132e-13,4.2132e-13,4.2132e-13
2.5279e-13,2.5279e-13,2.5279e-13,2.5279e-13,2.5279e-13
1.5167e-13,1.5167e-13,1.5167e-13,1.5167e-13,1.5167e-13
9.1004e-14,9.1004e-14,9.1004e-14,9.1004e-14,9.1004e-14
5.4603e-14,5.4603e-14,5.4603e-14,5.4603e-14,5.4603e-14
3.2762e-14,3.2762e-14,3.2762e-14,3.2762e-14,3.2762e-14
1.9657e-14,1.9657e-14,1.9657e-14,1.9657e-14,1.9657e-14
1.1794e-14,1.1794e-14,1.1794e-14,1.1794e-14,1.1794e-14
7.0765e-15,7.0765e-15,7.0765e-15,7.0765e-15,7.0765e-15
4.2459e-15,4.2459e-15,4.2459e-15,4.2459e-15,4.2459e-15
2.5475e-15,2.5475e-15,2.5475e-15,2.5475e-15,2.5475e-15
1.5285e-15,1.5285e-15,1.5285e-15,1.5285e-15,1.5285e-15
9.1711e-16,9.1711e-16,9.1711e-16,9.1711e-16,9.1711e-16
5.5027e-16,5.5027e-16,5.5027e-16,5.5027e-16,5.5027e-16
3.3016e-16,3.3016e-16,3.3016e-16,3.3016e-16,3.3016e-16
1.981e-16,1.981e-16,1.981e-16,1.981e-16,1.981e-16
1.1886e-16,1.1886e-16,1.1886e-16,1.1886e-16,1.1886e-16
7.1315e-17,7.1315e-17,7.1315e-17,7.1315e-17,7.1315e-17
4.2789e-17,4.2789e-17,4.2789e-17,4.2789e-17,4.2789e-17
2.5673e-17,2.5673e-17,2.5673e-17,2.5673e-17,2.5673e-17
1.5404e-17,1.5404e-17,1.5404e-17,1.5404e-17,1.5404e-17
9.2424e-18,9.2424e-18,9.2424e-18,9.2424e-18,9.2424e-18
5.5454e-18,5.5454e-18,5.5454e-18,5.5454e-18,5.5454e-18
3.3273e-18,3.3273e-18,3.3273e-18,3.3273e-18,3.3273e-18
1.9964e-18,1.9964e-18,1.9964e-18,1.9964e-18,1.9964e-18
1.1978e-18,1.1978e-18,1.1978e-18,1.1978e-18,1.1978e-18
7.1869e-19,7.1869e-19,7.1869e-19,7.1869e-19,7.1869e-19
4.3121e-19,4.3121e-19,4.3121e-19,4.3121e-19,4.3121e-19
2.5873e-19,2.5873e-19,2.5873e-19,2.5873e-19,2.5873e-19
1.5524e-19,1.5524e-19,1.5524e-19,1.5524e-19,1.5524e-19
9.3142e-20,9.3142e-20,9.3142e-20,9.3142e-20,9.3142e-20
5.5885e-20,5.5885e-20,5.5885e-20,5.5885e-20,5.5885e-20
3.3531e-20,3.3531e-20,3.3531e-20,3.3531e-20,3.3531e-20
2.0119e-20,2.0119e-20,2.0119e-20,2.0119e-20,2.0119e-20
1.2071e-20,1.2071e-20,1.2071e-20,1.2071e-20,1.2071e-20
7.2427e-21,7.2427e-21,7.2427e-21,7.2427e-21,7.2427e-21
4.3456e-21,4.3456e-21,4.3456e-21,4.3456e-21,4.3456e-21
2.6074e-21,2.6074e-21,2.6074e-21,2.6074e-21,2.6074e-21
1.5644e-21,1.5644e-21,1.5644e-21,1.5644e-21,1.5644e-21
9.3866e-22,9.3866e-22,9.3866e-22,9.3866e-22,9.3866e-22
5.6319e-22,5.6319e-22,5.6319e-22,5.6319e-22,5.6319e-22
3.3792e-22,3.3792e-22,3.3792e-22,3.3792e-22,3.3792e-22
2.0275e-22,2.0275e-22,2.0275e-22,2.0275e-22,2.0275e-22
1.2165e-22,1.2165e-22,1.2165e-22,1.2165e-22,1.2165e-22
7.299e-23,7.299e-23,7.299e-23,7.299e-23,7.299e-23
4.3794e-23,4.3794e-23,4.3794e-23,4.3794e-23,4.3794e-23
2.6276e-23,2.6276e-23,2.6276e-23,2.6276e-23,2.6276e-23
1.5766e-23,1.5766e-23,1.5766e-23,1.5766e-23,1.5766e-23
9.4595e-24,9.4595e-24,9.4595e-24,9.4595e-24,9.4595e-24
5.6757e-24,5.6757e-24,5.6757e-24,5.6757e-24,5.6757e-24
3.4054e-24,3.4054e-24,3.4054e-24,3.4054e-24,3.4054e-24
2.0433e-24,2.0433e-24,2.0433e-24,2.0433e-24,2.0433e-24
1.226e-24,1.226e-24,1.226e-24,1.226e-24,1.226e-24
7.3557e-25,7.3557e-25,7.3557e-25,7.3557e-25,7.3557e-25
4.4134e-25,4.4134e-25,4.4134e-25,4.4134e-25,4.4134e-25
2.6481e-25,2.6481e-25,2.6481e-25,2.6481e-25,2.6481e-25
1.5888e-25,1.5888e-25,1.5888e-25,1.5888e-25,1.5888e-25
9.533e-26,9.533e-26,9.533e-26,9.533e-26,9.533e-26
5.7198e-26,5.7198e-26,5.7198e-26,5.7198e-26,5.7198e-26
3.4319e-26,3.4319e-26,3.4319e-26,3.4319e-26,3.4319e-26
2.0591e-26,2.0591e-26,2.0591e-26,2.0591e-26,2.0591e-26
1.2355e-26,1.2355e-26,1.2355e-26,1.2355e-26,1.2355e-26
7.4129e-27,7.4129e-27,7.4129e-27,7.4129e-27,7.4129e-27
4.4477e-27,4.4477e-27,4.4477e-27,4.4477e-27,4.4477e-27
2.6686e-27,2.6686e-27,2.6686e-27,2.6686e-27,2.6686e-27
1.6012e-27,1.6012e-27,1.6012e-27,1.6012e-27,1.6012e-27
9.6071e-28,9.6071e-28,9.6071e-28,9.6071e-28,9.6071e-28
5.7642e-28,5.7642e-28,5.7642e-28,5.7642e-28,5.7642e-28
3.4585e-28,3.4585e-28,3.4585e-28,3.4585e-28,3.4585e-28
2.0751e-28,2.0751e-28,2.0751e-28,2.0751e-28,2.0751e-28
1.2451e-28,1.2451e-28,1.2451e-28,1.2451e-28,1.2451e-28
7.4704e-29,7.4704e-29,7.4704e-29,7.4704e-29,7.4704e-29
4.4823e-29,4.4823e-29,4.4823e-29,4.4823e-29,4.4823e-29
2.6894e-29,2.6894e-29,2.6894e-29,2.6894e-29,2.6894e-29
1.6136e-29,1.6136e-29,1.6136e-29,1.6136e-29,1.6136e-29
9.6817e-30,9.6817e-30,9.6817e-30,9.6817e-30,9.6817e-30
5.809e-30,5.809e-30,5.809e-30,5.809e-30,5.809e-30
3.4854e-30,3.4854e-30,3.4854e-30,3.4854e-30,3.4854e-30
2.0912e-30,2.0912e-30,2.0912e-30,2.0912e-30,2.0912e-30
1.2547e-30,1.2547e-30,1.2547e-30,1.2547e-30,1.2547e-30
7.5285e-31,7.5285e-31,7.5285e-31,7.5285e-31,7.5285e-31
4.5171e-31,4.5171e-31,4.5171e-31,4.5171e-31,4.5171e-31
2.7103e-31,2.7103e-31,2.7103e-31,2.7103e-31,2.7103e-31
1.6262e-31,1.6262e-31,1.6262e-31,1.6262e-31,1.6262e-31
9.7569e-32,9.7569e-32,9.7569e-32,9.7569e-32,9.7569e-32
5.8542e-32,5.8542e-32,5.8542e-32,5.8542e-32,5.8542e-32
3.5125e-32,3.5125e-32,3.5125e-32,3.5125e-32,3.5125e-32
2.1075e-32,2.1075e-32,2.1075e-32,2.1075e-32,2.1075e-32
1.2645e-32,1.2645e-32,1.2645e-32,1.2645e-32,1.2645e-32
7.587e-33,7.587e-33,7.587e-33,7.587e-33,7.587e-33
4.5522e-33,4.5522e-33,4.5522e-33,4.5522e-33,4.5522e-33
2.7313e-33,2.7313e-33,2.7313e-33,2.7313e-33,2.7313e-33
1.6388e-33,1.6388e-33,1.6388e-33,1.6388e-33,1.6388e-33
9.8327e-34,9.8327e-34,9.8327e-34,9.8327e-34,9.8327e-34
5.8996e-34,5.8996e-34,5.8996e-34,5.8996e-34,5.8996e-34
3.5398e-34,3.5398e-34,3.5398e-34,3.5398e-34,3.5398e-34
2.1239e-34,2.1239e-34,2.1239e-34,2.1239e-34,2.1239e-34
1.2743e-34,1.2743e-34,1.2743e-34,1.2743e-34,1.2743e-34
7.6459e-35,7.6459e-35,7.6459e-35,7.6459e-35,7.6459e-35
4.5876e-35,4.5876e-35,4.5876e-35,4.5876e-35,4.5876e-35
2.7525e-35,2.7525e-35,2.7525e-35,2.7525e-35,2.7525e-35
1.6515e-35,1.6515e-35,1.6515e-35,1.6515e-35,1.6515e-35
9.9091e-36,9.9091e-36,9.9091e-36,9.9091e-36,9.9091e-36
5.9455e-36,5.9455e-36,5.9455e-36,5.9455e-36,5.9455e-36
3.5673e-36,3.5673e-36,3.5673e-36,3.5673e-36,3.5673e-36
2.1404e-36,2.1404e-36,2.1404e-36,2.1404e-36,2.1404e-36
1.2842e-36,1.2842e-36,1.2842e-36,1.2842e-36,1.2842e-36
7.7053e-37,7.7053e-37,7.7053e-37,7.7053e-37,7.7053e-37
4.6232e-37,4.6232e-37,4.6232e-37,4.6232e-37,4.6232e-37
2.7739e-37,2.7739e-37,2.7739e-37,2.7739e-37,2.7739e-37
1.6644e-37,1.6644e-37,1.6644e-37,1.6644e-37,1.6644e-37
9.9861e-38,9.9861e-38,9.9861e-38,9.9861e-38,9.9861e-38
5.9917e-38,5.9917e-38,5.9917e-38,5.9917e-38,5.9917e-38
3.595e-38,3.595e-38,3.595e-38,3.595e-38,3.595e-38
2.157e-38,2.157e-38,2.157e-38,2.157e-38,2.157e-38
1.2942e-38,1.2942e-38,1.2942e-38,1.2942e-38,1.2942e-38
7.7652e-39,7.7652e-39,7.7652e-39,7.7652e-39,7.7652e-39
4.6591e-39,4.6591e-39,4.6591e-39,4.6591e-39,4.6591e-39
2.7955e-39,2.7955e-39,2.7955e-39,2.7955e-39,2.7955e-39
1.6773e-39,1.6773e-39,1.6773e-39,1.6773e-39,1.6773e-39
1.0064e-39,1.0064e-39,1.0064e-39,1.0064e-39,1.0064e-39
6.0382e-40,6.0382e-40,6.0382e-40,6.0382e-40,6.0382e-40
3.6229e-40,3.6229e-40,3.6229e-40,3.6229e-40,3.6229e-40
2.1738e-40,2.1738e-40,2.1738e-40,2.1738e-40,2.1738e-40
1.3043e-40,1.3043e-40,1.3043e-40,1.3043e-40,1.3043e-40
7.8255e-41,7.8255e-41,7.8255e-41,7.8255e-41,7.8255e-41
4.6953e-41,4.6953e-41,4.6953e-41,4.6953e-41,4.6953e-41
2.8172e-41,2.8172e-41,2.8172e-41,2.8172e-41,2.8172e-41
1.6903e-41,1.6903e-41,1.6903e-41,1.6903e-41,1.6903e-41
1.0142e-41,1.0142e-41,1.0142e-41,1.0142e-41,1.0142e-41
6.0851e-42,6.0851e-42,6.0851e-42,6.0851e-42,6.0851e-42
3.6511e-42,3.6511e-42,3.6511e-42,3.6511e-42,3.6511e-42
2.1906e-42,2.1906e-42,2.1906e-42,2.1906e-42,2.1906e-42
1.3144e-42,1.3144e-42,1.3144e-42,1.3144e-42,1.3144e-42
7.8863e-43,7.8863e-43,7.8863e-43,7.8863e-43,7.8863e-43
4.7318e-43,4.7318e-43,4.7318e-43,4.7318e-43,4.7318e-43
2.8391e-43,2.8391e-43,2.8391e-43,2.8391e-43,2.8391e-43
1.7034e-43,1.7034e-43,1.7034e-43,1.7034e-43,1.7034e-43
1.0221e-43,1.0221e-43,1.0221e-43,1.0221e-43,1.0221e-43
6.1324e-44,6.1324e-44,6.1324e-44,6.1324e-44,6.1324e-44
3.6794e-44,3.6794e-44,3.6794e-44,3.6794e-44,3.6794e-44
2.2077e-44,2.2077e-44,2.2077e-44,2.2077e-44,2.2077e-44
1.3246e-44,1.3246e-44,1.3246e-44,1.3246e-44,1.3246e-44
7.9476e-45,7.9476e-45,7.9476e-45,7.9476e-45,7.9476e-45
4.7686e-45,4.7686e-45,4.7686e-45,4.7686e-45,4.7686e-45
2.8611e-45,2.8611e-45,2.8611e-45,2.8611e-45,2.8611e-45
1.7167e-45,1.7167e-45,1.7167e-45,1.7167e-45,1.7167e-45
1.03e-45,1.03e-45,1.03e-45,1.03e-45,1.03e-45
6.1801e-46,6.1801e-46,6.1801e-46,6.1801e-46,6.1801e-46
3.708e-46,3.708e-46,3.708e-46,3.708e-46,3.708e-46
2.2248e-46,2.2248e-46,2.2248e-46,2.2248e-46,2.2248e-46
1.3349e-46,1.3349e-46,1.3349e-46,1.3349e-46,1.3349e-46
8.0094e-47,8.0094e-47,8.0094e-47,8.0094e-47,8.0094e-47
4.8056e-47,4.8056e-47,4.8056e-47,4.8056e-47,4.8056e-47
2.8834e-47,2.8834e-47,2.8834e-47,2.8834e-47,2.8834e-47
1.73e-47,1.73e-47,1.73e-47,1.73e-47,1.73e-47
1.038e-47,1.038e-47,1.038e-47,1.038e-47,1.038e-47
6.2281e-48,6.2281e-48,6.2281e-48,6.2281e-48,6.2281e-48
3.7368e-48,3.7368e-48,3.7368e-48,3.7368e-48,3.7368e-48
2.2421e-48,2.2421e-48,2.2421e-48,2.2421e-48,2.2421e-48
1.3453e-48,1.3453e-48,1.3453e-48,1.3453e-48,1.3453e-48
8.0716e-49,8.0716e-49,8.0716e-49,8.0716e-49,8.0716e-49
4.843e-49,4.843e-49,4.843e-49,4.843e-49,4.843e-49
2.9058e-49,2.9058e-49,2.9058e-49,2.9058e-49,2.9058e-49
1.7435e-49,1.7435e-49,1.7435e-49,1.7435e-49,1.7435e-49
1.0461e-49,1.0461e-49,1.0461e-49,1.0461e-49,1.0461e-49
6.2765e-50,6.2765e-50,6.2765e-50,6.2765e-50,6.2765e-50
3.7659e-50,3.7659e-50,3.7659e-50,3.7659e-50,3.7659e-50
2.2595e-50,2.2595e-50,2.2595e-50,2.2595e-50,2.2595e-50
1.3557e-50,1.3557e-50,1.3557e-50,1.3557e-50,1.3557e-50
8.1343e-51,8.1343e-51,8.1343e-51,8.1343e-51,8.1343e-51
4.8806e-51,4.8806e-51,4.8806e-51,4.8806e-51,4.8806e-51
2.9283e-51,2.9283e-51,2.9283e-51,2.9283e-51,2.9283e-51
1.757e-51,1.757e-51,1.757e-51,1.757e-51,1.757e-51
1.0542e-51,1.0542e-51,1.0542e-51,1.0542e-51,1.0542e-51
6.3252e-52,6.3252e-52,6.3252e-52,6.3252e-52,6.3252e-52
3.7951e-52,3.7951e-52,3.7951e-52,3.7951e-52,3.7951e-52
2.2771e-52,2.2771e-52,2.2771e-52,2.2771e-52,2.2771e-52
1.3663e-52,1.3663e-52,1.3663e-52,1.3663e-52,1.3663e-52
8.1975e-53,8.1975e-53,8.1975e-53,8.1975e-53,8.1975e-53
4.9185e-53,4.9185e-53,4.9185e-53,4.9185e-53,4.9185e-53
2.9511e-53,2.9511e-53,2.9511e-53,2.9511e-53,2.9511e-53
1.7707e-53,1.7707e-53,1.7707e-53,1.7707e-53,1.7707e-53
1.0624e-53,1.0624e-53,1.0624e-53,1.0624e-53,1.0624e-53
6.3744e-54,6.3744e-54,6.3744e-54,6.3744e-54,6.3744e-54
3.8246e-54,3.8246e-54,3.8246e-54,3.8246e-54,3.8246e-54
2.2948e-54,2.2948e-54,2.2948e-54,2.2948e-54,2.2948e-54
1.3769e-54,1.3769e-54,1.3769e-54,1.3769e-54,1.3769e-54
8.2612e-55,8.2612e-55,8.2612e-55,8.2612e-55,8.2612e-55
4.9567e-55,4.9567e-55,4.9567e-55,4.9567e-55,4.9567e-55
2.974e-55,2.974e-55,2.974e-55,2.974e-55,2.974e-55
1.7844e-55,1.7844e-55,1.7844e-55,1.7844e-55,1.7844e-55
1.0707e-55,1.0707e-55,1.0707e-55,1.0707e-55,1.0707e-55
6.4239e-56,6.4239e-56,6.4239e-56,6.4239e-56,6.4239e-56
3.8543e-56,3.8543e-56,3.8543e-56,3.8543e-56,3.8543e-56
2.3126e-56,2.3126e-56,2.3126e-56,2.3126e-56,2.3126e-56
1.3876e-56,1.3876e-56,1.3876e-56,1.3876e-56,1.3876e-56
8.3254e-57,8.3254e-57,8.3254e-57,8.3254e-57,8.3254e-57
4.9952e-57,4.9952e-57,4.9952e-57,4.9952e-57,4.9952e-57
2.9971e-57,2.9971e-57,2.9971e-57,2.9971e-57,2.9971e-57
1.7983e-57,1.7983e-57,1.7983e-57,1.7983e-57,1.7983e-57
1.079e-57,1.079e-57,1.079e-57,1.079e-57,1.079e-57
6.4738e-58,6.4738e-58,6.4738e-58,6.4738e-58,6.4738e-58
3.8843e-58,3.8843e-58,3.8843e-58,3.8843e-58,3.8843e-58
2.3306e-58,2.3306e-58,2.3306e-58,2.3306e-58,2.3306e-58
1.3983e-58,1.3983e-58,1.3983e-58,1.3983e-58,1.3983e-58
8.3901e-59,8.3901e-59,8.3901e-59,8.3901e-59,8.3901e-59
5.034e-59,5.034e-59,5.034e-59,5.034e-59,5.034e-59
3.0204e-59,3.0204e-59,3.0204e-59,3.0204e-59,3.0204e-59
1.8123e-59,1.8123e-59,1.8123e-59,1.8123e-59,1.8123e-59
1.0874e-59,1.0874e-59,1.0874e-59,1.0874e-59,1.0874e-59
6.5241e-60,6.5241e-60,6.5241e-60,6.5241e-60,6.5241e-60
3.9145e-60,3.9145e-60,3.9145e-60,3.9145e-60,3.9145e-60
2.3487e-60,2.3487e-60,2.3487e-60,2.3487e-60,2.3487e-60
1.4092e-60,1.4092e-60,1.4092e-60,1.4092e-60,1.4092e-60
8.4553e-61,8.4553e-61,8.4553e-61,8.4553e-61,8.4553e-61
5.0732e-61,5.0732e-61,5.0732e-61,5.0732e-61,5.0732e-61
3.0439e-61,3.0439e-61,3.0439e-61,3.0439e-61,3.0439e-61
1.8263e-61,1.8263e-61,1.8263e-61,1.8263e-61,1.8263e-61
1.0958e-61,1.0958e-61,1.0958e-61,1.0958e-61,1.0958e-61
6.5748e-62,6.5748e-62,6.5748e-62,6.5748e-62,6.5748e-62
3.9449e-62,3.9449e-62,3.9449e-62,3.9449e-62,3.9449e-62
2.3669e-62,2.3669e-62,2.3669e-62,2.3669e-62,2.3669e-62
1.4202e-62,1.4202e-62,1.4202e-62,1.4202e-62,1.4202e-62
8.5209e-63,8.5209e-63,8.5209e-63,8.5209e-63,8.5209e-63
5.1126e-63,5.1126e-63,5.1126e-63,5.1126e-63,5.1126e-63
3.0675e-63,3.0675e-63,3.0675e-63,3.0675e-63,3.0675e-63
1.8405e-63,1.8405e-63,1.8405e-63,1.8405e-63,1.8405e-63
1.1043e-63,1.1043e-63,1.1043e-63,1.1043e-63,1.1043e-63
6.6259e-64,6.6259e-64,6.6259e-64,6.6259e-64,6.6259e-64
3.9755e-64,3.9755e-64,3.9755e-64,3.9755e-64,3.9755e-64
2.3853e-64,2.3853e-64,2.3853e-64,2.3853e-64,2.3853e-64
1.4312e-64,1.4312e-64,1.4312e-64,1.4312e-64,1.4312e-64
8.5872e-65,8.5872e-65,8.5872e-65,8.5872e-65,8.5872e-65
5.1523e-65,5.1523e-65,5.1523e-65,5.1523e-65,5.1523e-65
3.0914e-65,3.0914e-65,3.0914e-65,3.0914e-65,3.0914e-65
1.8548e-65,1.8548e-65,1.8548e-65,1.8548e-65,1.8548e-65
1.1129e-65,1.1129e-65,1.1129e-65,1.1129e-65,1.1129e-65
6.6774e-66,6.6774e-66,6.6774e-66,6.6774e-66,6.6774e-66
4.0064e-66,4.0064e-66,4.0064e-66,4.0064e-66,4.0064e-66
2.4039e-66,2.4039e-66,2.4039e-66,2.4039e-66,2.4039e-66
1.4423e-66,1.4423e-66,1.4423e-66,1.4423e-66,1.4423e-66
8.6539e-67,8.6539e-67,8.6539e-67,8.6539e-67,8.6539e-67
5.1923e-67,5.1923e-67,5.1923e-67,5.1923e-67,5.1923e-67
3.1154e-67,3.1154e-67,3.1154e-67,3.1154e-67,3.1154e-67
1.8692e-67,1.8692e-67,1.8692e-67,1.8692e-67,1.8692e-67
1.1215e-67,1.1215e-67,1.1215e-67,1.1215e-67,1.1215e-67
6.7293e-68,6.7293e-68,6.7293e-68,6.7293e-68,6.7293e-68
4.0376e-68,4.0376e-68,4.0376e-68,4.0376e-68,4.0376e-68
2.4225e-68,2.4225e-68,2.4225e-68,2.4225e-68,2.4225e-68
1.4535e-68,1.4535e-68,1.4535e-68,1.4535e-68,1.4535e-68
8.7211e-69,8.7211e-69,8.7211e-69,8.7211e-69,8.7211e-69
5.2327e-69,5.2327e-69,5.2327e-69,5.2327e-69,5.2327e-69
3.1396e-69,3.1396e-69,3.1396e-69,3.1396e-69,3.1396e-69
1.8838e-69,1.8838e-69,1.8838e-69,1.8838e-69,1.8838e-69
1.1303e-69,1.1303e-69,1.1303e-69,1.1303e-69,1.1303e-69
6.7815e-70,6.7815e-70,6.7815e-70,6.7815e-70,6.7815e-70
4.0689e-70,4.0689e-70,4.0689e-70,4.0689e-70,4.0689e-70
2.4414e-70,2.4414e-70,2.4414e-70,2.4414e-70,2.4414e-70
1.4648e-70,1.4648e-70,1.4648e-70,1.4648e-70,1.4648e-70
8.7889e-71,8.7889e-71,8.7889e-71,8.7889e-71,8.7889e-71
5.2733e-71,5.2733e-71,5.2733e-71,5.2733e-71,5.2733e-71
3.164e-71,3.164e-71,3.164e-71,3.164e-71,3.164e-71
1.8984e-71,1.8984e-71,1.8984e-71,1.8984e-71,1.8984e-71
1.139e-71,1.139e-71,1.139e-71,1.139e-71,1.139e-71
6.8342e-72,6.8342e-72,6.8342e-72,6.8342e-72,6.8342e-72
4.1005e-72,4.1005e-72,4.1005e-72,4.1005e-72,4.1005e-72
2.4603e-72,2.4603e-72,2.4603e-72,2.4603e-72,2.4603e-72
1.4762e-72,1.4762e-72,1.4762e-72,1.4762e-72,1.4762e-72
8.8572e-73,8.8572e-73,8.8572e-73,8.8572e-73,8.8572e-73
5.3143e-73,5.3143e-73,5.3143e-73,5.3143e-73,5.3143e-73
3.1886e-73,3.1886e-73,3.1886e-73,3.1886e-73,3.1886e-73
1.9131e-73,1.9131e-73,1.9131e-73,1.9131e-73,1.9131e-73
1.1479e-73,1.1479e-73,1.1479e-73,1.1479e-73,1.1479e-73
6.8873e-74,6.8873e-74,6.8873e-74,6.8873e-74,6.8873e-74
4.1324e-74,4.1324e-74,4.1324e-74,4.1324e-74,4.1324e-74
2.4794e-74,2.4794e-74,2.4794e-74,2.4794e-74,2.4794e-74
1.4877e-74,1.4877e-74,1.4877e-74,1.4877e-74,1.4877e-74
8.926e-75,8.926e-75,8.926e-75,8.926e-75,8.926e-75
5.3556e-75,5.3556e-75,5.3556e-75,5.3556e-75,5.3556e-75
3.2133e-75,3.2133e-75,3.2133e-75,3.2133e-75,3.2133e-75
1.928e-75,1.928e-75,1.928e-75,1.928e-75,1.928e-75
1.1568e-75,1.1568e-75,1.1568e-75,1.1568e-75,1.1568e-75
6.9408e-76,6.9408e-76,6.9408e-76,6.9408e-76,6.9408e-76
4.1645e-76,4.1645e-76,4.1645e-76,4.1645e-76,4.1645e-76
2.4987e-76,2.4987e-76,2.4987e-76,2.4987e-76,2.4987e-76
1.4992e-76,1.4992e-76,1.4992e-76,1.4992e-76,1.4992e-76
8.9953e-77,8.9953e-77,8.9953e-77,8.9953e-77,8.9953e-77
5.3972e-77,5.3972e-77,5.3972e-77,5.3972e-77,5.3972e-77
3.2383e-77,3.2383e-77,3.2383e-77,3.2383e-77,3.2383e-77
1.943e-77,1.943e-77,1.943e-77,1.943e-77,1.943e-77
1.1658e-77,1.1658e-77,1.1658e-77,1.1658e-77,1.1658e-77
6.9948e-78,6.9948e-78,6.9948e-78,6.9948e-78,6.9948e-78
4.1969e-78,4.1969e-78,4.1969e-78,4.1969e-78,4.1969e-78
2.5181e-78,2.5181e-78,2.5181e-78,2.5181e-78,2.5181e-78
1.5109e-78,1.5109e-78,1.5109e-78,1.5109e-78,1.5109e-78
9.0652e-79,9.0652e-79,9.0652e-79,9.0652e-79,9.0652e-79
5.4391e-79,5.4391e-79,5.4391e-79,5.4391e-79,5.4391e-79
3.2635e-79,3.2635e-79,3.2635e-79,3.2635e-79,3.2635e-79
1.9581e-79,1.9581e-79,1.9581e-79,1.9581e-79,1.9581e-79
1.1749e-79,1.1749e-79,1.1749e-79,1.1749e-79,1.1749e-79
7.0491e-80,7.0491e-80,7.0491e-80,7.0491e-80,7.0491e-80
4.2295e-80,4.2295e-80,4.2295e-80,4.2295e-80,4.2295e-80
2.5377e-80,2.5377e-80,2.5377e-80,2.5377e-80,2.5377e-80
1.5226e-80,1.5226e-80,1.5226e-80,1.5226e-80,1.5226e-80
9.1356e-81,9.1356e-81,9.1356e-81,9.1356e-81,9.1356e-81
5.4814e-81,5.4814e-81,5.4814e-81,5.4814e-81,5.4814e-81
3.2888e-81,3.2888e-81,3.2888e-81,3.2888e-81,3.2888e-81
1.9733e-81,1.9733e-81,1.9733e-81,1.9733e-81,1.9733e-81
1.184e-81,1.184e-81,1.184e-81,1.184e-81,1.184e-81
7.1039e-82,7.1039e-82,7.1039e-82,7.1039e-82,7.1039e-82
4.2623e-82,4.2623e-82,4.2623e-82,4.2623e-82,4.2623e-82
2.5574e-82,2.5574e-82,2.5574e-82,2.5574e-82,2.5574e-82
1.5344e-82,1.5344e-82,1.5344e-82,1.5344e-82,1.5344e-82
9.2066e-83,9.2066e-83,9.2066e-83,9.2066e-83,9.2066e-83
5.524e-83,5.524e-83,5.524e-83,5.524e-83,5.524e-83
3.3144e-83,3.3144e-83,3.3144e-83,3.3144e-83,3.3144e-83
1.9886e-83,1.9886e-83,1.9886e-83,1.9886e-83,1.9886e-83
1.1932e-83,1.1932e-83,1.1932e-83,1.1932e-83,1.1932e-83
7.1591e-84,7.1591e-84,7.1591e-84,7.1591e-84,7.1591e-84
4.2954e-84,4.2954e-84,4.2954e-84,4.2954e-84,4.2954e-84
2.5773e-84,2.5773e-84,2.5773e-84,2.5773e-84,2.5773e-84
1.5464e-84,1.5464e-84,1.5464e-84,1.5464e-84,1.5464e-84
9.2782e-85,9.2782e-85,9.2782e-85,9.2782e-85,9.2782e-85
5.5669e-85,5.5669e-85,5.5669e-85,5.5669e-85,5.5669e-85
3.3401e-85,3.3401e-85,3.3401e-85,3.3401e-85,3.3401e-85
2.0041e-85,2.0041e-85,2.0041e-85,2.0041e-85,2.0041e-85
1.2024e-85,1.2024e-85,1.2024e-85,1.2024e-85,1.2024e-85
7.2147e-86,7.2147e-86,7.2147e-86,7.2147e-86,7.2147e-86
4.3288e-86,4.3288e-86,4.3288e-86,4.3288e-86,4.3288e-86
2.5973e-86,2.5973e-86,2.5973e-86,2.5973e-86,2.5973e-86
1.5584e-86,1.5584e-86,1.5584e-86,1.5584e-86,1.5584e-86
9.3502e-87,9.3502e-87,9.3502e-87,9.3502e-87,9.3502e-87
5.6101e-87,5.6101e-87,5.6101e-87,5.6101e-87,5.6101e-87
3.3661e-87,3.3661e-87,3.3661e-87,3.3661e-87,3.3661e-87
2.0197e-87,2.0197e-87,2.0197e-87,2.0197e-87,2.0197e-87
1.2118e-87,1.2118e-87,1.2118e-87,1.2118e-87,1.2118e-87
7.2707e-88,7.2707e-88,7.2707e-88,7.2707e-88,7.2707e-88
4.3624e-88,4.3624e-88,4.3624e-88,4.3624e-88,4.3624e-88
2.6175e-88,2.6175e-88,2.6175e-88,2.6175e-88,2.6175e-88
1.5705e-88,1.5705e-88,1.5705e-88,1.5705e-88,1.5705e-88
9.4229e-89,9.4229e-89,9.4229e-89,9.4229e-89,9.4229e-89
5.6537e-89,5.6537e-89,5.6537e-89,5.6537e-89,5.6537e-89
3.3922e-89,3.3922e-89,3.3922e-89,3.3922e-89,3.3922e-89
2.0353e-89,2.0353e-89,2.0353e-89,2.0353e-89,2.0353e-89
1.2212e-89,1.2212e-89,1.2212e-89,1.2212e-89,1.2212e-89
7.3272e-90,7.3272e-90,7.3272e-90,7.3272e-90,7.3272e-90
4.3963e-90,4.3963e-90,4.3963e-90,4.3963e-90,4.3963e-90
2.6378e-90,2.6378e-90,2.6378e-90,2.6378e-90,2.6378e-90
1.5827e-90,1.5827e-90,1.5827e-90,1.5827e-90,1.5827e-90
9.4961e-91,9.4961e-91,9.4961e-91,9.4961e-91,9.4961e-91
5.6977e-91,5.6977e-91,5.6977e-91,5.6977e-91,5.6977e-91
3.4186e-91,3.4186e-91,3.4186e-91,3.4186e-91,3.4186e-91
2.0512e-91,2.0512e-91,2.0512e-91,2.0512e-91,2.0512e-91
1.2307e-91,1.2307e-91,1.2307e-91,1.2307e-91,1.2307e-91
7.3842e-92,7.3842e-92,7.3842e-92,7.3842e-92,7.3842e-92
4.4305e-92,4.4305e-92,4.4305e-92,4.4305e-92,4.4305e-92
2.6583e-92,2.6583e-92,2.6583e-92,2.6583e-92,2.6583e-92
1.595e-92,1.595e-92,1.595e-92,1.595e-92,1.595e-92
9.5699e-93,9.5699e-93,9.5699e-93,9.5699e-93,9.5699e-93
5.7419e-93,5.7419e-93,5.7419e-93,5.7419e-93,5.7419e-93
3.4452e-93,3.4452e-93,3.4452e-93,3.4452e-93,3.4452e-93
2.0671e-93,2.0671e-93,2.0671e-93,2.0671e-93,2.0671e-93
1.2403e-93,1.2403e-93,1.2403e-93,1.2403e-93,1.2403e-93
7.4415e-94,7.4415e-94,7.4415e-94,7.4415e-94,7.4415e-94
4.4649e-94,4.4649e-94,4.4649e-94,4.4649e-94,4.4649e-94
2.679e-94,2.679e-94,2.679e-94,2.679e-94,2.679e-94
1.6074e-94,1.6074e-94,1.6074e-94,1.6074e-94,1.6074e-94
9.6442e-95,9.6442e-95,9.6442e-95,9.6442e-95,9.6442e-95
5.7865e-95,5.7865e-95,5.7865e-95,5.7865e-95,5.7865e-95
3.4719e-95,3.4719e-95,3.4719e-95,3.4719e-95,3.4719e-95
2.0832e-95,2.0832e-95,2.0832e-95,2.0832e-95,2.0832e-95
1.2499e-95,1.2499e-95,1.2499e-95,1.2499e-95,1.2499e-95
7.4994e-96,7.4994e-96,7.4994e-96,7.4994e-96,7.4994e-96
4.4996e-96,4.4996e-96,4.4996e-96,4.4996e-96,4.4996e-96
2.6998e-96,2.6998e-96,2.6998e-96,2.6998e-96,2.6998e-96
1.6199e-96,1.6199e-96,1.6199e-96,1.6199e-96,1.6199e-96
9.7192e-97,9.7192e-97,9.7192e-97,9.7192e-97,9.7192e-97
5.8315e-97,5.8315e-97,5.8315e-97,5.8315e-97,5.8315e-97
3.4989e-97,3.4989e-97,3.4989e-97,3.4989e-97,3.4989e-97
2.0993e-97,2.0993e-97,2.0993e-97,2.0993e-97,2.0993e-97
1.2596e-97,1.2596e-97,1.2596e-97,1.2596e-97,1.2596e-97
7.5576e-98,7.5576e-98,7.5576e-98,7.5576e-98,7.5576e-98
4.5346e-98,4.5346e-98,4.5346e-98,4.5346e-98,4.5346e-98
2.7207e-98,2.7207e-98,2.7207e-98,2.7207e-98,2.7207e-98
1.6324e-98,1.6324e-98,1.6324e-98,1.6324e-98,1.6324e-98
9.7947e-99,9.7947e-99,9.7947e-99,9.7947e-99,9.7947e-99
5.8768e-99,5.8768e-99,5.8768e-99,5.8768e-99,5.8768e-99
3.5261e-99,3.5261e-99,3.5261e-99,3.5261e-99,3.5261e-99
2.1157e-99,2.1157e-99,2.1157e-99,2.1157e-99,2.1157e-99
1.2694e-99,1.2694e-99,1.2694e-99,1.2694e-99,1.2694e-99
7.6163e-100,7.6163e-100,7.6163e-100,7.6163e-100,7.6163e-100
4.5698e-100,4.5698e-100,4.5698e-100,4.5698e-100,4.5698e-100
2.7419e-100,2.7419e-100,2.7419e-100,2.7419e-100,2.7419e-100
1.6451e-100,1.6451e-100,1.6451e-100,1.6451e-100,1.6451e-100
9.8708e-101,9.8708e-101,9.8708e-101,9.8708e-101,9.8708e-101
5.9225e-101,5.9225e-101,5.9225e-101,5.9225e-101,5.9225e-101
3.5535e-101,3.5535e-101,3.5535e-101,3.5535e-101,3.5535e-101
2.1321e-101,2.1321e-101,2.1321e-101,2.1321e-101,2.1321e-101
1.2793e-101,1.2793e-101,1.2793e-101,1.2793e-101,1.2793e-101
7.6755e-102,7.6755e-102,7.6755e-102,7.6755e-102,7.6755e-102
4.6053e-102,4.6053e-102,4.6053e-102,4.6053e-102,4.6053e-102
2.7632e-102,2.7632e-102,2.7632e-102,2.7632e-102,2.7632e-102
1.6579e-102,1.6579e-102,1.6579e-102,1.6579e-102,1.6579e-102
9.9475e-103,9.9475e-103,9.9475e-103,9.9475e-103,9.9475e-103
5.9685e-103,5.9685e-103,5.9685e-103,5.9685e-103,5.9685e-103
3.5811e-103,3.5811e-103,3.5811e-103,3.5811e-103,3.5811e-103
2.1487e-103,2.1487e-103,2.1487e-103,2.1487e-103,2.1487e-103
1.2892e-103,1.2892e-103,1.2892e-103,1.2892e-103,1.2892e-103
7.7352e-104,7.7352e-104,7.7352e-104,7.7352e-104,7.7352e-104
4.6411e-104,4.6411e-104,4.6411e-104,4.6411e-104,4.6411e-104
2.7847e-104,2.7847e-104,2.7847e-104,2.7847e-104,2.7847e-104
1.6708e-104,1.6708e-104,1.6708e-104,1.6708e-104,1.6708e-104
1.0025e-104,1.0025e-104,1.0025e-104,1.0025e-104,1.0025e-104
6.0149e-105,6.0149e-105,6.0149e-105,6.0149e-105,6.0149e-105
3.6089e-105,3.6089e-105,3.6089e-105,3.6089e-105,3.6089e-105
2.1653e-105,2.1653e-105,2.1653e-105,2.1653e-105,2.1653e-105
1.2992e-105,1.2992e-105,1.2992e-105,1.2992e-105,1.2992e-105
7.7953e-106,7.7953e-106,7.7953e-106,7.7953e-106,7.7953e-106
4.6772e-106,4.6772e-106,4.6772e-106,4.6772e-106,4.6772e-106
2.8063e-106,2.8063e-106,2.8063e-106,2.8063e-106,2.8063e-106
1.6838e-106,1.6838e-106,1.6838e-106,1.6838e-106,1.6838e-106
1.0103e-106,1.0103e-106,1.0103e-106,1.0103e-106,1.0103e-106
6.0616e-107,6.0616e-107,6.0616e-107,6.0616e-107,6.0616e-107
3.637e-107,3.637e-107,3.637e-107,3.637e-107,3.637e-107
2.1822e-107,2.1822e-107,2.1822e-107,2.1822e-107,2.1822e-107
1.3093e-107,1.3093e-107,1.3093e-107,1.3093e-107,1.3093e-107
7.8558e-108,7.8558e-108,7.8558e-108,7.8558e-108,7.8558e-108
4.7135e-108,4.7135e-108,4.7135e-108,4.7135e-108,4.7135e-108
2.8281e-108,2.8281e-108,2.8281e-108,2.8281e-108,2.8281e-108
1.6969e-108,1.6969e-108,1.6969e-108,1.6969e-108,1.6969e-108
1.0181e-108,1.0181e-108,1.0181e-108,1.0181e-108,1.0181e-108
6.1087e-109,6.1087e-109,6.1087e-109,6.1087e-109,6.1087e-109
3.6652e-109,3.6652e-109,3.6652e-109,3.6652e-109,3.6652e-109
2.1991e-109,2.1991e-109,2.1991e-109,2.1991e-109,2.1991e-109
1.3195e-109,1.3195e-109,1.3195e-109,1.3195e-109,1.3195e-109
7.9169e-110,7.9169e-110,7.9169e-110,7.9169e-110,7.9169e-110
4.7501e-110,4.7501e-110,4.7501e-110,4.7501e-110,4.7501e-110
2.8501e-110,2.8501e-110,2.8501e-110,2.8501e-110,2.8501e-110
1.71e-110,1.71e-110,1.71e-110,1.71e-110,1.71e-110
1.026e-110,1.026e-110,1.026e-110,1.026e-110,1.026e-110
6.1562e-111,6.1562e-111,6.1562e-111,6.1562e-111,6.1562e-111
3.6937e-111,3.6937e-111,3.6937e-111,3.6937e-111,3.6937e-111
2.2162e-111,2.2162e-111,2.2162e-111,2.2162e-111,2.2162e-111
1.3297e-111,1.3297e-111,1.3297e-111,1.3297e-111,1.3297e-111
7.9784e-112,7.9784e-112,7.9784e-112,7.9784e-112,7.9784e-112
4.787e-112,4.787e-112,4.787e-112,4.787e-112,4.787e-112
2.8722e-112,2.8722e-112,2.8722e-112,2.8722e-112,2.8722e-112
1.7233e-112,1.7233e-112,1.7233e-112,1.7233e-112,1.7233e-112
1.034e-112,1.034e-112,1.034e-112,1.034e-112,1.034e-112
6.204e-113,6.204e-113,6.204e-113,6.204e-113,6.204e-113
3.7224e-113,3.7224e-113,3.7224e-113,3.7224e-113,3.7224e-113
2.2334e-113,2.2334e-113,2.2334e-113,2.2334e-113,2.2334e-113
1.3401e-113,1.3401e-113,1.3401e-113,1.3401e-113,1.3401e-113
8.0404e-114,8.0404e-114,8.0404e-114,8.0404e-114,8.0404e-114
4.8242e-114,4.8242e-114,4.8242e-114,4.8242e-114,4.8242e-114
2.8945e-114,2.8945e-114,2.8945e-114,2.8945e-114,2.8945e-114
1.7367e-114,1.7367e-114,1.7367e-114,1.7367e-114,1.7367e-114
1.042e-114,1.042e-114,1.042e-114,1.042e-114,1.042e-114
6.2522e-115,6.2522e-115,6.2522e-115,6.2522e-115,6.2522e-115
3.7513e-115,3.7513e-115,3.7513e-115,3.7513e-115,3.7513e-115
2.2508e-115,2.2508e-115,2.2508e-115,2.2508e-115,2.2508e-115
1.3505e-115,1.3505e-115,1.3505e-115,1.3505e-115,1.3505e-115
8.1028e-116,8.1028e-116,8.1028e-116,8.1028e-116,8.1028e-116
4.8617e-116,4.8617e-116,4.8617e-116,4.8617e-116,4.8617e-116
2.917e-116,2.917e-116,2.917e-116,2.917e-116,2.917e-116
1.7502e-116,1.7502e-116,1.7502e-116,1.7502e-116,1.7502e-116
1.0501e-116,1.0501e-116,1.0501e-116,1.0501e-116,1.0501e-116
6.3008e-117,6.3008e-117,6.3008e-117,6.3008e-117,6.3008e-117
3.7805e-117,3.7805e-117,3.7805e-117,3.7805e-117,3.7805e-117
2.2683e-117,2.2683e-117,2.2683e-117,2.2683e-117,2.2683e-117
1.361e-117,1.361e-117,1.361e-117,1.361e-117,1.361e-117
8.1658e-118,8.1658e-118,8.1658e-118,8.1658e-118,8.1658e-118
4.8995e-118,4.8995e-118,4.8995e-118,4.8995e-118,4.8995e-118
2.9397e-118,2.9397e-118,2.9397e-118,2.9397e-118,2.9397e-118
1.7638e-118,1.7638e-118,1.7638e-118,1.7638e-118,1.7638e-118
1.0583e-118,1.0583e-118,1.0583e-118,1.0583e-118,1.0583e-118
6.3497e-119,6.3497e-119,6.3497e-119,6.3497e-119,6.3497e-119
3.8098e-119,3.8098e-119,3.8098e-119,3.8098e-119,3.8098e-119
2.2859e-119,2.2859e-119,2.2859e-119,2.2859e-119,2.2859e-119
1.3715e-119,1.3715e-119,1.3715e-119,1.3715e-119,1.3715e-119
8.2292e-120,8.2292e-120,8.2292e-120,8.2292e-120,8.2292e-120
4.9375e-120,4.9375e-120,4.9375e-120,4.9375e-120,4.9375e-120
2.9625e-120,2.9625e-120,2.9625e-120,2.9625e-120,2.9625e-120
1.7775e-120,1.7775e-120,1.7775e-120,1.7775e-120,1.7775e-120
1.0665e-120,1.0665e-120,1.0665e-120,1.0665e-120,1.0665e-120
6.3991e-121,6.3991e-121,6.3991e-121,6.3991e-121,6.3991e-121
3.8394e-121,3.8394e-121,3.8394e-121,3.8394e-121,3.8394e-121
2.3037e-121,2.3037e-121,2.3037e-121,2.3037e-121,2.3037e-121
1.3822e-121,1.3822e-121,1.3822e-121,1.3822e-121,1.3822e-121
8.2932e-122,8.2932e-122,8.2932e-122,8.2932e-122,8.2932e-122
4.9759e-122,4.9759e-122,4.9759e-122,4.9759e-122,4.9759e-122
2.9855e-122,2.9855e-122,2.9855e-122,2.9855e-122,2.9855e-122
1.7913e-122,1.7913e-122,1.7913e-122,1.7913e-122,1.7913e-122
1.0748e-122,1.0748e-122,1.0748e-122,1.0748e-122,1.0748e-122
6.4488e-123,6.4488e-123,6.4488e-123,6.4488e-123,6.4488e-123
3.8693e-123,3.8693e-123,3.8693e-123,3.8693e-123,3.8693e-123
2.3216e-123,2.3216e-123,2.3216e-123,2.3216e-123,2.3216e-123
1.3929e-123,1.3929e-123,1.3929e-123,1.3929e-123,1.3929e-123
8.3576e-124,8.3576e-124,8.3576e-124,8.3576e-124,8.3576e-124
5.0146e-124,5.0146e-124,5.0146e-124,5.0146e-124,5.0146e-124
3.0087e-124,3.0087e-124,3.0087e-124,3.0087e-124,3.0087e-124
1.8052e-124,1.8052e-124,1.8052e-124,1.8052e-124,1.8052e-124
1.0831e-124,1.0831e-124,1.0831e-124,1.0831e-124,1.0831e-124
6.4989e-125,6.4989e-125,6.4989e-125,6.4989e-125,6.4989e-125
3.8993e-125,3.8993e-125,3.8993e-125,3.8993e-125,3.8993e-125
2.3396e-125,2.3396e-125,2.3396e-125,2.3396e-125,2.3396e-125
1.4038e-125,1.4038e-125,1.4038e-125,1.4038e-125,1.4038e-125
8.4225e-126,8.4225e-126,8.4225e-126,8.4225e-126,8.4225e-126
5.0535e-126,5.0535e-126,5.0535e-126,5.0535e-126,5.0535e-126
3.0321e-126,3.0321e-126,3.0321e-126,3.0321e-126,3.0321e-126
1.8193e-126,1.8193e-126,1.8193e-126,1.8193e-126,1.8193e-126
1.0916e-126,1.0916e-126,1.0916e-126,1.0916e-126,1.0916e-126
6.5494e-127,6.5494e-127,6.5494e-127,6.5494e-127,6.5494e-127
3.9296e-127,3.9296e-127,3.9296e-127,3.9296e-127,3.9296e-127
2.3578e-127,2.3578e-127,2.3578e-127,2.3578e-127,2.3578e-127
1.4147e-127,1.4147e-127,1.4147e-127,1.4147e-127,1.4147e-127
8.488e-128,8.488e-128,8.488e-128,8.488e-128,8.488e-128
5.0928e-128,5.0928e-128,5.0928e-128,5.0928e-128,5.0928e-128
3.0557e-128,3.0557e-128,3.0557e-128,3.0557e-128,3.0557e-128
1.8334e-128,1.8334e-128,1.8334e-128,1.8334e-128,1.8334e-128
1.1e-128,1.1e-128,1.1e-128,1.1e-128,1.1e-128
6.6003e-129,6.6003e-129,6.6003e-129,6.6003e-129,6.6003e-129
3.9602e-129,3.9602e-129,3.9602e-129,3.9602e-129,3.9602e-129
2.3761e-129,2.3761e-129,2.3761e-129,2.3761e-129,2.3761e-129
1.4257e-129,1.4257e-129,1.4257e-129,1.4257e-129,1.4257e-129
8.5539e-130,8.5539e-130,8.5539e-130,8.5539e-130,8.5539e-130
5.1324e-130,5.1324e-130,5.1324e-130,5.1324e-130,5.1324e-130
3.0794e-130,3.0794e-130,3.0794e-130,3.0794e-130,3.0794e-130
1.8476e-130,1.8476e-130,1.8476e-130,1.8476e-130,1.8476e-130
1.1086e-130,1.1086e-130,1.1086e-130,1.1086e-130,1.1086e-130
6.6515e-131,6.6515e-131,6.6515e-131,6.6515e-131,6.6515e-131
3.9909e-131,3.9909e-131,3.9909e-131,3.9909e-131,3.9909e-131
2.3946e-131,2.3946e-131,2.3946e-131,2.3946e-131,2.3946e-131
1.4367e-131,1.4367e-131,1.4367e-131,1.4367e-131,1.4367e-131
8.6204e-132,8.6204e-132,8.6204e-132,8.6204e-132,8.6204e-132
5.1722e-132,5.1722e-132,5.1722e-132,5.1722e-132,5.1722e-132
3.1033e-132,3.1033e-132,3.1033e-132,3.1033e-132,3.1033e-132
1.862e-132,1.862e-132,1.862e-132,1.862e-132,1.862e-132
1.1172e-132,1.1172e-132,1.1172e-132,1.1172e-132,1.1172e-132
6.7032e-133,6.7032e-133,6.7032e-133,6.7032e-133,6.7032e-133
4.0219e-133,4.0219e-133,4.0219e-133,4.0219e-133,4.0219e-133
2.4132e-133,2.4132e-133,2.4132e-133,2.4132e-133,2.4132e-133
1.4479e-133,1.4479e-133,1.4479e-133,1.4479e-133,1.4479e-133
8.6874e-134,8.6874e-134,8.6874e-134,8.6874e-134,8.6874e-134
5.2124e-134,5.2124e-134,5.2124e-134,5.2124e-134,5.2124e-134
3.1275e-134,3.1275e-134,3.1275e-134,3.1275e-134,3.1275e-134
1.8765e-134,1.8765e-134,1.8765e-134,1.8765e-134,1.8765e-134
1.1259e-134,1.1259e-134,1.1259e-134,1.1259e-134,1.1259e-134
6.7553e-135,6.7553e-135,6.7553e-135,6.7553e-135,6.7553e-135
4.0532e-135,4.0532e-135,4.0532e-135,4.0532e-135,4.0532e-135
2.4319e-135,2.4319e-135,2.4319e-135,2.4319e-135,2.4319e-135
1.4591e-135,1.4591e-135,1.4591e-135,1.4591e-135,1.4591e-135
8.7549e-136,8.7549e-136,8.7549e-136,8.7549e-136,8.7549e-136
5.2529e-136,5.2529e-136,5.2529e-136,5.2529e-136,5.2529e-136
3.1518e-136,3.1518e-136,3.1518e-136,3.1518e-136,3.1518e-136
1.8911e-136,1.8911e-136,1.8911e-136,1.8911e-136,1.8911e-136
1.1346e-136,1.1346e-136,1.1346e-136,1.1346e-136,1.1346e-136
6.8078e-137,6.8078e-137,6.8078e-137,6.8078e-137,6.8078e-137
4.0847e-137,4.0847e-137,4.0847e-137,4.0847e-137,4.0847e-137
2.4508e-137,2.4508e-137,2.4508e-137,2.4508e-137,2.4508e-137
1.4705e-137,1.4705e-137,1.4705e-137,1.4705e-137,1.4705e-137
8.8229e-138,8.8229e-138,8.8229e-138,8.8229e-138,8.8229e-138
5.2937e-138,5.2937e-138,5.2937e-138,5.2937e-138,5.2937e-138
3.1762e-138,3.1762e-138,3.1762e-138,3.1762e-138,3.1762e-138
1.9057e-138,1.9057e-138,1.9057e-138,1.9057e-138,1.9057e-138
1.1434e-138,1.1434e-138,1.1434e-138,1.1434e-138,1.1434e-138
6.8607e-139,6.8607e-139,6.8607e-139,6.8607e-139,6.8607e-139
4.1164e-139,4.1164e-139,4.1164e-139,4.1164e-139,4.1164e-139
2.4698e-139,2.4698e-139,2.4698e-139,2.4698e-139,2.4698e-139
1.4819e-139,1.4819e-139,1.4819e-139,1.4819e-139,1.4819e-139
8.8914e-140,8.8914e-140,8.8914e-140,8.8914e-140,8.8914e-140
5.3349e-140,5.3349e-140,5.3349e-140,5.3349e-140,5.3349e-140
3.2009e-140,3.2009e-140,3.2009e-140,3.2009e-140,3.2009e-140
1.9205e-140,1.9205e-140,1.9205e-140,1.9205e-140,1.9205e-140
1.1523e-140,1.1523e-140,1.1523e-140,1.1523e-140,1.1523e-140
6.914e-141,6.914e-141,6.914e-141,6.914e-141,6.914e-141
4.1484e-141,4.1484e-141,4.1484e-141,4.1484e-141,4.1484e-141
2.489e-141,2.489e-141,2.489e-141,2.489e-141,2.489e-141
1.4934e-141,1.4934e-141,1.4934e-141,1.4934e-141,1.4934e-141
8.9605e-142,8.9605e-142,8.9605e-142,8.9605e-142,8.9605e-142
5.3763e-142,5.3763e-142,5.3763e-142,5.3763e-142,5.3763e-142
3.2258e-142,3.2258e-142,3.2258e-142,3.2258e-142,3.2258e-142
1.9355e-142,1.9355e-142,1.9355e-142,1.9355e-142,1.9355e-142
1.1613e-142,1.1613e-142,1.1613e-142,1.1613e-142,1.1613e-142
6.9677e-143,6.9677e-143,6.9677e-143,6.9677e-143,6.9677e-143
4.1806e-143,4.1806e-143,4.1806e-143,4.1806e-143,4.1806e-143
2.5084e-143,2.5084e-143,2.5084e-143,2.5084e-143,2.5084e-143
1.505e-143,1.505e-143,1.505e-143,1.505e-143,1.505e-143
9.0301e-144,9.0301e-144,9.0301e-144,9.0301e-144,9.0301e-144
5.4181e-144,5.4181e-144,5.4181e-144,5.4181e-144,5.4181e-144
3.2508e-144,3.2508e-144,3.2508e-144,3.2508e-144,3.2508e-144
1.9505e-144,1.9505e-144,1.9505e-144,1.9505e-144,1.9505e-144
1.1703e-144,1.1703e-144,1.1703e-144,1.1703e-144,1.1703e-144
7.0218e-145,7.0218e-145,7.0218e-145,7.0218e-145,7.0218e-145
4.2131e-145,4.2131e-145,4.2131e-145,4.2131e-145,4.2131e-145
2.5279e-145,2.5279e-145,2.5279e-145,2.5279e-145,2.5279e-145
1.5167e-145,1.5167e-145,1.5167e-145,1.5167e-145,1.5167e-145
9.1003e-146,9.1003e-146,9.1003e-146,9.1003e-146,9.1003e-146
5.4602e-146,5.4602e-146,5.4602e-146,5.4602e-146,5.4602e-146
3.2761e-146,3.2761e-146,3.2761e-146,3.2761e-146,3.2761e-146
1.9657e-146,1.9657e-146,1.9657e-146,1.9657e-146,1.9657e-146
1.1794e-146,1.1794e-146,1.1794e-146,1.1794e-146,1.1794e-146
7.0764e-147,7.0764e-147,7.0764e-147,7.0764e-147,7.0764e-147
4.2458e-147,4.2458e-147,4.2458e-147,4.2458e-147,4.2458e-147
2.5475e-147,2.5475e-147,2.5475e-147,2.5475e-147,2.5475e-147
1.5285e-147,1.5285e-147,1.5285e-147,1.5285e-147,1.5285e-147
9.171e-148,9.171e-148,9.171e-148,9.171e-148,9.171e-148
5.5026e-148,5.5026e-148,5.5026e-148,5.5026e-148,5.5026e-148
3.3016e-148,3.3016e-148,3.3016e-148,3.3016e-148,3.3016e-148
1.9809e-148,1.9809e-148,1.9809e-148,1.9809e-148,1.9809e-148
1.1886e-148,1.1886e-148,1.1886e-148,1.1886e-148,1.1886e-148
7.1314e-149,7.1314e-149,7.1314e-149,7.1314e-149,7.1314e-149
4.2788e-149,4.2788e-149,4.2788e-149,4.2788e-149,4.2788e-149
2.5673e-149,2.5673e-149,2.5673e-149,2.5673e-149,2.5673e-149
1.5404e-149,1.5404e-149,1.5404e-149,1.5404e-149,1.5404e-149
9.2423e-150,9.2423e-150,9.2423e-150,9.2423e-150,9.2423e-150
5.5454e-150,5.5454e-150,5.5454e-150,5.5454e-150,5.5454e-150
3.3272e-150,3.3272e-150,3.3272e-150,3.3272e-150,3.3272e-150
1.9963e-150,1.9963e-150,1.9963e-150,1.9963e-150,1.9963e-150
1.1978e-150,1.1978e-150,1.1978e-150,1.1978e-150,1.1978e-150
7.1868e-151,7.1868e-151,7.1868e-151,7.1868e-151,7.1868e-151
4.3121e-151,4.3121e-151,4.3121e-151,4.3121e-151,4.3121e-151
2.5872e-151,2.5872e-151,2.5872e-151,2.5872e-151,2.5872e-151
1.5523e-151,1.5523e-151,1.5523e-151,1.5523e-151,1.5523e-151
9.3141e-152,9.3141e-152,9.3141e-152,9.3141e-152,9.3141e-152
5.5884e-152,5.5884e-152,5.5884e-152,5.5884e-152,5.5884e-152
3.3531e-152,3.3531e-152,3.3531e-152,3.3531e-152,3.3531e-152
2.0118e-152,2.0118e-152,2.0118e-152,2.0118e-152,2.0118e-152
1.2071e-152,1.2071e-152,1.2071e-152,1.2071e-152,1.2071e-152
7.2426e-153,7.2426e-153,7.2426e-153,7.2426e-153,7.2426e-153
4.3456e-153,4.3456e-153,4.3456e-153,4.3456e-153,4.3456e-153
2.6073e-153,2.6073e-153,2.6073e-153,2.6073e-153,2.6073e-153
1.5644e-153,1.5644e-153,1.5644e-153,1.5644e-153,1.5644e-153
9.3864e-154,9.3864e-154,9.3864e-154,9.3864e-154,9.3864e-154
5.6319e-154,5.6319e-154,5.6319e-154,5.6319e-154,5.6319e-154
3.3791e-154,3.3791e-154,3.3791e-154,3.3791e-154,3.3791e-154
2.0275e-154,2.0275e-154,2.0275e-154,2.0275e-154,2.0275e-154
1.2165e-154,1.2165e-154,1.2165e-154,1.2165e-154,1.2165e-154
7.2989e-155,7.2989e-155,7.2989e-155,7.2989e-155,7.2989e-155
4.3793e-155,4.3793e-155,4.3793e-155,4.3793e-155,4.3793e-155
2.6276e-155,2.6276e-155,2.6276e-155,2.6276e-155,2.6276e-155
1.5766e-155,1.5766e-155,1.5766e-155,1.5766e-155,1.5766e-155
9.4594e-156,9.4594e-156,9.4594e-156,9.4594e-156,9.4594e-156
5.6756e-156,5.6756e-156,5.6756e-156,5.6756e-156,5.6756e-156
3.4054e-156,3.4054e-156,3.4054e-156,3.4054e-156,3.4054e-156
2.0432e-156,2.0432e-156,2.0432e-156,2.0432e-156,2.0432e-156
1.2259e-156,1.2259e-156,1.2259e-156,1.2259e-156,1.2259e-156
7.3556e-157,7.3556e-157,7.3556e-157,7.3556e-157,7.3556e-157
4.4134e-157,4.4134e-157,4.4134e-157,4.4134e-157,4.4134e-157
2.648e-157,2.648e-157,2.648e-157,2.648e-157,2.648e-157
1.5888e-157,1.5888e-157,1.5888e-157,1.5888e-157,1.5888e-157
9.5329e-158,9.5329e-158,9.5329e-158,9.5329e-158,9.5329e-158
5.7197e-158,5.7197e-158,5.7197e-158,5.7197e-158,5.7197e-158
3.4318e-158,3.4318e-158,3.4318e-158,3.4318e-158,3.4318e-158
2.0591e-158,2.0591e-158,2.0591e-158,2.0591e-158,2.0591e-158
1.2355e-158,1.2355e-158,1.2355e-158,1.2355e-158,1.2355e-158
7.4127e-159,7.4127e-159,7.4127e-159,7.4127e-159,7.4127e-159
4.4476e-159,4.4476e-159,4.4476e-159,4.4476e-159,4.4476e-159
2.6686e-159,2.6686e-159,2.6686e-159,2.6686e-159,2.6686e-159
1.6012e-159,1.6012e-159,1.6012e-159,1.6012e-159,1.6012e-159
9.6069e-160,9.6069e-160,9.6069e-160,9.6069e-160,9.6069e-160
5.7642e-160,5.7642e-160,5.7642e-160,5.7642e-160,5.7642e-160
3.4585e-160,3.4585e-160,3.4585e-160,3.4585e-160,3.4585e-160
2.0751e-160,2.0751e-160,2.0751e-160,2.0751e-160,2.0751e-160
1.2451e-160,1.2451e-160,1.2451e-160,1.2451e-160,1.2451e-160
7.4703e-161,7.4703e-161,7.4703e-161,7.4703e-161,7.4703e-161
4.4822e-161,4.4822e-161,4.4822e-161,4.4822e-161,4.4822e-161
2.6893e-161,2.6893e-161,2.6893e-161,2.6893e-161,2.6893e-161
1.6136e-161,1.6136e-161,1.6136e-161,1.6136e-161,1.6136e-161
9.6816e-162,9.6816e-162,9.6816e-162,9.6816e-162,9.6816e-162
5.8089e-162,5.8089e-162,5.8089e-162,5.8089e-162,5.8089e-162
3.4854e-162,3.4854e-162,3.4854e-162,3.4854e-162,3.4854e-162
2.0912e-162,2.0912e-162,2.0912e-162,2.0912e-162,2.0912e-162
1.2547e-162,1.2547e-162,1.2547e-162,1.2547e-162,1.2547e-162
7.5284e-163,7.5284e-163,7.5284e-163,7.5284e-163,7.5284e-163
4.517e-163,4.517e-163,4.517e-163,4.517e-163,4.517e-163
2.7102e-163,2.7102e-163,2.7102e-163,2.7102e-163,2.7102e-163
1.6261e-163,1.6261e-163,1.6261e-163,1.6261e-163,1.6261e-163
9.7568e-164,9.7568e-164,9.7568e-164,9.7568e-164,9.7568e-164
5.8541e-164,5.8541e-164,5.8541e-164,5.8541e-164,5.8541e-164
3.5124e-164,3.5124e-164,3.5124e-164,3.5124e-164,3.5124e-164
2.1075e-164,2.1075e-164,2.1075e-164,2.1075e-164,2.1075e-164
1.2645e-164,1.2645e-164,1.2645e-164,1.2645e-164,1.2645e-164
7.5869e-165,7.5869e-165,7.5869e-165,7.5869e-165,7.5869e-165
4.5521e-165,4.5521e-165,4.5521e-165,4.5521e-165,4.5521e-165
2.7313e-165,2.7313e-165,2.7313e-165,2.7313e-165,2.7313e-165
1.6388e-165,1.6388e-165,1.6388e-165,1.6388e-165,1.6388e-165
9.8326e-166,9.8326e-166,9.8326e-166,9.8326e-166,9.8326e-166
5.8996e-166,5.8996e-166,5.8996e-166,5.8996e-166,5.8996e-166
3.5397e-166,3.5397e-166,3.5397e-166,3.5397e-166,3.5397e-166
2.1238e-166,2.1238e-166,2.1238e-166,2.1238e-166,2.1238e-166
1.2743e-166,1.2743e-166,1.2743e-166,1.2743e-166,1.2743e-166
7.6458e-167,7.6458e-167,7.6458e-167,7.6458e-167,7.6458e-167
4.5875e-167,4.5875e-167,4.5875e-167,4.5875e-167,4.5875e-167
2.7525e-167,2.7525e-167,2.7525e-167,2.7525e-167,2.7525e-167
1.6515e-167,1.6515e-167,1.6515e-167,1.6515e-167,1.6515e-167
9.909e-168,9.909e-168,9.909e-168,9.909e-168,9.909e-168
5.9454e-168,5.9454e-168,5.9454e-168,5.9454e-168,5.9454e-168
3.5672e-168,3.5672e-168,3.5672e-168,3.5672e-168,3.5672e-168
2.1403e-168,2.1403e-168,2.1403e-168,2.1403e-168,2.1403e-168
1.2842e-168,1.2842e-168,1.2842e-168,1.2842e-168,1.2842e-168
7.7052e-169,7.7052e-169,7.7052e-169,7.7052e-169,7.7052e-169
4.6231e-169,4.6231e-169,4.6231e-169,4.6231e-169,4.6231e-169
2.7739e-169,2.7739e-169,2.7739e-169,2.7739e-169,2.7739e-169
1.6643e-169,1.6643e-169,1.6643e-169,1.6643e-169,1.6643e-169
9.986e-170,9.986e-170,9.986e-170,9.986e-170,9.986e-170
5.9916e-170,5.9916e-170,5.9916e-170,5.9916e-170,5.9916e-170
3.595e-170,3.595e-170,3.595e-170,3.595e-170,3.595e-170
2.157e-170,2.157e-170,2.157e-170,2.157e-170,2.157e-170
1.2942e-170,1.2942e-170,1.2942e-170,1.2942e-170,1.2942e-170
7.7651e-171,7.7651e-171,7.7651e-171,7.7651e-171,7.7651e-171
4.6591e-171,4.6591e-171,4.6591e-171,4.6591e-171,4.6591e-171
2.7954e-171,2.7954e-171,2.7954e-171,2.7954e-171,2.7954e-171
1.6773e-171,1.6773e-171,1.6773e-171,1.6773e-171,1.6773e-171
1.0064e-171,1.0064e-171,1.0064e-171,1.0064e-171,1.0064e-171
6.0381e-172,6.0381e-172,6.0381e-172,6.0381e-172,6.0381e-172
3.6229e-172,3.6229e-172,3.6229e-172,3.6229e-172,3.6229e-172
2.1737e-172,2.1737e-172,2.1737e-172,2.1737e-172,2.1737e-172
1.3042e-172,1.3042e-172,1.3042e-172,1.3042e-172,1.3042e-172
7.8254e-173,7.8254e-173,7.8254e-173,7.8254e-173,7.8254e-173
4.6953e-173,4.6953e-173,4.6953e-173,4.6953e-173,4.6953e-173
2.8172e-173,2.8172e-173,2.8172e-173,2.8172e-173,2.8172e-173
1.6903e-173,1.6903e-173,1.6903e-173,1.6903e-173,1.6903e-173
1.0142e-173,1.0142e-173,1.0142e-173,1.0142e-173,1.0142e-173
6.0851e-174,6.0851e-174,6.0851e-174,6.0851e-174,6.0851e-174
3.651e-174,3.651e-174,3.651e-174,3.651e-174,3.651e-174
2.1906e-174,2.1906e-174,2.1906e-174,2.1906e-174,2.1906e-174
1.3144e-174,1.3144e-174,1.3144e-174,1.3144e-174,1.3144e-174
7.8862e-175,7.8862e-175,7.8862e-175,7.8862e-175,7.8862e-175
4.7317e-175,4.7317e-175,4.7317e-175,4.7317e-175,4.7317e-175
2.839e-175,2.839e-175,2.839e-175,2.839e-175,2.839e-175
1.7034e-175,1.7034e-175,1.7034e-175,1.7034e-175,1.7034e-175
1.0221e-175,1.0221e-175,1.0221e-175,1.0221e-175,1.0221e-175
6.1323e-176,6.1323e-176,6.1323e-176,6.1323e-176,6.1323e-176
3.6794e-176,3.6794e-176,3.6794e-176,3.6794e-176,3.6794e-176
2.2076e-176,2.2076e-176,2.2076e-176,2.2076e-176,2.2076e-176
1.3246e-176,1.3246e-176,1.3246e-176,1.3246e-176,1.3246e-176
7.9475e-177,7.9475e-177,7.9475e-177,7.9475e-177,7.9475e-177
4.7685e-177,4.7685e-177,4.7685e-177,4.7685e-177,4.7685e-177
2.8611e-177,2.8611e-177,2.8611e-177,2.8611e-177,2.8611e-177
1.7167e-177,1.7167e-177,1.7167e-177,1.7167e-177,1.7167e-177
1.03e-177,1.03e-177,1.03e-177,1.03e-177,1.03e-177
6.18e-178,6.18e-178,6.18e-178,6.18e-178,6.18e-178
3.708e-178,3.708e-178,3.708e-178,3.708e-178,3.708e-178
2.2248e-178,2.2248e-178,2.2248e-178,2.2248e-178,2.2248e-178
1.3349e-178,1.3349e-178,1.3349e-178,1.3349e-178,1.3349e-178
8.0093e-179,8.0093e-179,8.0093e-179,8.0093e-179,8.0093e-179
4.8056e-179,4.8056e-179,4.8056e-179,4.8056e-179,4.8056e-179
2.8833e-179,2.8833e-179,2.8833e-179,2.8833e-179,2.8833e-179
1.73e-179,1.73e-179,1.73e-179,1.73e-179,1.73e-179
1.038e-179,1.038e-179,1.038e-179,1.038e-179,1.038e-179
6.228e-180,6.228e-180,6.228e-180,6.228e-180,6.228e-180
3.7368e-180,3.7368e-180,3.7368e-180,3.7368e-180,3.7368e-180
2.2421e-180,2.2421e-180,2.2421e-180,2.2421e-180,2.2421e-180
1.3452e-180,1.3452e-180,1.3452e-180,1.3452e-180,1.3452e-180
8.0715e-181,8.0715e-181,8.0715e-181,8.0715e-181,8.0715e-181
4.8429e-181,4.8429e-181,4.8429e-181,4.8429e-181,4.8429e-181
2.9057e-181,2.9057e-181,2.9057e-181,2.9057e-181,2.9057e-181
1.7434e-181,1.7434e-181,1.7434e-181,1.7434e-181,1.7434e-181
1.0461e-181,1.0461e-181,1.0461e-181,1.0461e-181,1.0461e-181
6.2764e-182,6.2764e-182,6.2764e-182,6.2764e-182,6.2764e-182
3.7658e-182,3.7658e-182,3.7658e-182,3.7658e-182,3.7658e-182
2.2595e-182,2.2595e-182,2.2595e-182,2.2595e-182,2.2595e-182
1.3557e-182,1.3557e-182,1.3557e-182,1.3557e-182,1.3557e-182
8.1342e-183,8.1342e-183,8.1342e-183,8.1342e-183,8.1342e-183
4.8805e-183,4.8805e-183,4.8805e-183,4.8805e-183,4.8805e-183
2.9283e-183,2.9283e-183,2.9283e-183,2.9283e-183,2.9283e-183
1.757e-183,1.757e-183,1.757e-183,1.757e-183,1.757e-183
1.0542e-183,1.0542e-183,1.0542e-183,1.0542e-183,1.0542e-183
6.3251e-184,6.3251e-184,6.3251e-184,6.3251e-184,6.3251e-184
3.7951e-184,3.7951e-184,3.7951e-184,3.7951e-184,3.7951e-184
2.2771e-184,2.2771e-184,2.2771e-184,2.2771e-184,2.2771e-184
1.3662e-184,1.3662e-184,1.3662e-184,1.3662e-184,1.3662e-184
8.1974e-185,8.1974e-185,8.1974e-185,8.1974e-185,8.1974e-185
4.9184e-185,4.9184e-185,4.9184e-185,4.9184e-185,4.9184e-185
2.9511e-185,2.9511e-185,2.9511e-185,2.9511e-185,2.9511e-185
1.7706e-185,1.7706e-185,1.7706e-185,1.7706e-185,1.7706e-185
1.0624e-185,1.0624e-185,1.0624e-185,1.0624e-185,1.0624e-185
6.3743e-186,6.3743e-186,6.3743e-186,6.3743e-186,6.3743e-186
3.8246e-186,3.8246e-186,3.8246e-186,3.8246e-186,3.8246e-186
2.2947e-186,2.2947e-186,2.2947e-186,2.2947e-186,2.2947e-186
1.3768e-186,1.3768e-186,1.3768e-186,1.3768e-186,1.3768e-186
8.2611e-187,8.2611e-187,8.2611e-187,8.2611e-187,8.2611e-187
4.9566e-187,4.9566e-187,4.9566e-187,4.9566e-187,4.9566e-187
2.974e-187,2.974e-187,2.974e-187,2.974e-187,2.974e-187
1.7844e-187,1.7844e-187,1.7844e-187,1.7844e-187,1.7844e-187
1.0706e-187,1.0706e-187,1.0706e-187,1.0706e-187,1.0706e-187
6.4238e-188,6.4238e-188,6.4238e-188,6.4238e-188,6.4238e-188
3.8543e-188,3.8543e-188,3.8543e-188,3.8543e-188,3.8543e-188
2.3126e-188,2.3126e-188,2.3126e-188,2.3126e-188,2.3126e-188
1.3875e-188,1.3875e-188,1.3875e-188,1.3875e-188,1.3875e-188
8.3253e-189,8.3253e-189,8.3253e-189,8.3253e-189,8.3253e-189
4.9952e-189,4.9952e-189,4.9952e-189,4.9952e-189,4.9952e-189
2.9971e-189,2.9971e-189,2.9971e-189,2.9971e-189,2.9971e-189
1.7983e-189,1.7983e-189,1.7983e-189,1.7983e-189,1.7983e-189
1.079e-189,1.079e-189,1.079e-189,1.079e-189,1.079e-189
6.4737e-190,6.4737e-190,6.4737e-190,6.4737e-190,6.4737e-190
3.8842e-190,3.8842e-190,3.8842e-190,3.8842e-190,3.8842e-190
2.3305e-190,2.3305e-190,2.3305e-190,2.3305e-190,2.3305e-190
1.3983e-190,1.3983e-190,1.3983e-190,1.3983e-190,1.3983e-190
8.39e-191,8.39e-191,8.39e-191,8.39e-191,8.39e-191
5.034e-191,5.034e-191,5.034e-191,5.034e-191,5.034e-191
3.0204e-191,3.0204e-191,3.0204e-191,3.0204e-191,3.0204e-191
1.8122e-191,1.8122e-191,1.8122e-191,1.8122e-191,1.8122e-191
1.0873e-191,1.0873e-191,1.0873e-191,1.0873e-191,1.0873e-191
6.524e-192,6.524e-192,6.524e-192,6.524e-192,6.524e-192
3.9144e-192,3.9144e-192,3.9144e-192,3.9144e-192,3.9144e-192
2.3486e-192,2.3486e-192,2.3486e-192,2.3486e-192,2.3486e-192
1.4092e-192,1.4092e-192,1.4092e-192,1.4092e-192,1.4092e-192
8.4551e-193,8.4551e-193,8.4551e-193,8.4551e-193,8.4551e-193
5.0731e-193,5.0731e-193,5.0731e-193,5.0731e-193,5.0731e-193
3.0438e-193,3.0438e-193,3.0438e-193,3.0438e-193,3.0438e-193
1.8263e-193,1.8263e-193,1.8263e-193,1.8263e-193,1.8263e-193
1.0958e-193,1.0958e-193,1.0958e-193,1.0958e-193,1.0958e-193
6.5747e-194,6.5747e-194,6.5747e-194,6.5747e-194,6.5747e-194
3.9448e-194,3.9448e-194,3.9448e-194,3.9448e-194,3.9448e-194
2.3669e-194,2.3669e-194,2.3669e-194,2.3669e-194,2.3669e-194
1.4201e-194,1.4201e-194,1.4201e-194,1.4201e-194,1.4201e-194
8.5208e-195,8.5208e-195,8.5208e-195,8.5208e-195,8.5208e-195
5.1125e-195,5.1125e-195,5.1125e-195,5.1125e-195,5.1125e-195
3.0675e-195,3.0675e-195,3.0675e-195,3.0675e-195,3.0675e-195
1.8405e-195,1.8405e-195,1.8405e-195,1.8405e-195,1.8405e-195
1.1043e-195,1.1043e-195,1.1043e-195,1.1043e-195,1.1043e-195
6.6258e-196,6.6258e-196,6.6258e-196,6.6258e-196,6.6258e-196
3.9755e-196,3.9755e-196,3.9755e-196,3.9755e-196,3.9755e-196
2.3853e-196,2.3853e-196,2.3853e-196,2.3853e-196,2.3853e-196
1.4312e-196,1.4312e-196,1.4312e-196,1.4312e-196,1.4312e-196
8.587e-197,8.587e-197,8.587e-197,8.587e-197,8.587e-197
5.1522e-197,5.1522e-197,5.1522e-197,5.1522e-197,5.1522e-197
3.0913e-197,3.0913e-197,3.0913e-197,3.0913e-197,3.0913e-197
1.8548e-197,1.8548e-197,1.8548e-197,1.8548e-197,1.8548e-197
1.1129e-197,1.1129e-197,1.1129e-197,1.1129e-197,1.1129e-197
6.6773e-198,6.6773e-198,6.6773e-198,6.6773e-198,6.6773e-198
4.0064e-198,4.0064e-198,4.0064e-198,4.0064e-198,4.0064e-198
2.4038e-198,2.4038e-198,2.4038e-198,2.4038e-198,2.4038e-198
1.4423e-198,1.4423e-198,1.4423e-198,1.4423e-198,1.4423e-198
8.6538e-199,8.6538e-199,8.6538e-199,8.6538e-199,8.6538e-199
5.1923e-199,5.1923e-199,5.1923e-199,5.1923e-199,5.1923e-199
3.1154e-199,3.1154e-199,3.1154e-199,3.1154e-199,3.1154e-199
1.8692e-199,1.8692e-199,1.8692e-199,1.8692e-199,1.8692e-199
1.1215e-199,1.1215e-199,1.1215e-199,1.1215e-199,1.1215e-199
6.7292e-200,6.7292e-200,6.7292e-200,6.7292e-200,6.7292e-200
4.0375e-200,4.0375e-200,4.0375e-200,4.0375e-200,4.0375e-200
2.4225e-200,2.4225e-200,2.4225e-200,2.4225e-200,2.4225e-200
1.4535e-200,1.4535e-200,1.4535e-200,1.4535e-200,1.4535e-200
8.721e-201,8.721e-201,8.721e-201,8.721e-201,8.721e-201
5.2326e-201,5.2326e-201,5.2326e-201,5.2326e-201,5.2326e-201
3.1396e-201,3.1396e-201,3.1396e-201,3.1396e-201,3.1396e-201
1.8837e-201,1.8837e-201,1.8837e-201,1.8837e-201,1.8837e-201
1.1302e-201,1.1302e-201,1.1302e-201,1.1302e-201,1.1302e-201
6.7814e-202,6.7814e-202,6.7814e-202,6.7814e-202,6.7814e-202
4.0689e-202,4.0689e-202,4.0689e-202,4.0689e-202,4.0689e-202
2.4413e-202,2.4413e-202,2.4413e-202,2.4413e-202,2.4413e-202
1.4648e-202,1.4648e-202,1.4648e-202,1.4648e-202,1.4648e-202
8.7887e-203,8.7887e-203,8.7887e-203,8.7887e-203,8.7887e-203
5.2732e-203,5.2732e-203,5.2732e-203,5.2732e-203,5.2732e-203
3.1639e-203,3.1639e-203,3.1639e-203,3.1639e-203,3.1639e-203
1.8984e-203,1.8984e-203,1.8984e-203,1.8984e-203,1.8984e-203
1.139e-203,1.139e-203,1.139e-203,1.139e-203,1.139e-203
6.8341e-204,6.8341e-204,6.8341e-204,6.8341e-204,6.8341e-204
4.1005e-204,4.1005e-204,4.1005e-204,4.1005e-204,4.1005e-204
2.4603e-204,2.4603e-204,2.4603e-204,2.4603e-204,2.4603e-204
1.4762e-204,1.4762e-204,1.4762e-204,1.4762e-204,1.4762e-204
8.857e-205,8.857e-205,8.857e-205,8.857e-205,8.857e-205
5.3142e-205,5.3142e-205,5.3142e-205,5.3142e-205,5.3142e-205
3.1885e-205,3.1885e-205,3.1885e-205,3.1885e-205,3.1885e-205
1.9131e-205,1.9131e-205,1.9131e-205,1.9131e-205,1.9131e-205
1.1479e-205,1.1479e-205,1.1479e-205,1.1479e-205,1.1479e-205
6.8872e-206,6.8872e-206,6.8872e-206,6.8872e-206,6.8872e-206
4.1323e-206,4.1323e-206,4.1323e-206,4.1323e-206,4.1323e-206
2.4794e-206,2.4794e-206,2.4794e-206,2.4794e-206,2.4794e-206
1.4876e-206,1.4876e-206,1.4876e-206,1.4876e-206,1.4876e-206
8.9258e-207,8.9258e-207,8.9258e-207,8.9258e-207,8.9258e-207
5.3555e-207,5.3555e-207,5.3555e-207,5.3555e-207,5.3555e-207
3.2133e-207,3.2133e-207,3.2133e-207,3.2133e-207,3.2133e-207
1.928e-207,1.928e-207,1.928e-207,1.928e-207,1.928e-207
1.1568e-207,1.1568e-207,1.1568e-207,1.1568e-207,1.1568e-207
6.9407e-208,6.9407e-208,6.9407e-208,6.9407e-208,6.9407e-208
4.1644e-208,4.1644e-208,4.1644e-208,4.1644e-208,4.1644e-208
2.4987e-208,2.4987e-208,2.4987e-208,2.4987e-208,2.4987e-208
1.4992e-208,1.4992e-208,1.4992e-208,1.4992e-208,1.4992e-208
8.9952e-209,8.9952e-209,8.9952e-209,8.9952e-209,8.9952e-209
5.3971e-209,5.3971e-209,5.3971e-209,5.3971e-209,5.3971e-209
3.2383e-209,3.2383e-209,3.2383e-209,3.2383e-209,3.2383e-209
1.943e-209,1.943e-209,1.943e-209,1.943e-209,1.943e-209
1.1658e-209,1.1658e-209,1.1658e-209,1.1658e-209,1.1658e-209
6.9947e-210,6.9947e-210,6.9947e-210,6.9947e-210,6.9947e-210
4.1968e-210,4.1968e-210,4.1968e-210,4.1968e-210,4.1968e-210
2.5181e-210,2.5181e-210,2.5181e-210,2.5181e-210,2.5181e-210
1.5108e-210,1.5108e-210,1.5108e-210,1.5108e-210,1.5108e-210
9.0651e-211,9.0651e-211,9.0651e-211,9.0651e-211,9.0651e-211
5.4391e-211,5.4391e-211,5.4391e-211,5.4391e-211,5.4391e-211
3.2634e-211,3.2634e-211,3.2634e-211,3.2634e-211,3.2634e-211
1.9581e-211,1.9581e-211,1.9581e-211,1.9581e-211,1.9581e-211
1.1748e-211,1.1748e-211,1.1748e-211,1.1748e-211,1.1748e-211
7.049e-212,7.049e-212,7.049e-212,7.049e-212,7.049e-212
4.2294e-212,4.2294e-212,4.2294e-212,4.2294e-212,4.2294e-212
2.5376e-212,2.5376e-212,2.5376e-212,2.5376e-212,2.5376e-212
1.5226e-212,1.5226e-212,1.5226e-212,1.5226e-212,1.5226e-212
9.1355e-213,9.1355e-213,9.1355e-213,9.1355e-213,9.1355e-213
5.4813e-213,5.4813e-213,5.4813e-213,5.4813e-213,5.4813e-213
3.2888e-213,3.2888e-213,3.2888e-213,3.2888e-213,3.2888e-213
1.9733e-213,1.9733e-213,1.9733e-213,1.9733e-213,1.9733e-213
1.184e-213,1.184e-213,1.184e-213,1.184e-213,1.184e-213
7.1038e-214,7.1038e-214,7.1038e-214,7.1038e-214,7.1038e-214
4.2623e-214,4.2623e-214,4.2623e-214,4.2623e-214,4.2623e-214
2.5574e-214,2.5574e-214,2.5574e-214,2.5574e-214,2.5574e-214
1.5344e-214,1.5344e-214,1.5344e-214,1.5344e-214,1.5344e-214
9.2065e-215,9.2065e-215,9.2065e-215,9.2065e-215,9.2065e-215
5.5239e-215,5.5239e-215,5.5239e-215,5.5239e-215,5.5239e-215
3.3143e-215,3.3143e-215,3.3143e-215,3.3143e-215,3.3143e-215
1.9886e-215,1.9886e-215,1.9886e-215,1.9886e-215,1.9886e-215
1.1932e-215,1.1932e-215,1.1932e-215,1.1932e-215,1.1932e-215
7.159e-216,7.159e-216,7.159e-216,7.159e-216,7.159e-216
4.2954e-216,4.2954e-216,4.2954e-216,4.2954e-216,4.2954e-216
2.5772e-216,2.5772e-216,2.5772e-216,2.5772e-216,2.5772e-216
1.5463e-216,1.5463e-216,1.5463e-216,1.5463e-216,1.5463e-216
9.278e-217,9.278e-217,9.278e-217,9.278e-217,9.278e-217
5.5668e-217,5.5668e-217,5.5668e-217,5.5668e-217,5.5668e-217
3.3401e-217,3.3401e-217,3.3401e-217,3.3401e-217,3.3401e-217
2.0041e-217,2.0041e-217,2.0041e-217,2.0041e-217,2.0041e-217
1.2024e-217,1.2024e-217,1.2024e-217,1.2024e-217,1.2024e-217
7.2146e-218,7.2146e-218,7.2146e-218,7.2146e-218,7.2146e-218
4.3288e-218,4.3288e-218,4.3288e-218,4.3288e-218,4.3288e-218
2.5973e-218,2.5973e-218,2.5973e-218,2.5973e-218,2.5973e-218
1.5584e-218,1.5584e-218,1.5584e-218,1.5584e-218,1.5584e-218
9.3501e-219,9.3501e-219,9.3501e-219,9.3501e-219,9.3501e-219
5.6101e-219,5.6101e-219,5.6101e-219,5.6101e-219,5.6101e-219
3.366e-219,3.366e-219,3.366e-219,3.366e-219,3.366e-219
2.0196e-219,2.0196e-219,2.0196e-219,2.0196e-219,2.0196e-219
1.2118e-219,1.2118e-219,1.2118e-219,1.2118e-219,1.2118e-219
7.2706e-220,7.2706e-220,7.2706e-220,7.2706e-220,7.2706e-220
4.3624e-220,4.3624e-220,4.3624e-220,4.3624e-220,4.3624e-220
2.6174e-220,2.6174e-220,2.6174e-220,2.6174e-220,2.6174e-220
1.5705e-220,1.5705e-220,1.5705e-220,1.5705e-220,1.5705e-220
9.4228e-221,9.4228e-221,9.4228e-221,9.4228e-221,9.4228e-221
5.6537e-221,5.6537e-221,5.6537e-221,5.6537e-221,5.6537e-221
3.3922e-221,3.3922e-221,3.3922e-221,3.3922e-221,3.3922e-221
2.0353e-221,2.0353e-221,2.0353e-221,2.0353e-221,2.0353e-221
1.2212e-221,1.2212e-221,1.2212e-221,1.2212e-221,1.2212e-221
7.3271e-222,7.3271e-222,7.3271e-222,7.3271e-222,7.3271e-222
4.3963e-222,4.3963e-222,4.3963e-222,4.3963e-222,4.3963e-222
2.6378e-222,2.6378e-222,2.6378e-222,2.6378e-222,2.6378e-222
1.5827e-222,1.5827e-222,1.5827e-222,1.5827e-222,1.5827e-222
9.496e-223,9.496e-223,9.496e-223,9.496e-223,9.496e-223
5.6976e-223,5.6976e-223,5.6976e-223,5.6976e-223,5.6976e-223
3.4186e-223,3.4186e-223,3.4186e-223,3.4186e-223,3.4186e-223
