0.1,0.2,0.3,0.5,0.6
0.09,0.16,0.21,0.25,0.24
0.0819,0.1344,0.1659,0.1875,0.1824
0.075192,0.11634,0.13838,0.15234,0.14913
0.069538,0.1028,0.11923,0.12914,0.12689
0.064703,0.092234,0.10501,0.11246,0.11079
0.060516,0.083727,0.093986,0.099812,0.098515
0.056854,0.076717,0.085152,0.08985,0.08881
0.053622,0.070831,0.077901,0.081777,0.080923
0.050746,0.065814,0.071833,0.075089,0.074374
0.048171,0.061483,0.066673,0.069451,0.068843
0.045851,0.057703,0.062228,0.064627,0.064103
0.043749,0.054373,0.058355,0.060451,0.059994
0.041835,0.051417,0.05495,0.056796,0.056395
0.040084,0.048773,0.05193,0.053571,0.053214
0.038478,0.046394,0.049234,0.050701,0.050383
0.036997,0.044242,0.04681,0.04813,0.047844
0.035628,0.042284,0.044619,0.045814,0.045555
0.034359,0.040496,0.042628,0.043715,0.04348
0.033178,0.038856,0.040811,0.041804,0.041589
0.032078,0.037347,0.039145,0.040056,0.03986
0.031049,0.035952,0.037613,0.038452,0.038271
0.030085,0.034659,0.036198,0.036973,0.036806
0.02918,0.033458,0.034888,0.035606,0.035452
0.028328,0.032339,0.033671,0.034338,0.034195
0.027526,0.031293,0.032537,0.033159,0.033025
0.026768,0.030314,0.031478,0.03206,0.031935
0.026051,0.029395,0.030487,0.031032,0.030915
0.025373,0.028531,0.029558,0.030069,0.029959
0.024729,0.027717,0.028684,0.029165,0.029062
0.024117,0.026948,0.027861,0.028314,0.028217
0.023536,0.026222,0.027085,0.027513,0.027421
0.022982,0.025535,0.026352,0.026756,0.026669
0.022454,0.024883,0.025657,0.02604,0.025958
0.02195,0.024263,0.024999,0.025362,0.025284
0.021468,0.023675,0.024374,0.024718,0.024645
0.021007,0.023114,0.02378,0.024107,0.024037
0.020566,0.02258,0.023214,0.023526,0.02346
0.020143,0.02207,0.022675,0.022973,0.022909
0.019737,0.021583,0.022161,0.022445,0.022384
0.019347,0.021117,0.02167,0.021941,0.021883
0.018973,0.020671,0.021201,0.02146,0.021404
0.018613,0.020244,0.020751,0.020999,0.020946
0.018267,0.019834,0.02032,0.020558,0.020507
0.017933,0.019441,0.019908,0.020136,0.020087
0.017611,0.019063,0.019511,0.01973,0.019683
0.017301,0.018699,0.019131,0.019341,0.019296
0.017002,0.01835,0.018765,0.018967,0.018924
0.016713,0.018013,0.018412,0.018607,0.018566
0.016434,0.017689,0.018073,0.018261,0.018221
0.016163,0.017376,0.017747,0.017927,0.017889
0.015902,0.017074,0.017432,0.017606,0.017569
0.015649,0.016782,0.017128,0.017296,0.01726
0.015404,0.016501,0.016835,0.016997,0.016962
0.015167,0.016228,0.016551,0.016708,0.016675
0.014937,0.015965,0.016277,0.016429,0.016397
0.014714,0.01571,0.016012,0.016159,0.016128
0.014497,0.015463,0.015756,0.015898,0.015868
0.014287,0.015224,0.015508,0.015645,0.015616
0.014083,0.014992,0.015267,0.0154,0.015372
0.013885,0.014768,0.015034,0.015163,0.015136
0.013692,0.01455,0.014808,0.014933,0.014907
0.013505,0.014338,0.014589,0.01471,0.014684
0.013322,0.014132,0.014376,0.014494,0.014469
0.013145,0.013933,0.014169,0.014284,0.014259
0.012972,0.013738,0.013969,0.01408,0.014056
0.012804,0.01355,0.013773,0.013882,0.013858
0.01264,0.013366,0.013584,0.013689,0.013666
0.01248,0.013187,0.013399,0.013501,0.01348
0.012324,0.013014,0.01322,0.013319,0.013298
0.012172,0.012844,0.013045,0.013142,0.013121
0.012024,0.012679,0.012875,0.012969,0.012949
0.01188,0.012518,0.012709,0.012801,0.012781
0.011738,0.012362,0.012547,0.012637,0.012618
0.011601,0.012209,0.01239,0.012477,0.012459
0.011466,0.01206,0.012236,0.012322,0.012303
0.011335,0.011914,0.012087,0.01217,0.012152
0.011206,0.011772,0.011941,0.012022,0.012004
0.011081,0.011634,0.011798,0.011877,0.01186
0.010958,0.011499,0.011659,0.011736,0.01172
0.010838,0.011366,0.011523,0.011598,0.011582
0.01072,0.011237,0.01139,0.011464,0.011448
0.010605,0.011111,0.01126,0.011332,0.011317
0.010493,0.010987,0.011134,0.011204,0.011189
0.010383,0.010867,0.01101,0.011078,0.011064
0.010275,0.010749,0.010888,0.010956,0.010941
0.010169,0.010633,0.01077,0.010836,0.010822
0.010066,0.01052,0.010654,0.010718,0.010705
0.0099646,0.010409,0.01054,0.010603,0.01059
0.0098653,0.010301,0.010429,0.010491,0.010478
0.009768,0.010195,0.010321,0.010381,0.010368
0.0096726,0.010091,0.010214,0.010273,0.010261
0.009579,0.0099891,0.01011,0.010168,0.010155
0.0094873,0.0098893,0.010008,0.010064,0.010052
0.0093973,0.0097915,0.0099074,0.009963,0.0099511
0.009309,0.0096957,0.0098092,0.0098637,0.0098521
0.0092223,0.0096016,0.009713,0.0097664,0.009755
0.0091373,0.0095095,0.0096186,0.009671,0.0096599
0.0090538,0.009419,0.0095261,0.0095775,0.0095666
0.0089718,0.0093303,0.0094354,0.0094858,0.009475
0.0088913,0.0092433,0.0093463,0.0093958,0.0093853
0.0088123,0.0091578,0.009259,0.0093075,0.0092972
0.0087346,0.0090739,0.0091733,0.0092209,0.0092107
0.0086583,0.0089916,0.0090891,0.0091358,0.0091259
0.0085833,0.0089108,0.0090065,0.0090524,0.0090426
0.0085097,0.0088314,0.0089254,0.0089704,0.0089609
0.0084373,0.0087534,0.0088457,0.00889,0.0088806
0.0083661,0.0086767,0.0087675,0.0088109,0.0088017
0.0082961,0.0086015,0.0086906,0.0087333,0.0087242
0.0082272,0.0085275,0.0086151,0.008657,0.0086481
0.0081596,0.0084548,0.0085409,0.0085821,0.0085733
0.008093,0.0083833,0.0084679,0.0085084,0.0084998
0.0080275,0.008313,0.0083962,0.008436,0.0084276
0.007963,0.0082439,0.0083257,0.0083649,0.0083566
0.0078996,0.0081759,0.0082564,0.0082949,0.0082867
0.0078372,0.0081091,0.0081882,0.0082261,0.008218
0.0077758,0.0080433,0.0081212,0.0081584,0.0081505
0.0077153,0.0079786,0.0080552,0.0080919,0.0080841
0.0076558,0.007915,0.0079903,0.0080264,0.0080187
0.0075972,0.0078523,0.0079265,0.007962,0.0079544
0.0075395,0.0077907,0.0078637,0.0078986,0.0078912
0.0074826,0.00773,0.0078018,0.0078362,0.0078289
0.0074267,0.0076702,0.007741,0.0077748,0.0077676
0.0073715,0.0076114,0.007681,0.0077143,0.0077073
0.0073172,0.0075535,0.007622,0.0076548,0.0076479
0.0072636,0.0074964,0.0075639,0.0075962,0.0075894
0.0072109,0.0074402,0.0075067,0.0075385,0.0075318
0.0071589,0.0073848,0.0074504,0.0074817,0.007475
0.0071076,0.0073303,0.0073949,0.0074257,0.0074192
0.0070571,0.0072766,0.0073402,0.0073706,0.0073641
0.0070073,0.0072236,0.0072863,0.0073163,0.0073099
0.0069582,0.0071714,0.0072332,0.0072627,0.0072565
0.0069098,0.00712,0.0071809,0.00721,0.0072038
0.006862,0.0070693,0.0071293,0.007158,0.0071519
0.0068149,0.0070193,0.0070785,0.0071068,0.0071008
0.0067685,0.0069701,0.0070284,0.0070563,0.0070503
0.0067227,0.0069215,0.006979,0.0070065,0.0070006
0.0066775,0.0068736,0.0069303,0.0069574,0.0069516
0.0066329,0.0068263,0.0068823,0.006909,0.0069033
0.0065889,0.0067797,0.0068349,0.0068612,0.0068556
0.0065455,0.0067338,0.0067882,0.0068142,0.0068086
0.0065027,0.0066884,0.0067421,0.0067677,0.0067623
0.0064604,0.0066437,0.0066967,0.0067219,0.0067166
0.0064186,0.0065996,0.0066518,0.0066767,0.0066714
0.0063774,0.006556,0.0066076,0.0066322,0.0066269
0.0063368,0.006513,0.0065639,0.0065882,0.006583
0.0062966,0.0064706,0.0065208,0.0065448,0.0065397
0.006257,0.0064287,0.0064783,0.0065019,0.0064969
0.0062178,0.0063874,0.0064363,0.0064597,0.0064547
0.0061791,0.0063466,0.0063949,0.0064179,0.006413
0.006141,0.0063063,0.006354,0.0063767,0.0063719
0.0061033,0.0062666,0.0063136,0.0063361,0.0063313
0.006066,0.0062273,0.0062738,0.0062959,0.0062912
0.0060292,0.0061885,0.0062344,0.0062563,0.0062516
0.0059929,0.0061502,0.0061955,0.0062172,0.0062126
0.0059569,0.0061124,0.0061572,0.0061785,0.006174
0.0059215,0.006075,0.0061192,0.0061403,0.0061358
0.0058864,0.0060381,0.0060818,0.0061026,0.0060982
0.0058517,0.0060017,0.0060448,0.0060654,0.006061
0.0058175,0.0059656,0.0060083,0.0060286,0.0060243
0.0057837,0.0059301,0.0059722,0.0059922,0.005988
0.0057502,0.0058949,0.0059365,0.0059563,0.0059521
0.0057171,0.0058601,0.0059013,0.0059209,0.0059167
0.0056845,0.0058258,0.0058664,0.0058858,0.0058817
0.0056521,0.0057919,0.005832,0.0058512,0.0058471
0.0056202,0.0057583,0.005798,0.0058169,0.0058129
0.0055886,0.0057252,0.0057644,0.0057831,0.0057791
0.0055574,0.0056924,0.0057312,0.0057496,0.0057457
0.0055265,0.00566,0.0056983,0.0057166,0.0057127
0.005496,0.0056279,0.0056658,0.0056839,0.0056801
0.0054657,0.0055963,0.0056337,0.0056516,0.0056478
0.0054359,0.0055649,0.005602,0.0056197,0.0056159
0.0054063,0.005534,0.0055706,0.0055881,0.0055844
0.0053771,0.0055034,0.0055396,0.0055569,0.0055532
0.0053482,0.0054731,0.0055089,0.005526,0.0055224
0.0053196,0.0054431,0.0054786,0.0054954,0.0054919
0.0052913,0.0054135,0.0054485,0.0054652,0.0054617
0.0052633,0.0053842,0.0054189,0.0054354,0.0054319
0.0052356,0.0053552,0.0053895,0.0054058,0.0054024
0.0052082,0.0053265,0.0053604,0.0053766,0.0053732
0.005181,0.0052981,0.0053317,0.0053477,0.0053443
0.0051542,0.0052701,0.0053033,0.0053191,0.0053157
0.0051276,0.0052423,0.0052752,0.0052908,0.0052875
0.0051013,0.0052148,0.0052473,0.0052628,0.0052595
0.0050753,0.0051876,0.0052198,0.0052351,0.0052319
0.0050496,0.0051607,0.0051926,0.0052077,0.0052045
0.0050241,0.0051341,0.0051656,0.0051806,0.0051774
0.0049988,0.0051077,0.0051389,0.0051538,0.0051506
0.0049738,0.0050816,0.0051125,0.0051272,0.0051241
0.0049491,0.0050558,0.0050864,0.0051009,0.0050978
0.0049246,0.0050302,0.0050605,0.0050749,0.0050718
0.0049003,0.0050049,0.0050349,0.0050491,0.0050461
0.0048763,0.0049799,0.0050095,0.0050236,0.0050206
0.0048526,0.0049551,0.0049844,0.0049984,0.0049954
0.004829,0.0049305,0.0049596,0.0049734,0.0049705
0.0048057,0.0049062,0.004935,0.0049487,0.0049458
0.0047826,0.0048822,0.0049106,0.0049242,0.0049213
0.0047597,0.0048583,0.0048865,0.0048999,0.0048971
0.0047371,0.0048347,0.0048626,0.0048759,0.0048731
0.0047146,0.0048113,0.004839,0.0048522,0.0048494
0.0046924,0.0047882,0.0048156,0.0048286,0.0048258
0.0046704,0.0047653,0.0047924,0.0048053,0.0048026
0.0046486,0.0047426,0.0047694,0.0047822,0.0047795
0.004627,0.0047201,0.0047467,0.0047593,0.0047567
0.0046055,0.0046978,0.0047241,0.0047367,0.004734
0.0045843,0.0046757,0.0047018,0.0047143,0.0047116
0.0045633,0.0046539,0.0046797,0.004692,0.0046894
0.0045425,0.0046322,0.0046578,0.00467,0.0046674
0.0045219,0.0046107,0.0046361,0.0046482,0.0046456
0.0045014,0.0045895,0.0046146,0.0046266,0.0046241
0.0044812,0.0045684,0.0045933,0.0046052,0.0046027
0.0044611,0.0045475,0.0045722,0.004584,0.0045815
0.0044412,0.0045269,0.0045513,0.004563,0.0045605
0.0044214,0.0045064,0.0045306,0.0045421,0.0045397
0.0044019,0.0044861,0.0045101,0.0045215,0.0045191
0.0043825,0.0044659,0.0044898,0.0045011,0.0044987
0.0043633,0.004446,0.0044696,0.0044808,0.0044784
0.0043443,0.0044262,0.0044496,0.0044607,0.0044584
0.0043254,0.0044066,0.0044298,0.0044408,0.0044385
0.0043067,0.0043872,0.0044102,0.0044211,0.0044188
0.0042881,0.004368,0.0043907,0.0044016,0.0043993
0.0042698,0.0043489,0.0043715,0.0043822,0.0043799
0.0042515,0.00433,0.0043524,0.004363,0.0043607
0.0042335,0.0043112,0.0043334,0.004344,0.0043417
0.0042155,0.0042926,0.0043146,0.0043251,0.0043229
0.0041978,0.0042742,0.004296,0.0043064,0.0043042
0.0041801,0.004256,0.0042776,0.0042878,0.0042857
0.0041627,0.0042378,0.0042593,0.0042695,0.0042673
0.0041453,0.0042199,0.0042411,0.0042512,0.0042491
0.0041282,0.0042021,0.0042231,0.0042332,0.004231
0.0041111,0.0041844,0.0042053,0.0042152,0.0042131
0.0040942,0.0041669,0.0041876,0.0041975,0.0041954
0.0040774,0.0041495,0.0041701,0.0041798,0.0041778
0.0040608,0.0041323,0.0041527,0.0041624,0.0041603
0.0040443,0.0041152,0.0041354,0.004145,0.004143
0.004028,0.0040983,0.0041183,0.0041279,0.0041258
0.0040118,0.0040815,0.0041014,0.0041108,0.0041088
0.0039957,0.0040649,0.0040846,0.0040939,0.0040919
0.0039797,0.0040483,0.0040679,0.0040772,0.0040752
0.0039639,0.0040319,0.0040513,0.0040605,0.0040586
0.0039481,0.0040157,0.0040349,0.0040441,0.0040421
0.0039326,0.0039996,0.0040186,0.0040277,0.0040258
0.0039171,0.0039836,0.0040025,0.0040115,0.0040096
0.0039017,0.0039677,0.0039865,0.0039954,0.0039935
0.0038865,0.003952,0.0039706,0.0039794,0.0039775
0.0038714,0.0039363,0.0039548,0.0039636,0.0039617
0.0038564,0.0039208,0.0039392,0.0039479,0.003946
0.0038416,0.0039055,0.0039237,0.0039323,0.0039305
0.0038268,0.0038902,0.0039083,0.0039168,0.003915
0.0038122,0.0038751,0.003893,0.0039015,0.0038997
0.0037976,0.0038601,0.0038778,0.0038863,0.0038845
0.0037832,0.0038452,0.0038628,0.0038712,0.0038694
0.0037689,0.0038304,0.0038479,0.0038562,0.0038544
0.0037547,0.0038157,0.0038331,0.0038413,0.0038396
0.0037406,0.0038011,0.0038184,0.0038266,0.0038248
0.0037266,0.0037867,0.0038038,0.0038119,0.0038102
0.0037127,0.0037724,0.0037893,0.0037974,0.0037957
0.0036989,0.0037581,0.003775,0.003783,0.0037813
0.0036852,0.003744,0.0037607,0.0037686,0.003767
0.0036717,0.00373,0.0037466,0.0037544,0.0037528
0.0036582,0.0037161,0.0037325,0.0037403,0.0037387
0.0036448,0.0037023,0.0037186,0.0037264,0.0037247
0.0036315,0.0036886,0.0037048,0.0037125,0.0037108
0.0036183,0.003675,0.0036911,0.0036987,0.0036971
0.0036052,0.0036614,0.0036774,0.003685,0.0036834
0.0035922,0.003648,0.0036639,0.0036714,0.0036698
0.0035793,0.0036347,0.0036505,0.003658,0.0036564
0.0035665,0.0036215,0.0036372,0.0036446,0.003643
0.0035538,0.0036084,0.0036239,0.0036313,0.0036297
0.0035412,0.0035954,0.0036108,0.0036181,0.0036166
0.0035286,0.0035825,0.0035978,0.003605,0.0036035
0.0035162,0.0035696,0.0035848,0.003592,0.0035905
0.0035038,0.0035569,0.003572,0.0035791,0.0035776
0.0034915,0.0035442,0.0035592,0.0035663,0.0035648
0.0034793,0.0035317,0.0035465,0.0035536,0.0035521
0.0034672,0.0035192,0.003534,0.003541,0.0035395
0.0034552,0.0035068,0.0035215,0.0035284,0.0035269
0.0034433,0.0034945,0.0035091,0.003516,0.0035145
0.0034314,0.0034823,0.0034968,0.0035036,0.0035022
0.0034196,0.0034702,0.0034845,0.0034913,0.0034899
0.003408,0.0034581,0.0034724,0.0034791,0.0034777
0.0033963,0.0034462,0.0034603,0.003467,0.0034656
0.0033848,0.0034343,0.0034484,0.003455,0.0034536
0.0033733,0.0034225,0.0034365,0.0034431,0.0034417
0.003362,0.0034108,0.0034247,0.0034312,0.0034298
0.0033507,0.0033992,0.0034129,0.0034195,0.0034181
0.0033394,0.0033876,0.0034013,0.0034078,0.0034064
0.0033283,0.0033761,0.0033897,0.0033961,0.0033948
0.0033172,0.0033647,0.0033782,0.0033846,0.0033833
0.0033062,0.0033534,0.0033668,0.0033732,0.0033718
0.0032953,0.0033422,0.0033555,0.0033618,0.0033604
0.0032844,0.003331,0.0033442,0.0033505,0.0033491
0.0032736,0.0033199,0.003333,0.0033393,0.0033379
0.0032629,0.0033089,0.0033219,0.0033281,0.0033268
0.0032523,0.0032979,0.0033109,0.003317,0.0033157
0.0032417,0.0032871,0.0032999,0.003306,0.0033047
0.0032312,0.0032762,0.003289,0.0032951,0.0032938
0.0032207,0.0032655,0.0032782,0.0032842,0.003283
0.0032104,0.0032549,0.0032675,0.0032734,0.0032722
0.0032001,0.0032443,0.0032568,0.0032627,0.0032615
0.0031898,0.0032337,0.0032462,0.0032521,0.0032508
0.0031796,0.0032233,0.0032356,0.0032415,0.0032403
0.0031695,0.0032129,0.0032252,0.003231,0.0032298
0.0031595,0.0032026,0.0032148,0.0032206,0.0032193
0.0031495,0.0031923,0.0032044,0.0032102,0.003209
0.0031396,0.0031821,0.0031942,0.0031999,0.0031987
0.0031297,0.003172,0.003184,0.0031896,0.0031884
0.0031199,0.0031619,0.0031738,0.0031795,0.0031783
0.0031102,0.0031519,0.0031638,0.0031694,0.0031682
0.0031005,0.003142,0.0031537,0.0031593,0.0031581
0.0030909,0.0031321,0.0031438,0.0031493,0.0031482
0.0030814,0.0031223,0.0031339,0.0031394,0.0031383
0.0030719,0.0031126,0.0031241,0.0031296,0.0031284
0.0030624,0.0031029,0.0031143,0.0031198,0.0031186
0.0030531,0.0030932,0.0031046,0.00311,0.0031089
0.0030437,0.0030837,0.003095,0.0031004,0.0030992
0.0030345,0.0030742,0.0030854,0.0030908,0.0030896
0.0030253,0.0030647,0.0030759,0.0030812,0.0030801
0.0030161,0.0030553,0.0030664,0.0030717,0.0030706
0.003007,0.003046,0.003057,0.0030623,0.0030612
0.002998,0.0030367,0.0030477,0.0030529,0.0030518
0.002989,0.0030275,0.0030384,0.0030436,0.0030425
0.00298,0.0030183,0.0030292,0.0030343,0.0030332
0.0029712,0.0030092,0.00302,0.0030251,0.003024
0.0029623,0.0030002,0.0030109,0.003016,0.0030149
0.0029536,0.0029912,0.0030018,0.0030069,0.0030058
0.0029448,0.0029822,0.0029928,0.0029978,0.0029968
0.0029362,0.0029733,0.0029838,0.0029888,0.0029878
0.0029275,0.0029645,0.0029749,0.0029799,0.0029788
0.002919,0.0029557,0.0029661,0.002971,0.00297
0.0029105,0.002947,0.0029573,0.0029622,0.0029611
0.002902,0.0029383,0.0029485,0.0029534,0.0029524
0.0028936,0.0029296,0.0029398,0.0029447,0.0029437
0.0028852,0.0029211,0.0029312,0.002936,0.002935
0.0028769,0.0029125,0.0029226,0.0029274,0.0029264
0.0028686,0.002904,0.0029141,0.0029188,0.0029178
0.0028604,0.0028956,0.0029056,0.0029103,0.0029093
0.0028522,0.0028872,0.0028971,0.0029018,0.0029008
0.002844,0.0028789,0.0028887,0.0028934,0.0028924
0.002836,0.0028706,0.0028804,0.002885,0.0028841
0.0028279,0.0028624,0.0028721,0.0028767,0.0028757
0.0028199,0.0028542,0.0028639,0.0028684,0.0028675
0.002812,0.002846,0.0028557,0.0028602,0.0028593
0.0028041,0.0028379,0.0028475,0.002852,0.0028511
0.0027962,0.0028299,0.0028394,0.0028439,0.0028429
0.0027884,0.0028219,0.0028313,0.0028358,0.0028349
0.0027806,0.0028139,0.0028233,0.0028278,0.0028268
0.0027729,0.002806,0.0028153,0.0028198,0.0028188
0.0027652,0.0027981,0.0028074,0.0028118,0.0028109
0.0027575,0.0027903,0.0027995,0.0028039,0.002803
0.0027499,0.0027825,0.0027917,0.0027961,0.0027951
0.0027424,0.0027747,0.0027839,0.0027882,0.0027873
0.0027348,0.002767,0.0027762,0.0027805,0.0027796
0.0027274,0.0027594,0.0027684,0.0027727,0.0027718
0.0027199,0.0027518,0.0027608,0.002765,0.0027641
0.0027125,0.0027442,0.0027532,0.0027574,0.0027565
0.0027052,0.0027367,0.0027456,0.0027498,0.0027489
0.0026979,0.0027292,0.002738,0.0027422,0.0027413
0.0026906,0.0027217,0.0027305,0.0027347,0.0027338
0.0026833,0.0027143,0.0027231,0.0027272,0.0027264
0.0026761,0.002707,0.0027157,0.0027198,0.0027189
0.002669,0.0026996,0.0027083,0.0027124,0.0027115
0.0026619,0.0026923,0.002701,0.002705,0.0027042
0.0026548,0.0026851,0.0026937,0.0026977,0.0026969
0.0026477,0.0026779,0.0026864,0.0026905,0.0026896
0.0026407,0.0026707,0.0026792,0.0026832,0.0026824
0.0026337,0.0026636,0.002672,0.002676,0.0026752
0.0026268,0.0026565,0.0026649,0.0026689,0.002668
0.0026199,0.0026494,0.0026578,0.0026617,0.0026609
0.002613,0.0026424,0.0026507,0.0026546,0.0026538
0.0026062,0.0026354,0.0026437,0.0026476,0.0026468
0.0025994,0.0026285,0.0026367,0.0026406,0.0026398
0.0025927,0.0026216,0.0026297,0.0026336,0.0026328
0.0025859,0.0026147,0.0026228,0.0026267,0.0026259
0.0025792,0.0026079,0.0026159,0.0026198,0.002619
0.0025726,0.0026011,0.0026091,0.0026129,0.0026121
0.002566,0.0025943,0.0026023,0.0026061,0.0026053
0.0025594,0.0025876,0.0025955,0.0025993,0.0025985
0.0025528,0.0025809,0.0025888,0.0025925,0.0025917
0.0025463,0.0025742,0.0025821,0.0025858,0.002585
0.0025398,0.0025676,0.0025754,0.0025791,0.0025783
0.0025334,0.002561,0.0025688,0.0025725,0.0025717
0.002527,0.0025544,0.0025622,0.0025659,0.0025651
0.0025206,0.0025479,0.0025556,0.0025593,0.0025585
0.0025142,0.0025414,0.0025491,0.0025527,0.002552
0.0025079,0.002535,0.0025426,0.0025462,0.0025454
0.0025016,0.0025285,0.0025361,0.0025397,0.002539
0.0024954,0.0025221,0.0025297,0.0025333,0.0025325
0.0024891,0.0025158,0.0025233,0.0025269,0.0025261
0.0024829,0.0025094,0.0025169,0.0025205,0.0025197
0.0024768,0.0025031,0.0025106,0.0025141,0.0025134
0.0024706,0.0024969,0.0025043,0.0025078,0.0025071
0.0024645,0.0024906,0.002498,0.0025015,0.0025008
0.0024585,0.0024844,0.0024918,0.0024953,0.0024945
0.0024524,0.0024783,0.0024856,0.002489,0.0024883
0.0024464,0.0024721,0.0024794,0.0024828,0.0024821
0.0024404,0.002466,0.0024732,0.0024767,0.0024759
0.0024345,0.0024599,0.0024671,0.0024705,0.0024698
0.0024285,0.0024539,0.002461,0.0024644,0.0024637
0.0024226,0.0024479,0.002455,0.0024584,0.0024576
0.0024168,0.0024419,0.002449,0.0024523,0.0024516
0.0024109,0.0024359,0.002443,0.0024463,0.0024456
0.0024051,0.00243,0.002437,0.0024403,0.0024396
0.0023993,0.0024241,0.0024311,0.0024344,0.0024337
0.0023936,0.0024182,0.0024251,0.0024284,0.0024277
0.0023878,0.0024123,0.0024193,0.0024225,0.0024218
0.0023821,0.0024065,0.0024134,0.0024167,0.002416
0.0023765,0.0024007,0.0024076,0.0024108,0.0024101
0.0023708,0.002395,0.0024018,0.002405,0.0024043
0.0023652,0.0023892,0.002396,0.0023992,0.0023986
0.0023596,0.0023835,0.0023903,0.0023935,0.0023928
0.002354,0.0023778,0.0023846,0.0023878,0.0023871
0.0023485,0.0023722,0.0023789,0.002382,0.0023814
0.002343,0.0023666,0.0023732,0.0023764,0.0023757
0.0023375,0.002361,0.0023676,0.0023707,0.0023701
0.002332,0.0023554,0.002362,0.0023651,0.0023644
0.0023266,0.0023498,0.0023564,0.0023595,0.0023589
0.0023212,0.0023443,0.0023509,0.0023539,0.0023533
0.0023158,0.0023388,0.0023453,0.0023484,0.0023478
0.0023104,0.0023334,0.0023398,0.0023429,0.0023422
0.0023051,0.0023279,0.0023344,0.0023374,0.0023368
0.0022998,0.0023225,0.0023289,0.0023319,0.0023313
0.0022945,0.0023171,0.0023235,0.0023265,0.0023259
0.0022892,0.0023117,0.0023181,0.0023211,0.0023204
0.002284,0.0023064,0.0023127,0.0023157,0.0023151
0.0022788,0.0023011,0.0023074,0.0023103,0.0023097
0.0022736,0.0022958,0.002302,0.002305,0.0023044
0.0022684,0.0022905,0.0022967,0.0022997,0.0022991
0.0022633,0.0022853,0.0022915,0.0022944,0.0022938
0.0022581,0.00228,0.0022862,0.0022891,0.0022885
0.002253,0.0022748,0.002281,0.0022839,0.0022833
0.002248,0.0022697,0.0022758,0.0022787,0.0022781
0.0022429,0.0022645,0.0022706,0.0022735,0.0022729
0.0022379,0.0022594,0.0022654,0.0022683,0.0022677
0.0022329,0.0022543,0.0022603,0.0022632,0.0022626
0.0022279,0.0022492,0.0022552,0.002258,0.0022574
0.0022229,0.0022441,0.0022501,0.002253,0.0022523
0.002218,0.0022391,0.0022451,0.0022479,0.0022473
0.0022131,0.0022341,0.00224,0.0022428,0.0022422
0.0022082,0.0022291,0.002235,0.0022378,0.0022372
0.0022033,0.0022241,0.00223,0.0022328,0.0022322
0.0021984,0.0022192,0.002225,0.0022278,0.0022272
0.0021936,0.0022143,0.0022201,0.0022228,0.0022223
0.0021888,0.0022094,0.0022151,0.0022179,0.0022173
0.002184,0.0022045,0.0022102,0.002213,0.0022124
0.0021792,0.0021996,0.0022054,0.0022081,0.0022075
0.0021745,0.0021948,0.0022005,0.0022032,0.0022026
0.0021697,0.00219,0.0021957,0.0021983,0.0021978
0.002165,0.0021852,0.0021908,0.0021935,0.0021929
0.0021604,0.0021804,0.002186,0.0021887,0.0021881
0.0021557,0.0021756,0.0021813,0.0021839,0.0021833
0.002151,0.0021709,0.0021765,0.0021791,0.0021786
0.0021464,0.0021662,0.0021718,0.0021744,0.0021738
0.0021418,0.0021615,0.002167,0.0021697,0.0021691
0.0021372,0.0021568,0.0021623,0.002165,0.0021644
0.0021326,0.0021522,0.0021577,0.0021603,0.0021597
0.0021281,0.0021475,0.002153,0.0021556,0.0021551
0.0021236,0.0021429,0.0021484,0.002151,0.0021504
0.0021191,0.0021383,0.0021438,0.0021463,0.0021458
0.0021146,0.0021338,0.0021392,0.0021417,0.0021412
0.0021101,0.0021292,0.0021346,0.0021371,0.0021366
0.0021056,0.0021247,0.00213,0.0021326,0.002132
0.0021012,0.0021202,0.0021255,0.002128,0.0021275
0.0020968,0.0021157,0.002121,0.0021235,0.002123
0.0020924,0.0021112,0.0021165,0.002119,0.0021185
0.002088,0.0021067,0.002112,0.0021145,0.002114
0.0020837,0.0021023,0.0021075,0.00211,0.0021095
0.0020793,0.0020979,0.0021031,0.0021056,0.002105
0.002075,0.0020935,0.0020987,0.0021011,0.0021006
0.0020707,0.0020891,0.0020943,0.0020967,0.0020962
0.0020664,0.0020847,0.0020899,0.0020923,0.0020918
0.0020621,0.0020804,0.0020855,0.002088,0.0020874
0.0020579,0.002076,0.0020812,0.0020836,0.0020831
0.0020536,0.0020717,0.0020768,0.0020792,0.0020787
0.0020494,0.0020674,0.0020725,0.0020749,0.0020744
0.0020452,0.0020632,0.0020682,0.0020706,0.0020701
0.002041,0.0020589,0.002064,0.0020663,0.0020658
0.0020369,0.0020547,0.0020597,0.0020621,0.0020616
0.0020327,0.0020505,0.0020554,0.0020578,0.0020573
0.0020286,0.0020463,0.0020512,0.0020536,0.0020531
0.0020245,0.0020421,0.002047,0.0020494,0.0020489
0.0020204,0.0020379,0.0020428,0.0020452,0.0020447
0.0020163,0.0020337,0.0020387,0.002041,0.0020405
0.0020122,0.0020296,0.0020345,0.0020368,0.0020363
0.0020082,0.0020255,0.0020304,0.0020327,0.0020322
0.0020042,0.0020214,0.0020262,0.0020285,0.002028
0.0020001,0.0020173,0.0020221,0.0020244,0.0020239
0.0019961,0.0020132,0.002018,0.0020203,0.0020198
0.0019922,0.0020092,0.002014,0.0020162,0.0020158
0.0019882,0.0020051,0.0020099,0.0020122,0.0020117
0.0019842,0.0020011,0.0020059,0.0020081,0.0020076
0.0019803,0.0019971,0.0020018,0.0020041,0.0020036
0.0019764,0.0019931,0.0019978,0.0020001,0.0019996
0.0019725,0.0019892,0.0019938,0.0019961,0.0019956
0.0019686,0.0019852,0.0019899,0.0019921,0.0019916
0.0019647,0.0019813,0.0019859,0.0019881,0.0019877
0.0019608,0.0019773,0.001982,0.0019842,0.0019837
0.001957,0.0019734,0.001978,0.0019802,0.0019798
0.0019532,0.0019695,0.0019741,0.0019763,0.0019758
0.0019494,0.0019656,0.0019702,0.0019724,0.0019719
0.0019456,0.0019618,0.0019664,0.0019685,0.0019681
0.0019418,0.0019579,0.0019625,0.0019646,0.0019642
0.001938,0.0019541,0.0019586,0.0019608,0.0019603
0.0019342,0.0019503,0.0019548,0.0019569,0.0019565
0.0019305,0.0019465,0.001951,0.0019531,0.0019527
0.0019268,0.0019427,0.0019472,0.0019493,0.0019488
0.0019231,0.0019389,0.0019434,0.0019455,0.001945
0.0019194,0.0019352,0.0019396,0.0019417,0.0019413
0.0019157,0.0019314,0.0019358,0.0019379,0.0019375
0.001912,0.0019277,0.0019321,0.0019342,0.0019337
0.0019084,0.001924,0.0019284,0.0019304,0.00193
0.0019047,0.0019203,0.0019246,0.0019267,0.0019263
0.0019011,0.0019166,0.0019209,0.001923,0.0019226
0.0018975,0.0019129,0.0019172,0.0019193,0.0019189
0.0018939,0.0019092,0.0019136,0.0019156,0.0019152
0.0018903,0.0019056,0.0019099,0.0019119,0.0019115
0.0018867,0.001902,0.0019063,0.0019083,0.0019079
0.0018832,0.0018983,0.0019026,0.0019047,0.0019042
0.0018796,0.0018947,0.001899,0.001901,0.0019006
0.0018761,0.0018912,0.0018954,0.0018974,0.001897
0.0018726,0.0018876,0.0018918,0.0018938,0.0018934
0.001869,0.001884,0.0018882,0.0018902,0.0018898
0.0018656,0.0018805,0.0018847,0.0018867,0.0018862
0.0018621,0.0018769,0.0018811,0.0018831,0.0018827
0.0018586,0.0018734,0.0018776,0.0018795,0.0018791
0.0018551,0.0018699,0.001874,0.001876,0.0018756
0.0018517,0.0018664,0.0018705,0.0018725,0.0018721
0.0018483,0.0018629,0.001867,0.001869,0.0018686
0.0018449,0.0018594,0.0018636,0.0018655,0.0018651
0.0018415,0.001856,0.0018601,0.001862,0.0018616
0.0018381,0.0018525,0.0018566,0.0018585,0.0018581
0.0018347,0.0018491,0.0018532,0.0018551,0.0018547
0.0018313,0.0018457,0.0018497,0.0018517,0.0018512
0.001828,0.0018423,0.0018463,0.0018482,0.0018478
0.0018246,0.0018389,0.0018429,0.0018448,0.0018444
0.0018213,0.0018355,0.0018395,0.0018414,0.001841
0.001818,0.0018321,0.0018361,0.001838,0.0018376
0.0018147,0.0018288,0.0018328,0.0018346,0.0018342
0.0018114,0.0018254,0.0018294,0.0018313,0.0018309
0.0018081,0.0018221,0.001826,0.0018279,0.0018275
0.0018048,0.0018188,0.0018227,0.0018246,0.0018242
0.0018016,0.0018155,0.0018194,0.0018212,0.0018209
0.0017983,0.0018122,0.0018161,0.0018179,0.0018175
0.0017951,0.0018089,0.0018128,0.0018146,0.0018142
0.0017919,0.0018056,0.0018095,0.0018113,0.0018109
0.0017887,0.0018024,0.0018062,0.001808,0.0018077
0.0017855,0.0017991,0.001803,0.0018048,0.0018044
0.0017823,0.0017959,0.0017997,0.0018015,0.0018011
0.0017791,0.0017927,0.0017965,0.0017983,0.0017979
0.0017759,0.0017894,0.0017932,0.001795,0.0017947
0.0017728,0.0017862,0.00179,0.0017918,0.0017914
0.0017696,0.0017831,0.0017868,0.0017886,0.0017882
0.0017665,0.0017799,0.0017836,0.0017854,0.001785
0.0017634,0.0017767,0.0017805,0.0017822,0.0017818
0.0017603,0.0017735,0.0017773,0.001779,0.0017787
0.0017572,0.0017704,0.0017741,0.0017759,0.0017755
0.0017541,0.0017673,0.001771,0.0017727,0.0017724
0.001751,0.0017641,0.0017678,0.0017696,0.0017692
0.0017479,0.001761,0.0017647,0.0017665,0.0017661
0.0017449,0.0017579,0.0017616,0.0017633,0.001763
0.0017418,0.0017548,0.0017585,0.0017602,0.0017599
0.0017388,0.0017518,0.0017554,0.0017571,0.0017568
0.0017358,0.0017487,0.0017523,0.001754,0.0017537
0.0017328,0.0017456,0.0017493,0.001751,0.0017506
0.0017298,0.0017426,0.0017462,0.0017479,0.0017475
0.0017268,0.0017396,0.0017431,0.0017448,0.0017445
0.0017238,0.0017365,0.0017401,0.0017418,0.0017414
0.0017208,0.0017335,0.0017371,0.0017388,0.0017384
0.0017179,0.0017305,0.0017341,0.0017357,0.0017354
0.0017149,0.0017275,0.0017311,0.0017327,0.0017324
0.001712,0.0017245,0.0017281,0.0017297,0.0017294
0.001709,0.0017216,0.0017251,0.0017267,0.0017264
0.0017061,0.0017186,0.0017221,0.0017238,0.0017234
0.0017032,0.0017156,0.0017191,0.0017208,0.0017204
0.0017003,0.0017127,0.0017162,0.0017178,0.0017175
0.0016974,0.0017098,0.0017132,0.0017149,0.0017145
0.0016945,0.0017068,0.0017103,0.0017119,0.0017116
0.0016917,0.0017039,0.0017074,0.001709,0.0017087
0.0016888,0.001701,0.0017045,0.0017061,0.0017057
0.001686,0.0016981,0.0017015,0.0017032,0.0017028
0.0016831,0.0016952,0.0016987,0.0017003,0.0016999
0.0016803,0.0016924,0.0016958,0.0016974,0.001697
0.0016775,0.0016895,0.0016929,0.0016945,0.0016942
0.0016746,0.0016866,0.00169,0.0016916,0.0016913
0.0016718,0.0016838,0.0016872,0.0016888,0.0016884
0.001669,0.001681,0.0016843,0.0016859,0.0016856
0.0016663,0.0016781,0.0016815,0.0016831,0.0016827
0.0016635,0.0016753,0.0016787,0.0016802,0.0016799
0.0016607,0.0016725,0.0016758,0.0016774,0.0016771
0.001658,0.0016697,0.001673,0.0016746,0.0016743
0.0016552,0.0016669,0.0016702,0.0016718,0.0016715
0.0016525,0.0016642,0.0016674,0.001669,0.0016687
0.0016497,0.0016614,0.0016647,0.0016662,0.0016659
0.001647,0.0016586,0.0016619,0.0016634,0.0016631
0.0016443,0.0016559,0.0016591,0.0016607,0.0016603
0.0016416,0.0016531,0.0016564,0.0016579,0.0016576
0.0016389,0.0016504,0.0016536,0.0016552,0.0016548
0.0016362,0.0016477,0.0016509,0.0016524,0.0016521
0.0016335,0.001645,0.0016482,0.0016497,0.0016494
0.0016309,0.0016423,0.0016455,0.001647,0.0016466
0.0016282,0.0016396,0.0016427,0.0016443,0.0016439
0.0016256,0.0016369,0.00164,0.0016416,0.0016412
0.0016229,0.0016342,0.0016374,0.0016389,0.0016385
0.0016203,0.0016315,0.0016347,0.0016362,0.0016359
0.0016177,0.0016289,0.001632,0.0016335,0.0016332
0.001615,0.0016262,0.0016293,0.0016308,0.0016305
0.0016124,0.0016236,0.0016267,0.0016282,0.0016279
0.0016098,0.0016209,0.001624,0.0016255,0.0016252
0.0016072,0.0016183,0.0016214,0.0016229,0.0016226
0.0016047,0.0016157,0.0016188,0.0016202,0.0016199
0.0016021,0.0016131,0.0016162,0.0016176,0.0016173
0.0015995,0.0016105,0.0016135,0.001615,0.0016147
0.001597,0.0016079,0.0016109,0.0016124,0.0016121
0.0015944,0.0016053,0.0016083,0.0016098,0.0016095
0.0015919,0.0016027,0.0016058,0.0016072,0.0016069
0.0015893,0.0016001,0.0016032,0.0016046,0.0016043
0.0015868,0.0015976,0.0016006,0.001602,0.0016017
0.0015843,0.001595,0.001598,0.0015995,0.0015992
0.0015818,0.0015925,0.0015955,0.0015969,0.0015966
0.0015793,0.0015899,0.0015929,0.0015944,0.0015941
0.0015768,0.0015874,0.0015904,0.0015918,0.0015915
0.0015743,0.0015849,0.0015879,0.0015893,0.001589
0.0015718,0.0015824,0.0015854,0.0015868,0.0015865
0.0015693,0.0015799,0.0015828,0.0015842,0.0015839
0.0015669,0.0015774,0.0015803,0.0015817,0.0015814
0.0015644,0.0015749,0.0015778,0.0015792,0.0015789
0.001562,0.0015724,0.0015754,0.0015767,0.0015764
0.0015595,0.0015699,0.0015729,0.0015743,0.001574
0.0015571,0.0015675,0.0015704,0.0015718,0.0015715
0.0015547,0.001565,0.0015679,0.0015693,0.001569
0.0015523,0.0015626,0.0015655,0.0015668,0.0015666
0.0015499,0.0015601,0.001563,0.0015644,0.0015641
0.0015475,0.0015577,0.0015606,0.0015619,0.0015617
0.0015451,0.0015553,0.0015581,0.0015595,0.0015592
0.0015427,0.0015529,0.0015557,0.0015571,0.0015568
0.0015403,0.0015504,0.0015533,0.0015546,0.0015544
0.0015379,0.001548,0.0015509,0.0015522,0.0015519
0.0015356,0.0015456,0.0015485,0.0015498,0.0015495
0.0015332,0.0015433,0.0015461,0.0015474,0.0015471
0.0015308,0.0015409,0.0015437,0.001545,0.0015447
0.0015285,0.0015385,0.0015413,0.0015426,0.0015424
0.0015262,0.0015361,0.0015389,0.0015403,0.00154
0.0015238,0.0015338,0.0015366,0.0015379,0.0015376
0.0015215,0.0015314,0.0015342,0.0015355,0.0015352
0.0015192,0.0015291,0.0015318,0.0015332,0.0015329
0.0015169,0.0015267,0.0015295,0.0015308,0.0015305
0.0015146,0.0015244,0.0015272,0.0015285,0.0015282
0.0015123,0.0015221,0.0015248,0.0015261,0.0015259
0.00151,0.0015198,0.0015225,0.0015238,0.0015235
0.0015077,0.0015175,0.0015202,0.0015215,0.0015212
0.0015055,0.0015152,0.0015179,0.0015192,0.0015189
0.0015032,0.0015129,0.0015156,0.0015169,0.0015166
0.0015009,0.0015106,0.0015133,0.0015146,0.0015143
0.0014987,0.0015083,0.001511,0.0015123,0.001512
0.0014964,0.001506,0.0015087,0.00151,0.0015097
0.0014942,0.0015037,0.0015064,0.0015077,0.0015074
0.001492,0.0015015,0.0015042,0.0015054,0.0015052
0.0014897,0.0014992,0.0015019,0.0015032,0.0015029
0.0014875,0.001497,0.0014996,0.0015009,0.0015006
0.0014853,0.0014947,0.0014974,0.0014986,0.0014984
0.0014831,0.0014925,0.0014951,0.0014964,0.0014961
0.0014809,0.0014903,0.0014929,0.0014942,0.0014939
0.0014787,0.0014881,0.0014907,0.0014919,0.0014917
0.0014765,0.0014858,0.0014885,0.0014897,0.0014894
0.0014743,0.0014836,0.0014862,0.0014875,0.0014872
0.0014722,0.0014814,0.001484,0.0014853,0.001485
0.00147,0.0014792,0.0014818,0.0014831,0.0014828
0.0014678,0.0014771,0.0014796,0.0014809,0.0014806
0.0014657,0.0014749,0.0014774,0.0014787,0.0014784
0.0014635,0.0014727,0.0014753,0.0014765,0.0014762
0.0014614,0.0014705,0.0014731,0.0014743,0.001474
0.0014593,0.0014684,0.0014709,0.0014721,0.0014719
0.0014571,0.0014662,0.0014688,0.00147,0.0014697
0.001455,0.0014641,0.0014666,0.0014678,0.0014675
0.0014529,0.0014619,0.0014644,0.0014656,0.0014654
0.0014508,0.0014598,0.0014623,0.0014635,0.0014632
0.0014487,0.0014576,0.0014602,0.0014614,0.0014611
0.0014466,0.0014555,0.001458,0.0014592,0.001459
0.0014445,0.0014534,0.0014559,0.0014571,0.0014568
0.0014424,0.0014513,0.0014538,0.001455,0.0014547
0.0014403,0.0014492,0.0014517,0.0014529,0.0014526
0.0014382,0.0014471,0.0014496,0.0014507,0.0014505
0.0014362,0.001445,0.0014475,0.0014486,0.0014484
0.0014341,0.0014429,0.0014454,0.0014465,0.0014463
0.0014321,0.0014408,0.0014433,0.0014444,0.0014442
0.00143,0.0014387,0.0014412,0.0014424,0.0014421
0.001428,0.0014367,0.0014391,0.0014403,0.00144
0.0014259,0.0014346,0.001437,0.0014382,0.001438
0.0014239,0.0014326,0.001435,0.0014361,0.0014359
0.0014219,0.0014305,0.0014329,0.0014341,0.0014338
0.0014198,0.0014285,0.0014309,0.001432,0.0014318
0.0014178,0.0014264,0.0014288,0.00143,0.0014297
0.0014158,0.0014244,0.0014268,0.0014279,0.0014277
0.0014138,0.0014223,0.0014247,0.0014259,0.0014256
0.0014118,0.0014203,0.0014227,0.0014238,0.0014236
0.0014098,0.0014183,0.0014207,0.0014218,0.0014216
0.0014078,0.0014163,0.0014187,0.0014198,0.0014196
0.0014058,0.0014143,0.0014167,0.0014178,0.0014175
0.0014039,0.0014123,0.0014147,0.0014158,0.0014155
0.0014019,0.0014103,0.0014127,0.0014138,0.0014135
0.0013999,0.0014083,0.0014107,0.0014118,0.0014115
0.001398,0.0014063,0.0014087,0.0014098,0.0014095
0.001396,0.0014043,0.0014067,0.0014078,0.0014076
0.0013941,0.0014024,0.0014047,0.0014058,0.0014056
0.0013921,0.0014004,0.0014027,0.0014038,0.0014036
0.0013902,0.0013984,0.0014008,0.0014019,0.0014016
0.0013883,0.0013965,0.0013988,0.0013999,0.0013997
0.0013863,0.0013945,0.0013968,0.0013979,0.0013977
0.0013844,0.0013926,0.0013949,0.001396,0.0013958
0.0013825,0.0013907,0.0013929,0.001394,0.0013938
0.0013806,0.0013887,0.001391,0.0013921,0.0013919
0.0013787,0.0013868,0.0013891,0.0013902,0.0013899
0.0013768,0.0013849,0.0013871,0.0013882,0.001388
0.0013749,0.001383,0.0013852,0.0013863,0.0013861
0.001373,0.001381,0.0013833,0.0013844,0.0013841
0.0013711,0.0013791,0.0013814,0.0013825,0.0013822
0.0013692,0.0013772,0.0013795,0.0013805,0.0013803
0.0013673,0.0013753,0.0013776,0.0013786,0.0013784
0.0013655,0.0013734,0.0013757,0.0013767,0.0013765
0.0013636,0.0013716,0.0013738,0.0013748,0.0013746
0.0013617,0.0013697,0.0013719,0.001373,0.0013727
0.0013599,0.0013678,0.00137,0.0013711,0.0013708
0.001358,0.0013659,0.0013681,0.0013692,0.001369
0.0013562,0.0013641,0.0013663,0.0013673,0.0013671
0.0013544,0.0013622,0.0013644,0.0013654,0.0013652
0.0013525,0.0013603,0.0013625,0.0013636,0.0013634
0.0013507,0.0013585,0.0013607,0.0013617,0.0013615
0.0013489,0.0013566,0.0013588,0.0013599,0.0013596
0.0013471,0.0013548,0.001357,0.001358,0.0013578
0.0013452,0.001353,0.0013551,0.0013562,0.001356
0.0013434,0.0013511,0.0013533,0.0013543,0.0013541
0.0013416,0.0013493,0.0013515,0.0013525,0.0013523
0.0013398,0.0013475,0.0013497,0.0013507,0.0013505
0.001338,0.0013457,0.0013478,0.0013488,0.0013486
0.0013362,0.0013439,0.001346,0.001347,0.0013468
0.0013345,0.0013421,0.0013442,0.0013452,0.001345
0.0013327,0.0013403,0.0013424,0.0013434,0.0013432
0.0013309,0.0013385,0.0013406,0.0013416,0.0013414
0.0013291,0.0013367,0.0013388,0.0013398,0.0013396
0.0013274,0.0013349,0.001337,0.001338,0.0013378
0.0013256,0.0013331,0.0013352,0.0013362,0.001336
0.0013238,0.0013313,0.0013334,0.0013344,0.0013342
0.0013221,0.0013296,0.0013317,0.0013326,0.0013324
0.0013203,0.0013278,0.0013299,0.0013309,0.0013307
0.0013186,0.001326,0.0013281,0.0013291,0.0013289
0.0013169,0.0013243,0.0013263,0.0013273,0.0013271
0.0013151,0.0013225,0.0013246,0.0013256,0.0013254
0.0013134,0.0013208,0.0013228,0.0013238,0.0013236
0.0013117,0.001319,0.0013211,0.0013221,0.0013219
0.0013099,0.0013173,0.0013193,0.0013203,0.0013201
0.0013082,0.0013155,0.0013176,0.0013186,0.0013184
0.0013065,0.0013138,0.0013159,0.0013168,0.0013166
0.0013048,0.0013121,0.0013141,0.0013151,0.0013149
0.0013031,0.0013104,0.0013124,0.0013134,0.0013132
0.0013014,0.0013087,0.0013107,0.0013116,0.0013114
0.0012997,0.0013069,0.001309,0.0013099,0.0013097
0.001298,0.0013052,0.0013072,0.0013082,0.001308
0.0012963,0.0013035,0.0013055,0.0013065,0.0013063
0.0012947,0.0013018,0.0013038,0.0013048,0.0013046
0.001293,0.0013001,0.0013021,0.0013031,0.0013029
0.0012913,0.0012984,0.0013004,0.0013014,0.0013012
0.0012897,0.0012968,0.0012987,0.0012997,0.0012995
0.001288,0.0012951,0.0012971,0.001298,0.0012978
0.0012863,0.0012934,0.0012954,0.0012963,0.0012961
0.0012847,0.0012917,0.0012937,0.0012946,0.0012944
0.001283,0.0012901,0.001292,0.001293,0.0012928
0.0012814,0.0012884,0.0012904,0.0012913,0.0012911
0.0012797,0.0012867,0.0012887,0.0012896,0.0012894
0.0012781,0.0012851,0.001287,0.001288,0.0012878
0.0012765,0.0012834,0.0012854,0.0012863,0.0012861
0.0012748,0.0012818,0.0012837,0.0012846,0.0012845
0.0012732,0.0012801,0.0012821,0.001283,0.0012828
0.0012716,0.0012785,0.0012804,0.0012813,0.0012812
0.00127,0.0012769,0.0012788,0.0012797,0.0012795
0.0012684,0.0012752,0.0012772,0.0012781,0.0012779
0.0012667,0.0012736,0.0012755,0.0012764,0.0012762
0.0012651,0.001272,0.0012739,0.0012748,0.0012746
0.0012635,0.0012704,0.0012723,0.0012732,0.001273
0.0012619,0.0012688,0.0012707,0.0012716,0.0012714
0.0012604,0.0012671,0.001269,0.0012699,0.0012698
0.0012588,0.0012655,0.0012674,0.0012683,0.0012681
0.0012572,0.0012639,0.0012658,0.0012667,0.0012665
0.0012556,0.0012623,0.0012642,0.0012651,0.0012649
0.001254,0.0012607,0.0012626,0.0012635,0.0012633
0.0012525,0.0012592,0.001261,0.0012619,0.0012617
0.0012509,0.0012576,0.0012594,0.0012603,0.0012601
0.0012493,0.001256,0.0012579,0.0012587,0.0012586
0.0012478,0.0012544,0.0012563,0.0012572,0.001257
0.0012462,0.0012528,0.0012547,0.0012556,0.0012554
0.0012446,0.0012513,0.0012531,0.001254,0.0012538
0.0012431,0.0012497,0.0012516,0.0012524,0.0012522
0.0012416,0.0012481,0.00125,0.0012509,0.0012507
0.00124,0.0012466,0.0012484,0.0012493,0.0012491
0.0012385,0.001245,0.0012469,0.0012477,0.0012475
0.0012369,0.0012435,0.0012453,0.0012462,0.001246
0.0012354,0.0012419,0.0012438,0.0012446,0.0012444
0.0012339,0.0012404,0.0012422,0.0012431,0.0012429
0.0012324,0.0012388,0.0012407,0.0012415,0.0012413
0.0012308,0.0012373,0.0012391,0.00124,0.0012398
0.0012293,0.0012358,0.0012376,0.0012384,0.0012383
0.0012278,0.0012343,0.0012361,0.0012369,0.0012367
0.0012263,0.0012327,0.0012345,0.0012354,0.0012352
0.0012248,0.0012312,0.001233,0.0012339,0.0012337
0.0012233,0.0012297,0.0012315,0.0012323,0.0012322
0.0012218,0.0012282,0.00123,0.0012308,0.0012306
0.0012203,0.0012267,0.0012285,0.0012293,0.0012291
0.0012188,0.0012252,0.001227,0.0012278,0.0012276
0.0012173,0.0012237,0.0012254,0.0012263,0.0012261
0.0012159,0.0012222,0.0012239,0.0012248,0.0012246
0.0012144,0.0012207,0.0012224,0.0012233,0.0012231
0.0012129,0.0012192,0.001221,0.0012218,0.0012216
0.0012114,0.0012177,0.0012195,0.0012203,0.0012201
0.00121,0.0012162,0.001218,0.0012188,0.0012186
0.0012085,0.0012147,0.0012165,0.0012173,0.0012171
0.001207,0.0012133,0.001215,0.0012158,0.0012157
0.0012056,0.0012118,0.0012135,0.0012144,0.0012142
0.0012041,0.0012103,0.0012121,0.0012129,0.0012127
0.0012027,0.0012089,0.0012106,0.0012114,0.0012112
0.0012012,0.0012074,0.0012091,0.0012099,0.0012098
0.0011998,0.0012059,0.0012077,0.0012085,0.0012083
0.0011984,0.0012045,0.0012062,0.001207,0.0012068
0.0011969,0.001203,0.0012048,0.0012056,0.0012054
0.0011955,0.0012016,0.0012033,0.0012041,0.0012039
0.0011941,0.0012001,0.0012019,0.0012027,0.0012025
0.0011926,0.0011987,0.0012004,0.0012012,0.001201
0.0011912,0.0011973,0.001199,0.0011998,0.0011996
0.0011898,0.0011958,0.0011975,0.0011983,0.0011982
0.0011884,0.0011944,0.0011961,0.0011969,0.0011967
0.001187,0.001193,0.0011947,0.0011955,0.0011953
0.0011856,0.0011916,0.0011932,0.001194,0.0011939
0.0011841,0.0011901,0.0011918,0.0011926,0.0011924
0.0011827,0.0011887,0.0011904,0.0011912,0.001191
0.0011813,0.0011873,0.001189,0.0011898,0.0011896
0.00118,0.0011859,0.0011876,0.0011884,0.0011882
0.0011786,0.0011845,0.0011862,0.0011869,0.0011868
0.0011772,0.0011831,0.0011847,0.0011855,0.0011854
0.0011758,0.0011817,0.0011833,0.0011841,0.001184
0.0011744,0.0011803,0.0011819,0.0011827,0.0011826
0.001173,0.0011789,0.0011805,0.0011813,0.0011812
0.0011716,0.0011775,0.0011792,0.0011799,0.0011798
0.0011703,0.0011761,0.0011778,0.0011785,0.0011784
0.0011689,0.0011747,0.0011764,0.0011771,0.001177
0.0011675,0.0011734,0.001175,0.0011758,0.0011756
0.0011662,0.001172,0.0011736,0.0011744,0.0011742
0.0011648,0.0011706,0.0011722,0.001173,0.0011728
0.0011635,0.0011692,0.0011709,0.0011716,0.0011715
0.0011621,0.0011679,0.0011695,0.0011703,0.0011701
0.0011608,0.0011665,0.0011681,0.0011689,0.0011687
0.0011594,0.0011651,0.0011668,0.0011675,0.0011674
0.0011581,0.0011638,0.0011654,0.0011662,0.001166
0.0011567,0.0011624,0.001164,0.0011648,0.0011646
0.0011554,0.0011611,0.0011627,0.0011634,0.0011633
0.001154,0.0011597,0.0011613,0.0011621,0.0011619
0.0011527,0.0011584,0.00116,0.0011607,0.0011606
0.0011514,0.001157,0.0011586,0.0011594,0.0011592
0.0011501,0.0011557,0.0011573,0.001158,0.0011579
0.0011487,0.0011544,0.001156,0.0011567,0.0011565
0.0011474,0.001153,0.0011546,0.0011554,0.0011552
0.0011461,0.0011517,0.0011533,0.001154,0.0011539
0.0011448,0.0011504,0.001152,0.0011527,0.0011525
0.0011435,0.0011491,0.0011506,0.0011514,0.0011512
0.0011422,0.0011477,0.0011493,0.00115,0.0011499
0.0011409,0.0011464,0.001148,0.0011487,0.0011486
0.0011396,0.0011451,0.0011467,0.0011474,0.0011472
0.0011383,0.0011438,0.0011453,0.0011461,0.0011459
0.001137,0.0011425,0.001144,0.0011448,0.0011446
0.0011357,0.0011412,0.0011427,0.0011435,0.0011433
0.0011344,0.0011399,0.0011414,0.0011421,0.001142
0.0011331,0.0011386,0.0011401,0.0011408,0.0011407
0.0011318,0.0011373,0.0011388,0.0011395,0.0011394
0.0011305,0.001136,0.0011375,0.0011382,0.0011381
0.0011293,0.0011347,0.0011362,0.0011369,0.0011368
0.001128,0.0011334,0.0011349,0.0011357,0.0011355
0.0011267,0.0011321,0.0011336,0.0011344,0.0011342
0.0011254,0.0011308,0.0011324,0.0011331,0.0011329
0.0011242,0.0011296,0.0011311,0.0011318,0.0011316
0.0011229,0.0011283,0.0011298,0.0011305,0.0011304
0.0011217,0.001127,0.0011285,0.0011292,0.0011291
0.0011204,0.0011258,0.0011273,0.001128,0.0011278
0.0011191,0.0011245,0.001126,0.0011267,0.0011265
0.0011179,0.0011232,0.0011247,0.0011254,0.0011253
0.0011166,0.001122,0.0011234,0.0011242,0.001124
0.0011154,0.0011207,0.0011222,0.0011229,0.0011227
0.0011141,0.0011194,0.0011209,0.0011216,0.0011215
0.0011129,0.0011182,0.0011197,0.0011204,0.0011202
0.0011117,0.0011169,0.0011184,0.0011191,0.001119
0.0011104,0.0011157,0.0011172,0.0011179,0.0011177
0.0011092,0.0011144,0.0011159,0.0011166,0.0011165
0.001108,0.0011132,0.0011147,0.0011154,0.0011152
0.0011067,0.001112,0.0011134,0.0011141,0.001114
0.0011055,0.0011107,0.0011122,0.0011129,0.0011127
0.0011043,0.0011095,0.001111,0.0011116,0.0011115
0.0011031,0.0011083,0.0011097,0.0011104,0.0011103
0.0011019,0.001107,0.0011085,0.0011092,0.001109
0.0011006,0.0011058,0.0011073,0.0011079,0.0011078
0.0010994,0.0011046,0.001106,0.0011067,0.0011066
0.0010982,0.0011034,0.0011048,0.0011055,0.0011053
0.001097,0.0011021,0.0011036,0.0011043,0.0011041
0.0010958,0.0011009,0.0011024,0.0011031,0.0011029
0.0010946,0.0010997,0.0011012,0.0011018,0.0011017
0.0010934,0.0010985,0.0010999,0.0011006,0.0011005
0.0010922,0.0010973,0.0010987,0.0010994,0.0010993
0.001091,0.0010961,0.0010975,0.0010982,0.0010981
0.0010898,0.0010949,0.0010963,0.001097,0.0010969
0.0010886,0.0010937,0.0010951,0.0010958,0.0010956
0.0010875,0.0010925,0.0010939,0.0010946,0.0010944
0.0010863,0.0010913,0.0010927,0.0010934,0.0010932
0.0010851,0.0010901,0.0010915,0.0010922,0.0010921
0.0010839,0.0010889,0.0010903,0.001091,0.0010909
0.0010827,0.0010877,0.0010891,0.0010898,0.0010897
0.0010816,0.0010866,0.001088,0.0010886,0.0010885
0.0010804,0.0010854,0.0010868,0.0010874,0.0010873
0.0010792,0.0010842,0.0010856,0.0010863,0.0010861
0.0010781,0.001083,0.0010844,0.0010851,0.0010849
0.0010769,0.0010819,0.0010832,0.0010839,0.0010838
0.0010757,0.0010807,0.0010821,0.0010827,0.0010826
0.0010746,0.0010795,0.0010809,0.0010816,0.0010814
0.0010734,0.0010784,0.0010797,0.0010804,0.0010802
0.0010723,0.0010772,0.0010786,0.0010792,0.0010791
0.0010711,0.001076,0.0010774,0.0010781,0.0010779
0.00107,0.0010749,0.0010762,0.0010769,0.0010768
0.0010688,0.0010737,0.0010751,0.0010757,0.0010756
0.0010677,0.0010726,0.0010739,0.0010746,0.0010744
0.0010666,0.0010714,0.0010728,0.0010734,0.0010733
0.0010654,0.0010703,0.0010716,0.0010723,0.0010721
0.0010643,0.0010691,0.0010705,0.0010711,0.001071
0.0010632,0.001068,0.0010693,0.00107,0.0010698
0.001062,0.0010668,0.0010682,0.0010688,0.0010687
0.0010609,0.0010657,0.001067,0.0010677,0.0010675
0.0010598,0.0010646,0.0010659,0.0010665,0.0010664
0.0010586,0.0010634,0.0010648,0.0010654,0.0010653
0.0010575,0.0010623,0.0010636,0.0010643,0.0010641
0.0010564,0.0010612,0.0010625,0.0010631,0.001063
0.0010553,0.00106,0.0010614,0.001062,0.0010619
0.0010542,0.0010589,0.0010602,0.0010609,0.0010607
0.0010531,0.0010578,0.0010591,0.0010598,0.0010596
0.001052,0.0010567,0.001058,0.0010586,0.0010585
0.0010509,0.0010556,0.0010569,0.0010575,0.0010574
0.0010497,0.0010544,0.0010558,0.0010564,0.0010563
0.0010486,0.0010533,0.0010547,0.0010553,0.0010551
0.0010475,0.0010522,0.0010535,0.0010542,0.001054
0.0010464,0.0010511,0.0010524,0.001053,0.0010529
0.0010454,0.00105,0.0010513,0.0010519,0.0010518
0.0010443,0.0010489,0.0010502,0.0010508,0.0010507
0.0010432,0.0010478,0.0010491,0.0010497,0.0010496
0.0010421,0.0010467,0.001048,0.0010486,0.0010485
0.001041,0.0010456,0.0010469,0.0010475,0.0010474
0.0010399,0.0010445,0.0010458,0.0010464,0.0010463
0.0010388,0.0010434,0.0010447,0.0010453,0.0010452
0.0010378,0.0010423,0.0010436,0.0010442,0.0010441
0.0010367,0.0010413,0.0010425,0.0010432,0.001043
0.0010356,0.0010402,0.0010415,0.0010421,0.0010419
0.0010345,0.0010391,0.0010404,0.001041,0.0010408
0.0010335,0.001038,0.0010393,0.0010399,0.0010398
0.0010324,0.0010369,0.0010382,0.0010388,0.0010387
0.0010313,0.0010359,0.0010371,0.0010377,0.0010376
0.0010303,0.0010348,0.0010361,0.0010367,0.0010365
0.0010292,0.0010337,0.001035,0.0010356,0.0010355
0.0010281,0.0010326,0.0010339,0.0010345,0.0010344
0.0010271,0.0010316,0.0010328,0.0010334,0.0010333
0.001026,0.0010305,0.0010318,0.0010324,0.0010322
0.001025,0.0010295,0.0010307,0.0010313,0.0010312
0.0010239,0.0010284,0.0010297,0.0010302,0.0010301
0.0010229,0.0010273,0.0010286,0.0010292,0.0010291
0.0010218,0.0010263,0.0010275,0.0010281,0.001028
0.0010208,0.0010252,0.0010265,0.0010271,0.0010269
0.0010197,0.0010242,0.0010254,0.001026,0.0010259
0.0010187,0.0010231,0.0010244,0.001025,0.0010248
0.0010177,0.0010221,0.0010233,0.0010239,0.0010238
0.0010166,0.001021,0.0010223,0.0010229,0.0010227
0.0010156,0.00102,0.0010212,0.0010218,0.0010217
0.0010146,0.001019,0.0010202,0.0010208,0.0010206
0.0010135,0.0010179,0.0010191,0.0010197,0.0010196
0.0010125,0.0010169,0.0010181,0.0010187,0.0010186
0.0010115,0.0010158,0.0010171,0.0010176,0.0010175
0.0010105,0.0010148,0.001016,0.0010166,0.0010165
0.0010094,0.0010138,0.001015,0.0010156,0.0010155
0.0010084,0.0010128,0.001014,0.0010145,0.0010144
0.0010074,0.0010117,0.0010129,0.0010135,0.0010134
0.0010064,0.0010107,0.0010119,0.0010125,0.0010124
0.0010054,0.0010097,0.0010109,0.0010115,0.0010113
0.0010044,0.0010087,0.0010099,0.0010104,0.0010103
0.0010034,0.0010077,0.0010089,0.0010094,0.0010093
0.0010023,0.0010066,0.0010078,0.0010084,0.0010083
0.0010013,0.0010056,0.0010068,0.0010074,0.0010073
0.0010003,0.0010046,0.0010058,0.0010064,0.0010063
0.00099934,0.0010036,0.0010048,0.0010054,0.0010052
0.00099834,0.0010026,0.0010038,0.0010043,0.0010042
0.00099735,0.0010016,0.0010028,0.0010033,0.0010032
0.00099635,0.0010006,0.0010018,0.0010023,0.0010022
0.00099536,0.00099958,0.0010008,0.0010013,0.0010012
0.00099437,0.00099859,0.00099977,0.0010003,0.0010002
0.00099338,0.00099759,0.00099877,0.00099932,0.00099921
0.00099239,0.00099659,0.00099777,0.00099833,0.00099821
0.00099141,0.0009956,0.00099677,0.00099733,0.00099721
0.00099042,0.00099461,0.00099578,0.00099633,0.00099622
0.00098944,0.00099362,0.00099479,0.00099534,0.00099522
0.00098846,0.00099263,0.0009938,0.00099435,0.00099423
0.00098749,0.00099165,0.00099281,0.00099336,0.00099325
0.00098651,0.00099066,0.00099183,0.00099238,0.00099226
