0.1,0.2,0.3,0.5,0.6
0.1414,0.2226,0.2933,0.3465,0.3262
0.18047,0.24105,0.28913,0.31521,0.30129
0.2139,0.25525,0.28689,0.3011,0.29071
0.2396,0.26561,0.28581,0.29391,0.28631
0.25752,0.27282,0.28538,0.29007,0.28474
0.26906,0.27763,0.28526,0.28801,0.28442
0.27609,0.28073,0.28529,0.28689,0.28456
0.28021,0.28269,0.28537,0.2863,0.28483
0.28259,0.28389,0.28545,0.28599,0.28509
0.28394,0.28462,0.28553,0.28584,0.28529
0.28471,0.28506,0.28558,0.28576,0.28543
0.28514,0.28533,0.28563,0.28573,0.28553
0.28539,0.28549,0.28566,0.28571,0.2856
0.28553,0.28558,0.28568,0.28571,0.28564
0.28561,0.28563,0.28569,0.28571,0.28567
0.28565,0.28567,0.2857,0.28571,0.28569
0.28568,0.28569,0.2857,0.28571,0.2857
0.28569,0.2857,0.28571,0.28571,0.2857
0.2857,0.2857,0.28571,0.28571,0.28571
0.28571,0.28571,0.28571,0.28571,0.28571
0.28571,0.28571,0.28571,0.28571,0.28571
0.28571,0.28571,0.28571,0.28571,0.28571
0.28571,0.28571,0.28571,0.28571,0.28571
0.28571,0.28571,0.28571,0.28571,0.28571
0.28571,0.28571,0.28571,0.28571,0.28571
0.28571,0.28571,0.28571,0.28571,0.28571
0.28571,0.28571,0.28571,0.28571,0.28571
0.28571,0.28571,0.28571,0.28571,0.28571
0.28571,0.28571,0.28571,0.28571,0.28571
0.28571,0.28571,0.28571,0.28571,0.28571
0.28571,0.28571,0.28571,0.28571,0.28571
0.28571,0.28571,0.28571,0.28571,0.28571
0.28571,0.28571,0.28571,0.28571,0.28571
0.28571,0.28571,0.28571,0.28571,0.28571
0.28571,0.28571,0.28571,0.28571,0.28571
0.28571,0.28571,0.28571,0.28571,0.28571
0.28571,0.28571,0.28571,0.28571,0.28571
0.28571,0.28571,0.28571,0.28571,0.28571
0.28571,0.28571,0.28571,0.28571,0.28571
0.28571,0.28571,0.28571,0.28571,0.28571
0.28571,0.28571,0.28571,0.28571,0.28571
0.28571,0.28571,0.28571,0.28571,0.28571
0.28571,0.28571,0.28571,0.28571,0.28571
0.28571,0.28571,0.28571,0.28571,0.28571
0.28571,0.28571,0.28571,0.28571,0.28571
0.28571,0.28571,0.28571,0.28571,0.28571
0.28571,0.28571,0.28571,0.28571,0.28571
0.28571,0.28571,0.28571,0.28571,0.28571
0.28571,0.28571,0.28571,0.28571,0.28571
0.28571,0.28571,0.28571,0.28571,0.28571
0.28571,0.28571,0.28571,0.28571,0.28571
0.28571,0.28571,0.28571,0.28571,0.28571
0.28571,0.28571,0.28571,0.28571,0.28571
0.28571,0.28571,0.28571,0.28571,0.28571
0.28571,0.28571,0.28571,0.28571,0.28571
0.28571,0.28571,0.28571,0.28571,0.28571
0.28571,0.28571,0.28571,0.28571,0.28571
0.28571,0.28571,0.28571,0.28571,0.28571
0.28571,0.28571,0.28571,0.28571,0.28571
0.28571,0.28571,0.28571,0.28571,0.28571
0.28571,0.28571,0.28571,0.28571,0.28571
0.28571,0.28571,0.28571,0.28571,0.28571
0.28571,0.28571,0.28571,0.28571,0.28571
0.28571,0.28571,0.28571,0.28571,0.28571
0.28571,0.28571,0.28571,0.28571,0.28571
0.28571,0.28571,0.28571,0.28571,0.28571
0.28571,0.28571,0.28571,0.28571,0.28571
0.28571,0.28571,0.28571,0.28571,0.28571
0.28571,0.28571,0.28571,0.28571,0.28571
0.28571,0.28571,0.28571,0.28571,0.28571
0.28571,0.28571,0.28571,0.28571,0.28571
0.28571,0.28571,0.28571,0.28571,0.28571
0.28571,0.28571,0.28571,0.28571,0.28571
0.28571,0.28571,0.28571,0.28571,0.28571
0.28571,0.28571,0.28571,0.28571,0.28571
0.28571,0.28571,0.28571,0.28571,0.28571
0.28571,0.28571,0.28571,0.28571,0.28571
0.28571,0.28571,0.28571,0.28571,0.28571
0.28571,0.28571,0.28571,0.28571,0.28571
0.28571,0.28571,0.28571,0.28571,0.28571
0.28571,0.28571,0.28571,0.28571,0.28571
0.28571,0.28571,0.28571,0.28571,0.28571
0.28571,0.28571,0.28571,0.28571,0.28571
0.28571,0.28571,0.28571,0.28571,0.28571
0.28571,0.28571,0.28571,0.28571,0.28571
0.28571,0.28571,0.28571,0.28571,0.28571
0.28571,0.28571,0.28571,0.28571,0.28571
0.28571,0.28571,0.28571,0.28571,0.28571
0.28571,0.28571,0.28571,0.28571,0.28571
0.28571,0.28571,0.28571,0.28571,0.28571
0.28571,0.28571,0.28571,0.28571,0.28571
0.28571,0.28571,0.28571,0.28571,0.28571
0.28571,0.28571,0.28571,0.28571,0.28571
0.28571,0.28571,0.28571,0.28571,0.28571
0.28571,0.28571,0.28571,0.28571,0.28571
0.28571,0.28571,0.28571,0.28571,0.28571
0.28571,0.28571,0.28571,0.28571,0.28571
0.28571,0.28571,0.28571,0.28571,0.28571
0.28571,0.28571,0.28571,0.28571,0.28571
0.28571,0.28571,0.28571,0.28571,0.28571
0.28571,0.28571,0.28571,0.28571,0.28571
0.28571,0.28571,0.28571,0.28571,0.28571
0.28571,0.28571,0.28571,0.28571,0.28571
0.28571,0.28571,0.28571,0.28571,0.28571
0.28571,0.28571,0.28571,0.28571,0.28571
0.28571,0.28571,0.28571,0.28571,0.28571
0.28571,0.28571,0.28571,0.28571,0.28571
0.28571,0.28571,0.28571,0.28571,0.28571
0.28571,0.28571,0.28571,0.28571,0.28571
0.28571,0.28571,0.28571,0.28571,0.28571
0.28571,0.28571,0.28571,0.28571,0.28571
0.28571,0.28571,0.28571,0.28571,0.28571
0.28571,0.28571,0.28571,0.28571,0.28571
0.28571,0.28571,0.28571,0.28571,0.28571
0.28571,0.28571,0.28571,0.28571,0.28571
0.28571,0.28571,0.28571,0.28571,0.28571
0.28571,0.28571,0.28571,0.28571,0.28571
0.28571,0.28571,0.28571,0.28571,0.28571
0.28571,0.28571,0.28571,0.28571,0.28571
0.28571,0.28571,0.28571,0.28571,0.28571
0.28571,0.28571,0.28571,0.28571,0.28571
0.28571,0.28571,0.28571,0.28571,0.28571
0.28571,0.28571,0.28571,0.28571,0.28571
0.28571,0.28571,0.28571,0.28571,0.28571
0.28571,0.28571,0.28571,0.28571,0.28571
0.28571,0.28571,0.28571,0.28571,0.28571
0.28571,0.28571,0.28571,0.28571,0.28571
0.28571,0.28571,0.28571,0.28571,0.28571
0.28571,0.28571,0.28571,0.28571,0.28571
0.28571,0.28571,0.28571,0.28571,0.28571
0.28571,0.28571,0.28571,0.28571,0.28571
0.28571,0.28571,0.28571,0.28571,0.28571
0.28571,0.28571,0.28571,0.28571,0.28571
0.28571,0.28571,0.28571,0.28571,0.28571
0.28571,0.28571,0.28571,0.28571,0.28571
0.28571,0.28571,0.28571,0.28571,0.28571
0.28571,0.28571,0.28571,0.28571,0.28571
0.28571,0.28571,0.28571,0.28571,0.28571
0.28571,0.28571,0.28571,0.28571,0.28571
0.28571,0.28571,0.28571,0.28571,0.28571
0.28571,0.28571,0.28571,0.28571,0.28571
0.28571,0.28571,0.28571,0.28571,0.28571
0.28571,0.28571,0.28571,0.28571,0.28571
0.28571,0.28571,0.28571,0.28571,0.28571
0.28571,0.28571,0.28571,0.28571,0.28571
0.28571,0.28571,0.28571,0.28571,0.28571
0.28571,0.28571,0.28571,0.28571,0.28571
0.28571,0.28571,0.28571,0.28571,0.28571
0.28571,0.28571,0.28571,0.28571,0.28571
0.28571,0.28571,0.28571,0.28571,0.28571
0.28571,0.28571,0.28571,0.28571,0.28571
0.28571,0.28571,0.28571,0.28571,0.28571
0.28571,0.28571,0.28571,0.28571,0.28571
0.28571,0.28571,0.28571,0.28571,0.28571
0.28571,0.28571,0.28571,0.28571,0.28571
0.28571,0.28571,0.28571,0.28571,0.28571
0.28571,0.28571,0.28571,0.28571,0.28571
0.28571,0.28571,0.28571,0.28571,0.28571
0.28571,0.28571,0.28571,0.28571,0.28571
0.28571,0.28571,0.28571,0.28571,0.28571
0.28571,0.28571,0.28571,0.28571,0.28571
0.28571,0.28571,0.28571,0.28571,0.28571
0.28571,0.28571,0.28571,0.28571,0.28571
0.28571,0.28571,0.28571,0.28571,0.28571
0.28571,0.28571,0.28571,0.28571,0.28571
0.28571,0.28571,0.28571,0.28571,0.28571
0.28571,0.28571,0.28571,0.28571,0.28571
0.28571,0.28571,0.28571,0.28571,0.28571
0.28571,0.28571,0.28571,0.28571,0.28571
0.28571,0.28571,0.28571,0.28571,0.28571
0.28571,0.28571,0.28571,0.28571,0.28571
0.28571,0.28571,0.28571,0.28571,0.28571
0.28571,0.28571,0.28571,0.28571,0.28571
0.28571,0.28571,0.28571,0.28571,0.28571
0.28571,0.28571,0.28571,0.28571,0.28571
0.28571,0.28571,0.28571,0.28571,0.28571
0.28571,0.28571,0.28571,0.28571,0.28571
0.28571,0.28571,0.28571,0.28571,0.28571
0.28571,0.28571,0.28571,0.28571,0.28571
0.28571,0.28571,0.28571,0.28571,0.28571
0.28571,0.28571,0.28571,0.28571,0.28571
0.28571,0.28571,0.28571,0.28571,0.28571
0.28571,0.28571,0.28571,0.28571,0.28571
0.28571,0.28571,0.28571,0.28571,0.28571
0.28571,0.28571,0.28571,0.28571,0.28571
0.28571,0.28571,0.28571,0.28571,0.28571
0.28571,0.28571,0.28571,0.28571,0.28571
0.28571,0.28571,0.28571,0.28571,0.28571
0.28571,0.28571,0.28571,0.28571,0.28571
0.28571,0.28571,0.28571,0.28571,0.28571
0.28571,0.28571,0.28571,0.28571,0.28571
0.28571,0.28571,0.28571,0.28571,0.28571
0.28571,0.28571,0.28571,0.28571,0.28571
0.28571,0.28571,0.28571,0.28571,0.28571
0.28571,0.28571,0.28571,0.28571,0.28571
0.28571,0.28571,0.28571,0.28571,0.28571
0.28571,0.28571,0.28571,0.28571,0.28571
0.28571,0.28571,0.28571,0.28571,0.28571
0.28571,0.28571,0.28571,0.28571,0.28571
0.28571,0.28571,0.28571,0.28571,0.28571
0.28571,0.28571,0.28571,0.28571,0.28571
0.28571,0.28571,0.28571,0.28571,0.28571
0.28571,0.28571,0.28571,0.28571,0.28571
0.28571,0.28571,0.28571,0.28571,0.28571
0.28571,0.28571,0.28571,0.28571,0.28571
0.28571,0.28571,0.28571,0.28571,0.28571
0.28571,0.28571,0.28571,0.28571,0.28571
0.28571,0.28571,0.28571,0.28571,0.28571
0.28571,0.28571,0.28571,0.28571,0.28571
0.28571,0.28571,0.28571,0.28571,0.28571
0.28571,0.28571,0.28571,0.28571,0.28571
0.28571,0.28571,0.28571,0.28571,0.28571
0.28571,0.28571,0.28571,0.28571,0.28571
0.28571,0.28571,0.28571,0.28571,0.28571
0.28571,0.28571,0.28571,0.28571,0.28571
0.28571,0.28571,0.28571,0.28571,0.28571
0.28571,0.28571,0.28571,0.28571,0.28571
0.28571,0.28571,0.28571,0.28571,0.28571
0.28571,0.28571,0.28571,0.28571,0.28571
0.28571,0.28571,0.28571,0.28571,0.28571
0.28571,0.28571,0.28571,0.28571,0.28571
0.28571,0.28571,0.28571,0.28571,0.28571
0.28571,0.28571,0.28571,0.28571,0.28571
0.28571,0.28571,0.28571,0.28571,0.28571
0.28571,0.28571,0.28571,0.28571,0.28571
0.28571,0.28571,0.28571,0.28571,0.28571
0.28571,0.28571,0.28571,0.28571,0.28571
0.28571,0.28571,0.28571,0.28571,0.28571
0.28571,0.28571,0.28571,0.28571,0.28571
0.28571,0.28571,0.28571,0.28571,0.28571
0.28571,0.28571,0.28571,0.28571,0.28571
0.28571,0.28571,0.28571,0.28571,0.28571
0.28571,0.28571,0.28571,0.28571,0.28571
0.28571,0.28571,0.28571,0.28571,0.28571
0.28571,0.28571,0.28571,0.28571,0.28571
0.28571,0.28571,0.28571,0.28571,0.28571
0.28571,0.28571,0.28571,0.28571,0.28571
0.28571,0.28571,0.28571,0.28571,0.28571
0.28571,0.28571,0.28571,0.28571,0.28571
0.28571,0.28571,0.28571,0.28571,0.28571
0.28571,0.28571,0.28571,0.28571,0.28571
0.28571,0.28571,0.28571,0.28571,0.28571
0.28571,0.28571,0.28571,0.28571,0.28571
0.28571,0.28571,0.28571,0.28571,0.28571
0.28571,0.28571,0.28571,0.28571,0.28571
0.28571,0.28571,0.28571,0.28571,0.28571
0.28571,0.28571,0.28571,0.28571,0.28571
0.28571,0.28571,0.28571,0.28571,0.28571
0.28571,0.28571,0.28571,0.28571,0.28571
0.28571,0.28571,0.28571,0.28571,0.28571
0.28571,0.28571,0.28571,0.28571,0.28571
0.28571,0.28571,0.28571,0.28571,0.28571
0.28571,0.28571,0.28571,0.28571,0.28571
0.28571,0.28571,0.28571,0.28571,0.28571
0.28571,0.28571,0.28571,0.28571,0.28571
0.28571,0.28571,0.28571,0.28571,0.28571
0.28571,0.28571,0.28571,0.28571,0.28571
0.28571,0.28571,0.28571,0.28571,0.28571
0.28571,0.28571,0.28571,0.28571,0.28571
0.28571,0.28571,0.28571,0.28571,0.28571
0.28571,0.28571,0.28571,0.28571,0.28571
0.28571,0.28571,0.28571,0.28571,0.28571
0.28571,0.28571,0.28571,0.28571,0.28571
0.28571,0.28571,0.28571,0.28571,0.28571
0.28571,0.28571,0.28571,0.28571,0.28571
0.28571,0.28571,0.28571,0.28571,0.28571
0.28571,0.28571,0.28571,0.28571,0.28571
0.28571,0.28571,0.28571,0.28571,0.28571
0.28571,0.28571,0.28571,0.28571,0.28571
0.28571,0.28571,0.28571,0.28571,0.28571
0.28571,0.28571,0.28571,0.28571,0.28571
0.28571,0.28571,0.28571,0.28571,0.28571
0.28571,0.28571,0.28571,0.28571,0.28571
0.28571,0.28571,0.28571,0.28571,0.28571
0.28571,0.28571,0.28571,0.28571,0.28571
0.28571,0.28571,0.28571,0.28571,0.28571
0.28571,0.28571,0.28571,0.28571,0.28571
0.28571,0.28571,0.28571,0.28571,0.28571
0.28571,0.28571,0.28571,0.28571,0.28571
0.28571,0.28571,0.28571,0.28571,0.28571
0.28571,0.28571,0.28571,0.28571,0.28571
0.28571,0.28571,0.28571,0.28571,0.28571
0.28571,0.28571,0.28571,0.28571,0.28571
0.28571,0.28571,0.28571,0.28571,0.28571
0.28571,0.28571,0.28571,0.28571,0.28571
0.28571,0.28571,0.28571,0.28571,0.28571
0.28571,0.28571,0.28571,0.28571,0.28571
0.28571,0.28571,0.28571,0.28571,0.28571
0.28571,0.28571,0.28571,0.28571,0.28571
0.28571,0.28571,0.28571,0.28571,0.28571
0.28571,0.28571,0.28571,0.28571,0.28571
0.28571,0.28571,0.28571,0.28571,0.28571
0.28571,0.28571,0.28571,0.28571,0.28571
0.28571,0.28571,0.28571,0.28571,0.28571
0.28571,0.28571,0.28571,0.28571,0.28571
0.28571,0.28571,0.28571,0.28571,0.28571
0.28571,0.28571,0.28571,0.28571,0.28571
0.28571,0.28571,0.28571,0.28571,0.28571
0.28571,0.28571,0.28571,0.28571,0.28571
0.28571,0.28571,0.28571,0.28571,0.28571
0.28571,0.28571,0.28571,0.28571,0.28571
0.28571,0.28571,0.28571,0.28571,0.28571
0.28571,0.28571,0.28571,0.28571,0.28571
0.28571,0.28571,0.28571,0.28571,0.28571
0.28571,0.28571,0.28571,0.28571,0.28571
0.28571,0.28571,0.28571,0.28571,0.28571
0.28571,0.28571,0.28571,0.28571,0.28571
0.28571,0.28571,0.28571,0.28571,0.28571
0.28571,0.28571,0.28571,0.28571,0.28571
0.28571,0.28571,0.28571,0.28571,0.28571
0.28571,0.28571,0.28571,0.28571,0.28571
0.28571,0.28571,0.28571,0.28571,0.28571
0.28571,0.28571,0.28571,0.28571,0.28571
0.28571,0.28571,0.28571,0.28571,0.28571
0.28571,0.28571,0.28571,0.28571,0.28571
0.28571,0.28571,0.28571,0.28571,0.28571
0.28571,0.28571,0.28571,0.28571,0.28571
0.28571,0.28571,0.28571,0.28571,0.28571
0.28571,0.28571,0.28571,0.28571,0.28571
0.28571,0.28571,0.28571,0.28571,0.28571
0.28571,0.28571,0.28571,0.28571,0.28571
0.28571,0.28571,0.28571,0.28571,0.28571
0.28571,0.28571,0.28571,0.28571,0.28571
0.28571,0.28571,0.28571,0.28571,0.28571
0.28571,0.28571,0.28571,0.28571,0.28571
0.28571,0.28571,0.28571,0.28571,0.28571
0.28571,0.28571,0.28571,0.28571,0.28571
0.28571,0.28571,0.28571,0.28571,0.28571
0.28571,0.28571,0.28571,0.28571,0.28571
0.28571,0.28571,0.28571,0.28571,0.28571
0.28571,0.28571,0.28571,0.28571,0.28571
0.28571,0.28571,0.28571,0.28571,0.28571
0.28571,0.28571,0.28571,0.28571,0.28571
0.28571,0.28571,0.28571,0.28571,0.28571
0.28571,0.28571,0.28571,0.28571,0.28571
0.28571,0.28571,0.28571,0.28571,0.28571
0.28571,0.28571,0.28571,0.28571,0.28571
0.28571,0.28571,0.28571,0.28571,0.28571
0.28571,0.28571,0.28571,0.28571,0.28571
0.28571,0.28571,0.28571,0.28571,0.28571
0.28571,0.28571,0.28571,0.28571,0.28571
0.28571,0.28571,0.28571,0.28571,0.28571
0.28571,0.28571,0.28571,0.28571,0.28571
0.28571,0.28571,0.28571,0.28571,0.28571
0.28571,0.28571,0.28571,0.28571,0.28571
0.28571,0.28571,0.28571,0.28571,0.28571
0.28571,0.28571,0.28571,0.28571,0.28571
0.28571,0.28571,0.28571,0.28571,0.28571
0.28571,0.28571,0.28571,0.28571,0.28571
0.28571,0.28571,0.28571,0.28571,0.28571
0.28571,0.28571,0.28571,0.28571,0.28571
0.28571,0.28571,0.28571,0.28571,0.28571
0.28571,0.28571,0.28571,0.28571,0.28571
0.28571,0.28571,0.28571,0.28571,0.28571
0.28571,0.28571,0.28571,0.28571,0.28571
0.28571,0.28571,0.28571,0.28571,0.28571
0.28571,0.28571,0.28571,0.28571,0.28571
0.28571,0.28571,0.28571,0.28571,0.28571
0.28571,0.28571,0.28571,0.28571,0.28571
0.28571,0.28571,0.28571,0.28571,0.28571
0.28571,0.28571,0.28571,0.28571,0.28571
0.28571,0.28571,0.28571,0.28571,0.28571
0.28571,0.28571,0.28571,0.28571,0.28571
0.28571,0.28571,0.28571,0.28571,0.28571
0.28571,0.28571,0.28571,0.28571,0.28571
0.28571,0.28571,0.28571,0.28571,0.28571
0.28571,0.28571,0.28571,0.28571,0.28571
0.28571,0.28571,0.28571,0.28571,0.28571
0.28571,0.28571,0.28571,0.28571,0.28571
0.28571,0.28571,0.28571,0.28571,0.28571
0.28571,0.28571,0.28571,0.28571,0.28571
0.28571,0.28571,0.28571,0.28571,0.28571
0.28571,0.28571,0.28571,0.28571,0.28571
0.28571,0.28571,0.28571,0.28571,0.28571
0.28571,0.28571,0.28571,0.28571,0.28571
0.28571,0.28571,0.28571,0.28571,0.28571
0.28571,0.28571,0.28571,0.28571,0.28571
0.28571,0.28571,0.28571,0.28571,0.28571
0.28571,0.28571,0.28571,0.28571,0.28571
0.28571,0.28571,0.28571,0.28571,0.28571
0.28571,0.28571,0.28571,0.28571,0.28571
0.28571,0.28571,0.28571,0.28571,0.28571
0.28571,0.28571,0.28571,0.28571,0.28571
0.28571,0.28571,0.28571,0.28571,0.28571
0.28571,0.28571,0.28571,0.28571,0.28571
0.28571,0.28571,0.28571,0.28571,0.28571
0.28571,0.28571,0.28571,0.28571,0.28571
0.28571,0.28571,0.28571,0.28571,0.28571
0.28571,0.28571,0.28571,0.28571,0.28571
0.28571,0.28571,0.28571,0.28571,0.28571
0.28571,0.28571,0.28571,0.28571,0.28571
0.28571,0.28571,0.28571,0.28571,0.28571
0.28571,0.28571,0.28571,0.28571,0.28571
0.28571,0.28571,0.28571,0.28571,0.28571
0.28571,0.28571,0.28571,0.28571,0.28571
0.28571,0.28571,0.28571,0.28571,0.28571
0.28571,0.28571,0.28571,0.28571,0.28571
0.28571,0.28571,0.28571,0.28571,0.28571
0.28571,0.28571,0.28571,0.28571,0.28571
0.28571,0.28571,0.28571,0.28571,0.28571
0.28571,0.28571,0.28571,0.28571,0.28571
0.28571,0.28571,0.28571,0.28571,0.28571
0.28571,0.28571,0.28571,0.28571,0.28571
0.28571,0.28571,0.28571,0.28571,0.28571
0.28571,0.28571,0.28571,0.28571,0.28571
0.28571,0.28571,0.28571,0.28571,0.28571
0.28571,0.28571,0.28571,0.28571,0.28571
0.28571,0.28571,0.28571,0.28571,0.28571
0.28571,0.28571,0.28571,0.28571,0.28571
0.28571,0.28571,0.28571,0.28571,0.28571
0.28571,0.28571,0.28571,0.28571,0.28571
0.28571,0.28571,0.28571,0.28571,0.28571
0.28571,0.28571,0.28571,0.28571,0.28571
0.28571,0.28571,0.28571,0.28571,0.28571
0.28571,0.28571,0.28571,0.28571,0.28571
0.28571,0.28571,0.28571,0.28571,0.28571
0.28571,0.28571,0.28571,0.28571,0.28571
0.28571,0.28571,0.28571,0.28571,0.28571
0.28571,0.28571,0.28571,0.28571,0.28571
0.28571,0.28571,0.28571,0.28571,0.28571
0.28571,0.28571,0.28571,0.28571,0.28571
0.28571,0.28571,0.28571,0.28571,0.28571
0.28571,0.28571,0.28571,0.28571,0.28571
0.28571,0.28571,0.28571,0.28571,0.28571
0.28571,0.28571,0.28571,0.28571,0.28571
0.28571,0.28571,0.28571,0.28571,0.28571
0.28571,0.28571,0.28571,0.28571,0.28571
0.28571,0.28571,0.28571,0.28571,0.28571
0.28571,0.28571,0.28571,0.28571,0.28571
0.28571,0.28571,0.28571,0.28571,0.28571
0.28571,0.28571,0.28571,0.28571,0.28571
0.28571,0.28571,0.28571,0.28571,0.28571
0.28571,0.28571,0.28571,0.28571,0.28571
0.28571,0.28571,0.28571,0.28571,0.28571
0.28571,0.28571,0.28571,0.28571,0.28571
0.28571,0.28571,0.28571,0.28571,0.28571
0.28571,0.28571,0.28571,0.28571,0.28571
0.28571,0.28571,0.28571,0.28571,0.28571
0.28571,0.28571,0.28571,0.28571,0.28571
0.28571,0.28571,0.28571,0.28571,0.28571
0.28571,0.28571,0.28571,0.28571,0.28571
0.28571,0.28571,0.28571,0.28571,0.28571
0.28571,0.28571,0.28571,0.28571,0.28571
0.28571,0.28571,0.28571,0.28571,0.28571
0.28571,0.28571,0.28571,0.28571,0.28571
0.28571,0.28571,0.28571,0.28571,0.28571
0.28571,0.28571,0.28571,0.28571,0.28571
0.28571,0.28571,0.28571,0.28571,0.28571
0.28571,0.28571,0.28571,0.28571,0.28571
0.28571,0.28571,0.28571,0.28571,0.28571
0.28571,0.28571,0.28571,0.28571,0.28571
0.28571,0.28571,0.28571,0.28571,0.28571
0.28571,0.28571,0.28571,0.28571,0.28571
0.28571,0.28571,0.28571,0.28571,0.28571
0.28571,0.28571,0.28571,0.28571,0.28571
0.28571,0.28571,0.28571,0.28571,0.28571
0.28571,0.28571,0.28571,0.28571,0.28571
0.28571,0.28571,0.28571,0.28571,0.28571
0.28571,0.28571,0.28571,0.28571,0.28571
0.28571,0.28571,0.28571,0.28571,0.28571
0.28571,0.28571,0.28571,0.28571,0.28571
0.28571,0.28571,0.28571,0.28571,0.28571
0.28571,0.28571,0.28571,0.28571,0.28571
0.28571,0.28571,0.28571,0.28571,0.28571
0.28571,0.28571,0.28571,0.28571,0.28571
0.28571,0.28571,0.28571,0.28571,0.28571
0.28571,0.28571,0.28571,0.28571,0.28571
0.28571,0.28571,0.28571,0.28571,0.28571
0.28571,0.28571,0.28571,0.28571,0.28571
0.28571,0.28571,0.28571,0.28571,0.28571
0.28571,0.28571,0.28571,0.28571,0.28571
0.28571,0.28571,0.28571,0.28571,0.28571
0.28571,0.28571,0.28571,0.28571,0.28571
0.28571,0.28571,0.28571,0.28571,0.28571
0.28571,0.28571,0.28571,0.28571,0.28571
0.28571,0.28571,0.28571,0.28571,0.28571
0.28571,0.28571,0.28571,0.28571,0.28571
0.28571,0.28571,0.28571,0.28571,0.28571
0.28571,0.28571,0.28571,0.28571,0.28571
0.28571,0.28571,0.28571,0.28571,0.28571
0.28571,0.28571,0.28571,0.28571,0.28571
0.28571,0.28571,0.28571,0.28571,0.28571
0.28571,0.28571,0.28571,0.28571,0.28571
0.28571,0.28571,0.28571,0.28571,0.28571
0.28571,0.28571,0.28571,0.28571,0.28571
0.28571,0.28571,0.28571,0.28571,0.28571
0.28571,0.28571,0.28571,0.28571,0.28571
0.28571,0.28571,0.28571,0.28571,0.28571
0.28571,0.28571,0.28571,0.28571,0.28571
0.28571,0.28571,0.28571,0.28571,0.28571
0.28571,0.28571,0.28571,0.28571,0.28571
0.28571,0.28571,0.28571,0.28571,0.28571
0.28571,0.28571,0.28571,0.28571,0.28571
0.28571,0.28571,0.28571,0.28571,0.28571
0.28571,0.28571,0.28571,0.28571,0.28571
0.28571,0.28571,0.28571,0.28571,0.28571
0.28571,0.28571,0.28571,0.28571,0.28571
0.28571,0.28571,0.28571,0.28571,0.28571
0.28571,0.28571,0.28571,0.28571,0.28571
0.28571,0.28571,0.28571,0.28571,0.28571
0.28571,0.28571,0.28571,0.28571,0.28571
0.28571,0.28571,0.28571,0.28571,0.28571
0.28571,0.28571,0.28571,0.28571,0.28571
0.28571,0.28571,0.28571,0.28571,0.28571
0.28571,0.28571,0.28571,0.28571,0.28571
0.28571,0.28571,0.28571,0.28571,0.28571
0.28571,0.28571,0.28571,0.28571,0.28571
0.28571,0.28571,0.28571,0.28571,0.28571
0.28571,0.28571,0.28571,0.28571,0.28571
0.28571,0.28571,0.28571,0.28571,0.28571
0.28571,0.28571,0.28571,0.28571,0.28571
0.28571,0.28571,0.28571,0.28571,0.28571
0.28571,0.28571,0.28571,0.28571,0.28571
0.28571,0.28571,0.28571,0.28571,0.28571
0.28571,0.28571,0.28571,0.28571,0.28571
0.28571,0.28571,0.28571,0.28571,0.28571
0.28571,0.28571,0.28571,0.28571,0.28571
0.28571,0.28571,0.28571,0.28571,0.28571
0.28571,0.28571,0.28571,0.28571,0.28571
0.28571,0.28571,0.28571,0.28571,0.28571
0.28571,0.28571,0.28571,0.28571,0.28571
0.28571,0.28571,0.28571,0.28571,0.28571
0.28571,0.28571,0.28571,0.28571,0.28571
0.28571,0.28571,0.28571,0.28571,0.28571
0.28571,0.28571,0.28571,0.28571,0.28571
0.28571,0.28571,0.28571,0.28571,0.28571
0.28571,0.28571,0.28571,0.28571,0.28571
0.28571,0.28571,0.28571,0.28571,0.28571
0.28571,0.28571,0.28571,0.28571,0.28571
0.28571,0.28571,0.28571,0.28571,0.28571
0.28571,0.28571,0.28571,0.28571,0.28571
0.28571,0.28571,0.28571,0.28571,0.28571
0.28571,0.28571,0.28571,0.28571,0.28571
0.28571,0.28571,0.28571,0.28571,0.28571
0.28571,0.28571,0.28571,0.28571,0.28571
0.28571,0.28571,0.28571,0.28571,0.28571
0.28571,0.28571,0.28571,0.28571,0.28571
0.28571,0.28571,0.28571,0.28571,0.28571
0.28571,0.28571,0.28571,0.28571,0.28571
0.28571,0.28571,0.28571,0.28571,0.28571
0.28571,0.28571,0.28571,0.28571,0.28571
0.28571,0.28571,0.28571,0.28571,0.28571
0.28571,0.28571,0.28571,0.28571,0.28571
0.28571,0.28571,0.28571,0.28571,0.28571
0.28571,0.28571,0.28571,0.28571,0.28571
0.28571,0.28571,0.28571,0.28571,0.28571
0.28571,0.28571,0.28571,0.28571,0.28571
0.28571,0.28571,0.28571,0.28571,0.28571
0.28571,0.28571,0.28571,0.28571,0.28571
0.28571,0.28571,0.28571,0.28571,0.28571
0.28571,0.28571,0.28571,0.28571,0.28571
0.28571,0.28571,0.28571,0.28571,0.28571
0.28571,0.28571,0.28571,0.28571,0.28571
0.28571,0.28571,0.28571,0.28571,0.28571
0.28571,0.28571,0.28571,0.28571,0.28571
0.28571,0.28571,0.28571,0.28571,0.28571
0.28571,0.28571,0.28571,0.28571,0.28571
0.28571,0.28571,0.28571,0.28571,0.28571
0.28571,0.28571,0.28571,0.28571,0.28571
0.28571,0.28571,0.28571,0.28571,0.28571
0.28571,0.28571,0.28571,0.28571,0.28571
0.28571,0.28571,0.28571,0.28571,0.28571
0.28571,0.28571,0.28571,0.28571,0.28571
0.28571,0.28571,0.28571,0.28571,0.28571
0.28571,0.28571,0.28571,0.28571,0.28571
0.28571,0.28571,0.28571,0.28571,0.28571
0.28571,0.28571,0.28571,0.28571,0.28571
0.28571,0.28571,0.28571,0.28571,0.28571
0.28571,0.28571,0.28571,0.28571,0.28571
0.28571,0.28571,0.28571,0.28571,0.28571
0.28571,0.28571,0.28571,0.28571,0.28571
0.28571,0.28571,0.28571,0.28571,0.28571
0.28571,0.28571,0.28571,0.28571,0.28571
0.28571,0.28571,0.28571,0.28571,0.28571
0.28571,0.28571,0.28571,0.28571,0.28571
0.28571,0.28571,0.28571,0.28571,0.28571
0.28571,0.28571,0.28571,0.28571,0.28571
0.28571,0.28571,0.28571,0.28571,0.28571
0.28571,0.28571,0.28571,0.28571,0.28571
0.28571,0.28571,0.28571,0.28571,0.28571
0.28571,0.28571,0.28571,0.28571,0.28571
0.28571,0.28571,0.28571,0.28571,0.28571
0.28571,0.28571,0.28571,0.28571,0.28571
0.28571,0.28571,0.28571,0.28571,0.28571
0.28571,0.28571,0.28571,0.28571,0.28571
0.28571,0.28571,0.28571,0.28571,0.28571
0.28571,0.28571,0.28571,0.28571,0.28571
0.28571,0.28571,0.28571,0.28571,0.28571
0.28571,0.28571,0.28571,0.28571,0.28571
0.28571,0.28571,0.28571,0.28571,0.28571
0.28571,0.28571,0.28571,0.28571,0.28571
0.28571,0.28571,0.28571,0.28571,0.28571
0.28571,0.28571,0.28571,0.28571,0.28571
0.28571,0.28571,0.28571,0.28571,0.28571
0.28571,0.28571,0.28571,0.28571,0.28571
0.28571,0.28571,0.28571,0.28571,0.28571
0.28571,0.28571,0.28571,0.28571,0.28571
0.28571,0.28571,0.28571,0.28571,0.28571
0.28571,0.28571,0.28571,0.28571,0.28571
0.28571,0.28571,0.28571,0.28571,0.28571
0.28571,0.28571,0.28571,0.28571,0.28571
0.28571,0.28571,0.28571,0.28571,0.28571
0.28571,0.28571,0.28571,0.28571,0.28571
0.28571,0.28571,0.28571,0.28571,0.28571
0.28571,0.28571,0.28571,0.28571,0.28571
0.28571,0.28571,0.28571,0.28571,0.28571
0.28571,0.28571,0.28571,0.28571,0.28571
0.28571,0.28571,0.28571,0.28571,0.28571
0.28571,0.28571,0.28571,0.28571,0.28571
0.28571,0.28571,0.28571,0.28571,0.28571
0.28571,0.28571,0.28571,0.28571,0.28571
0.28571,0.28571,0.28571,0.28571,0.28571
0.28571,0.28571,0.28571,0.28571,0.28571
0.28571,0.28571,0.28571,0.28571,0.28571
0.28571,0.28571,0.28571,0.28571,0.28571
0.28571,0.28571,0.28571,0.28571,0.28571
0.28571,0.28571,0.28571,0.28571,0.28571
0.28571,0.28571,0.28571,0.28571,0.28571
0.28571,0.28571,0.28571,0.28571,0.28571
0.28571,0.28571,0.28571,0.28571,0.28571
0.28571,0.28571,0.28571,0.28571,0.28571
0.28571,0.28571,0.28571,0.28571,0.28571
0.28571,0.28571,0.28571,0.28571,0.28571
0.28571,0.28571,0.28571,0.28571,0.28571
0.28571,0.28571,0.28571,0.28571,0.28571
0.28571,0.28571,0.28571,0.28571,0.28571
0.28571,0.28571,0.28571,0.28571,0.28571
0.28571,0.28571,0.28571,0.28571,0.28571
0.28571,0.28571,0.28571,0.28571,0.28571
0.28571,0.28571,0.28571,0.28571,0.28571
0.28571,0.28571,0.28571,0.28571,0.28571
0.28571,0.28571,0.28571,0.28571,0.28571
0.28571,0.28571,0.28571,0.28571,0.28571
0.28571,0.28571,0.28571,0.28571,0.28571
0.28571,0.28571,0.28571,0.28571,0.28571
0.28571,0.28571,0.28571,0.28571,0.28571
0.28571,0.28571,0.28571,0.28571,0.28571
0.28571,0.28571,0.28571,0.28571,0.28571
0.28571,0.28571,0.28571,0.28571,0.28571
0.28571,0.28571,0.28571,0.28571,0.28571
0.28571,0.28571,0.28571,0.28571,0.28571
0.28571,0.28571,0.28571,0.28571,0.28571
0.28571,0.28571,0.28571,0.28571,0.28571
0.28571,0.28571,0.28571,0.28571,0.28571
0.28571,0.28571,0.28571,0.28571,0.28571
0.28571,0.28571,0.28571,0.28571,0.28571
0.28571,0.28571,0.28571,0.28571,0.28571
0.28571,0.28571,0.28571,0.28571,0.28571
0.28571,0.28571,0.28571,0.28571,0.28571
0.28571,0.28571,0.28571,0.28571,0.28571
0.28571,0.28571,0.28571,0.28571,0.28571
0.28571,0.28571,0.28571,0.28571,0.28571
0.28571,0.28571,0.28571,0.28571,0.28571
0.28571,0.28571,0.28571,0.28571,0.28571
0.28571,0.28571,0.28571,0.28571,0.28571
0.28571,0.28571,0.28571,0.28571,0.28571
0.28571,0.28571,0.28571,0.28571,0.28571
0.28571,0.28571,0.28571,0.28571,0.28571
0.28571,0.28571,0.28571,0.28571,0.28571
0.28571,0.28571,0.28571,0.28571,0.28571
0.28571,0.28571,0.28571,0.28571,0.28571
0.28571,0.28571,0.28571,0.28571,0.28571
0.28571,0.28571,0.28571,0.28571,0.28571
0.28571,0.28571,0.28571,0.28571,0.28571
0.28571,0.28571,0.28571,0.28571,0.28571
0.28571,0.28571,0.28571,0.28571,0.28571
0.28571,0.28571,0.28571,0.28571,0.28571
0.28571,0.28571,0.28571,0.28571,0.28571
0.28571,0.28571,0.28571,0.28571,0.28571
0.28571,0.28571,0.28571,0.28571,0.28571
0.28571,0.28571,0.28571,0.28571,0.28571
0.28571,0.28571,0.28571,0.28571,0.28571
0.28571,0.28571,0.28571,0.28571,0.28571
0.28571,0.28571,0.28571,0.28571,0.28571
0.28571,0.28571,0.28571,0.28571,0.28571
0.28571,0.28571,0.28571,0.28571,0.28571
0.28571,0.28571,0.28571,0.28571,0.28571
0.28571,0.28571,0.28571,0.28571,0.28571
0.28571,0.28571,0.28571,0.28571,0.28571
0.28571,0.28571,0.28571,0.28571,0.28571
0.28571,0.28571,0.28571,0.28571,0.28571
0.28571,0.28571,0.28571,0.28571,0.28571
0.28571,0.28571,0.28571,0.28571,0.28571
0.28571,0.28571,0.28571,0.28571,0.28571
0.28571,0.28571,0.28571,0.28571,0.28571
0.28571,0.28571,0.28571,0.28571,0.28571
0.28571,0.28571,0.28571,0.28571,0.28571
0.28571,0.28571,0.28571,0.28571,0.28571
0.28571,0.28571,0.28571,0.28571,0.28571
0.28571,0.28571,0.28571,0.28571,0.28571
0.28571,0.28571,0.28571,0.28571,0.28571
0.28571,0.28571,0.28571,0.28571,0.28571
0.28571,0.28571,0.28571,0.28571,0.28571
0.28571,0.28571,0.28571,0.28571,0.28571
0.28571,0.28571,0.28571,0.28571,0.28571
0.28571,0.28571,0.28571,0.28571,0.28571
0.28571,0.28571,0.28571,0.28571,0.28571
0.28571,0.28571,0.28571,0.28571,0.28571
0.28571,0.28571,0.28571,0.28571,0.28571
0.28571,0.28571,0.28571,0.28571,0.28571
0.28571,0.28571,0.28571,0.28571,0.28571
0.28571,0.28571,0.28571,0.28571,0.28571
0.28571,0.28571,0.28571,0.28571,0.28571
0.28571,0.28571,0.28571,0.28571,0.28571
0.28571,0.28571,0.28571,0.28571,0.28571
0.28571,0.28571,0.28571,0.28571,0.28571
0.28571,0.28571,0.28571,0.28571,0.28571
0.28571,0.28571,0.28571,0.28571,0.28571
0.28571,0.28571,0.28571,0.28571,0.28571
0.28571,0.28571,0.28571,0.28571,0.28571
0.28571,0.28571,0.28571,0.28571,0.28571
0.28571,0.28571,0.28571,0.28571,0.28571
0.28571,0.28571,0.28571,0.28571,0.28571
0.28571,0.28571,0.28571,0.28571,0.28571
0.28571,0.28571,0.28571,0.28571,0.28571
0.28571,0.28571,0.28571,0.28571,0.28571
0.28571,0.28571,0.28571,0.28571,0.28571
0.28571,0.28571,0.28571,0.28571,0.28571
0.28571,0.28571,0.28571,0.28571,0.28571
0.28571,0.28571,0.28571,0.28571,0.28571
0.28571,0.28571,0.28571,0.28571,0.28571
0.28571,0.28571,0.28571,0.28571,0.28571
0.28571,0.28571,0.28571,0.28571,0.28571
0.28571,0.28571,0.28571,0.28571,0.28571
0.28571,0.28571,0.28571,0.28571,0.28571
0.28571,0.28571,0.28571,0.28571,0.28571
0.28571,0.28571,0.28571,0.28571,0.28571
0.28571,0.28571,0.28571,0.28571,0.28571
0.28571,0.28571,0.28571,0.28571,0.28571
0.28571,0.28571,0.28571,0.28571,0.28571
0.28571,0.28571,0.28571,0.28571,0.28571
0.28571,0.28571,0.28571,0.28571,0.28571
0.28571,0.28571,0.28571,0.28571,0.28571
0.28571,0.28571,0.28571,0.28571,0.28571
0.28571,0.28571,0.28571,0.28571,0.28571
0.28571,0.28571,0.28571,0.28571,0.28571
0.28571,0.28571,0.28571,0.28571,0.28571
0.28571,0.28571,0.28571,0.28571,0.28571
0.28571,0.28571,0.28571,0.28571,0.28571
0.28571,0.28571,0.28571,0.28571,0.28571
0.28571,0.28571,0.28571,0.28571,0.28571
0.28571,0.28571,0.28571,0.28571,0.28571
0.28571,0.28571,0.28571,0.28571,0.28571
0.28571,0.28571,0.28571,0.28571,0.28571
0.28571,0.28571,0.28571,0.28571,0.28571
0.28571,0.28571,0.28571,0.28571,0.28571
0.28571,0.28571,0.28571,0.28571,0.28571
0.28571,0.28571,0.28571,0.28571,0.28571
0.28571,0.28571,0.28571,0.28571,0.28571
0.28571,0.28571,0.28571,0.28571,0.28571
0.28571,0.28571,0.28571,0.28571,0.28571
0.28571,0.28571,0.28571,0.28571,0.28571
0.28571,0.28571,0.28571,0.28571,0.28571
0.28571,0.28571,0.28571,0.28571,0.28571
0.28571,0.28571,0.28571,0.28571,0.28571
0.28571,0.28571,0.28571,0.28571,0.28571
0.28571,0.28571,0.28571,0.28571,0.28571
0.28571,0.28571,0.28571,0.28571,0.28571
0.28571,0.28571,0.28571,0.28571,0.28571
0.28571,0.28571,0.28571,0.28571,0.28571
0.28571,0.28571,0.28571,0.28571,0.28571
0.28571,0.28571,0.28571,0.28571,0.28571
0.28571,0.28571,0.28571,0.28571,0.28571
0.28571,0.28571,0.28571,0.28571,0.28571
0.28571,0.28571,0.28571,0.28571,0.28571
0.28571,0.28571,0.28571,0.28571,0.28571
0.28571,0.28571,0.28571,0.28571,0.28571
0.28571,0.28571,0.28571,0.28571,0.28571
0.28571,0.28571,0.28571,0.28571,0.28571
0.28571,0.28571,0.28571,0.28571,0.28571
0.28571,0.28571,0.28571,0.28571,0.28571
0.28571,0.28571,0.28571,0.28571,0.28571
0.28571,0.28571,0.28571,0.28571,0.28571
0.28571,0.28571,0.28571,0.28571,0.28571
0.28571,0.28571,0.28571,0.28571,0.28571
0.28571,0.28571,0.28571,0.28571,0.28571
0.28571,0.28571,0.28571,0.28571,0.28571
0.28571,0.28571,0.28571,0.28571,0.28571
0.28571,0.28571,0.28571,0.28571,0.28571
0.28571,0.28571,0.28571,0.28571,0.28571
0.28571,0.28571,0.28571,0.28571,0.28571
0.28571,0.28571,0.28571,0.28571,0.28571
0.28571,0.28571,0.28571,0.28571,0.28571
0.28571,0.28571,0.28571,0.28571,0.28571
0.28571,0.28571,0.28571,0.28571,0.28571
0.28571,0.28571,0.28571,0.28571,0.28571
0.28571,0.28571,0.28571,0.28571,0.28571
0.28571,0.28571,0.28571,0.28571,0.28571
0.28571,0.28571,0.28571,0.28571,0.28571
0.28571,0.28571,0.28571,0.28571,0.28571
0.28571,0.28571,0.28571,0.28571,0.28571
0.28571,0.28571,0.28571,0.28571,0.28571
0.28571,0.28571,0.28571,0.28571,0.28571
0.28571,0.28571,0.28571,0.28571,0.28571
0.28571,0.28571,0.28571,0.28571,0.28571
0.28571,0.28571,0.28571,0.28571,0.28571
0.28571,0.28571,0.28571,0.28571,0.28571
0.28571,0.28571,0.28571,0.28571,0.28571
0.28571,0.28571,0.28571,0.28571,0.28571
0.28571,0.28571,0.28571,0.28571,0.28571
0.28571,0.28571,0.28571,0.28571,0.28571
0.28571,0.28571,0.28571,0.28571,0.28571
0.28571,0.28571,0.28571,0.28571,0.28571
0.28571,0.28571,0.28571,0.28571,0.28571
0.28571,0.28571,0.28571,0.28571,0.28571
0.28571,0.28571,0.28571,0.28571,0.28571
0.28571,0.28571,0.28571,0.28571,0.28571
0.28571,0.28571,0.28571,0.28571,0.28571
0.28571,0.28571,0.28571,0.28571,0.28571
0.28571,0.28571,0.28571,0.28571,0.28571
0.28571,0.28571,0.28571,0.28571,0.28571
0.28571,0.28571,0.28571,0.28571,0.28571
0.28571,0.28571,0.28571,0.28571,0.28571
0.28571,0.28571,0.28571,0.28571,0.28571
0.28571,0.28571,0.28571,0.28571,0.28571
0.28571,0.28571,0.28571,0.28571,0.28571
0.28571,0.28571,0.28571,0.28571,0.28571
0.28571,0.28571,0.28571,0.28571,0.28571
0.28571,0.28571,0.28571,0.28571,0.28571
0.28571,0.28571,0.28571,0.28571,0.28571
0.28571,0.28571,0.28571,0.28571,0.28571
0.28571,0.28571,0.28571,0.28571,0.28571
0.28571,0.28571,0.28571,0.28571,0.28571
0.28571,0.28571,0.28571,0.28571,0.28571
0.28571,0.28571,0.28571,0.28571,0.28571
0.28571,0.28571,0.28571,0.28571,0.28571
0.28571,0.28571,0.28571,0.28571,0.28571
0.28571,0.28571,0.28571,0.28571,0.28571
0.28571,0.28571,0.28571,0.28571,0.28571
0.28571,0.28571,0.28571,0.28571,0.28571
0.28571,0.28571,0.28571,0.28571,0.28571
0.28571,0.28571,0.28571,0.28571,0.28571
0.28571,0.28571,0.28571,0.28571,0.28571
0.28571,0.28571,0.28571,0.28571,0.28571
0.28571,0.28571,0.28571,0.28571,0.28571
0.28571,0.28571,0.28571,0.28571,0.28571
0.28571,0.28571,0.28571,0.28571,0.28571
0.28571,0.28571,0.28571,0.28571,0.28571
0.28571,0.28571,0.28571,0.28571,0.28571
0.28571,0.28571,0.28571,0.28571,0.28571
0.28571,0.28571,0.28571,0.28571,0.28571
0.28571,0.28571,0.28571,0.28571,0.28571
0.28571,0.28571,0.28571,0.28571,0.28571
0.28571,0.28571,0.28571,0.28571,0.28571
0.28571,0.28571,0.28571,0.28571,0.28571
0.28571,0.28571,0.28571,0.28571,0.28571
0.28571,0.28571,0.28571,0.28571,0.28571
0.28571,0.28571,0.28571,0.28571,0.28571
0.28571,0.28571,0.28571,0.28571,0.28571
0.28571,0.28571,0.28571,0.28571,0.28571
0.28571,0.28571,0.28571,0.28571,0.28571
0.28571,0.28571,0.28571,0.28571,0.28571
0.28571,0.28571,0.28571,0.28571,0.28571
0.28571,0.28571,0.28571,0.28571,0.28571
0.28571,0.28571,0.28571,0.28571,0.28571
0.28571,0.28571,0.28571,0.28571,0.28571
0.28571,0.28571,0.28571,0.28571,0.28571
0.28571,0.28571,0.28571,0.28571,0.28571
0.28571,0.28571,0.28571,0.28571,0.28571
0.28571,0.28571,0.28571,0.28571,0.28571
0.28571,0.28571,0.28571,0.28571,0.28571
0.28571,0.28571,0.28571,0.28571,0.28571
0.28571,0.28571,0.28571,0.28571,0.28571
0.28571,0.28571,0.28571,0.28571,0.28571
0.28571,0.28571,0.28571,0.28571,0.28571
0.28571,0.28571,0.28571,0.28571,0.28571
0.28571,0.28571,0.28571,0.28571,0.28571
0.28571,0.28571,0.28571,0.28571,0.28571
0.28571,0.28571,0.28571,0.28571,0.28571
0.28571,0.28571,0.28571,0.28571,0.28571
0.28571,0.28571,0.28571,0.28571,0.28571
0.28571,0.28571,0.28571,0.28571,0.28571
0.28571,0.28571,0.28571,0.28571,0.28571
0.28571,0.28571,0.28571,0.28571,0.28571
0.28571,0.28571,0.28571,0.28571,0.28571
0.28571,0.28571,0.28571,0.28571,0.28571
0.28571,0.28571,0.28571,0.28571,0.28571
0.28571,0.28571,0.28571,0.28571,0.28571
0.28571,0.28571,0.28571,0.28571,0.28571
0.28571,0.28571,0.28571,0.28571,0.28571
0.28571,0.28571,0.28571,0.28571,0.28571
0.28571,0.28571,0.28571,0.28571,0.28571
0.28571,0.28571,0.28571,0.28571,0.28571
0.28571,0.28571,0.28571,0.28571,0.28571
0.28571,0.28571,0.28571,0.28571,0.28571
0.28571,0.28571,0.28571,0.28571,0.28571
0.28571,0.28571,0.28571,0.28571,0.28571
0.28571,0.28571,0.28571,0.28571,0.28571
0.28571,0.28571,0.28571,0.28571,0.28571
0.28571,0.28571,0.28571,0.28571,0.28571
0.28571,0.28571,0.28571,0.28571,0.28571
0.28571,0.28571,0.28571,0.28571,0.28571
0.28571,0.28571,0.28571,0.28571,0.28571
0.28571,0.28571,0.28571,0.28571,0.28571
0.28571,0.28571,0.28571,0.28571,0.28571
0.28571,0.28571,0.28571,0.28571,0.28571
0.28571,0.28571,0.28571,0.28571,0.28571
0.28571,0.28571,0.28571,0.28571,0.28571
0.28571,0.28571,0.28571,0.28571,0.28571
0.28571,0.28571,0.28571,0.28571,0.28571
0.28571,0.28571,0.28571,0.28571,0.28571
0.28571,0.28571,0.28571,0.28571,0.28571
0.28571,0.28571,0.28571,0.28571,0.28571
0.28571,0.28571,0.28571,0.28571,0.28571
0.28571,0.28571,0.28571,0.28571,0.28571
0.28571,0.28571,0.28571,0.28571,0.28571
0.28571,0.28571,0.28571,0.28571,0.28571
0.28571,0.28571,0.28571,0.28571,0.28571
0.28571,0.28571,0.28571,0.28571,0.28571
0.28571,0.28571,0.28571,0.28571,0.28571
0.28571,0.28571,0.28571,0.28571,0.28571
0.28571,0.28571,0.28571,0.28571,0.28571
0.28571,0.28571,0.28571,0.28571,0.28571
0.28571,0.28571,0.28571,0.28571,0.28571
0.28571,0.28571,0.28571,0.28571,0.28571
0.28571,0.28571,0.28571,0.28571,0.28571
0.28571,0.28571,0.28571,0.28571,0.28571
0.28571,0.28571,0.28571,0.28571,0.28571
0.28571,0.28571,0.28571,0.28571,0.28571
0.28571,0.28571,0.28571,0.28571,0.28571
0.28571,0.28571,0.28571,0.28571,0.28571
0.28571,0.28571,0.28571,0.28571,0.28571
0.28571,0.28571,0.28571,0.28571,0.28571
0.28571,0.28571,0.28571,0.28571,0.28571
0.28571,0.28571,0.28571,0.28571,0.28571
0.28571,0.28571,0.28571,0.28571,0.28571
0.28571,0.28571,0.28571,0.28571,0.28571
0.28571,0.28571,0.28571,0.28571,0.28571
0.28571,0.28571,0.28571,0.28571,0.28571
0.28571,0.28571,0.28571,0.28571,0.28571
0.28571,0.28571,0.28571,0.28571,0.28571
0.28571,0.28571,0.28571,0.28571,0.28571
0.28571,0.28571,0.28571,0.28571,0.28571
0.28571,0.28571,0.28571,0.28571,0.28571
0.28571,0.28571,0.28571,0.28571,0.28571
0.28571,0.28571,0.28571,0.28571,0.28571
0.28571,0.28571,0.28571,0.28571,0.28571
0.28571,0.28571,0.28571,0.28571,0.28571
0.28571,0.28571,0.28571,0.28571,0.28571
0.28571,0.28571,0.28571,0.28571,0.28571
0.28571,0.28571,0.28571,0.28571,0.28571
0.28571,0.28571,0.28571,0.28571,0.28571
0.28571,0.28571,0.28571,0.28571,0.28571
0.28571,0.28571,0.28571,0.28571,0.28571
0.28571,0.28571,0.28571,0.28571,0.28571
0.28571,0.28571,0.28571,0.28571,0.28571
0.28571,0.28571,0.28571,0.28571,0.28571
0.28571,0.28571,0.28571,0.28571,0.28571
0.28571,0.28571,0.28571,0.28571,0.28571
0.28571,0.28571,0.28571,0.28571,0.28571
0.28571,0.28571,0.28571,0.28571,0.28571
0.28571,0.28571,0.28571,0.28571,0.28571
0.28571,0.28571,0.28571,0.28571,0.28571
0.28571,0.28571,0.28571,0.28571,0.28571
0.28571,0.28571,0.28571,0.28571,0.28571
0.28571,0.28571,0.28571,0.28571,0.28571
0.28571,0.28571,0.28571,0.28571,0.28571
0.28571,0.28571,0.28571,0.28571,0.28571
0.28571,0.28571,0.28571,0.28571,0.28571
0.28571,0.28571,0.28571,0.28571,0.28571
0.28571,0.28571,0.28571,0.28571,0.28571
0.28571,0.28571,0.28571,0.28571,0.28571
0.28571,0.28571,0.28571,0.28571,0.28571
0.28571,0.28571,0.28571,0.28571,0.28571
0.28571,0.28571,0.28571,0.28571,0.28571
0.28571,0.28571,0.28571,0.28571,0.28571
0.28571,0.28571,0.28571,0.28571,0.28571
0.28571,0.28571,0.28571,0.28571,0.28571
0.28571,0.28571,0.28571,0.28571,0.28571
0.28571,0.28571,0.28571,0.28571,0.28571
0.28571,0.28571,0.28571,0.28571,0.28571
0.28571,0.28571,0.28571,0.28571,0.28571
0.28571,0.28571,0.28571,0.28571,0.28571
0.28571,0.28571,0.28571,0.28571,0.28571
0.28571,0.28571,0.28571,0.28571,0.28571
0.28571,0.28571,0.28571,0.28571,0.28571
0.28571,0.28571,0.28571,0.28571,0.28571
0.28571,0.28571,0.28571,0.28571,0.28571
0.28571,0.28571,0.28571,0.28571,0.28571
0.28571,0.28571,0.28571,0.28571,0.28571
0.28571,0.28571,0.28571,0.28571,0.28571
0.28571,0.28571,0.28571,0.28571,0.28571
0.28571,0.28571,0.28571,0.28571,0.28571
0.28571,0.28571,0.28571,0.28571,0.28571
0.28571,0.28571,0.28571,0.28571,0.28571
0.28571,0.28571,0.28571,0.28571,0.28571
0.28571,0.28571,0.28571,0.28571,0.28571
0.28571,0.28571,0.28571,0.28571,0.28571
0.28571,0.28571,0.28571,0.28571,0.28571
0.28571,0.28571,0.28571,0.28571,0.28571
0.28571,0.28571,0.28571,0.28571,0.28571
0.28571,0.28571,0.28571,0.28571,0.28571
0.28571,0.28571,0.28571,0.28571,0.28571
0.28571,0.28571,0.28571,0.28571,0.28571
0.28571,0.28571,0.28571,0.28571,0.28571
0.28571,0.28571,0.28571,0.28571,0.28571
0.28571,0.28571,0.28571,0.28571,0.28571
0.28571,0.28571,0.28571,0.28571,0.28571
0.28571,0.28571,0.28571,0.28571,0.28571
