0.1,0.2,0.3,0.5,0.6
0.546,0.539,0.7245,0.8225,0.693
0.83133,0.81773,0.69364,0.63736,0.71142
0.56838,0.57903,0.6967,0.76228,0.67734
0.82887,0.82072,0.74205,0.70505,0.75383
0.54792,0.55591,0.64083,0.68697,0.62709
0.85154,0.84739,0.80725,0.78828,0.81327
0.47223,0.47717,0.52887,0.55649,0.52059
0.87293,0.87259,0.86993,0.86921,0.87025
0.3906,0.39093,0.39451,0.39652,0.39392
0.83394,0.83409,0.83569,0.83651,0.83544
0.48354,0.48332,0.48114,0.48,0.48148
0.87397,0.87395,0.87379,0.87371,0.87382
0.38565,0.38567,0.38592,0.38605,0.38588
0.8293,0.82931,0.82942,0.82948,0.8294
0.49539,0.49538,0.49522,0.49514,0.49524
0.87492,0.87492,0.87492,0.87492,0.87492
0.38301,0.38301,0.38302,0.38302,0.38302
0.8271,0.8271,0.8271,0.8271,0.8271
0.50051,0.50051,0.50051,0.50051,0.50051
0.875,0.875,0.875,0.875,0.875
0.38281,0.38281,0.38281,0.38281,0.38281
0.82694,0.82694,0.82694,0.82694,0.82694
0.50089,0.50089,0.50089,0.50089,0.50089
0.875,0.875,0.875,0.875,0.875
0.38282,0.38282,0.38282,0.38282,0.38282
0.82694,0.82694,0.82694,0.82694,0.82694
0.50088,0.50088,0.50088,0.50088,0.50088
0.875,0.875,0.875,0.875,0.875
0.38282,0.38282,0.38282,0.38282,0.38282
0.82694,0.82694,0.82694,0.82694,0.82694
0.50088,0.50088,0.50088,0.50088,0.50088
0.875,0.875,0.875,0.875,0.875
0.38282,0.38282,0.38282,0.38282,0.38282
0.82694,0.82694,0.82694,0.82694,0.82694
0.50088,0.50088,0.50088,0.50088,0.50088
0.875,0.875,0.875,0.875,0.875
0.38282,0.38282,0.38282,0.38282,0.38282
0.82694,0.82694,0.82694,0.82694,0.82694
0.50088,0.50088,0.50088,0.50088,0.50088
0.875,0.875,0.875,0.875,0.875
0.38282,0.38282,0.38282,0.38282,0.38282
0.82694,0.82694,0.82694,0.82694,0.82694
0.50088,0.50088,0.50088,0.50088,0.50088
0.875,0.875,0.875,0.875,0.875
0.38282,0.38282,0.38282,0.38282,0.38282
0.82694,0.82694,0.82694,0.82694,0.82694
0.50088,0.50088,0.50088,0.50088,0.50088
0.875,0.875,0.875,0.875,0.875
0.38282,0.38282,0.38282,0.38282,0.38282
0.82694,0.82694,0.82694,0.82694,0.82694
0.50088,0.50088,0.50088,0.50088,0.50088
0.875,0.875,0.875,0.875,0.875
0.38282,0.38282,0.38282,0.38282,0.38282
0.82694,0.82694,0.82694,0.82694,0.82694
0.50088,0.50088,0.50088,0.50088,0.50088
0.875,0.875,0.875,0.875,0.875
0.38282,0.38282,0.38282,0.38282,0.38282
0.82694,0.82694,0.82694,0.82694,0.82694
0.50088,0.50088,0.50088,0.50088,0.50088
0.875,0.875,0.875,0.875,0.875
0.38282,0.38282,0.38282,0.38282,0.38282
0.82694,0.82694,0.82694,0.82694,0.82694
0.50088,0.50088,0.50088,0.50088,0.50088
0.875,0.875,0.875,0.875,0.875
0.38282,0.38282,0.38282,0.38282,0.38282
0.82694,0.82694,0.82694,0.82694,0.82694
0.50088,0.50088,0.50088,0.50088,0.50088
0.875,0.875,0.875,0.875,0.875
0.38282,0.38282,0.38282,0.38282,0.38282
0.82694,0.82694,0.82694,0.82694,0.82694
0.50088,0.50088,0.50088,0.50088,0.50088
0.875,0.875,0.875,0.875,0.875
0.38282,0.38282,0.38282,0.38282,0.38282
0.82694,0.82694,0.82694,0.82694,0.82694
0.50088,0.50088,0.50088,0.50088,0.50088
0.875,0.875,0.875,0.875,0.875
0.38282,0.38282,0.38282,0.38282,0.38282
0.82694,0.82694,0.82694,0.82694,0.82694
0.50088,0.50088,0.50088,0.50088,0.50088
0.875,0.875,0.875,0.875,0.875
0.38282,0.38282,0.38282,0.38282,0.38282
0.82694,0.82694,0.82694,0.82694,0.82694
0.50088,0.50088,0.50088,0.50088,0.50088
0.875,0.875,0.875,0.875,0.875
0.38282,0.38282,0.38282,0.38282,0.38282
0.82694,0.82694,0.82694,0.82694,0.82694
0.50088,0.50088,0.50088,0.50088,0.50088
0.875,0.875,0.875,0.875,0.875
0.38282,0.38282,0.38282,0.38282,0.38282
0.82694,0.82694,0.82694,0.82694,0.82694
0.50088,0.50088,0.50088,0.50088,0.50088
0.875,0.875,0.875,0.875,0.875
0.38282,0.38282,0.38282,0.38282,0.38282
0.82694,0.82694,0.82694,0.82694,0.82694
0.50088,0.50088,0.50088,0.50088,0.50088
0.875,0.875,0.875,0.875,0.875
0.38282,0.38282,0.38282,0.38282,0.38282
0.82694,0.82694,0.82694,0.82694,0.82694
0.50088,0.50088,0.50088,0.50088,0.50088
0.875,0.875,0.875,0.875,0.875
0.38282,0.38282,0.38282,0.38282,0.38282
0.82694,0.82694,0.82694,0.82694,0.82694
0.50088,0.50088,0.50088,0.50088,0.50088
0.875,0.875,0.875,0.875,0.875
0.38282,0.38282,0.38282,0.38282,0.38282
0.82694,0.82694,0.82694,0.82694,0.82694
0.50088,0.50088,0.50088,0.50088,0.50088
0.875,0.875,0.875,0.875,0.875
0.38282,0.38282,0.38282,0.38282,0.38282
0.82694,0.82694,0.82694,0.82694,0.82694
0.50088,0.50088,0.50088,0.50088,0.50088
0.875,0.875,0.875,0.875,0.875
0.38282,0.38282,0.38282,0.38282,0.38282
0.82694,0.82694,0.82694,0.82694,0.82694
0.50088,0.50088,0.50088,0.50088,0.50088
0.875,0.875,0.875,0.875,0.875
0.38282,0.38282,0.38282,0.38282,0.38282
0.82694,0.82694,0.82694,0.82694,0.82694
0.50088,0.50088,0.50088,0.50088,0.50088
0.875,0.875,0.875,0.875,0.875
0.38282,0.38282,0.38282,0.38282,0.38282
0.82694,0.82694,0.82694,0.82694,0.82694
0.50088,0.50088,0.50088,0.50088,0.50088
0.875,0.875,0.875,0.875,0.875
0.38282,0.38282,0.38282,0.38282,0.38282
0.82694,0.82694,0.82694,0.82694,0.82694
0.50088,0.50088,0.50088,0.50088,0.50088
0.875,0.875,0.875,0.875,0.875
0.38282,0.38282,0.38282,0.38282,0.38282
0.82694,0.82694,0.82694,0.82694,0.82694
0.50088,0.50088,0.50088,0.50088,0.50088
0.875,0.875,0.875,0.875,0.875
0.38282,0.38282,0.38282,0.38282,0.38282
0.82694,0.82694,0.82694,0.82694,0.82694
0.50088,0.50088,0.50088,0.50088,0.50088
0.875,0.875,0.875,0.875,0.875
0.38282,0.38282,0.38282,0.38282,0.38282
0.82694,0.82694,0.82694,0.82694,0.82694
0.50088,0.50088,0.50088,0.50088,0.50088
0.875,0.875,0.875,0.875,0.875
0.38282,0.38282,0.38282,0.38282,0.38282
0.82694,0.82694,0.82694,0.82694,0.82694
0.50088,0.50088,0.50088,0.50088,0.50088
0.875,0.875,0.875,0.875,0.875
0.38282,0.38282,0.38282,0.38282,0.38282
0.82694,0.82694,0.82694,0.82694,0.82694
0.50088,0.50088,0.50088,0.50088,0.50088
0.875,0.875,0.875,0.875,0.875
0.38282,0.38282,0.38282,0.38282,0.38282
0.82694,0.82694,0.82694,0.82694,0.82694
0.50088,0.50088,0.50088,0.50088,0.50088
0.875,0.875,0.875,0.875,0.875
0.38282,0.38282,0.38282,0.38282,0.38282
0.82694,0.82694,0.82694,0.82694,0.82694
0.50088,0.50088,0.50088,0.50088,0.50088
0.875,0.875,0.875,0.875,0.875
0.38282,0.38282,0.38282,0.38282,0.38282
0.82694,0.82694,0.82694,0.82694,0.82694
0.50088,0.50088,0.50088,0.50088,0.50088
0.875,0.875,0.875,0.875,0.875
0.38282,0.38282,0.38282,0.38282,0.38282
0.82694,0.82694,0.82694,0.82694,0.82694
0.50088,0.50088,0.50088,0.50088,0.50088
0.875,0.875,0.875,0.875,0.875
0.38282,0.38282,0.38282,0.38282,0.38282
0.82694,0.82694,0.82694,0.82694,0.82694
0.50088,0.50088,0.50088,0.50088,0.50088
0.875,0.875,0.875,0.875,0.875
0.38282,0.38282,0.38282,0.38282,0.38282
0.82694,0.82694,0.82694,0.82694,0.82694
0.50088,0.50088,0.50088,0.50088,0.50088
0.875,0.875,0.875,0.875,0.875
0.38282,0.38282,0.38282,0.38282,0.38282
0.82694,0.82694,0.82694,0.82694,0.82694
0.50088,0.50088,0.50088,0.50088,0.50088
0.875,0.875,0.875,0.875,0.875
0.38282,0.38282,0.38282,0.38282,0.38282
0.82694,0.82694,0.82694,0.82694,0.82694
0.50088,0.50088,0.50088,0.50088,0.50088
0.875,0.875,0.875,0.875,0.875
0.38282,0.38282,0.38282,0.38282,0.38282
0.82694,0.82694,0.82694,0.82694,0.82694
0.50088,0.50088,0.50088,0.50088,0.50088
0.875,0.875,0.875,0.875,0.875
0.38282,0.38282,0.38282,0.38282,0.38282
0.82694,0.82694,0.82694,0.82694,0.82694
0.50088,0.50088,0.50088,0.50088,0.50088
0.875,0.875,0.875,0.875,0.875
0.38282,0.38282,0.38282,0.38282,0.38282
0.82694,0.82694,0.82694,0.82694,0.82694
0.50088,0.50088,0.50088,0.50088,0.50088
0.875,0.875,0.875,0.875,0.875
0.38282,0.38282,0.38282,0.38282,0.38282
0.82694,0.82694,0.82694,0.82694,0.82694
0.50088,0.50088,0.50088,0.50088,0.50088
0.875,0.875,0.875,0.875,0.875
0.38282,0.38282,0.38282,0.38282,0.38282
0.82694,0.82694,0.82694,0.82694,0.82694
0.50088,0.50088,0.50088,0.50088,0.50088
0.875,0.875,0.875,0.875,0.875
0.38282,0.38282,0.38282,0.38282,0.38282
0.82694,0.82694,0.82694,0.82694,0.82694
0.50088,0.50088,0.50088,0.50088,0.50088
0.875,0.875,0.875,0.875,0.875
0.38282,0.38282,0.38282,0.38282,0.38282
0.82694,0.82694,0.82694,0.82694,0.82694
0.50088,0.50088,0.50088,0.50088,0.50088
0.875,0.875,0.875,0.875,0.875
0.38282,0.38282,0.38282,0.38282,0.38282
0.82694,0.82694,0.82694,0.82694,0.82694
0.50088,0.50088,0.50088,0.50088,0.50088
0.875,0.875,0.875,0.875,0.875
0.38282,0.38282,0.38282,0.38282,0.38282
0.82694,0.82694,0.82694,0.82694,0.82694
0.50088,0.50088,0.50088,0.50088,0.50088
0.875,0.875,0.875,0.875,0.875
0.38282,0.38282,0.38282,0.38282,0.38282
0.82694,0.82694,0.82694,0.82694,0.82694
0.50088,0.50088,0.50088,0.50088,0.50088
0.875,0.875,0.875,0.875,0.875
0.38282,0.38282,0.38282,0.38282,0.38282
0.82694,0.82694,0.82694,0.82694,0.82694
0.50088,0.50088,0.50088,0.50088,0.50088
0.875,0.875,0.875,0.875,0.875
0.38282,0.38282,0.38282,0.38282,0.38282
0.82694,0.82694,0.82694,0.82694,0.82694
0.50088,0.50088,0.50088,0.50088,0.50088
0.875,0.875,0.875,0.875,0.875
0.38282,0.38282,0.38282,0.38282,0.38282
0.82694,0.82694,0.82694,0.82694,0.82694
0.50088,0.50088,0.50088,0.50088,0.50088
0.875,0.875,0.875,0.875,0.875
0.38282,0.38282,0.38282,0.38282,0.38282
0.82694,0.82694,0.82694,0.82694,0.82694
0.50088,0.50088,0.50088,0.50088,0.50088
0.875,0.875,0.875,0.875,0.875
0.38282,0.38282,0.38282,0.38282,0.38282
0.82694,0.82694,0.82694,0.82694,0.82694
0.50088,0.50088,0.50088,0.50088,0.50088
0.875,0.875,0.875,0.875,0.875
0.38282,0.38282,0.38282,0.38282,0.38282
0.82694,0.82694,0.82694,0.82694,0.82694
0.50088,0.50088,0.50088,0.50088,0.50088
0.875,0.875,0.875,0.875,0.875
0.38282,0.38282,0.38282,0.38282,0.38282
0.82694,0.82694,0.82694,0.82694,0.82694
0.50088,0.50088,0.50088,0.50088,0.50088
0.875,0.875,0.875,0.875,0.875
0.38282,0.38282,0.38282,0.38282,0.38282
0.82694,0.82694,0.82694,0.82694,0.82694
0.50088,0.50088,0.50088,0.50088,0.50088
0.875,0.875,0.875,0.875,0.875
0.38282,0.38282,0.38282,0.38282,0.38282
0.82694,0.82694,0.82694,0.82694,0.82694
0.50088,0.50088,0.50088,0.50088,0.50088
0.875,0.875,0.875,0.875,0.875
0.38282,0.38282,0.38282,0.38282,0.38282
0.82694,0.82694,0.82694,0.82694,0.82694
0.50088,0.50088,0.50088,0.50088,0.50088
0.875,0.875,0.875,0.875,0.875
0.38282,0.38282,0.38282,0.38282,0.38282
0.82694,0.82694,0.82694,0.82694,0.82694
0.50088,0.50088,0.50088,0.50088,0.50088
0.875,0.875,0.875,0.875,0.875
0.38282,0.38282,0.38282,0.38282,0.38282
0.82694,0.82694,0.82694,0.82694,0.82694
0.50088,0.50088,0.50088,0.50088,0.50088
0.875,0.875,0.875,0.875,0.875
0.38282,0.38282,0.38282,0.38282,0.38282
0.82694,0.82694,0.82694,0.82694,0.82694
0.50088,0.50088,0.50088,0.50088,0.50088
0.875,0.875,0.875,0.875,0.875
0.38282,0.38282,0.38282,0.38282,0.38282
0.82694,0.82694,0.82694,0.82694,0.82694
0.50088,0.50088,0.50088,0.50088,0.50088
0.875,0.875,0.875,0.875,0.875
0.38282,0.38282,0.38282,0.38282,0.38282
0.82694,0.82694,0.82694,0.82694,0.82694
0.50088,0.50088,0.50088,0.50088,0.50088
0.875,0.875,0.875,0.875,0.875
0.38282,0.38282,0.38282,0.38282,0.38282
0.82694,0.82694,0.82694,0.82694,0.82694
0.50088,0.50088,0.50088,0.50088,0.50088
0.875,0.875,0.875,0.875,0.875
0.38282,0.38282,0.38282,0.38282,0.38282
0.82694,0.82694,0.82694,0.82694,0.82694
0.50088,0.50088,0.50088,0.50088,0.50088
0.875,0.875,0.875,0.875,0.875
0.38282,0.38282,0.38282,0.38282,0.38282
0.82694,0.82694,0.82694,0.82694,0.82694
0.50088,0.50088,0.50088,0.50088,0.50088
0.875,0.875,0.875,0.875,0.875
0.38282,0.38282,0.38282,0.38282,0.38282
0.82694,0.82694,0.82694,0.82694,0.82694
0.50088,0.50088,0.50088,0.50088,0.50088
0.875,0.875,0.875,0.875,0.875
0.38282,0.38282,0.38282,0.38282,0.38282
0.82694,0.82694,0.82694,0.82694,0.82694
0.50088,0.50088,0.50088,0.50088,0.50088
0.875,0.875,0.875,0.875,0.875
0.38282,0.38282,0.38282,0.38282,0.38282
0.82694,0.82694,0.82694,0.82694,0.82694
0.50088,0.50088,0.50088,0.50088,0.50088
0.875,0.875,0.875,0.875,0.875
0.38282,0.38282,0.38282,0.38282,0.38282
0.82694,0.82694,0.82694,0.82694,0.82694
0.50088,0.50088,0.50088,0.50088,0.50088
0.875,0.875,0.875,0.875,0.875
0.38282,0.38282,0.38282,0.38282,0.38282
0.82694,0.82694,0.82694,0.82694,0.82694
0.50088,0.50088,0.50088,0.50088,0.50088
0.875,0.875,0.875,0.875,0.875
0.38282,0.38282,0.38282,0.38282,0.38282
0.82694,0.82694,0.82694,0.82694,0.82694
0.50088,0.50088,0.50088,0.50088,0.50088
0.875,0.875,0.875,0.875,0.875
0.38282,0.38282,0.38282,0.38282,0.38282
0.82694,0.82694,0.82694,0.82694,0.82694
0.50088,0.50088,0.50088,0.50088,0.50088
0.875,0.875,0.875,0.875,0.875
0.38282,0.38282,0.38282,0.38282,0.38282
0.82694,0.82694,0.82694,0.82694,0.82694
0.50088,0.50088,0.50088,0.50088,0.50088
0.875,0.875,0.875,0.875,0.875
0.38282,0.38282,0.38282,0.38282,0.38282
0.82694,0.82694,0.82694,0.82694,0.82694
0.50088,0.50088,0.50088,0.50088,0.50088
0.875,0.875,0.875,0.875,0.875
0.38282,0.38282,0.38282,0.38282,0.38282
0.82694,0.82694,0.82694,0.82694,0.82694
0.50088,0.50088,0.50088,0.50088,0.50088
0.875,0.875,0.875,0.875,0.875
0.38282,0.38282,0.38282,0.38282,0.38282
0.82694,0.82694,0.82694,0.82694,0.82694
0.50088,0.50088,0.50088,0.50088,0.50088
0.875,0.875,0.875,0.875,0.875
0.38282,0.38282,0.38282,0.38282,0.38282
0.82694,0.82694,0.82694,0.82694,0.82694
0.50088,0.50088,0.50088,0.50088,0.50088
0.875,0.875,0.875,0.875,0.875
0.38282,0.38282,0.38282,0.38282,0.38282
0.82694,0.82694,0.82694,0.82694,0.82694
0.50088,0.50088,0.50088,0.50088,0.50088
0.875,0.875,0.875,0.875,0.875
0.38282,0.38282,0.38282,0.38282,0.38282
0.82694,0.82694,0.82694,0.82694,0.82694
0.50088,0.50088,0.50088,0.50088,0.50088
0.875,0.875,0.875,0.875,0.875
0.38282,0.38282,0.38282,0.38282,0.38282
0.82694,0.82694,0.82694,0.82694,0.82694
0.50088,0.50088,0.50088,0.50088,0.50088
0.875,0.875,0.875,0.875,0.875
0.38282,0.38282,0.38282,0.38282,0.38282
0.82694,0.82694,0.82694,0.82694,0.82694
0.50088,0.50088,0.50088,0.50088,0.50088
0.875,0.875,0.875,0.875,0.875
0.38282,0.38282,0.38282,0.38282,0.38282
0.82694,0.82694,0.82694,0.82694,0.82694
0.50088,0.50088,0.50088,0.50088,0.50088
0.875,0.875,0.875,0.875,0.875
0.38282,0.38282,0.38282,0.38282,0.38282
0.82694,0.82694,0.82694,0.82694,0.82694
0.50088,0.50088,0.50088,0.50088,0.50088
0.875,0.875,0.875,0.875,0.875
0.38282,0.38282,0.38282,0.38282,0.38282
0.82694,0.82694,0.82694,0.82694,0.82694
0.50088,0.50088,0.50088,0.50088,0.50088
0.875,0.875,0.875,0.875,0.875
0.38282,0.38282,0.38282,0.38282,0.38282
0.82694,0.82694,0.82694,0.82694,0.82694
0.50088,0.50088,0.50088,0.50088,0.50088
0.875,0.875,0.875,0.875,0.875
0.38282,0.38282,0.38282,0.38282,0.38282
0.82694,0.82694,0.82694,0.82694,0.82694
0.50088,0.50088,0.50088,0.50088,0.50088
0.875,0.875,0.875,0.875,0.875
0.38282,0.38282,0.38282,0.38282,0.38282
0.82694,0.82694,0.82694,0.82694,0.82694
0.50088,0.50088,0.50088,0.50088,0.50088
0.875,0.875,0.875,0.875,0.875
0.38282,0.38282,0.38282,0.38282,0.38282
0.82694,0.82694,0.82694,0.82694,0.82694
0.50088,0.50088,0.50088,0.50088,0.50088
0.875,0.875,0.875,0.875,0.875
0.38282,0.38282,0.38282,0.38282,0.38282
0.82694,0.82694,0.82694,0.82694,0.82694
0.50088,0.50088,0.50088,0.50088,0.50088
0.875,0.875,0.875,0.875,0.875
0.38282,0.38282,0.38282,0.38282,0.38282
0.82694,0.82694,0.82694,0.82694,0.82694
0.50088,0.50088,0.50088,0.50088,0.50088
0.875,0.875,0.875,0.875,0.875
0.38282,0.38282,0.38282,0.38282,0.38282
0.82694,0.82694,0.82694,0.82694,0.82694
0.50088,0.50088,0.50088,0.50088,0.50088
0.875,0.875,0.875,0.875,0.875
0.38282,0.38282,0.38282,0.38282,0.38282
0.82694,0.82694,0.82694,0.82694,0.82694
0.50088,0.50088,0.50088,0.50088,0.50088
0.875,0.875,0.875,0.875,0.875
0.38282,0.38282,0.38282,0.38282,0.38282
0.82694,0.82694,0.82694,0.82694,0.82694
0.50088,0.50088,0.50088,0.50088,0.50088
0.875,0.875,0.875,0.875,0.875
0.38282,0.38282,0.38282,0.38282,0.38282
0.82694,0.82694,0.82694,0.82694,0.82694
0.50088,0.50088,0.50088,0.50088,0.50088
0.875,0.875,0.875,0.875,0.875
0.38282,0.38282,0.38282,0.38282,0.38282
0.82694,0.82694,0.82694,0.82694,0.82694
0.50088,0.50088,0.50088,0.50088,0.50088
0.875,0.875,0.875,0.875,0.875
0.38282,0.38282,0.38282,0.38282,0.38282
0.82694,0.82694,0.82694,0.82694,0.82694
0.50088,0.50088,0.50088,0.50088,0.50088
0.875,0.875,0.875,0.875,0.875
0.38282,0.38282,0.38282,0.38282,0.38282
0.82694,0.82694,0.82694,0.82694,0.82694
0.50088,0.50088,0.50088,0.50088,0.50088
0.875,0.875,0.875,0.875,0.875
0.38282,0.38282,0.38282,0.38282,0.38282
0.82694,0.82694,0.82694,0.82694,0.82694
0.50088,0.50088,0.50088,0.50088,0.50088
0.875,0.875,0.875,0.875,0.875
0.38282,0.38282,0.38282,0.38282,0.38282
0.82694,0.82694,0.82694,0.82694,0.82694
0.50088,0.50088,0.50088,0.50088,0.50088
0.875,0.875,0.875,0.875,0.875
0.38282,0.38282,0.38282,0.38282,0.38282
0.82694,0.82694,0.82694,0.82694,0.82694
0.50088,0.50088,0.50088,0.50088,0.50088
0.875,0.875,0.875,0.875,0.875
0.38282,0.38282,0.38282,0.38282,0.38282
0.82694,0.82694,0.82694,0.82694,0.82694
0.50088,0.50088,0.50088,0.50088,0.50088
0.875,0.875,0.875,0.875,0.875
0.38282,0.38282,0.38282,0.38282,0.38282
0.82694,0.82694,0.82694,0.82694,0.82694
0.50088,0.50088,0.50088,0.50088,0.50088
0.875,0.875,0.875,0.875,0.875
0.38282,0.38282,0.38282,0.38282,0.38282
0.82694,0.82694,0.82694,0.82694,0.82694
0.50088,0.50088,0.50088,0.50088,0.50088
0.875,0.875,0.875,0.875,0.875
0.38282,0.38282,0.38282,0.38282,0.38282
0.82694,0.82694,0.82694,0.82694,0.82694
0.50088,0.50088,0.50088,0.50088,0.50088
0.875,0.875,0.875,0.875,0.875
0.38282,0.38282,0.38282,0.38282,0.38282
0.82694,0.82694,0.82694,0.82694,0.82694
0.50088,0.50088,0.50088,0.50088,0.50088
0.875,0.875,0.875,0.875,0.875
0.38282,0.38282,0.38282,0.38282,0.38282
0.82694,0.82694,0.82694,0.82694,0.82694
0.50088,0.50088,0.50088,0.50088,0.50088
0.875,0.875,0.875,0.875,0.875
0.38282,0.38282,0.38282,0.38282,0.38282
0.82694,0.82694,0.82694,0.82694,0.82694
0.50088,0.50088,0.50088,0.50088,0.50088
0.875,0.875,0.875,0.875,0.875
0.38282,0.38282,0.38282,0.38282,0.38282
0.82694,0.82694,0.82694,0.82694,0.82694
0.50088,0.50088,0.50088,0.50088,0.50088
0.875,0.875,0.875,0.875,0.875
0.38282,0.38282,0.38282,0.38282,0.38282
0.82694,0.82694,0.82694,0.82694,0.82694
0.50088,0.50088,0.50088,0.50088,0.50088
0.875,0.875,0.875,0.875,0.875
0.38282,0.38282,0.38282,0.38282,0.38282
0.82694,0.82694,0.82694,0.82694,0.82694
0.50088,0.50088,0.50088,0.50088,0.50088
0.875,0.875,0.875,0.875,0.875
0.38282,0.38282,0.38282,0.38282,0.38282
0.82694,0.82694,0.82694,0.82694,0.82694
0.50088,0.50088,0.50088,0.50088,0.50088
0.875,0.875,0.875,0.875,0.875
0.38282,0.38282,0.38282,0.38282,0.38282
0.82694,0.82694,0.82694,0.82694,0.82694
0.50088,0.50088,0.50088,0.50088,0.50088
0.875,0.875,0.875,0.875,0.875
0.38282,0.38282,0.38282,0.38282,0.38282
0.82694,0.82694,0.82694,0.82694,0.82694
0.50088,0.50088,0.50088,0.50088,0.50088
0.875,0.875,0.875,0.875,0.875
0.38282,0.38282,0.38282,0.38282,0.38282
0.82694,0.82694,0.82694,0.82694,0.82694
0.50088,0.50088,0.50088,0.50088,0.50088
0.875,0.875,0.875,0.875,0.875
0.38282,0.38282,0.38282,0.38282,0.38282
0.82694,0.82694,0.82694,0.82694,0.82694
0.50088,0.50088,0.50088,0.50088,0.50088
0.875,0.875,0.875,0.875,0.875
0.38282,0.38282,0.38282,0.38282,0.38282
0.82694,0.82694,0.82694,0.82694,0.82694
0.50088,0.50088,0.50088,0.50088,0.50088
0.875,0.875,0.875,0.875,0.875
0.38282,0.38282,0.38282,0.38282,0.38282
0.82694,0.82694,0.82694,0.82694,0.82694
0.50088,0.50088,0.50088,0.50088,0.50088
0.875,0.875,0.875,0.875,0.875
0.38282,0.38282,0.38282,0.38282,0.38282
0.82694,0.82694,0.82694,0.82694,0.82694
0.50088,0.50088,0.50088,0.50088,0.50088
0.875,0.875,0.875,0.875,0.875
0.38282,0.38282,0.38282,0.38282,0.38282
0.82694,0.82694,0.82694,0.82694,0.82694
0.50088,0.50088,0.50088,0.50088,0.50088
0.875,0.875,0.875,0.875,0.875
0.38282,0.38282,0.38282,0.38282,0.38282
0.82694,0.82694,0.82694,0.82694,0.82694
0.50088,0.50088,0.50088,0.50088,0.50088
0.875,0.875,0.875,0.875,0.875
0.38282,0.38282,0.38282,0.38282,0.38282
0.82694,0.82694,0.82694,0.82694,0.82694
0.50088,0.50088,0.50088,0.50088,0.50088
0.875,0.875,0.875,0.875,0.875
0.38282,0.38282,0.38282,0.38282,0.38282
0.82694,0.82694,0.82694,0.82694,0.82694
0.50088,0.50088,0.50088,0.50088,0.50088
0.875,0.875,0.875,0.875,0.875
0.38282,0.38282,0.38282,0.38282,0.38282
0.82694,0.82694,0.82694,0.82694,0.82694
0.50088,0.50088,0.50088,0.50088,0.50088
0.875,0.875,0.875,0.875,0.875
0.38282,0.38282,0.38282,0.38282,0.38282
0.82694,0.82694,0.82694,0.82694,0.82694
0.50088,0.50088,0.50088,0.50088,0.50088
0.875,0.875,0.875,0.875,0.875
0.38282,0.38282,0.38282,0.38282,0.38282
0.82694,0.82694,0.82694,0.82694,0.82694
0.50088,0.50088,0.50088,0.50088,0.50088
0.875,0.875,0.875,0.875,0.875
0.38282,0.38282,0.38282,0.38282,0.38282
0.82694,0.82694,0.82694,0.82694,0.82694
0.50088,0.50088,0.50088,0.50088,0.50088
0.875,0.875,0.875,0.875,0.875
0.38282,0.38282,0.38282,0.38282,0.38282
0.82694,0.82694,0.82694,0.82694,0.82694
0.50088,0.50088,0.50088,0.50088,0.50088
0.875,0.875,0.875,0.875,0.875
0.38282,0.38282,0.38282,0.38282,0.38282
0.82694,0.82694,0.82694,0.82694,0.82694
0.50088,0.50088,0.50088,0.50088,0.50088
0.875,0.875,0.875,0.875,0.875
0.38282,0.38282,0.38282,0.38282,0.38282
0.82694,0.82694,0.82694,0.82694,0.82694
0.50088,0.50088,0.50088,0.50088,0.50088
0.875,0.875,0.875,0.875,0.875
0.38282,0.38282,0.38282,0.38282,0.38282
0.82694,0.82694,0.82694,0.82694,0.82694
0.50088,0.50088,0.50088,0.50088,0.50088
0.875,0.875,0.875,0.875,0.875
0.38282,0.38282,0.38282,0.38282,0.38282
0.82694,0.82694,0.82694,0.82694,0.82694
0.50088,0.50088,0.50088,0.50088,0.50088
0.875,0.875,0.875,0.875,0.875
0.38282,0.38282,0.38282,0.38282,0.38282
0.82694,0.82694,0.82694,0.82694,0.82694
0.50088,0.50088,0.50088,0.50088,0.50088
0.875,0.875,0.875,0.875,0.875
0.38282,0.38282,0.38282,0.38282,0.38282
0.82694,0.82694,0.82694,0.82694,0.82694
0.50088,0.50088,0.50088,0.50088,0.50088
0.875,0.875,0.875,0.875,0.875
0.38282,0.38282,0.38282,0.38282,0.38282
0.82694,0.82694,0.82694,0.82694,0.82694
0.50088,0.50088,0.50088,0.50088,0.50088
0.875,0.875,0.875,0.875,0.875
0.38282,0.38282,0.38282,0.38282,0.38282
0.82694,0.82694,0.82694,0.82694,0.82694
0.50088,0.50088,0.50088,0.50088,0.50088
0.875,0.875,0.875,0.875,0.875
0.38282,0.38282,0.38282,0.38282,0.38282
0.82694,0.82694,0.82694,0.82694,0.82694
0.50088,0.50088,0.50088,0.50088,0.50088
0.875,0.875,0.875,0.875,0.875
0.38282,0.38282,0.38282,0.38282,0.38282
0.82694,0.82694,0.82694,0.82694,0.82694
0.50088,0.50088,0.50088,0.50088,0.50088
0.875,0.875,0.875,0.875,0.875
0.38282,0.38282,0.38282,0.38282,0.38282
0.82694,0.82694,0.82694,0.82694,0.82694
0.50088,0.50088,0.50088,0.50088,0.50088
0.875,0.875,0.875,0.875,0.875
0.38282,0.38282,0.38282,0.38282,0.38282
0.82694,0.82694,0.82694,0.82694,0.82694
0.50088,0.50088,0.50088,0.50088,0.50088
0.875,0.875,0.875,0.875,0.875
0.38282,0.38282,0.38282,0.38282,0.38282
0.82694,0.82694,0.82694,0.82694,0.82694
0.50088,0.50088,0.50088,0.50088,0.50088
0.875,0.875,0.875,0.875,0.875
0.38282,0.38282,0.38282,0.38282,0.38282
0.82694,0.82694,0.82694,0.82694,0.82694
0.50088,0.50088,0.50088,0.50088,0.50088
0.875,0.875,0.875,0.875,0.875
0.38282,0.38282,0.38282,0.38282,0.38282
0.82694,0.82694,0.82694,0.82694,0.82694
0.50088,0.50088,0.50088,0.50088,0.50088
0.875,0.875,0.875,0.875,0.875
0.38282,0.38282,0.38282,0.38282,0.38282
0.82694,0.82694,0.82694,0.82694,0.82694
0.50088,0.50088,0.50088,0.50088,0.50088
0.875,0.875,0.875,0.875,0.875
0.38282,0.38282,0.38282,0.38282,0.38282
0.82694,0.82694,0.82694,0.82694,0.82694
0.50088,0.50088,0.50088,0.50088,0.50088
0.875,0.875,0.875,0.875,0.875
0.38282,0.38282,0.38282,0.38282,0.38282
0.82694,0.82694,0.82694,0.82694,0.82694
0.50088,0.50088,0.50088,0.50088,0.50088
0.875,0.875,0.875,0.875,0.875
0.38282,0.38282,0.38282,0.38282,0.38282
0.82694,0.82694,0.82694,0.82694,0.82694
0.50088,0.50088,0.50088,0.50088,0.50088
0.875,0.875,0.875,0.875,0.875
0.38282,0.38282,0.38282,0.38282,0.38282
0.82694,0.82694,0.82694,0.82694,0.82694
0.50088,0.50088,0.50088,0.50088,0.50088
0.875,0.875,0.875,0.875,0.875
0.38282,0.38282,0.38282,0.38282,0.38282
0.82694,0.82694,0.82694,0.82694,0.82694
0.50088,0.50088,0.50088,0.50088,0.50088
0.875,0.875,0.875,0.875,0.875
0.38282,0.38282,0.38282,0.38282,0.38282
0.82694,0.82694,0.82694,0.82694,0.82694
0.50088,0.50088,0.50088,0.50088,0.50088
0.875,0.875,0.875,0.875,0.875
0.38282,0.38282,0.38282,0.38282,0.38282
0.82694,0.82694,0.82694,0.82694,0.82694
0.50088,0.50088,0.50088,0.50088,0.50088
0.875,0.875,0.875,0.875,0.875
0.38282,0.38282,0.38282,0.38282,0.38282
0.82694,0.82694,0.82694,0.82694,0.82694
0.50088,0.50088,0.50088,0.50088,0.50088
0.875,0.875,0.875,0.875,0.875
0.38282,0.38282,0.38282,0.38282,0.38282
0.82694,0.82694,0.82694,0.82694,0.82694
0.50088,0.50088,0.50088,0.50088,0.50088
0.875,0.875,0.875,0.875,0.875
0.38282,0.38282,0.38282,0.38282,0.38282
0.82694,0.82694,0.82694,0.82694,0.82694
0.50088,0.50088,0.50088,0.50088,0.50088
0.875,0.875,0.875,0.875,0.875
0.38282,0.38282,0.38282,0.38282,0.38282
0.82694,0.82694,0.82694,0.82694,0.82694
0.50088,0.50088,0.50088,0.50088,0.50088
0.875,0.875,0.875,0.875,0.875
0.38282,0.38282,0.38282,0.38282,0.38282
0.82694,0.82694,0.82694,0.82694,0.82694
0.50088,0.50088,0.50088,0.50088,0.50088
0.875,0.875,0.875,0.875,0.875
0.38282,0.38282,0.38282,0.38282,0.38282
0.82694,0.82694,0.82694,0.82694,0.82694
0.50088,0.50088,0.50088,0.50088,0.50088
0.875,0.875,0.875,0.875,0.875
0.38282,0.38282,0.38282,0.38282,0.38282
0.82694,0.82694,0.82694,0.82694,0.82694
0.50088,0.50088,0.50088,0.50088,0.50088
0.875,0.875,0.875,0.875,0.875
0.38282,0.38282,0.38282,0.38282,0.38282
0.82694,0.82694,0.82694,0.82694,0.82694
0.50088,0.50088,0.50088,0.50088,0.50088
0.875,0.875,0.875,0.875,0.875
0.38282,0.38282,0.38282,0.38282,0.38282
0.82694,0.82694,0.82694,0.82694,0.82694
0.50088,0.50088,0.50088,0.50088,0.50088
0.875,0.875,0.875,0.875,0.875
0.38282,0.38282,0.38282,0.38282,0.38282
0.82694,0.82694,0.82694,0.82694,0.82694
0.50088,0.50088,0.50088,0.50088,0.50088
0.875,0.875,0.875,0.875,0.875
0.38282,0.38282,0.38282,0.38282,0.38282
0.82694,0.82694,0.82694,0.82694,0.82694
0.50088,0.50088,0.50088,0.50088,0.50088
0.875,0.875,0.875,0.875,0.875
0.38282,0.38282,0.38282,0.38282,0.38282
0.82694,0.82694,0.82694,0.82694,0.82694
0.50088,0.50088,0.50088,0.50088,0.50088
0.875,0.875,0.875,0.875,0.875
0.38282,0.38282,0.38282,0.38282,0.38282
0.82694,0.82694,0.82694,0.82694,0.82694
0.50088,0.50088,0.50088,0.50088,0.50088
0.875,0.875,0.875,0.875,0.875
0.38282,0.38282,0.38282,0.38282,0.38282
0.82694,0.82694,0.82694,0.82694,0.82694
0.50088,0.50088,0.50088,0.50088,0.50088
0.875,0.875,0.875,0.875,0.875
0.38282,0.38282,0.38282,0.38282,0.38282
0.82694,0.82694,0.82694,0.82694,0.82694
0.50088,0.50088,0.50088,0.50088,0.50088
0.875,0.875,0.875,0.875,0.875
0.38282,0.38282,0.38282,0.38282,0.38282
0.82694,0.82694,0.82694,0.82694,0.82694
0.50088,0.50088,0.50088,0.50088,0.50088
0.875,0.875,0.875,0.875,0.875
0.38282,0.38282,0.38282,0.38282,0.38282
0.82694,0.82694,0.82694,0.82694,0.82694
0.50088,0.50088,0.50088,0.50088,0.50088
0.875,0.875,0.875,0.875,0.875
0.38282,0.38282,0.38282,0.38282,0.38282
0.82694,0.82694,0.82694,0.82694,0.82694
0.50088,0.50088,0.50088,0.50088,0.50088
0.875,0.875,0.875,0.875,0.875
0.38282,0.38282,0.38282,0.38282,0.38282
0.82694,0.82694,0.82694,0.82694,0.82694
0.50088,0.50088,0.50088,0.50088,0.50088
0.875,0.875,0.875,0.875,0.875
0.38282,0.38282,0.38282,0.38282,0.38282
0.82694,0.82694,0.82694,0.82694,0.82694
0.50088,0.50088,0.50088,0.50088,0.50088
0.875,0.875,0.875,0.875,0.875
0.38282,0.38282,0.38282,0.38282,0.38282
0.82694,0.82694,0.82694,0.82694,0.82694
0.50088,0.50088,0.50088,0.50088,0.50088
0.875,0.875,0.875,0.875,0.875
0.38282,0.38282,0.38282,0.38282,0.38282
0.82694,0.82694,0.82694,0.82694,0.82694
0.50088,0.50088,0.50088,0.50088,0.50088
0.875,0.875,0.875,0.875,0.875
0.38282,0.38282,0.38282,0.38282,0.38282
0.82694,0.82694,0.82694,0.82694,0.82694
0.50088,0.50088,0.50088,0.50088,0.50088
0.875,0.875,0.875,0.875,0.875
0.38282,0.38282,0.38282,0.38282,0.38282
0.82694,0.82694,0.82694,0.82694,0.82694
0.50088,0.50088,0.50088,0.50088,0.50088
0.875,0.875,0.875,0.875,0.875
0.38282,0.38282,0.38282,0.38282,0.38282
0.82694,0.82694,0.82694,0.82694,0.82694
0.50088,0.50088,0.50088,0.50088,0.50088
0.875,0.875,0.875,0.875,0.875
0.38282,0.38282,0.38282,0.38282,0.38282
0.82694,0.82694,0.82694,0.82694,0.82694
0.50088,0.50088,0.50088,0.50088,0.50088
0.875,0.875,0.875,0.875,0.875
0.38282,0.38282,0.38282,0.38282,0.38282
0.82694,0.82694,0.82694,0.82694,0.82694
0.50088,0.50088,0.50088,0.50088,0.50088
0.875,0.875,0.875,0.875,0.875
0.38282,0.38282,0.38282,0.38282,0.38282
0.82694,0.82694,0.82694,0.82694,0.82694
0.50088,0.50088,0.50088,0.50088,0.50088
0.875,0.875,0.875,0.875,0.875
0.38282,0.38282,0.38282,0.38282,0.38282
0.82694,0.82694,0.82694,0.82694,0.82694
0.50088,0.50088,0.50088,0.50088,0.50088
0.875,0.875,0.875,0.875,0.875
0.38282,0.38282,0.38282,0.38282,0.38282
0.82694,0.82694,0.82694,0.82694,0.82694
0.50088,0.50088,0.50088,0.50088,0.50088
0.875,0.875,0.875,0.875,0.875
0.38282,0.38282,0.38282,0.38282,0.38282
0.82694,0.82694,0.82694,0.82694,0.82694
0.50088,0.50088,0.50088,0.50088,0.50088
0.875,0.875,0.875,0.875,0.875
0.38282,0.38282,0.38282,0.38282,0.38282
0.82694,0.82694,0.82694,0.82694,0.82694
0.50088,0.50088,0.50088,0.50088,0.50088
0.875,0.875,0.875,0.875,0.875
0.38282,0.38282,0.38282,0.38282,0.38282
0.82694,0.82694,0.82694,0.82694,0.82694
0.50088,0.50088,0.50088,0.50088,0.50088
0.875,0.875,0.875,0.875,0.875
0.38282,0.38282,0.38282,0.38282,0.38282
0.82694,0.82694,0.82694,0.82694,0.82694
0.50088,0.50088,0.50088,0.50088,0.50088
0.875,0.875,0.875,0.875,0.875
0.38282,0.38282,0.38282,0.38282,0.38282
0.82694,0.82694,0.82694,0.82694,0.82694
0.50088,0.50088,0.50088,0.50088,0.50088
0.875,0.875,0.875,0.875,0.875
0.38282,0.38282,0.38282,0.38282,0.38282
0.82694,0.82694,0.82694,0.82694,0.82694
0.50088,0.50088,0.50088,0.50088,0.50088
0.875,0.875,0.875,0.875,0.875
0.38282,0.38282,0.38282,0.38282,0.38282
0.82694,0.82694,0.82694,0.82694,0.82694
0.50088,0.50088,0.50088,0.50088,0.50088
0.875,0.875,0.875,0.875,0.875
0.38282,0.38282,0.38282,0.38282,0.38282
0.82694,0.82694,0.82694,0.82694,0.82694
0.50088,0.50088,0.50088,0.50088,0.50088
0.875,0.875,0.875,0.875,0.875
0.38282,0.38282,0.38282,0.38282,0.38282
0.82694,0.82694,0.82694,0.82694,0.82694
0.50088,0.50088,0.50088,0.50088,0.50088
0.875,0.875,0.875,0.875,0.875
0.38282,0.38282,0.38282,0.38282,0.38282
0.82694,0.82694,0.82694,0.82694,0.82694
0.50088,0.50088,0.50088,0.50088,0.50088
0.875,0.875,0.875,0.875,0.875
0.38282,0.38282,0.38282,0.38282,0.38282
0.82694,0.82694,0.82694,0.82694,0.82694
0.50088,0.50088,0.50088,0.50088,0.50088
0.875,0.875,0.875,0.875,0.875
0.38282,0.38282,0.38282,0.38282,0.38282
0.82694,0.82694,0.82694,0.82694,0.82694
0.50088,0.50088,0.50088,0.50088,0.50088
0.875,0.875,0.875,0.875,0.875
0.38282,0.38282,0.38282,0.38282,0.38282
0.82694,0.82694,0.82694,0.82694,0.82694
0.50088,0.50088,0.50088,0.50088,0.50088
0.875,0.875,0.875,0.875,0.875
0.38282,0.38282,0.38282,0.38282,0.38282
0.82694,0.82694,0.82694,0.82694,0.82694
0.50088,0.50088,0.50088,0.50088,0.50088
0.875,0.875,0.875,0.875,0.875
0.38282,0.38282,0.38282,0.38282,0.38282
0.82694,0.82694,0.82694,0.82694,0.82694
0.50088,0.50088,0.50088,0.50088,0.50088
0.875,0.875,0.875,0.875,0.875
0.38282,0.38282,0.38282,0.38282,0.38282
0.82694,0.82694,0.82694,0.82694,0.82694
0.50088,0.50088,0.50088,0.50088,0.50088
0.875,0.875,0.875,0.875,0.875
0.38282,0.38282,0.38282,0.38282,0.38282
0.82694,0.82694,0.82694,0.82694,0.82694
0.50088,0.50088,0.50088,0.50088,0.50088
0.875,0.875,0.875,0.875,0.875
0.38282,0.38282,0.38282,0.38282,0.38282
0.82694,0.82694,0.82694,0.82694,0.82694
0.50088,0.50088,0.50088,0.50088,0.50088
0.875,0.875,0.875,0.875,0.875
0.38282,0.38282,0.38282,0.38282,0.38282
0.82694,0.82694,0.82694,0.82694,0.82694
0.50088,0.50088,0.50088,0.50088,0.50088
0.875,0.875,0.875,0.875,0.875
0.38282,0.38282,0.38282,0.38282,0.38282
0.82694,0.82694,0.82694,0.82694,0.82694
0.50088,0.50088,0.50088,0.50088,0.50088
0.875,0.875,0.875,0.875,0.875
0.38282,0.38282,0.38282,0.38282,0.38282
0.82694,0.82694,0.82694,0.82694,0.82694
0.50088,0.50088,0.50088,0.50088,0.50088
0.875,0.875,0.875,0.875,0.875
0.38282,0.38282,0.38282,0.38282,0.38282
0.82694,0.82694,0.82694,0.82694,0.82694
0.50088,0.50088,0.50088,0.50088,0.50088
0.875,0.875,0.875,0.875,0.875
0.38282,0.38282,0.38282,0.38282,0.38282
0.82694,0.82694,0.82694,0.82694,0.82694
0.50088,0.50088,0.50088,0.50088,0.50088
0.875,0.875,0.875,0.875,0.875
0.38282,0.38282,0.38282,0.38282,0.38282
0.82694,0.82694,0.82694,0.82694,0.82694
0.50088,0.50088,0.50088,0.50088,0.50088
0.875,0.875,0.875,0.875,0.875
0.38282,0.38282,0.38282,0.38282,0.38282
0.82694,0.82694,0.82694,0.82694,0.82694
0.50088,0.50088,0.50088,0.50088,0.50088
0.875,0.875,0.875,0.875,0.875
0.38282,0.38282,0.38282,0.38282,0.38282
0.82694,0.82694,0.82694,0.82694,0.82694
0.50088,0.50088,0.50088,0.50088,0.50088
0.875,0.875,0.875,0.875,0.875
0.38282,0.38282,0.38282,0.38282,0.38282
0.82694,0.82694,0.82694,0.82694,0.82694
0.50088,0.50088,0.50088,0.50088,0.50088
0.875,0.875,0.875,0.875,0.875
0.38282,0.38282,0.38282,0.38282,0.38282
0.82694,0.82694,0.82694,0.82694,0.82694
0.50088,0.50088,0.50088,0.50088,0.50088
0.875,0.875,0.875,0.875,0.875
0.38282,0.38282,0.38282,0.38282,0.38282
0.82694,0.82694,0.82694,0.82694,0.82694
0.50088,0.50088,0.50088,0.50088,0.50088
0.875,0.875,0.875,0.875,0.875
0.38282,0.38282,0.38282,0.38282,0.38282
0.82694,0.82694,0.82694,0.82694,0.82694
0.50088,0.50088,0.50088,0.50088,0.50088
0.875,0.875,0.875,0.875,0.875
0.38282,0.38282,0.38282,0.38282,0.38282
0.82694,0.82694,0.82694,0.82694,0.82694
0.50088,0.50088,0.50088,0.50088,0.50088
0.875,0.875,0.875,0.875,0.875
0.38282,0.38282,0.38282,0.38282,0.38282
0.82694,0.82694,0.82694,0.82694,0.82694
0.50088,0.50088,0.50088,0.50088,0.50088
0.875,0.875,0.875,0.875,0.875
0.38282,0.38282,0.38282,0.38282,0.38282
0.82694,0.82694,0.82694,0.82694,0.82694
0.50088,0.50088,0.50088,0.50088,0.50088
0.875,0.875,0.875,0.875,0.875
0.38282,0.38282,0.38282,0.38282,0.38282
0.82694,0.82694,0.82694,0.82694,0.82694
0.50088,0.50088,0.50088,0.50088,0.50088
0.875,0.875,0.875,0.875,0.875
0.38282,0.38282,0.38282,0.38282,0.38282
0.82694,0.82694,0.82694,0.82694,0.82694
0.50088,0.50088,0.50088,0.50088,0.50088
0.875,0.875,0.875,0.875,0.875
0.38282,0.38282,0.38282,0.38282,0.38282
0.82694,0.82694,0.82694,0.82694,0.82694
0.50088,0.50088,0.50088,0.50088,0.50088
0.875,0.875,0.875,0.875,0.875
0.38282,0.38282,0.38282,0.38282,0.38282
0.82694,0.82694,0.82694,0.82694,0.82694
0.50088,0.50088,0.50088,0.50088,0.50088
0.875,0.875,0.875,0.875,0.875
0.38282,0.38282,0.38282,0.38282,0.38282
0.82694,0.82694,0.82694,0.82694,0.82694
0.50088,0.50088,0.50088,0.50088,0.50088
0.875,0.875,0.875,0.875,0.875
0.38282,0.38282,0.38282,0.38282,0.38282
0.82694,0.82694,0.82694,0.82694,0.82694
0.50088,0.50088,0.50088,0.50088,0.50088
0.875,0.875,0.875,0.875,0.875
0.38282,0.38282,0.38282,0.38282,0.38282
0.82694,0.82694,0.82694,0.82694,0.82694
0.50088,0.50088,0.50088,0.50088,0.50088
0.875,0.875,0.875,0.875,0.875
0.38282,0.38282,0.38282,0.38282,0.38282
0.82694,0.82694,0.82694,0.82694,0.82694
0.50088,0.50088,0.50088,0.50088,0.50088
0.875,0.875,0.875,0.875,0.875
0.38282,0.38282,0.38282,0.38282,0.38282
0.82694,0.82694,0.82694,0.82694,0.82694
0.50088,0.50088,0.50088,0.50088,0.50088
0.875,0.875,0.875,0.875,0.875
0.38282,0.38282,0.38282,0.38282,0.38282
0.82694,0.82694,0.82694,0.82694,0.82694
0.50088,0.50088,0.50088,0.50088,0.50088
0.875,0.875,0.875,0.875,0.875
0.38282,0.38282,0.38282,0.38282,0.38282
0.82694,0.82694,0.82694,0.82694,0.82694
0.50088,0.50088,0.50088,0.50088,0.50088
0.875,0.875,0.875,0.875,0.875
0.38282,0.38282,0.38282,0.38282,0.38282
0.82694,0.82694,0.82694,0.82694,0.82694
0.50088,0.50088,0.50088,0.50088,0.50088
0.875,0.875,0.875,0.875,0.875
0.38282,0.38282,0.38282,0.38282,0.38282
0.82694,0.82694,0.82694,0.82694,0.82694
0.50088,0.50088,0.50088,0.50088,0.50088
0.875,0.875,0.875,0.875,0.875
0.38282,0.38282,0.38282,0.38282,0.38282
0.82694,0.82694,0.82694,0.82694,0.82694
0.50088,0.50088,0.50088,0.50088,0.50088
0.875,0.875,0.875,0.875,0.875
0.38282,0.38282,0.38282,0.38282,0.38282
0.82694,0.82694,0.82694,0.82694,0.82694
0.50088,0.50088,0.50088,0.50088,0.50088
0.875,0.875,0.875,0.875,0.875
0.38282,0.38282,0.38282,0.38282,0.38282
0.82694,0.82694,0.82694,0.82694,0.82694
0.50088,0.50088,0.50088,0.50088,0.50088
0.875,0.875,0.875,0.875,0.875
0.38282,0.38282,0.38282,0.38282,0.38282
0.82694,0.82694,0.82694,0.82694,0.82694
0.50088,0.50088,0.50088,0.50088,0.50088
0.875,0.875,0.875,0.875,0.875
0.38282,0.38282,0.38282,0.38282,0.38282
0.82694,0.82694,0.82694,0.82694,0.82694
0.50088,0.50088,0.50088,0.50088,0.50088
0.875,0.875,0.875,0.875,0.875
0.38282,0.38282,0.38282,0.38282,0.38282
0.82694,0.82694,0.82694,0.82694,0.82694
0.50088,0.50088,0.50088,0.50088,0.50088
0.875,0.875,0.875,0.875,0.875
0.38282,0.38282,0.38282,0.38282,0.38282
0.82694,0.82694,0.82694,0.82694,0.82694
0.50088,0.50088,0.50088,0.50088,0.50088
0.875,0.875,0.875,0.875,0.875
0.38282,0.38282,0.38282,0.38282,0.38282
0.82694,0.82694,0.82694,0.82694,0.82694
0.50088,0.50088,0.50088,0.50088,0.50088
0.875,0.875,0.875,0.875,0.875
0.38282,0.38282,0.38282,0.38282,0.38282
0.82694,0.82694,0.82694,0.82694,0.82694
0.50088,0.50088,0.50088,0.50088,0.50088
0.875,0.875,0.875,0.875,0.875
0.38282,0.38282,0.38282,0.38282,0.38282
0.82694,0.82694,0.82694,0.82694,0.82694
0.50088,0.50088,0.50088,0.50088,0.50088
0.875,0.875,0.875,0.875,0.875
0.38282,0.38282,0.38282,0.38282,0.38282
0.82694,0.82694,0.82694,0.82694,0.82694
0.50088,0.50088,0.50088,0.50088,0.50088
0.875,0.875,0.875,0.875,0.875
0.38282,0.38282,0.38282,0.38282,0.38282
0.82694,0.82694,0.82694,0.82694,0.82694
0.50088,0.50088,0.50088,0.50088,0.50088
0.875,0.875,0.875,0.875,0.875
0.38282,0.38282,0.38282,0.38282,0.38282
0.82694,0.82694,0.82694,0.82694,0.82694
0.50088,0.50088,0.50088,0.50088,0.50088
0.875,0.875,0.875,0.875,0.875
0.38282,0.38282,0.38282,0.38282,0.38282
0.82694,0.82694,0.82694,0.82694,0.82694
0.50088,0.50088,0.50088,0.50088,0.50088
0.875,0.875,0.875,0.875,0.875
0.38282,0.38282,0.38282,0.38282,0.38282
0.82694,0.82694,0.82694,0.82694,0.82694
0.50088,0.50088,0.50088,0.50088,0.50088
0.875,0.875,0.875,0.875,0.875
0.38282,0.38282,0.38282,0.38282,0.38282
0.82694,0.82694,0.82694,0.82694,0.82694
0.50088,0.50088,0.50088,0.50088,0.50088
