0.1,0.2,0.3,0.5,0.6
0.0738,0.0942,0.1251,0.1455,0.1314
0.04666,0.051839,0.064838,0.072341,0.065278
0.028598,0.030104,0.03593,0.039134,0.03567
0.017391,0.017881,0.02056,0.022006,0.020331
0.01055,0.010726,0.011975,0.012644,0.011841
0.0063925,0.006461,0.007048,0.0073613,0.0069773
0.003869,0.0038976,0.0041747,0.0043224,0.0041393
0.0023391,0.0023516,0.0024828,0.0025527,0.0024655
0.0014126,0.0014183,0.0014805,0.0015136,0.0014721
0.00085222,0.00085484,0.00088437,0.00090012,0.00088037
0.00051366,0.00051488,0.00052891,0.00053639,0.000527
0.00030935,0.00030992,0.00031659,0.00032015,0.00031568
0.00018617,0.00018644,0.00018961,0.00019131,0.00018918
0.00011198,0.00011211,0.00011361,0.00011442,0.00011341
6.7319e-05,6.738e-05,6.8097e-05,6.848e-05,6.7999e-05
4.0455e-05,4.0484e-05,4.0826e-05,4.1007e-05,4.0779e-05
2.4304e-05,2.4318e-05,2.448e-05,2.4566e-05,2.4458e-05
1.4597e-05,1.4604e-05,1.4681e-05,1.4722e-05,1.467e-05
8.7653e-06,8.7684e-06,8.8051e-06,8.8247e-06,8.8001e-06
5.2626e-06,5.264e-06,5.2815e-06,5.2908e-06,5.2791e-06
3.1591e-06,3.1598e-06,3.1681e-06,3.1726e-06,3.167e-06
1.8962e-06,1.8966e-06,1.9005e-06,1.9026e-06,1.9e-06
1.1381e-06,1.1383e-06,1.1401e-06,1.1411e-06,1.1399e-06
6.8304e-07,6.8312e-07,6.8401e-07,6.8449e-07,6.8389e-07
4.0991e-07,4.0994e-07,4.1037e-07,4.1059e-07,4.1031e-07
2.4598e-07,2.46e-07,2.462e-07,2.4631e-07,2.4618e-07
1.4761e-07,1.4762e-07,1.4771e-07,1.4776e-07,1.477e-07
8.8574e-08,8.8578e-08,8.8624e-08,8.8648e-08,8.8618e-08
5.3149e-08,5.3151e-08,5.3172e-08,5.3184e-08,5.3169e-08
3.1891e-08,3.1892e-08,3.1903e-08,3.1908e-08,3.1901e-08
1.9136e-08,1.9136e-08,1.9141e-08,1.9144e-08,1.914e-08
1.1482e-08,1.1482e-08,1.1484e-08,1.1486e-08,1.1484e-08
6.8894e-09,6.8895e-09,6.8906e-09,6.8912e-09,6.8904e-09
4.1337e-09,4.1338e-09,4.1343e-09,4.1346e-09,4.1342e-09
2.4803e-09,2.4803e-09,2.4806e-09,2.4807e-09,2.4805e-09
1.4882e-09,1.4882e-09,1.4883e-09,1.4884e-09,1.4883e-09
8.9293e-10,8.9293e-10,8.9299e-10,8.9302e-10,8.9298e-10
5.3576e-10,5.3576e-10,5.3579e-10,5.358e-10,5.3579e-10
3.2146e-10,3.2146e-10,3.2147e-10,3.2148e-10,3.2147e-10
1.9288e-10,1.9288e-10,1.9288e-10,1.9289e-10,1.9288e-10
1.1573e-10,1.1573e-10,1.1573e-10,1.1573e-10,1.1573e-10
6.9436e-11,6.9436e-11,6.9438e-11,6.9438e-11,6.9438e-11
4.1662e-11,4.1662e-11,4.1663e-11,4.1663e-11,4.1662e-11
2.4997e-11,2.4997e-11,2.4998e-11,2.4998e-11,2.4997e-11
1.4998e-11,1.4998e-11,1.4998e-11,1.4999e-11,1.4998e-11
8.999e-12,8.999e-12,8.9991e-12,8.9991e-12,8.9991e-12
5.3994e-12,5.3994e-12,5.3995e-12,5.3995e-12,5.3994e-12
3.2397e-12,3.2397e-12,3.2397e-12,3.2397e-12,3.2397e-12
1.9438e-12,1.9438e-12,1.9438e-12,1.9438e-12,1.9438e-12
1.1663e-12,1.1663e-12,1.1663e-12,1.1663e-12,1.1663e-12
6.9977e-13,6.9977e-13,6.9977e-13,6.9977e-13,6.9977e-13
4.1986e-13,4.1986e-13,4.1986e-13,4.1986e-13,4.1986e-13
2.5192e-13,2.5192e-13,2.5192e-13,2.5192e-13,2.5192e-13
1.5115e-13,1.5115e-13,1.5115e-13,1.5115e-13,1.5115e-13
9.069e-14,9.069e-14,9.069e-14,9.069e-14,9.069e-14
5.4414e-14,5.4414e-14,5.4414e-14,5.4414e-14,5.4414e-14
3.2648e-14,3.2648e-14,3.2648e-14,3.2648e-14,3.2648e-14
1.9589e-14,1.9589e-14,1.9589e-14,1.9589e-14,1.9589e-14
1.1753e-14,1.1753e-14,1.1753e-14,1.1753e-14,1.1753e-14
7.052e-15,7.052e-15,7.052e-15,7.052e-15,7.052e-15
4.2312e-15,4.2312e-15,4.2312e-15,4.2312e-15,4.2312e-15
2.5387e-15,2.5387e-15,2.5387e-15,2.5387e-15,2.5387e-15
1.5232e-15,1.5232e-15,1.5232e-15,1.5232e-15,1.5232e-15
9.1394e-16,9.1394e-16,9.1394e-16,9.1395e-16,9.1394e-16
5.4837e-16,5.4837e-16,5.4837e-16,5.4837e-16,5.4837e-16
3.2902e-16,3.2902e-16,3.2902e-16,3.2902e-16,3.2902e-16
1.9741e-16,1.9741e-16,1.9741e-16,1.9741e-16,1.9741e-16
1.1845e-16,1.1845e-16,1.1845e-16,1.1845e-16,1.1845e-16
7.1068e-17,7.1068e-17,7.1068e-17,7.1068e-17,7.1068e-17
4.2641e-17,4.2641e-17,4.2641e-17,4.2641e-17,4.2641e-17
2.5585e-17,2.5585e-17,2.5585e-17,2.5585e-17,2.5585e-17
1.5351e-17,1.5351e-17,1.5351e-17,1.5351e-17,1.5351e-17
9.2105e-18,9.2105e-18,9.2105e-18,9.2105e-18,9.2105e-18
5.5263e-18,5.5263e-18,5.5263e-18,5.5263e-18,5.5263e-18
3.3158e-18,3.3158e-18,3.3158e-18,3.3158e-18,3.3158e-18
1.9895e-18,1.9895e-18,1.9895e-18,1.9895e-18,1.9895e-18
1.1937e-18,1.1937e-18,1.1937e-18,1.1937e-18,1.1937e-18
7.1621e-19,7.1621e-19,7.1621e-19,7.1621e-19,7.1621e-19
4.2972e-19,4.2972e-19,4.2972e-19,4.2972e-19,4.2972e-19
2.5783e-19,2.5783e-19,2.5783e-19,2.5783e-19,2.5783e-19
1.547e-19,1.547e-19,1.547e-19,1.547e-19,1.547e-19
9.282e-20,9.282e-20,9.282e-20,9.282e-20,9.282e-20
5.5692e-20,5.5692e-20,5.5692e-20,5.5692e-20,5.5692e-20
3.3415e-20,3.3415e-20,3.3415e-20,3.3415e-20,3.3415e-20
2.0049e-20,2.0049e-20,2.0049e-20,2.0049e-20,2.0049e-20
1.2029e-20,1.2029e-20,1.2029e-20,1.2029e-20,1.2029e-20
7.2177e-21,7.2177e-21,7.2177e-21,7.2177e-21,7.2177e-21
4.3306e-21,4.3306e-21,4.3306e-21,4.3306e-21,4.3306e-21
2.5984e-21,2.5984e-21,2.5984e-21,2.5984e-21,2.5984e-21
1.559e-21,1.559e-21,1.559e-21,1.559e-21,1.559e-21
9.3541e-22,9.3541e-22,9.3541e-22,9.3541e-22,9.3541e-22
5.6125e-22,5.6125e-22,5.6125e-22,5.6125e-22,5.6125e-22
3.3675e-22,3.3675e-22,3.3675e-22,3.3675e-22,3.3675e-22
2.0205e-22,2.0205e-22,2.0205e-22,2.0205e-22,2.0205e-22
1.2123e-22,1.2123e-22,1.2123e-22,1.2123e-22,1.2123e-22
7.2738e-23,7.2738e-23,7.2738e-23,7.2738e-23,7.2738e-23
4.3643e-23,4.3643e-23,4.3643e-23,4.3643e-23,4.3643e-23
2.6186e-23,2.6186e-23,2.6186e-23,2.6186e-23,2.6186e-23
1.5711e-23,1.5711e-23,1.5711e-23,1.5711e-23,1.5711e-23
9.4268e-24,9.4268e-24,9.4268e-24,9.4268e-24,9.4268e-24
5.6561e-24,5.6561e-24,5.6561e-24,5.6561e-24,5.6561e-24
3.3937e-24,3.3937e-24,3.3937e-24,3.3937e-24,3.3937e-24
2.0362e-24,2.0362e-24,2.0362e-24,2.0362e-24,2.0362e-24
1.2217e-24,1.2217e-24,1.2217e-24,1.2217e-24,1.2217e-24
7.3303e-25,7.3303e-25,7.3303e-25,7.3303e-25,7.3303e-25
4.3982e-25,4.3982e-25,4.3982e-25,4.3982e-25,4.3982e-25
2.6389e-25,2.6389e-25,2.6389e-25,2.6389e-25,2.6389e-25
1.5833e-25,1.5833e-25,1.5833e-25,1.5833e-25,1.5833e-25
9.5001e-26,9.5001e-26,9.5001e-26,9.5001e-26,9.5001e-26
5.7e-26,5.7e-26,5.7e-26,5.7e-26,5.7e-26
3.42e-26,3.42e-26,3.42e-26,3.42e-26,3.42e-26
2.052e-26,2.052e-26,2.052e-26,2.052e-26,2.052e-26
1.2312e-26,1.2312e-26,1.2312e-26,1.2312e-26,1.2312e-26
7.3872e-27,7.3872e-27,7.3872e-27,7.3872e-27,7.3872e-27
4.4323e-27,4.4323e-27,4.4323e-27,4.4323e-27,4.4323e-27
2.6594e-27,2.6594e-27,2.6594e-27,2.6594e-27,2.6594e-27
1.5956e-27,1.5956e-27,1.5956e-27,1.5956e-27,1.5956e-27
9.5739e-28,9.5739e-28,9.5739e-28,9.5739e-28,9.5739e-28
5.7443e-28,5.7443e-28,5.7443e-28,5.7443e-28,5.7443e-28
3.4466e-28,3.4466e-28,3.4466e-28,3.4466e-28,3.4466e-28
2.068e-28,2.068e-28,2.068e-28,2.068e-28,2.068e-28
1.2408e-28,1.2408e-28,1.2408e-28,1.2408e-28,1.2408e-28
7.4446e-29,7.4446e-29,7.4446e-29,7.4446e-29,7.4446e-29
4.4668e-29,4.4668e-29,4.4668e-29,4.4668e-29,4.4668e-29
2.6801e-29,2.6801e-29,2.6801e-29,2.6801e-29,2.6801e-29
1.608e-29,1.608e-29,1.608e-29,1.608e-29,1.608e-29
9.6483e-30,9.6483e-30,9.6483e-30,9.6483e-30,9.6483e-30
5.789e-30,5.789e-30,5.789e-30,5.789e-30,5.789e-30
3.4734e-30,3.4734e-30,3.4734e-30,3.4734e-30,3.4734e-30
2.084e-30,2.084e-30,2.084e-30,2.084e-30,2.084e-30
1.2504e-30,1.2504e-30,1.2504e-30,1.2504e-30,1.2504e-30
7.5025e-31,7.5025e-31,7.5025e-31,7.5025e-31,7.5025e-31
4.5015e-31,4.5015e-31,4.5015e-31,4.5015e-31,4.5015e-31
2.7009e-31,2.7009e-31,2.7009e-31,2.7009e-31,2.7009e-31
1.6205e-31,1.6205e-31,1.6205e-31,1.6205e-31,1.6205e-31
9.7232e-32,9.7232e-32,9.7232e-32,9.7232e-32,9.7232e-32
5.8339e-32,5.8339e-32,5.8339e-32,5.8339e-32,5.8339e-32
3.5004e-32,3.5004e-32,3.5004e-32,3.5004e-32,3.5004e-32
2.1002e-32,2.1002e-32,2.1002e-32,2.1002e-32,2.1002e-32
1.2601e-32,1.2601e-32,1.2601e-32,1.2601e-32,1.2601e-32
7.5608e-33,7.5608e-33,7.5608e-33,7.5608e-33,7.5608e-33
4.5365e-33,4.5365e-33,4.5365e-33,4.5365e-33,4.5365e-33
2.7219e-33,2.7219e-33,2.7219e-33,2.7219e-33,2.7219e-33
1.6331e-33,1.6331e-33,1.6331e-33,1.6331e-33,1.6331e-33
9.7988e-34,9.7988e-34,9.7988e-34,9.7988e-34,9.7988e-34
5.8793e-34,5.8793e-34,5.8793e-34,5.8793e-34,5.8793e-34
3.5276e-34,3.5276e-34,3.5276e-34,3.5276e-34,3.5276e-34
2.1165e-34,2.1165e-34,2.1165e-34,2.1165e-34,2.1165e-34
1.2699e-34,1.2699e-34,1.2699e-34,1.2699e-34,1.2699e-34
7.6195e-35,7.6195e-35,7.6195e-35,7.6195e-35,7.6195e-35
4.5717e-35,4.5717e-35,4.5717e-35,4.5717e-35,4.5717e-35
2.743e-35,2.743e-35,2.743e-35,2.743e-35,2.743e-35
1.6458e-35,1.6458e-35,1.6458e-35,1.6458e-35,1.6458e-35
9.8749e-36,9.8749e-36,9.8749e-36,9.8749e-36,9.8749e-36
5.9249e-36,5.9249e-36,5.9249e-36,5.9249e-36,5.9249e-36
3.555e-36,3.555e-36,3.555e-36,3.555e-36,3.555e-36
2.133e-36,2.133e-36,2.133e-36,2.133e-36,2.133e-36
1.2798e-36,1.2798e-36,1.2798e-36,1.2798e-36,1.2798e-36
7.6787e-37,7.6787e-37,7.6787e-37,7.6787e-37,7.6787e-37
4.6072e-37,4.6072e-37,4.6072e-37,4.6072e-37,4.6072e-37
2.7643e-37,2.7643e-37,2.7643e-37,2.7643e-37,2.7643e-37
1.6586e-37,1.6586e-37,1.6586e-37,1.6586e-37,1.6586e-37
9.9516e-38,9.9516e-38,9.9516e-38,9.9516e-38,9.9516e-38
5.971e-38,5.971e-38,5.971e-38,5.971e-38,5.971e-38
3.5826e-38,3.5826e-38,3.5826e-38,3.5826e-38,3.5826e-38
2.1496e-38,2.1496e-38,2.1496e-38,2.1496e-38,2.1496e-38
1.2897e-38,1.2897e-38,1.2897e-38,1.2897e-38,1.2897e-38
7.7384e-39,7.7384e-39,7.7384e-39,7.7384e-39,7.7384e-39
4.643e-39,4.643e-39,4.643e-39,4.643e-39,4.643e-39
2.7858e-39,2.7858e-39,2.7858e-39,2.7858e-39,2.7858e-39
1.6715e-39,1.6715e-39,1.6715e-39,1.6715e-39,1.6715e-39
1.0029e-39,1.0029e-39,1.0029e-39,1.0029e-39,1.0029e-39
6.0174e-40,6.0174e-40,6.0174e-40,6.0174e-40,6.0174e-40
3.6104e-40,3.6104e-40,3.6104e-40,3.6104e-40,3.6104e-40
2.1663e-40,2.1663e-40,2.1663e-40,2.1663e-40,2.1663e-40
1.2998e-40,1.2998e-40,1.2998e-40,1.2998e-40,1.2998e-40
7.7985e-41,7.7985e-41,7.7985e-41,7.7985e-41,7.7985e-41
4.6791e-41,4.6791e-41,4.6791e-41,4.6791e-41,4.6791e-41
2.8075e-41,2.8075e-41,2.8075e-41,2.8075e-41,2.8075e-41
1.6845e-41,1.6845e-41,1.6845e-41,1.6845e-41,1.6845e-41
1.0107e-41,1.0107e-41,1.0107e-41,1.0107e-41,1.0107e-41
6.0641e-42,6.0641e-42,6.0641e-42,6.0641e-42,6.0641e-42
3.6385e-42,3.6385e-42,3.6385e-42,3.6385e-42,3.6385e-42
2.1831e-42,2.1831e-42,2.1831e-42,2.1831e-42,2.1831e-42
1.3098e-42,1.3098e-42,1.3098e-42,1.3098e-42,1.3098e-42
7.8591e-43,7.8591e-43,7.8591e-43,7.8591e-43,7.8591e-43
4.7155e-43,4.7155e-43,4.7155e-43,4.7155e-43,4.7155e-43
2.8293e-43,2.8293e-43,2.8293e-43,2.8293e-43,2.8293e-43
1.6976e-43,1.6976e-43,1.6976e-43,1.6976e-43,1.6976e-43
1.0185e-43,1.0185e-43,1.0185e-43,1.0185e-43,1.0185e-43
6.1112e-44,6.1112e-44,6.1112e-44,6.1112e-44,6.1112e-44
3.6667e-44,3.6667e-44,3.6667e-44,3.6667e-44,3.6667e-44
2.2e-44,2.2e-44,2.2e-44,2.2e-44,2.2e-44
1.32e-44,1.32e-44,1.32e-44,1.32e-44,1.32e-44
7.9202e-45,7.9202e-45,7.9202e-45,7.9202e-45,7.9202e-45
4.7521e-45,4.7521e-45,4.7521e-45,4.7521e-45,4.7521e-45
2.8513e-45,2.8513e-45,2.8513e-45,2.8513e-45,2.8513e-45
1.7108e-45,1.7108e-45,1.7108e-45,1.7108e-45,1.7108e-45
1.0265e-45,1.0265e-45,1.0265e-45,1.0265e-45,1.0265e-45
6.1587e-46,6.1587e-46,6.1587e-46,6.1587e-46,6.1587e-46
3.6952e-46,3.6952e-46,3.6952e-46,3.6952e-46,3.6952e-46
2.2171e-46,2.2171e-46,2.2171e-46,2.2171e-46,2.2171e-46
1.3303e-46,1.3303e-46,1.3303e-46,1.3303e-46,1.3303e-46
7.9817e-47,7.9817e-47,7.9817e-47,7.9817e-47,7.9817e-47
4.789e-47,4.789e-47,4.789e-47,4.789e-47,4.789e-47
2.8734e-47,2.8734e-47,2.8734e-47,2.8734e-47,2.8734e-47
1.724e-47,1.724e-47,1.724e-47,1.724e-47,1.724e-47
1.0344e-47,1.0344e-47,1.0344e-47,1.0344e-47,1.0344e-47
6.2066e-48,6.2066e-48,6.2066e-48,6.2066e-48,6.2066e-48
3.7239e-48,3.7239e-48,3.7239e-48,3.7239e-48,3.7239e-48
2.2344e-48,2.2344e-48,2.2344e-48,2.2344e-48,2.2344e-48
1.3406e-48,1.3406e-48,1.3406e-48,1.3406e-48,1.3406e-48
8.0437e-49,8.0437e-49,8.0437e-49,8.0437e-49,8.0437e-49
4.8262e-49,4.8262e-49,4.8262e-49,4.8262e-49,4.8262e-49
2.8957e-49,2.8957e-49,2.8957e-49,2.8957e-49,2.8957e-49
1.7374e-49,1.7374e-49,1.7374e-49,1.7374e-49,1.7374e-49
1.0425e-49,1.0425e-49,1.0425e-49,1.0425e-49,1.0425e-49
6.2548e-50,6.2548e-50,6.2548e-50,6.2548e-50,6.2548e-50
3.7529e-50,3.7529e-50,3.7529e-50,3.7529e-50,3.7529e-50
2.2517e-50,2.2517e-50,2.2517e-50,2.2517e-50,2.2517e-50
1.351e-50,1.351e-50,1.351e-50,1.351e-50,1.351e-50
8.1062e-51,8.1062e-51,8.1062e-51,8.1062e-51,8.1062e-51
4.8637e-51,4.8637e-51,4.8637e-51,4.8637e-51,4.8637e-51
2.9182e-51,2.9182e-51,2.9182e-51,2.9182e-51,2.9182e-51
1.7509e-51,1.7509e-51,1.7509e-51,1.7509e-51,1.7509e-51
1.0506e-51,1.0506e-51,1.0506e-51,1.0506e-51,1.0506e-51
6.3034e-52,6.3034e-52,6.3034e-52,6.3034e-52,6.3034e-52
3.782e-52,3.782e-52,3.782e-52,3.782e-52,3.782e-52
2.2692e-52,2.2692e-52,2.2692e-52,2.2692e-52,2.2692e-52
1.3615e-52,1.3615e-52,1.3615e-52,1.3615e-52,1.3615e-52
8.1692e-53,8.1692e-53,8.1692e-53,8.1692e-53,8.1692e-53
4.9015e-53,4.9015e-53,4.9015e-53,4.9015e-53,4.9015e-53
2.9409e-53,2.9409e-53,2.9409e-53,2.9409e-53,2.9409e-53
1.7645e-53,1.7645e-53,1.7645e-53,1.7645e-53,1.7645e-53
1.0587e-53,1.0587e-53,1.0587e-53,1.0587e-53,1.0587e-53
6.3524e-54,6.3524e-54,6.3524e-54,6.3524e-54,6.3524e-54
3.8114e-54,3.8114e-54,3.8114e-54,3.8114e-54,3.8114e-54
2.2868e-54,2.2868e-54,2.2868e-54,2.2868e-54,2.2868e-54
1.3721e-54,1.3721e-54,1.3721e-54,1.3721e-54,1.3721e-54
8.2327e-55,8.2327e-55,8.2327e-55,8.2327e-55,8.2327e-55
4.9396e-55,4.9396e-55,4.9396e-55,4.9396e-55,4.9396e-55
2.9638e-55,2.9638e-55,2.9638e-55,2.9638e-55,2.9638e-55
1.7783e-55,1.7783e-55,1.7783e-55,1.7783e-55,1.7783e-55
1.067e-55,1.067e-55,1.067e-55,1.067e-55,1.067e-55
6.4017e-56,6.4017e-56,6.4017e-56,6.4017e-56,6.4017e-56
3.841e-56,3.841e-56,3.841e-56,3.841e-56,3.841e-56
2.3046e-56,2.3046e-56,2.3046e-56,2.3046e-56,2.3046e-56
1.3828e-56,1.3828e-56,1.3828e-56,1.3828e-56,1.3828e-56
8.2966e-57,8.2966e-57,8.2966e-57,8.2966e-57,8.2966e-57
4.978e-57,4.978e-57,4.978e-57,4.978e-57,4.978e-57
2.9868e-57,2.9868e-57,2.9868e-57,2.9868e-57,2.9868e-57
1.7921e-57,1.7921e-57,1.7921e-57,1.7921e-57,1.7921e-57
1.0752e-57,1.0752e-57,1.0752e-57,1.0752e-57,1.0752e-57
6.4515e-58,6.4515e-58,6.4515e-58,6.4515e-58,6.4515e-58
3.8709e-58,3.8709e-58,3.8709e-58,3.8709e-58,3.8709e-58
2.3225e-58,2.3225e-58,2.3225e-58,2.3225e-58,2.3225e-58
1.3935e-58,1.3935e-58,1.3935e-58,1.3935e-58,1.3935e-58
8.3611e-59,8.3611e-59,8.3611e-59,8.3611e-59,8.3611e-59
5.0167e-59,5.0167e-59,5.0167e-59,5.0167e-59,5.0167e-59
3.01e-59,3.01e-59,3.01e-59,3.01e-59,3.01e-59
1.806e-59,1.806e-59,1.806e-59,1.806e-59,1.806e-59
1.0836e-59,1.0836e-59,1.0836e-59,1.0836e-59,1.0836e-59
6.5016e-60,6.5016e-60,6.5016e-60,6.5016e-60,6.5016e-60
3.9009e-60,3.9009e-60,3.9009e-60,3.9009e-60,3.9009e-60
2.3406e-60,2.3406e-60,2.3406e-60,2.3406e-60,2.3406e-60
1.4043e-60,1.4043e-60,1.4043e-60,1.4043e-60,1.4043e-60
8.426e-61,8.426e-61,8.426e-61,8.426e-61,8.426e-61
5.0556e-61,5.0556e-61,5.0556e-61,5.0556e-61,5.0556e-61
3.0334e-61,3.0334e-61,3.0334e-61,3.0334e-61,3.0334e-61
1.82e-61,1.82e-61,1.82e-61,1.82e-61,1.82e-61
1.092e-61,1.092e-61,1.092e-61,1.092e-61,1.092e-61
6.5521e-62,6.5521e-62,6.5521e-62,6.5521e-62,6.5521e-62
3.9313e-62,3.9313e-62,3.9313e-62,3.9313e-62,3.9313e-62
2.3588e-62,2.3588e-62,2.3588e-62,2.3588e-62,2.3588e-62
1.4153e-62,1.4153e-62,1.4153e-62,1.4153e-62,1.4153e-62
8.4915e-63,8.4915e-63,8.4915e-63,8.4915e-63,8.4915e-63
5.0949e-63,5.0949e-63,5.0949e-63,5.0949e-63,5.0949e-63
3.0569e-63,3.0569e-63,3.0569e-63,3.0569e-63,3.0569e-63
1.8342e-63,1.8342e-63,1.8342e-63,1.8342e-63,1.8342e-63
1.1005e-63,1.1005e-63,1.1005e-63,1.1005e-63,1.1005e-63
6.603e-64,6.603e-64,6.603e-64,6.603e-64,6.603e-64
3.9618e-64,3.9618e-64,3.9618e-64,3.9618e-64,3.9618e-64
2.3771e-64,2.3771e-64,2.3771e-64,2.3771e-64,2.3771e-64
1.4262e-64,1.4262e-64,1.4262e-64,1.4262e-64,1.4262e-64
8.5575e-65,8.5575e-65,8.5575e-65,8.5575e-65,8.5575e-65
5.1345e-65,5.1345e-65,5.1345e-65,5.1345e-65,5.1345e-65
3.0807e-65,3.0807e-65,3.0807e-65,3.0807e-65,3.0807e-65
1.8484e-65,1.8484e-65,1.8484e-65,1.8484e-65,1.8484e-65
1.1091e-65,1.1091e-65,1.1091e-65,1.1091e-65,1.1091e-65
6.6543e-66,6.6543e-66,6.6543e-66,6.6543e-66,6.6543e-66
3.9926e-66,3.9926e-66,3.9926e-66,3.9926e-66,3.9926e-66
2.3955e-66,2.3955e-66,2.3955e-66,2.3955e-66,2.3955e-66
1.4373e-66,1.4373e-66,1.4373e-66,1.4373e-66,1.4373e-66
8.624e-67,8.624e-67,8.624e-67,8.624e-67,8.624e-67
5.1744e-67,5.1744e-67,5.1744e-67,5.1744e-67,5.1744e-67
3.1046e-67,3.1046e-67,3.1046e-67,3.1046e-67,3.1046e-67
1.8628e-67,1.8628e-67,1.8628e-67,1.8628e-67,1.8628e-67
1.1177e-67,1.1177e-67,1.1177e-67,1.1177e-67,1.1177e-67
6.706e-68,6.706e-68,6.706e-68,6.706e-68,6.706e-68
4.0236e-68,4.0236e-68,4.0236e-68,4.0236e-68,4.0236e-68
2.4142e-68,2.4142e-68,2.4142e-68,2.4142e-68,2.4142e-68
1.4485e-68,1.4485e-68,1.4485e-68,1.4485e-68,1.4485e-68
8.691e-69,8.691e-69,8.691e-69,8.691e-69,8.691e-69
5.2146e-69,5.2146e-69,5.2146e-69,5.2146e-69,5.2146e-69
3.1288e-69,3.1288e-69,3.1288e-69,3.1288e-69,3.1288e-69
1.8773e-69,1.8773e-69,1.8773e-69,1.8773e-69,1.8773e-69
1.1264e-69,1.1264e-69,1.1264e-69,1.1264e-69,1.1264e-69
6.7581e-70,6.7581e-70,6.7581e-70,6.7581e-70,6.7581e-70
4.0549e-70,4.0549e-70,4.0549e-70,4.0549e-70,4.0549e-70
2.4329e-70,2.4329e-70,2.4329e-70,2.4329e-70,2.4329e-70
1.4598e-70,1.4598e-70,1.4598e-70,1.4598e-70,1.4598e-70
8.7585e-71,8.7585e-71,8.7585e-71,8.7585e-71,8.7585e-71
5.2551e-71,5.2551e-71,5.2551e-71,5.2551e-71,5.2551e-71
3.1531e-71,3.1531e-71,3.1531e-71,3.1531e-71,3.1531e-71
1.8918e-71,1.8918e-71,1.8918e-71,1.8918e-71,1.8918e-71
1.1351e-71,1.1351e-71,1.1351e-71,1.1351e-71,1.1351e-71
6.8106e-72,6.8106e-72,6.8106e-72,6.8106e-72,6.8106e-72
4.0864e-72,4.0864e-72,4.0864e-72,4.0864e-72,4.0864e-72
2.4518e-72,2.4518e-72,2.4518e-72,2.4518e-72,2.4518e-72
1.4711e-72,1.4711e-72,1.4711e-72,1.4711e-72,1.4711e-72
8.8266e-73,8.8266e-73,8.8266e-73,8.8266e-73,8.8266e-73
5.2959e-73,5.2959e-73,5.2959e-73,5.2959e-73,5.2959e-73
3.1776e-73,3.1776e-73,3.1776e-73,3.1776e-73,3.1776e-73
1.9065e-73,1.9065e-73,1.9065e-73,1.9065e-73,1.9065e-73
1.1439e-73,1.1439e-73,1.1439e-73,1.1439e-73,1.1439e-73
6.8635e-74,6.8635e-74,6.8635e-74,6.8635e-74,6.8635e-74
4.1181e-74,4.1181e-74,4.1181e-74,4.1181e-74,4.1181e-74
2.4709e-74,2.4709e-74,2.4709e-74,2.4709e-74,2.4709e-74
1.4825e-74,1.4825e-74,1.4825e-74,1.4825e-74,1.4825e-74
8.8951e-75,8.8951e-75,8.8951e-75,8.8951e-75,8.8951e-75
5.3371e-75,5.3371e-75,5.3371e-75,5.3371e-75,5.3371e-75
3.2022e-75,3.2022e-75,3.2022e-75,3.2022e-75,3.2022e-75
1.9213e-75,1.9213e-75,1.9213e-75,1.9213e-75,1.9213e-75
1.1528e-75,1.1528e-75,1.1528e-75,1.1528e-75,1.1528e-75
6.9169e-76,6.9169e-76,6.9169e-76,6.9169e-76,6.9169e-76
4.1501e-76,4.1501e-76,4.1501e-76,4.1501e-76,4.1501e-76
2.4901e-76,2.4901e-76,2.4901e-76,2.4901e-76,2.4901e-76
1.494e-76,1.494e-76,1.494e-76,1.494e-76,1.494e-76
8.9642e-77,8.9642e-77,8.9642e-77,8.9642e-77,8.9642e-77
5.3785e-77,5.3785e-77,5.3785e-77,5.3785e-77,5.3785e-77
3.2271e-77,3.2271e-77,3.2271e-77,3.2271e-77,3.2271e-77
1.9363e-77,1.9363e-77,1.9363e-77,1.9363e-77,1.9363e-77
1.1618e-77,1.1618e-77,1.1618e-77,1.1618e-77,1.1618e-77
6.9706e-78,6.9706e-78,6.9706e-78,6.9706e-78,6.9706e-78
4.1824e-78,4.1824e-78,4.1824e-78,4.1824e-78,4.1824e-78
2.5094e-78,2.5094e-78,2.5094e-78,2.5094e-78,2.5094e-78
1.5056e-78,1.5056e-78,1.5056e-78,1.5056e-78,1.5056e-78
9.0339e-79,9.0339e-79,9.0339e-79,9.0339e-79,9.0339e-79
5.4203e-79,5.4203e-79,5.4203e-79,5.4203e-79,5.4203e-79
3.2522e-79,3.2522e-79,3.2522e-79,3.2522e-79,3.2522e-79
1.9513e-79,1.9513e-79,1.9513e-79,1.9513e-79,1.9513e-79
1.1708e-79,1.1708e-79,1.1708e-79,1.1708e-79,1.1708e-79
7.0248e-80,7.0248e-80,7.0248e-80,7.0248e-80,7.0248e-80
4.2149e-80,4.2149e-80,4.2149e-80,4.2149e-80,4.2149e-80
2.5289e-80,2.5289e-80,2.5289e-80,2.5289e-80,2.5289e-80
1.5173e-80,1.5173e-80,1.5173e-80,1.5173e-80,1.5173e-80
9.1041e-81,9.1041e-81,9.1041e-81,9.1041e-81,9.1041e-81
5.4625e-81,5.4625e-81,5.4625e-81,5.4625e-81,5.4625e-81
3.2775e-81,3.2775e-81,3.2775e-81,3.2775e-81,3.2775e-81
1.9665e-81,1.9665e-81,1.9665e-81,1.9665e-81,1.9665e-81
1.1799e-81,1.1799e-81,1.1799e-81,1.1799e-81,1.1799e-81
7.0793e-82,7.0793e-82,7.0793e-82,7.0793e-82,7.0793e-82
4.2476e-82,4.2476e-82,4.2476e-82,4.2476e-82,4.2476e-82
2.5486e-82,2.5486e-82,2.5486e-82,2.5486e-82,2.5486e-82
1.5291e-82,1.5291e-82,1.5291e-82,1.5291e-82,1.5291e-82
9.1748e-83,9.1748e-83,9.1748e-83,9.1748e-83,9.1748e-83
5.5049e-83,5.5049e-83,5.5049e-83,5.5049e-83,5.5049e-83
3.3029e-83,3.3029e-83,3.3029e-83,3.3029e-83,3.3029e-83
1.9818e-83,1.9818e-83,1.9818e-83,1.9818e-83,1.9818e-83
1.1891e-83,1.1891e-83,1.1891e-83,1.1891e-83,1.1891e-83
7.1343e-84,7.1343e-84,7.1343e-84,7.1343e-84,7.1343e-84
4.2806e-84,4.2806e-84,4.2806e-84,4.2806e-84,4.2806e-84
2.5684e-84,2.5684e-84,2.5684e-84,2.5684e-84,2.5684e-84
1.541e-84,1.541e-84,1.541e-84,1.541e-84,1.541e-84
9.2461e-85,9.2461e-85,9.2461e-85,9.2461e-85,9.2461e-85
5.5477e-85,5.5477e-85,5.5477e-85,5.5477e-85,5.5477e-85
3.3286e-85,3.3286e-85,3.3286e-85,3.3286e-85,3.3286e-85
1.9972e-85,1.9972e-85,1.9972e-85,1.9972e-85,1.9972e-85
1.1983e-85,1.1983e-85,1.1983e-85,1.1983e-85,1.1983e-85
7.1898e-86,7.1898e-86,7.1898e-86,7.1898e-86,7.1898e-86
4.3139e-86,4.3139e-86,4.3139e-86,4.3139e-86,4.3139e-86
2.5883e-86,2.5883e-86,2.5883e-86,2.5883e-86,2.5883e-86
1.553e-86,1.553e-86,1.553e-86,1.553e-86,1.553e-86
9.3179e-87,9.3179e-87,9.3179e-87,9.3179e-87,9.3179e-87
5.5908e-87,5.5908e-87,5.5908e-87,5.5908e-87,5.5908e-87
3.3545e-87,3.3545e-87,3.3545e-87,3.3545e-87,3.3545e-87
2.0127e-87,2.0127e-87,2.0127e-87,2.0127e-87,2.0127e-87
1.2076e-87,1.2076e-87,1.2076e-87,1.2076e-87,1.2076e-87
7.2456e-88,7.2456e-88,7.2456e-88,7.2456e-88,7.2456e-88
4.3474e-88,4.3474e-88,4.3474e-88,4.3474e-88,4.3474e-88
2.6084e-88,2.6084e-88,2.6084e-88,2.6084e-88,2.6084e-88
1.5651e-88,1.5651e-88,1.5651e-88,1.5651e-88,1.5651e-88
9.3903e-89,9.3903e-89,9.3903e-89,9.3903e-89,9.3903e-89
5.6342e-89,5.6342e-89,5.6342e-89,5.6342e-89,5.6342e-89
3.3805e-89,3.3805e-89,3.3805e-89,3.3805e-89,3.3805e-89
2.0283e-89,2.0283e-89,2.0283e-89,2.0283e-89,2.0283e-89
1.217e-89,1.217e-89,1.217e-89,1.217e-89,1.217e-89
7.3019e-90,7.3019e-90,7.3019e-90,7.3019e-90,7.3019e-90
4.3812e-90,4.3812e-90,4.3812e-90,4.3812e-90,4.3812e-90
2.6287e-90,2.6287e-90,2.6287e-90,2.6287e-90,2.6287e-90
1.5772e-90,1.5772e-90,1.5772e-90,1.5772e-90,1.5772e-90
9.4633e-91,9.4633e-91,9.4633e-91,9.4633e-91,9.4633e-91
5.678e-91,5.678e-91,5.678e-91,5.678e-91,5.678e-91
3.4068e-91,3.4068e-91,3.4068e-91,3.4068e-91,3.4068e-91
2.0441e-91,2.0441e-91,2.0441e-91,2.0441e-91,2.0441e-91
1.2264e-91,1.2264e-91,1.2264e-91,1.2264e-91,1.2264e-91
7.3587e-92,7.3587e-92,7.3587e-92,7.3587e-92,7.3587e-92
4.4152e-92,4.4152e-92,4.4152e-92,4.4152e-92,4.4152e-92
2.6491e-92,2.6491e-92,2.6491e-92,2.6491e-92,2.6491e-92
1.5895e-92,1.5895e-92,1.5895e-92,1.5895e-92,1.5895e-92
9.5368e-93,9.5368e-93,9.5368e-93,9.5368e-93,9.5368e-93
5.7221e-93,5.7221e-93,5.7221e-93,5.7221e-93,5.7221e-93
3.4333e-93,3.4333e-93,3.4333e-93,3.4333e-93,3.4333e-93
2.06e-93,2.06e-93,2.06e-93,2.06e-93,2.06e-93
1.236e-93,1.236e-93,1.236e-93,1.236e-93,1.236e-93
7.4158e-94,7.4158e-94,7.4158e-94,7.4158e-94,7.4158e-94
4.4495e-94,4.4495e-94,4.4495e-94,4.4495e-94,4.4495e-94
2.6697e-94,2.6697e-94,2.6697e-94,2.6697e-94,2.6697e-94
1.6018e-94,1.6018e-94,1.6018e-94,1.6018e-94,1.6018e-94
9.6109e-95,9.6109e-95,9.6109e-95,9.6109e-95,9.6109e-95
5.7666e-95,5.7666e-95,5.7666e-95,5.7666e-95,5.7666e-95
3.4599e-95,3.4599e-95,3.4599e-95,3.4599e-95,3.4599e-95
2.076e-95,2.076e-95,2.076e-95,2.076e-95,2.076e-95
1.2456e-95,1.2456e-95,1.2456e-95,1.2456e-95,1.2456e-95
7.4735e-96,7.4735e-96,7.4735e-96,7.4735e-96,7.4735e-96
4.4841e-96,4.4841e-96,4.4841e-96,4.4841e-96,4.4841e-96
2.6904e-96,2.6904e-96,2.6904e-96,2.6904e-96,2.6904e-96
1.6143e-96,1.6143e-96,1.6143e-96,1.6143e-96,1.6143e-96
9.6856e-97,9.6856e-97,9.6856e-97,9.6856e-97,9.6856e-97
5.8114e-97,5.8114e-97,5.8114e-97,5.8114e-97,5.8114e-97
3.4868e-97,3.4868e-97,3.4868e-97,3.4868e-97,3.4868e-97
2.0921e-97,2.0921e-97,2.0921e-97,2.0921e-97,2.0921e-97
1.2553e-97,1.2553e-97,1.2553e-97,1.2553e-97,1.2553e-97
7.5315e-98,7.5315e-98,7.5315e-98,7.5315e-98,7.5315e-98
4.5189e-98,4.5189e-98,4.5189e-98,4.5189e-98,4.5189e-98
2.7113e-98,2.7113e-98,2.7113e-98,2.7113e-98,2.7113e-98
1.6268e-98,1.6268e-98,1.6268e-98,1.6268e-98,1.6268e-98
9.7609e-99,9.7609e-99,9.7609e-99,9.7609e-99,9.7609e-99
5.8565e-99,5.8565e-99,5.8565e-99,5.8565e-99,5.8565e-99
3.5139e-99,3.5139e-99,3.5139e-99,3.5139e-99,3.5139e-99
2.1083e-99,2.1083e-99,2.1083e-99,2.1083e-99,2.1083e-99
1.265e-99,1.265e-99,1.265e-99,1.265e-99,1.265e-99
7.59e-100,7.59e-100,7.59e-100,7.59e-100,7.59e-100
4.554e-100,4.554e-100,4.554e-100,4.554e-100,4.554e-100
2.7324e-100,2.7324e-100,2.7324e-100,2.7324e-100,2.7324e-100
1.6394e-100,1.6394e-100,1.6394e-100,1.6394e-100,1.6394e-100
9.8367e-101,9.8367e-101,9.8367e-101,9.8367e-101,9.8367e-101
5.902e-101,5.902e-101,5.902e-101,5.902e-101,5.902e-101
3.5412e-101,3.5412e-101,3.5412e-101,3.5412e-101,3.5412e-101
2.1247e-101,2.1247e-101,2.1247e-101,2.1247e-101,2.1247e-101
1.2748e-101,1.2748e-101,1.2748e-101,1.2748e-101,1.2748e-101
7.649e-102,7.649e-102,7.649e-102,7.649e-102,7.649e-102
4.5894e-102,4.5894e-102,4.5894e-102,4.5894e-102,4.5894e-102
2.7536e-102,2.7536e-102,2.7536e-102,2.7536e-102,2.7536e-102
1.6522e-102,1.6522e-102,1.6522e-102,1.6522e-102,1.6522e-102
9.9131e-103,9.9131e-103,9.9131e-103,9.9131e-103,9.9131e-103
5.9479e-103,5.9479e-103,5.9479e-103,5.9479e-103,5.9479e-103
3.5687e-103,3.5687e-103,3.5687e-103,3.5687e-103,3.5687e-103
2.1412e-103,2.1412e-103,2.1412e-103,2.1412e-103,2.1412e-103
1.2847e-103,1.2847e-103,1.2847e-103,1.2847e-103,1.2847e-103
7.7084e-104,7.7084e-104,7.7084e-104,7.7084e-104,7.7084e-104
4.6251e-104,4.6251e-104,4.6251e-104,4.6251e-104,4.6251e-104
2.775e-104,2.775e-104,2.775e-104,2.775e-104,2.775e-104
1.665e-104,1.665e-104,1.665e-104,1.665e-104,1.665e-104
9.9901e-105,9.9901e-105,9.9901e-105,9.9901e-105,9.9901e-105
5.9941e-105,5.9941e-105,5.9941e-105,5.9941e-105,5.9941e-105
3.5964e-105,3.5964e-105,3.5964e-105,3.5964e-105,3.5964e-105
2.1579e-105,2.1579e-105,2.1579e-105,2.1579e-105,2.1579e-105
1.2947e-105,1.2947e-105,1.2947e-105,1.2947e-105,1.2947e-105
7.7683e-106,7.7683e-106,7.7683e-106,7.7683e-106,7.7683e-106
4.661e-106,4.661e-106,4.661e-106,4.661e-106,4.661e-106
2.7966e-106,2.7966e-106,2.7966e-106,2.7966e-106,2.7966e-106
1.678e-106,1.678e-106,1.678e-106,1.678e-106,1.678e-106
1.0068e-106,1.0068e-106,1.0068e-106,1.0068e-106,1.0068e-106
6.0407e-107,6.0407e-107,6.0407e-107,6.0407e-107,6.0407e-107
3.6244e-107,3.6244e-107,3.6244e-107,3.6244e-107,3.6244e-107
2.1746e-107,2.1746e-107,2.1746e-107,2.1746e-107,2.1746e-107
1.3048e-107,1.3048e-107,1.3048e-107,1.3048e-107,1.3048e-107
7.8287e-108,7.8287e-108,7.8287e-108,7.8287e-108,7.8287e-108
4.6972e-108,4.6972e-108,4.6972e-108,4.6972e-108,4.6972e-108
2.8183e-108,2.8183e-108,2.8183e-108,2.8183e-108,2.8183e-108
1.691e-108,1.691e-108,1.691e-108,1.691e-108,1.691e-108
1.0146e-108,1.0146e-108,1.0146e-108,1.0146e-108,1.0146e-108
6.0876e-109,6.0876e-109,6.0876e-109,6.0876e-109,6.0876e-109
3.6526e-109,3.6526e-109,3.6526e-109,3.6526e-109,3.6526e-109
2.1915e-109,2.1915e-109,2.1915e-109,2.1915e-109,2.1915e-109
1.3149e-109,1.3149e-109,1.3149e-109,1.3149e-109,1.3149e-109
7.8895e-110,7.8895e-110,7.8895e-110,7.8895e-110,7.8895e-110
4.7337e-110,4.7337e-110,4.7337e-110,4.7337e-110,4.7337e-110
2.8402e-110,2.8402e-110,2.8402e-110,2.8402e-110,2.8402e-110
1.7041e-110,1.7041e-110,1.7041e-110,1.7041e-110,1.7041e-110
1.0225e-110,1.0225e-110,1.0225e-110,1.0225e-110,1.0225e-110
6.1349e-111,6.1349e-111,6.1349e-111,6.1349e-111,6.1349e-111
3.6809e-111,3.6809e-111,3.6809e-111,3.6809e-111,3.6809e-111
2.2086e-111,2.2086e-111,2.2086e-111,2.2086e-111,2.2086e-111
1.3251e-111,1.3251e-111,1.3251e-111,1.3251e-111,1.3251e-111
7.9508e-112,7.9508e-112,7.9508e-112,7.9508e-112,7.9508e-112
4.7705e-112,4.7705e-112,4.7705e-112,4.7705e-112,4.7705e-112
2.8623e-112,2.8623e-112,2.8623e-112,2.8623e-112,2.8623e-112
1.7174e-112,1.7174e-112,1.7174e-112,1.7174e-112,1.7174e-112
1.0304e-112,1.0304e-112,1.0304e-112,1.0304e-112,1.0304e-112
6.1826e-113,6.1826e-113,6.1826e-113,6.1826e-113,6.1826e-113
3.7095e-113,3.7095e-113,3.7095e-113,3.7095e-113,3.7095e-113
2.2257e-113,2.2257e-113,2.2257e-113,2.2257e-113,2.2257e-113
1.3354e-113,1.3354e-113,1.3354e-113,1.3354e-113,1.3354e-113
8.0126e-114,8.0126e-114,8.0126e-114,8.0126e-114,8.0126e-114
4.8076e-114,4.8076e-114,4.8076e-114,4.8076e-114,4.8076e-114
2.8845e-114,2.8845e-114,2.8845e-114,2.8845e-114,2.8845e-114
1.7307e-114,1.7307e-114,1.7307e-114,1.7307e-114,1.7307e-114
1.0384e-114,1.0384e-114,1.0384e-114,1.0384e-114,1.0384e-114
6.2306e-115,6.2306e-115,6.2306e-115,6.2306e-115,6.2306e-115
3.7384e-115,3.7384e-115,3.7384e-115,3.7384e-115,3.7384e-115
2.243e-115,2.243e-115,2.243e-115,2.243e-115,2.243e-115
1.3458e-115,1.3458e-115,1.3458e-115,1.3458e-115,1.3458e-115
8.0748e-116,8.0748e-116,8.0748e-116,8.0748e-116,8.0748e-116
4.8449e-116,4.8449e-116,4.8449e-116,4.8449e-116,4.8449e-116
2.9069e-116,2.9069e-116,2.9069e-116,2.9069e-116,2.9069e-116
1.7442e-116,1.7442e-116,1.7442e-116,1.7442e-116,1.7442e-116
1.0465e-116,1.0465e-116,1.0465e-116,1.0465e-116,1.0465e-116
6.279e-117,6.279e-117,6.279e-117,6.279e-117,6.279e-117
3.7674e-117,3.7674e-117,3.7674e-117,3.7674e-117,3.7674e-117
2.2604e-117,2.2604e-117,2.2604e-117,2.2604e-117,2.2604e-117
1.3563e-117,1.3563e-117,1.3563e-117,1.3563e-117,1.3563e-117
8.1376e-118,8.1376e-118,8.1376e-118,8.1376e-118,8.1376e-118
4.8825e-118,4.8825e-118,4.8825e-118,4.8825e-118,4.8825e-118
2.9295e-118,2.9295e-118,2.9295e-118,2.9295e-118,2.9295e-118
1.7577e-118,1.7577e-118,1.7577e-118,1.7577e-118,1.7577e-118
1.0546e-118,1.0546e-118,1.0546e-118,1.0546e-118,1.0546e-118
6.3278e-119,6.3278e-119,6.3278e-119,6.3278e-119,6.3278e-119
3.7967e-119,3.7967e-119,3.7967e-119,3.7967e-119,3.7967e-119
2.278e-119,2.278e-119,2.278e-119,2.278e-119,2.278e-119
1.3668e-119,1.3668e-119,1.3668e-119,1.3668e-119,1.3668e-119
8.2008e-120,8.2008e-120,8.2008e-120,8.2008e-120,8.2008e-120
4.9205e-120,4.9205e-120,4.9205e-120,4.9205e-120,4.9205e-120
2.9523e-120,2.9523e-120,2.9523e-120,2.9523e-120,2.9523e-120
1.7714e-120,1.7714e-120,1.7714e-120,1.7714e-120,1.7714e-120
1.0628e-120,1.0628e-120,1.0628e-120,1.0628e-120,1.0628e-120
6.3769e-121,6.3769e-121,6.3769e-121,6.3769e-121,6.3769e-121
3.8262e-121,3.8262e-121,3.8262e-121,3.8262e-121,3.8262e-121
2.2957e-121,2.2957e-121,2.2957e-121,2.2957e-121,2.2957e-121
1.3774e-121,1.3774e-121,1.3774e-121,1.3774e-121,1.3774e-121
8.2645e-122,8.2645e-122,8.2645e-122,8.2645e-122,8.2645e-122
4.9587e-122,4.9587e-122,4.9587e-122,4.9587e-122,4.9587e-122
2.9752e-122,2.9752e-122,2.9752e-122,2.9752e-122,2.9752e-122
1.7851e-122,1.7851e-122,1.7851e-122,1.7851e-122,1.7851e-122
1.0711e-122,1.0711e-122,1.0711e-122,1.0711e-122,1.0711e-122
6.4265e-123,6.4265e-123,6.4265e-123,6.4265e-123,6.4265e-123
3.8559e-123,3.8559e-123,3.8559e-123,3.8559e-123,3.8559e-123
2.3135e-123,2.3135e-123,2.3135e-123,2.3135e-123,2.3135e-123
1.3881e-123,1.3881e-123,1.3881e-123,1.3881e-123,1.3881e-123
8.3287e-124,8.3287e-124,8.3287e-124,8.3287e-124,8.3287e-124
4.9972e-124,4.9972e-124,4.9972e-124,4.9972e-124,4.9972e-124
2.9983e-124,2.9983e-124,2.9983e-124,2.9983e-124,2.9983e-124
1.799e-124,1.799e-124,1.799e-124,1.799e-124,1.799e-124
1.0794e-124,1.0794e-124,1.0794e-124,1.0794e-124,1.0794e-124
6.4764e-125,6.4764e-125,6.4764e-125,6.4764e-125,6.4764e-125
3.8859e-125,3.8859e-125,3.8859e-125,3.8859e-125,3.8859e-125
2.3315e-125,2.3315e-125,2.3315e-125,2.3315e-125,2.3315e-125
1.3989e-125,1.3989e-125,1.3989e-125,1.3989e-125,1.3989e-125
8.3934e-126,8.3934e-126,8.3934e-126,8.3934e-126,8.3934e-126
5.0361e-126,5.0361e-126,5.0361e-126,5.0361e-126,5.0361e-126
3.0216e-126,3.0216e-126,3.0216e-126,3.0216e-126,3.0216e-126
1.813e-126,1.813e-126,1.813e-126,1.813e-126,1.813e-126
1.0878e-126,1.0878e-126,1.0878e-126,1.0878e-126,1.0878e-126
6.5267e-127,6.5267e-127,6.5267e-127,6.5267e-127,6.5267e-127
3.916e-127,3.916e-127,3.916e-127,3.916e-127,3.916e-127
2.3496e-127,2.3496e-127,2.3496e-127,2.3496e-127,2.3496e-127
1.4098e-127,1.4098e-127,1.4098e-127,1.4098e-127,1.4098e-127
8.4587e-128,8.4587e-128,8.4587e-128,8.4587e-128,8.4587e-128
5.0752e-128,5.0752e-128,5.0752e-128,5.0752e-128,5.0752e-128
3.0451e-128,3.0451e-128,3.0451e-128,3.0451e-128,3.0451e-128
1.8271e-128,1.8271e-128,1.8271e-128,1.8271e-128,1.8271e-128
1.0962e-128,1.0962e-128,1.0962e-128,1.0962e-128,1.0962e-128
6.5775e-129,6.5775e-129,6.5775e-129,6.5775e-129,6.5775e-129
3.9465e-129,3.9465e-129,3.9465e-129,3.9465e-129,3.9465e-129
2.3679e-129,2.3679e-129,2.3679e-129,2.3679e-129,2.3679e-129
1.4207e-129,1.4207e-129,1.4207e-129,1.4207e-129,1.4207e-129
8.5244e-130,8.5244e-130,8.5244e-130,8.5244e-130,8.5244e-130
5.1146e-130,5.1146e-130,5.1146e-130,5.1146e-130,5.1146e-130
3.0688e-130,3.0688e-130,3.0688e-130,3.0688e-130,3.0688e-130
1.8413e-130,1.8413e-130,1.8413e-130,1.8413e-130,1.8413e-130
1.1048e-130,1.1048e-130,1.1048e-130,1.1048e-130,1.1048e-130
6.6286e-131,6.6286e-131,6.6286e-131,6.6286e-131,6.6286e-131
3.9771e-131,3.9771e-131,3.9771e-131,3.9771e-131,3.9771e-131
2.3863e-131,2.3863e-131,2.3863e-131,2.3863e-131,2.3863e-131
1.4318e-131,1.4318e-131,1.4318e-131,1.4318e-131,1.4318e-131
8.5906e-132,8.5906e-132,8.5906e-132,8.5906e-132,8.5906e-132
5.1544e-132,5.1544e-132,5.1544e-132,5.1544e-132,5.1544e-132
3.0926e-132,3.0926e-132,3.0926e-132,3.0926e-132,3.0926e-132
1.8556e-132,1.8556e-132,1.8556e-132,1.8556e-132,1.8556e-132
1.1133e-132,1.1133e-132,1.1133e-132,1.1133e-132,1.1133e-132
6.6801e-133,6.6801e-133,6.6801e-133,6.6801e-133,6.6801e-133
4.008e-133,4.008e-133,4.008e-133,4.008e-133,4.008e-133
2.4048e-133,2.4048e-133,2.4048e-133,2.4048e-133,2.4048e-133
1.4429e-133,1.4429e-133,1.4429e-133,1.4429e-133,1.4429e-133
8.6574e-134,8.6574e-134,8.6574e-134,8.6574e-134,8.6574e-134
5.1944e-134,5.1944e-134,5.1944e-134,5.1944e-134,5.1944e-134
3.1166e-134,3.1166e-134,3.1166e-134,3.1166e-134,3.1166e-134
1.87e-134,1.87e-134,1.87e-134,1.87e-134,1.87e-134
1.122e-134,1.122e-134,1.122e-134,1.122e-134,1.122e-134
6.732e-135,6.732e-135,6.732e-135,6.732e-135,6.732e-135
4.0392e-135,4.0392e-135,4.0392e-135,4.0392e-135,4.0392e-135
2.4235e-135,2.4235e-135,2.4235e-135,2.4235e-135,2.4235e-135
1.4541e-135,1.4541e-135,1.4541e-135,1.4541e-135,1.4541e-135
8.7246e-136,8.7246e-136,8.7246e-136,8.7246e-136,8.7246e-136
5.2348e-136,5.2348e-136,5.2348e-136,5.2348e-136,5.2348e-136
3.1409e-136,3.1409e-136,3.1409e-136,3.1409e-136,3.1409e-136
1.8845e-136,1.8845e-136,1.8845e-136,1.8845e-136,1.8845e-136
1.1307e-136,1.1307e-136,1.1307e-136,1.1307e-136,1.1307e-136
6.7843e-137,6.7843e-137,6.7843e-137,6.7843e-137,6.7843e-137
4.0706e-137,4.0706e-137,4.0706e-137,4.0706e-137,4.0706e-137
2.4423e-137,2.4423e-137,2.4423e-137,2.4423e-137,2.4423e-137
1.4654e-137,1.4654e-137,1.4654e-137,1.4654e-137,1.4654e-137
8.7924e-138,8.7924e-138,8.7924e-138,8.7924e-138,8.7924e-138
5.2754e-138,5.2754e-138,5.2754e-138,5.2754e-138,5.2754e-138
3.1653e-138,3.1653e-138,3.1653e-138,3.1653e-138,3.1653e-138
1.8992e-138,1.8992e-138,1.8992e-138,1.8992e-138,1.8992e-138
1.1395e-138,1.1395e-138,1.1395e-138,1.1395e-138,1.1395e-138
6.837e-139,6.837e-139,6.837e-139,6.837e-139,6.837e-139
4.1022e-139,4.1022e-139,4.1022e-139,4.1022e-139,4.1022e-139
2.4613e-139,2.4613e-139,2.4613e-139,2.4613e-139,2.4613e-139
1.4768e-139,1.4768e-139,1.4768e-139,1.4768e-139,1.4768e-139
8.8607e-140,8.8607e-140,8.8607e-140,8.8607e-140,8.8607e-140
5.3164e-140,5.3164e-140,5.3164e-140,5.3164e-140,5.3164e-140
3.1899e-140,3.1899e-140,3.1899e-140,3.1899e-140,3.1899e-140
1.9139e-140,1.9139e-140,1.9139e-140,1.9139e-140,1.9139e-140
1.1483e-140,1.1483e-140,1.1483e-140,1.1483e-140,1.1483e-140
6.8901e-141,6.8901e-141,6.8901e-141,6.8901e-141,6.8901e-141
4.1341e-141,4.1341e-141,4.1341e-141,4.1341e-141,4.1341e-141
2.4804e-141,2.4804e-141,2.4804e-141,2.4804e-141,2.4804e-141
1.4883e-141,1.4883e-141,1.4883e-141,1.4883e-141,1.4883e-141
8.9296e-142,8.9296e-142,8.9296e-142,8.9296e-142,8.9296e-142
5.3577e-142,5.3577e-142,5.3577e-142,5.3577e-142,5.3577e-142
3.2146e-142,3.2146e-142,3.2146e-142,3.2146e-142,3.2146e-142
1.9288e-142,1.9288e-142,1.9288e-142,1.9288e-142,1.9288e-142
1.1573e-142,1.1573e-142,1.1573e-142,1.1573e-142,1.1573e-142
6.9436e-143,6.9436e-143,6.9436e-143,6.9436e-143,6.9436e-143
4.1662e-143,4.1662e-143,4.1662e-143,4.1662e-143,4.1662e-143
2.4997e-143,2.4997e-143,2.4997e-143,2.4997e-143,2.4997e-143
1.4998e-143,1.4998e-143,1.4998e-143,1.4998e-143,1.4998e-143
8.9989e-144,8.9989e-144,8.9989e-144,8.9989e-144,8.9989e-144
5.3994e-144,5.3994e-144,5.3994e-144,5.3994e-144,5.3994e-144
3.2396e-144,3.2396e-144,3.2396e-144,3.2396e-144,3.2396e-144
1.9438e-144,1.9438e-144,1.9438e-144,1.9438e-144,1.9438e-144
1.1663e-144,1.1663e-144,1.1663e-144,1.1663e-144,1.1663e-144
6.9976e-145,6.9976e-145,6.9976e-145,6.9976e-145,6.9976e-145
4.1985e-145,4.1985e-145,4.1985e-145,4.1985e-145,4.1985e-145
2.5191e-145,2.5191e-145,2.5191e-145,2.5191e-145,2.5191e-145
1.5115e-145,1.5115e-145,1.5115e-145,1.5115e-145,1.5115e-145
9.0689e-146,9.0689e-146,9.0689e-146,9.0689e-146,9.0689e-146
5.4413e-146,5.4413e-146,5.4413e-146,5.4413e-146,5.4413e-146
3.2648e-146,3.2648e-146,3.2648e-146,3.2648e-146,3.2648e-146
1.9589e-146,1.9589e-146,1.9589e-146,1.9589e-146,1.9589e-146
1.1753e-146,1.1753e-146,1.1753e-146,1.1753e-146,1.1753e-146
7.0519e-147,7.0519e-147,7.0519e-147,7.0519e-147,7.0519e-147
4.2312e-147,4.2312e-147,4.2312e-147,4.2312e-147,4.2312e-147
2.5387e-147,2.5387e-147,2.5387e-147,2.5387e-147,2.5387e-147
1.5232e-147,1.5232e-147,1.5232e-147,1.5232e-147,1.5232e-147
9.1393e-148,9.1393e-148,9.1393e-148,9.1393e-148,9.1393e-148
5.4836e-148,5.4836e-148,5.4836e-148,5.4836e-148,5.4836e-148
3.2902e-148,3.2902e-148,3.2902e-148,3.2902e-148,3.2902e-148
1.9741e-148,1.9741e-148,1.9741e-148,1.9741e-148,1.9741e-148
1.1845e-148,1.1845e-148,1.1845e-148,1.1845e-148,1.1845e-148
7.1067e-149,7.1067e-149,7.1067e-149,7.1067e-149,7.1067e-149
4.264e-149,4.264e-149,4.264e-149,4.264e-149,4.264e-149
2.5584e-149,2.5584e-149,2.5584e-149,2.5584e-149,2.5584e-149
1.5351e-149,1.5351e-149,1.5351e-149,1.5351e-149,1.5351e-149
9.2103e-150,9.2103e-150,9.2103e-150,9.2103e-150,9.2103e-150
5.5262e-150,5.5262e-150,5.5262e-150,5.5262e-150,5.5262e-150
3.3157e-150,3.3157e-150,3.3157e-150,3.3157e-150,3.3157e-150
1.9894e-150,1.9894e-150,1.9894e-150,1.9894e-150,1.9894e-150
1.1937e-150,1.1937e-150,1.1937e-150,1.1937e-150,1.1937e-150
7.162e-151,7.162e-151,7.162e-151,7.162e-151,7.162e-151
4.2972e-151,4.2972e-151,4.2972e-151,4.2972e-151,4.2972e-151
2.5783e-151,2.5783e-151,2.5783e-151,2.5783e-151,2.5783e-151
1.547e-151,1.547e-151,1.547e-151,1.547e-151,1.547e-151
9.2819e-152,9.2819e-152,9.2819e-152,9.2819e-152,9.2819e-152
5.5691e-152,5.5691e-152,5.5691e-152,5.5691e-152,5.5691e-152
3.3415e-152,3.3415e-152,3.3415e-152,3.3415e-152,3.3415e-152
2.0049e-152,2.0049e-152,2.0049e-152,2.0049e-152,2.0049e-152
1.2029e-152,1.2029e-152,1.2029e-152,1.2029e-152,1.2029e-152
7.2176e-153,7.2176e-153,7.2176e-153,7.2176e-153,7.2176e-153
4.3306e-153,4.3306e-153,4.3306e-153,4.3306e-153,4.3306e-153
2.5983e-153,2.5983e-153,2.5983e-153,2.5983e-153,2.5983e-153
1.559e-153,1.559e-153,1.559e-153,1.559e-153,1.559e-153
9.354e-154,9.354e-154,9.354e-154,9.354e-154,9.354e-154
5.6124e-154,5.6124e-154,5.6124e-154,5.6124e-154,5.6124e-154
3.3674e-154,3.3674e-154,3.3674e-154,3.3674e-154,3.3674e-154
2.0205e-154,2.0205e-154,2.0205e-154,2.0205e-154,2.0205e-154
1.2123e-154,1.2123e-154,1.2123e-154,1.2123e-154,1.2123e-154
7.2737e-155,7.2737e-155,7.2737e-155,7.2737e-155,7.2737e-155
4.3642e-155,4.3642e-155,4.3642e-155,4.3642e-155,4.3642e-155
2.6185e-155,2.6185e-155,2.6185e-155,2.6185e-155,2.6185e-155
1.5711e-155,1.5711e-155,1.5711e-155,1.5711e-155,1.5711e-155
9.4267e-156,9.4267e-156,9.4267e-156,9.4267e-156,9.4267e-156
5.656e-156,5.656e-156,5.656e-156,5.656e-156,5.656e-156
3.3936e-156,3.3936e-156,3.3936e-156,3.3936e-156,3.3936e-156
2.0362e-156,2.0362e-156,2.0362e-156,2.0362e-156,2.0362e-156
1.2217e-156,1.2217e-156,1.2217e-156,1.2217e-156,1.2217e-156
7.3302e-157,7.3302e-157,7.3302e-157,7.3302e-157,7.3302e-157
4.3981e-157,4.3981e-157,4.3981e-157,4.3981e-157,4.3981e-157
2.6389e-157,2.6389e-157,2.6389e-157,2.6389e-157,2.6389e-157
1.5833e-157,1.5833e-157,1.5833e-157,1.5833e-157,1.5833e-157
9.4999e-158,9.4999e-158,9.4999e-158,9.4999e-158,9.4999e-158
5.7e-158,5.7e-158,5.7e-158,5.7e-158,5.7e-158
3.42e-158,3.42e-158,3.42e-158,3.42e-158,3.42e-158
2.052e-158,2.052e-158,2.052e-158,2.052e-158,2.052e-158
1.2312e-158,1.2312e-158,1.2312e-158,1.2312e-158,1.2312e-158
7.3871e-159,7.3871e-159,7.3871e-159,7.3871e-159,7.3871e-159
4.4323e-159,4.4323e-159,4.4323e-159,4.4323e-159,4.4323e-159
2.6594e-159,2.6594e-159,2.6594e-159,2.6594e-159,2.6594e-159
1.5956e-159,1.5956e-159,1.5956e-159,1.5956e-159,1.5956e-159
9.5737e-160,9.5737e-160,9.5737e-160,9.5737e-160,9.5737e-160
5.7442e-160,5.7442e-160,5.7442e-160,5.7442e-160,5.7442e-160
3.4465e-160,3.4465e-160,3.4465e-160,3.4465e-160,3.4465e-160
2.0679e-160,2.0679e-160,2.0679e-160,2.0679e-160,2.0679e-160
1.2408e-160,1.2408e-160,1.2408e-160,1.2408e-160,1.2408e-160
7.4445e-161,7.4445e-161,7.4445e-161,7.4445e-161,7.4445e-161
4.4667e-161,4.4667e-161,4.4667e-161,4.4667e-161,4.4667e-161
2.68e-161,2.68e-161,2.68e-161,2.68e-161,2.68e-161
1.608e-161,1.608e-161,1.608e-161,1.608e-161,1.608e-161
9.6481e-162,9.6481e-162,9.6481e-162,9.6481e-162,9.6481e-162
5.7889e-162,5.7889e-162,5.7889e-162,5.7889e-162,5.7889e-162
3.4733e-162,3.4733e-162,3.4733e-162,3.4733e-162,3.4733e-162
2.084e-162,2.084e-162,2.084e-162,2.084e-162,2.084e-162
1.2504e-162,1.2504e-162,1.2504e-162,1.2504e-162,1.2504e-162
7.5024e-163,7.5024e-163,7.5024e-163,7.5024e-163,7.5024e-163
4.5014e-163,4.5014e-163,4.5014e-163,4.5014e-163,4.5014e-163
2.7009e-163,2.7009e-163,2.7009e-163,2.7009e-163,2.7009e-163
1.6205e-163,1.6205e-163,1.6205e-163,1.6205e-163,1.6205e-163
9.7231e-164,9.7231e-164,9.7231e-164,9.7231e-164,9.7231e-164
5.8339e-164,5.8339e-164,5.8339e-164,5.8339e-164,5.8339e-164
3.5003e-164,3.5003e-164,3.5003e-164,3.5003e-164,3.5003e-164
2.1002e-164,2.1002e-164,2.1002e-164,2.1002e-164,2.1002e-164
1.2601e-164,1.2601e-164,1.2601e-164,1.2601e-164,1.2601e-164
7.5607e-165,7.5607e-165,7.5607e-165,7.5607e-165,7.5607e-165
4.5364e-165,4.5364e-165,4.5364e-165,4.5364e-165,4.5364e-165
2.7218e-165,2.7218e-165,2.7218e-165,2.7218e-165,2.7218e-165
1.6331e-165,1.6331e-165,1.6331e-165,1.6331e-165,1.6331e-165
9.7986e-166,9.7986e-166,9.7986e-166,9.7986e-166,9.7986e-166
5.8792e-166,5.8792e-166,5.8792e-166,5.8792e-166,5.8792e-166
3.5275e-166,3.5275e-166,3.5275e-166,3.5275e-166,3.5275e-166
2.1165e-166,2.1165e-166,2.1165e-166,2.1165e-166,2.1165e-166
1.2699e-166,1.2699e-166,1.2699e-166,1.2699e-166,1.2699e-166
7.6194e-167,7.6194e-167,7.6194e-167,7.6194e-167,7.6194e-167
4.5716e-167,4.5716e-167,4.5716e-167,4.5716e-167,4.5716e-167
2.743e-167,2.743e-167,2.743e-167,2.743e-167,2.743e-167
1.6458e-167,1.6458e-167,1.6458e-167,1.6458e-167,1.6458e-167
9.8748e-168,9.8748e-168,9.8748e-168,9.8748e-168,9.8748e-168
5.9249e-168,5.9249e-168,5.9249e-168,5.9249e-168,5.9249e-168
3.5549e-168,3.5549e-168,3.5549e-168,3.5549e-168,3.5549e-168
2.1329e-168,2.1329e-168,2.1329e-168,2.1329e-168,2.1329e-168
1.2798e-168,1.2798e-168,1.2798e-168,1.2798e-168,1.2798e-168
7.6786e-169,7.6786e-169,7.6786e-169,7.6786e-169,7.6786e-169
4.6072e-169,4.6072e-169,4.6072e-169,4.6072e-169,4.6072e-169
2.7643e-169,2.7643e-169,2.7643e-169,2.7643e-169,2.7643e-169
1.6586e-169,1.6586e-169,1.6586e-169,1.6586e-169,1.6586e-169
9.9515e-170,9.9515e-170,9.9515e-170,9.9515e-170,9.9515e-170
5.9709e-170,5.9709e-170,5.9709e-170,5.9709e-170,5.9709e-170
3.5825e-170,3.5825e-170,3.5825e-170,3.5825e-170,3.5825e-170
2.1495e-170,2.1495e-170,2.1495e-170,2.1495e-170,2.1495e-170
1.2897e-170,1.2897e-170,1.2897e-170,1.2897e-170,1.2897e-170
7.7383e-171,7.7383e-171,7.7383e-171,7.7383e-171,7.7383e-171
4.643e-171,4.643e-171,4.643e-171,4.643e-171,4.643e-171
2.7858e-171,2.7858e-171,2.7858e-171,2.7858e-171,2.7858e-171
1.6715e-171,1.6715e-171,1.6715e-171,1.6715e-171,1.6715e-171
1.0029e-171,1.0029e-171,1.0029e-171,1.0029e-171,1.0029e-171
6.0173e-172,6.0173e-172,6.0173e-172,6.0173e-172,6.0173e-172
3.6104e-172,3.6104e-172,3.6104e-172,3.6104e-172,3.6104e-172
2.1662e-172,2.1662e-172,2.1662e-172,2.1662e-172,2.1662e-172
1.2997e-172,1.2997e-172,1.2997e-172,1.2997e-172,1.2997e-172
7.7984e-173,7.7984e-173,7.7984e-173,7.7984e-173,7.7984e-173
4.679e-173,4.679e-173,4.679e-173,4.679e-173,4.679e-173
2.8074e-173,2.8074e-173,2.8074e-173,2.8074e-173,2.8074e-173
1.6845e-173,1.6845e-173,1.6845e-173,1.6845e-173,1.6845e-173
1.0107e-173,1.0107e-173,1.0107e-173,1.0107e-173,1.0107e-173
6.064e-174,6.064e-174,6.064e-174,6.064e-174,6.064e-174
3.6384e-174,3.6384e-174,3.6384e-174,3.6384e-174,3.6384e-174
2.1831e-174,2.1831e-174,2.1831e-174,2.1831e-174,2.1831e-174
1.3098e-174,1.3098e-174,1.3098e-174,1.3098e-174,1.3098e-174
7.859e-175,7.859e-175,7.859e-175,7.859e-175,7.859e-175
4.7154e-175,4.7154e-175,4.7154e-175,4.7154e-175,4.7154e-175
2.8292e-175,2.8292e-175,2.8292e-175,2.8292e-175,2.8292e-175
1.6975e-175,1.6975e-175,1.6975e-175,1.6975e-175,1.6975e-175
1.0185e-175,1.0185e-175,1.0185e-175,1.0185e-175,1.0185e-175
6.1111e-176,6.1111e-176,6.1111e-176,6.1111e-176,6.1111e-176
3.6667e-176,3.6667e-176,3.6667e-176,3.6667e-176,3.6667e-176
2.2e-176,2.2e-176,2.2e-176,2.2e-176,2.2e-176
1.32e-176,1.32e-176,1.32e-176,1.32e-176,1.32e-176
7.92e-177,7.92e-177,7.92e-177,7.92e-177,7.92e-177
4.752e-177,4.752e-177,4.752e-177,4.752e-177,4.752e-177
2.8512e-177,2.8512e-177,2.8512e-177,2.8512e-177,2.8512e-177
1.7107e-177,1.7107e-177,1.7107e-177,1.7107e-177,1.7107e-177
1.0264e-177,1.0264e-177,1.0264e-177,1.0264e-177,1.0264e-177
6.1586e-178,6.1586e-178,6.1586e-178,6.1586e-178,6.1586e-178
3.6952e-178,3.6952e-178,3.6952e-178,3.6952e-178,3.6952e-178
2.2171e-178,2.2171e-178,2.2171e-178,2.2171e-178,2.2171e-178
1.3303e-178,1.3303e-178,1.3303e-178,1.3303e-178,1.3303e-178
7.9816e-179,7.9816e-179,7.9816e-179,7.9816e-179,7.9816e-179
4.789e-179,4.789e-179,4.789e-179,4.789e-179,4.789e-179
2.8734e-179,2.8734e-179,2.8734e-179,2.8734e-179,2.8734e-179
1.724e-179,1.724e-179,1.724e-179,1.724e-179,1.724e-179
1.0344e-179,1.0344e-179,1.0344e-179,1.0344e-179,1.0344e-179
6.2065e-180,6.2065e-180,6.2065e-180,6.2065e-180,6.2065e-180
3.7239e-180,3.7239e-180,3.7239e-180,3.7239e-180,3.7239e-180
2.2343e-180,2.2343e-180,2.2343e-180,2.2343e-180,2.2343e-180
1.3406e-180,1.3406e-180,1.3406e-180,1.3406e-180,1.3406e-180
8.0436e-181,8.0436e-181,8.0436e-181,8.0436e-181,8.0436e-181
4.8262e-181,4.8262e-181,4.8262e-181,4.8262e-181,4.8262e-181
2.8957e-181,2.8957e-181,2.8957e-181,2.8957e-181,2.8957e-181
1.7374e-181,1.7374e-181,1.7374e-181,1.7374e-181,1.7374e-181
1.0425e-181,1.0425e-181,1.0425e-181,1.0425e-181,1.0425e-181
6.2547e-182,6.2547e-182,6.2547e-182,6.2547e-182,6.2547e-182
3.7528e-182,3.7528e-182,3.7528e-182,3.7528e-182,3.7528e-182
2.2517e-182,2.2517e-182,2.2517e-182,2.2517e-182,2.2517e-182
1.351e-182,1.351e-182,1.351e-182,1.351e-182,1.351e-182
8.1061e-183,8.1061e-183,8.1061e-183,8.1061e-183,8.1061e-183
4.8637e-183,4.8637e-183,4.8637e-183,4.8637e-183,4.8637e-183
2.9182e-183,2.9182e-183,2.9182e-183,2.9182e-183,2.9182e-183
1.7509e-183,1.7509e-183,1.7509e-183,1.7509e-183,1.7509e-183
1.0505e-183,1.0505e-183,1.0505e-183,1.0505e-183,1.0505e-183
6.3033e-184,6.3033e-184,6.3033e-184,6.3033e-184,6.3033e-184
3.782e-184,3.782e-184,3.782e-184,3.782e-184,3.782e-184
2.2692e-184,2.2692e-184,2.2692e-184,2.2692e-184,2.2692e-184
1.3615e-184,1.3615e-184,1.3615e-184,1.3615e-184,1.3615e-184
8.1691e-185,8.1691e-185,8.1691e-185,8.1691e-185,8.1691e-185
4.9014e-185,4.9014e-185,4.9014e-185,4.9014e-185,4.9014e-185
2.9409e-185,2.9409e-185,2.9409e-185,2.9409e-185,2.9409e-185
1.7645e-185,1.7645e-185,1.7645e-185,1.7645e-185,1.7645e-185
1.0587e-185,1.0587e-185,1.0587e-185,1.0587e-185,1.0587e-185
6.3523e-186,6.3523e-186,6.3523e-186,6.3523e-186,6.3523e-186
3.8114e-186,3.8114e-186,3.8114e-186,3.8114e-186,3.8114e-186
2.2868e-186,2.2868e-186,2.2868e-186,2.2868e-186,2.2868e-186
1.3721e-186,1.3721e-186,1.3721e-186,1.3721e-186,1.3721e-186
8.2325e-187,8.2325e-187,8.2325e-187,8.2325e-187,8.2325e-187
4.9395e-187,4.9395e-187,4.9395e-187,4.9395e-187,4.9395e-187
2.9637e-187,2.9637e-187,2.9637e-187,2.9637e-187,2.9637e-187
1.7782e-187,1.7782e-187,1.7782e-187,1.7782e-187,1.7782e-187
1.0669e-187,1.0669e-187,1.0669e-187,1.0669e-187,1.0669e-187
6.4016e-188,6.4016e-188,6.4016e-188,6.4016e-188,6.4016e-188
3.841e-188,3.841e-188,3.841e-188,3.841e-188,3.841e-188
2.3046e-188,2.3046e-188,2.3046e-188,2.3046e-188,2.3046e-188
1.3828e-188,1.3828e-188,1.3828e-188,1.3828e-188,1.3828e-188
8.2965e-189,8.2965e-189,8.2965e-189,8.2965e-189,8.2965e-189
4.9779e-189,4.9779e-189,4.9779e-189,4.9779e-189,4.9779e-189
2.9867e-189,2.9867e-189,2.9867e-189,2.9867e-189,2.9867e-189
1.792e-189,1.792e-189,1.792e-189,1.792e-189,1.792e-189
1.0752e-189,1.0752e-189,1.0752e-189,1.0752e-189,1.0752e-189
6.4514e-190,6.4514e-190,6.4514e-190,6.4514e-190,6.4514e-190
3.8708e-190,3.8708e-190,3.8708e-190,3.8708e-190,3.8708e-190
2.3225e-190,2.3225e-190,2.3225e-190,2.3225e-190,2.3225e-190
1.3935e-190,1.3935e-190,1.3935e-190,1.3935e-190,1.3935e-190
8.361e-191,8.361e-191,8.361e-191,8.361e-191,8.361e-191
5.0166e-191,5.0166e-191,5.0166e-191,5.0166e-191,5.0166e-191
3.0099e-191,3.0099e-191,3.0099e-191,3.0099e-191,3.0099e-191
1.806e-191,1.806e-191,1.806e-191,1.806e-191,1.806e-191
1.0836e-191,1.0836e-191,1.0836e-191,1.0836e-191,1.0836e-191
6.5015e-192,6.5015e-192,6.5015e-192,6.5015e-192,6.5015e-192
3.9009e-192,3.9009e-192,3.9009e-192,3.9009e-192,3.9009e-192
2.3405e-192,2.3405e-192,2.3405e-192,2.3405e-192,2.3405e-192
1.4043e-192,1.4043e-192,1.4043e-192,1.4043e-192,1.4043e-192
8.4259e-193,8.4259e-193,8.4259e-193,8.4259e-193,8.4259e-193
5.0556e-193,5.0556e-193,5.0556e-193,5.0556e-193,5.0556e-193
3.0333e-193,3.0333e-193,3.0333e-193,3.0333e-193,3.0333e-193
1.82e-193,1.82e-193,1.82e-193,1.82e-193,1.82e-193
1.092e-193,1.092e-193,1.092e-193,1.092e-193,1.092e-193
6.552e-194,6.552e-194,6.552e-194,6.552e-194,6.552e-194
3.9312e-194,3.9312e-194,3.9312e-194,3.9312e-194,3.9312e-194
2.3587e-194,2.3587e-194,2.3587e-194,2.3587e-194,2.3587e-194
1.4152e-194,1.4152e-194,1.4152e-194,1.4152e-194,1.4152e-194
8.4914e-195,8.4914e-195,8.4914e-195,8.4914e-195,8.4914e-195
5.0948e-195,5.0948e-195,5.0948e-195,5.0948e-195,5.0948e-195
3.0569e-195,3.0569e-195,3.0569e-195,3.0569e-195,3.0569e-195
1.8341e-195,1.8341e-195,1.8341e-195,1.8341e-195,1.8341e-195
1.1005e-195,1.1005e-195,1.1005e-195,1.1005e-195,1.1005e-195
6.6029e-196,6.6029e-196,6.6029e-196,6.6029e-196,6.6029e-196
3.9617e-196,3.9617e-196,3.9617e-196,3.9617e-196,3.9617e-196
2.377e-196,2.377e-196,2.377e-196,2.377e-196,2.377e-196
1.4262e-196,1.4262e-196,1.4262e-196,1.4262e-196,1.4262e-196
8.5574e-197,8.5574e-197,8.5574e-197,8.5574e-197,8.5574e-197
5.1344e-197,5.1344e-197,5.1344e-197,5.1344e-197,5.1344e-197
3.0807e-197,3.0807e-197,3.0807e-197,3.0807e-197,3.0807e-197
1.8484e-197,1.8484e-197,1.8484e-197,1.8484e-197,1.8484e-197
1.109e-197,1.109e-197,1.109e-197,1.109e-197,1.109e-197
6.6542e-198,6.6542e-198,6.6542e-198,6.6542e-198,6.6542e-198
3.9925e-198,3.9925e-198,3.9925e-198,3.9925e-198,3.9925e-198
2.3955e-198,2.3955e-198,2.3955e-198,2.3955e-198,2.3955e-198
1.4373e-198,1.4373e-198,1.4373e-198,1.4373e-198,1.4373e-198
8.6239e-199,8.6239e-199,8.6239e-199,8.6239e-199,8.6239e-199
5.1743e-199,5.1743e-199,5.1743e-199,5.1743e-199,5.1743e-199
3.1046e-199,3.1046e-199,3.1046e-199,3.1046e-199,3.1046e-199
1.8628e-199,1.8628e-199,1.8628e-199,1.8628e-199,1.8628e-199
1.1177e-199,1.1177e-199,1.1177e-199,1.1177e-199,1.1177e-199
6.7059e-200,6.7059e-200,6.7059e-200,6.7059e-200,6.7059e-200
4.0235e-200,4.0235e-200,4.0235e-200,4.0235e-200,4.0235e-200
2.4141e-200,2.4141e-200,2.4141e-200,2.4141e-200,2.4141e-200
1.4485e-200,1.4485e-200,1.4485e-200,1.4485e-200,1.4485e-200
8.6909e-201,8.6909e-201,8.6909e-201,8.6909e-201,8.6909e-201
5.2145e-201,5.2145e-201,5.2145e-201,5.2145e-201,5.2145e-201
3.1287e-201,3.1287e-201,3.1287e-201,3.1287e-201,3.1287e-201
1.8772e-201,1.8772e-201,1.8772e-201,1.8772e-201,1.8772e-201
1.1263e-201,1.1263e-201,1.1263e-201,1.1263e-201,1.1263e-201
6.758e-202,6.758e-202,6.758e-202,6.758e-202,6.758e-202
4.0548e-202,4.0548e-202,4.0548e-202,4.0548e-202,4.0548e-202
2.4329e-202,2.4329e-202,2.4329e-202,2.4329e-202,2.4329e-202
1.4597e-202,1.4597e-202,1.4597e-202,1.4597e-202,1.4597e-202
8.7584e-203,8.7584e-203,8.7584e-203,8.7584e-203,8.7584e-203
5.255e-203,5.255e-203,5.255e-203,5.255e-203,5.255e-203
3.153e-203,3.153e-203,3.153e-203,3.153e-203,3.153e-203
1.8918e-203,1.8918e-203,1.8918e-203,1.8918e-203,1.8918e-203
1.1351e-203,1.1351e-203,1.1351e-203,1.1351e-203,1.1351e-203
6.8105e-204,6.8105e-204,6.8105e-204,6.8105e-204,6.8105e-204
4.0863e-204,4.0863e-204,4.0863e-204,4.0863e-204,4.0863e-204
2.4518e-204,2.4518e-204,2.4518e-204,2.4518e-204,2.4518e-204
1.4711e-204,1.4711e-204,1.4711e-204,1.4711e-204,1.4711e-204
8.8264e-205,8.8264e-205,8.8264e-205,8.8264e-205,8.8264e-205
5.2959e-205,5.2959e-205,5.2959e-205,5.2959e-205,5.2959e-205
3.1775e-205,3.1775e-205,3.1775e-205,3.1775e-205,3.1775e-205
1.9065e-205,1.9065e-205,1.9065e-205,1.9065e-205,1.9065e-205
1.1439e-205,1.1439e-205,1.1439e-205,1.1439e-205,1.1439e-205
6.8634e-206,6.8634e-206,6.8634e-206,6.8634e-206,6.8634e-206
4.1181e-206,4.1181e-206,4.1181e-206,4.1181e-206,4.1181e-206
2.4708e-206,2.4708e-206,2.4708e-206,2.4708e-206,2.4708e-206
1.4825e-206,1.4825e-206,1.4825e-206,1.4825e-206,1.4825e-206
8.895e-207,8.895e-207,8.895e-207,8.895e-207,8.895e-207
5.337e-207,5.337e-207,5.337e-207,5.337e-207,5.337e-207
3.2022e-207,3.2022e-207,3.2022e-207,3.2022e-207,3.2022e-207
1.9213e-207,1.9213e-207,1.9213e-207,1.9213e-207,1.9213e-207
1.1528e-207,1.1528e-207,1.1528e-207,1.1528e-207,1.1528e-207
6.9168e-208,6.9168e-208,6.9168e-208,6.9168e-208,6.9168e-208
4.1501e-208,4.1501e-208,4.1501e-208,4.1501e-208,4.1501e-208
2.49e-208,2.49e-208,2.49e-208,2.49e-208,2.49e-208
1.494e-208,1.494e-208,1.494e-208,1.494e-208,1.494e-208
8.9641e-209,8.9641e-209,8.9641e-209,8.9641e-209,8.9641e-209
5.3785e-209,5.3785e-209,5.3785e-209,5.3785e-209,5.3785e-209
3.2271e-209,3.2271e-209,3.2271e-209,3.2271e-209,3.2271e-209
1.9363e-209,1.9363e-209,1.9363e-209,1.9363e-209,1.9363e-209
1.1618e-209,1.1618e-209,1.1618e-209,1.1618e-209,1.1618e-209
6.9705e-210,6.9705e-210,6.9705e-210,6.9705e-210,6.9705e-210
4.1823e-210,4.1823e-210,4.1823e-210,4.1823e-210,4.1823e-210
2.5094e-210,2.5094e-210,2.5094e-210,2.5094e-210,2.5094e-210
1.5056e-210,1.5056e-210,1.5056e-210,1.5056e-210,1.5056e-210
9.0338e-211,9.0338e-211,9.0338e-211,9.0338e-211,9.0338e-211
5.4203e-211,5.4203e-211,5.4203e-211,5.4203e-211,5.4203e-211
3.2522e-211,3.2522e-211,3.2522e-211,3.2522e-211,3.2522e-211
1.9513e-211,1.9513e-211,1.9513e-211,1.9513e-211,1.9513e-211
1.1708e-211,1.1708e-211,1.1708e-211,1.1708e-211,1.1708e-211
7.0247e-212,7.0247e-212,7.0247e-212,7.0247e-212,7.0247e-212
4.2148e-212,4.2148e-212,4.2148e-212,4.2148e-212,4.2148e-212
2.5289e-212,2.5289e-212,2.5289e-212,2.5289e-212,2.5289e-212
1.5173e-212,1.5173e-212,1.5173e-212,1.5173e-212,1.5173e-212
9.104e-213,9.104e-213,9.104e-213,9.104e-213,9.104e-213
5.4624e-213,5.4624e-213,5.4624e-213,5.4624e-213,5.4624e-213
3.2774e-213,3.2774e-213,3.2774e-213,3.2774e-213,3.2774e-213
1.9665e-213,1.9665e-213,1.9665e-213,1.9665e-213,1.9665e-213
1.1799e-213,1.1799e-213,1.1799e-213,1.1799e-213,1.1799e-213
7.0792e-214,7.0792e-214,7.0792e-214,7.0792e-214,7.0792e-214
4.2475e-214,4.2475e-214,4.2475e-214,4.2475e-214,4.2475e-214
2.5485e-214,2.5485e-214,2.5485e-214,2.5485e-214,2.5485e-214
1.5291e-214,1.5291e-214,1.5291e-214,1.5291e-214,1.5291e-214
9.1747e-215,9.1747e-215,9.1747e-215,9.1747e-215,9.1747e-215
5.5048e-215,5.5048e-215,5.5048e-215,5.5048e-215,5.5048e-215
3.3029e-215,3.3029e-215,3.3029e-215,3.3029e-215,3.3029e-215
1.9817e-215,1.9817e-215,1.9817e-215,1.9817e-215,1.9817e-215
1.189e-215,1.189e-215,1.189e-215,1.189e-215,1.189e-215
7.1342e-216,7.1342e-216,7.1342e-216,7.1342e-216,7.1342e-216
4.2805e-216,4.2805e-216,4.2805e-216,4.2805e-216,4.2805e-216
2.5683e-216,2.5683e-216,2.5683e-216,2.5683e-216,2.5683e-216
1.541e-216,1.541e-216,1.541e-216,1.541e-216,1.541e-216
9.246e-217,9.246e-217,9.246e-217,9.246e-217,9.246e-217
5.5476e-217,5.5476e-217,5.5476e-217,5.5476e-217,5.5476e-217
3.3286e-217,3.3286e-217,3.3286e-217,3.3286e-217,3.3286e-217
1.9971e-217,1.9971e-217,1.9971e-217,1.9971e-217,1.9971e-217
1.1983e-217,1.1983e-217,1.1983e-217,1.1983e-217,1.1983e-217
7.1897e-218,7.1897e-218,7.1897e-218,7.1897e-218,7.1897e-218
4.3138e-218,4.3138e-218,4.3138e-218,4.3138e-218,4.3138e-218
2.5883e-218,2.5883e-218,2.5883e-218,2.5883e-218,2.5883e-218
1.553e-218,1.553e-218,1.553e-218,1.553e-218,1.553e-218
9.3178e-219,9.3178e-219,9.3178e-219,9.3178e-219,9.3178e-219
5.5907e-219,5.5907e-219,5.5907e-219,5.5907e-219,5.5907e-219
3.3544e-219,3.3544e-219,3.3544e-219,3.3544e-219,3.3544e-219
2.0126e-219,2.0126e-219,2.0126e-219,2.0126e-219,2.0126e-219
1.2076e-219,1.2076e-219,1.2076e-219,1.2076e-219,1.2076e-219
7.2455e-220,7.2455e-220,7.2455e-220,7.2455e-220,7.2455e-220
4.3473e-220,4.3473e-220,4.3473e-220,4.3473e-220,4.3473e-220
2.6084e-220,2.6084e-220,2.6084e-220,2.6084e-220,2.6084e-220
1.565e-220,1.565e-220,1.565e-220,1.565e-220,1.565e-220
9.3902e-221,9.3902e-221,9.3902e-221,9.3902e-221,9.3902e-221
5.6341e-221,5.6341e-221,5.6341e-221,5.6341e-221,5.6341e-221
3.3805e-221,3.3805e-221,3.3805e-221,3.3805e-221,3.3805e-221
2.0283e-221,2.0283e-221,2.0283e-221,2.0283e-221,2.0283e-221
1.217e-221,1.217e-221,1.217e-221,1.217e-221,1.217e-221
7.3018e-222,7.3018e-222,7.3018e-222,7.3018e-222,7.3018e-222
4.3811e-222,4.3811e-222,4.3811e-222,4.3811e-222,4.3811e-222
2.6287e-222,2.6287e-222,2.6287e-222,2.6287e-222,2.6287e-222
1.5772e-222,1.5772e-222,1.5772e-222,1.5772e-222,1.5772e-222
9.4632e-223,9.4632e-223,9.4632e-223,9.4632e-223,9.4632e-223
5.6779e-223,5.6779e-223,5.6779e-223,5.6779e-223,5.6779e-223
3.4067e-223,3.4067e-223,3.4067e-223,3.4067e-223,3.4067e-223
