0.1,0.2,0.3,0.5,0.6
0.1248,0.1232,0.1656,0.188,0.1584
0.092871,0.093943,0.10678,0.11401,0.10551
0.070038,0.070347,0.075191,0.077864,0.074662
0.053119,0.053248,0.05518,0.056247,0.054972
0.040662,0.040716,0.041522,0.041967,0.041435
0.031389,0.031412,0.031759,0.03195,0.031721
0.024403,0.024413,0.024565,0.024649,0.024549
0.019082,0.019086,0.019154,0.019191,0.019147
0.01499,0.014992,0.015023,0.015039,0.015019
0.01182,0.01182,0.011834,0.011842,0.011833
0.0093472,0.0093476,0.009354,0.0093574,0.0093533
0.0074094,0.0074096,0.0074125,0.0074141,0.0074122
0.0058843,0.0058844,0.0058857,0.0058865,0.0058856
0.0046801,0.0046801,0.0046807,0.0046811,0.0046807
0.0037267,0.0037267,0.003727,0.0037272,0.003727
0.0029703,0.0029703,0.0029704,0.0029705,0.0029704
0.0023692,0.0023692,0.0023693,0.0023693,0.0023693
0.0018909,0.0018909,0.0018909,0.0018909,0.0018909
0.0015099,0.0015099,0.0015099,0.0015099,0.0015099
0.0012061,0.0012061,0.0012061,0.0012061,0.0012061
0.0009637,0.0009637,0.0009637,0.0009637,0.0009637
0.00077022,0.00077022,0.00077022,0.00077022,0.00077022
0.0006157,0.0006157,0.0006157,0.0006157,0.0006157
0.00049226,0.00049226,0.00049226,0.00049226,0.00049226
0.00039361,0.00039361,0.00039361,0.00039361,0.00039361
0.00031476,0.00031476,0.00031476,0.00031476,0.00031476
0.00025173,0.00025173,0.00025173,0.00025173,0.00025173
0.00020134,0.00020134,0.00020134,0.00020134,0.00020134
0.00016104,0.00016104,0.00016104,0.00016104,0.00016104
0.00012881,0.00012881,0.00012881,0.00012881,0.00012881
0.00010303,0.00010303,0.00010303,0.00010303,0.00010303
8.2418e-05,8.2418e-05,8.2418e-05,8.2418e-05,8.2418e-05
6.5929e-05,6.5929e-05,6.5929e-05,6.5929e-05,6.5929e-05
5.274e-05,5.274e-05,5.274e-05,5.274e-05,5.274e-05
4.2189e-05,4.2189e-05,4.2189e-05,4.2189e-05,4.2189e-05
3.375e-05,3.375e-05,3.375e-05,3.375e-05,3.375e-05
2.6999e-05,2.6999e-05,2.6999e-05,2.6999e-05,2.6999e-05
2.1599e-05,2.1599e-05,2.1599e-05,2.1599e-05,2.1599e-05
1.7279e-05,1.7279e-05,1.7279e-05,1.7279e-05,1.7279e-05
1.3823e-05,1.3823e-05,1.3823e-05,1.3823e-05,1.3823e-05
1.1058e-05,1.1058e-05,1.1058e-05,1.1058e-05,1.1058e-05
8.8463e-06,8.8463e-06,8.8463e-06,8.8463e-06,8.8463e-06
7.077e-06,7.077e-06,7.077e-06,7.077e-06,7.077e-06
5.6615e-06,5.6615e-06,5.6615e-06,5.6615e-06,5.6615e-06
4.5292e-06,4.5292e-06,4.5292e-06,4.5292e-06,4.5292e-06
3.6233e-06,3.6233e-06,3.6233e-06,3.6233e-06,3.6233e-06
2.8987e-06,2.8987e-06,2.8987e-06,2.8987e-06,2.8987e-06
2.3189e-06,2.3189e-06,2.3189e-06,2.3189e-06,2.3189e-06
1.8551e-06,1.8551e-06,1.8551e-06,1.8551e-06,1.8551e-06
1.4841e-06,1.4841e-06,1.4841e-06,1.4841e-06,1.4841e-06
1.1873e-06,1.1873e-06,1.1873e-06,1.1873e-06,1.1873e-06
9.4983e-07,9.4983e-07,9.4983e-07,9.4983e-07,9.4983e-07
7.5986e-07,7.5986e-07,7.5986e-07,7.5986e-07,7.5986e-07
6.0789e-07,6.0789e-07,6.0789e-07,6.0789e-07,6.0789e-07
4.8631e-07,4.8631e-07,4.8631e-07,4.8631e-07,4.8631e-07
3.8905e-07,3.8905e-07,3.8905e-07,3.8905e-07,3.8905e-07
3.1124e-07,3.1124e-07,3.1124e-07,3.1124e-07,3.1124e-07
2.4899e-07,2.4899e-07,2.4899e-07,2.4899e-07,2.4899e-07
1.9919e-07,1.9919e-07,1.9919e-07,1.9919e-07,1.9919e-07
1.5935e-07,1.5935e-07,1.5935e-07,1.5935e-07,1.5935e-07
1.2748e-07,1.2748e-07,1.2748e-07,1.2748e-07,1.2748e-07
1.0199e-07,1.0199e-07,1.0199e-07,1.0199e-07,1.0199e-07
8.1589e-08,8.1589e-08,8.1589e-08,8.1589e-08,8.1589e-08
6.5271e-08,6.5271e-08,6.5271e-08,6.5271e-08,6.5271e-08
5.2217e-08,5.2217e-08,5.2217e-08,5.2217e-08,5.2217e-08
4.1774e-08,4.1774e-08,4.1774e-08,4.1774e-08,4.1774e-08
3.3419e-08,3.3419e-08,3.3419e-08,3.3419e-08,3.3419e-08
2.6735e-08,2.6735e-08,2.6735e-08,2.6735e-08,2.6735e-08
2.1388e-08,2.1388e-08,2.1388e-08,2.1388e-08,2.1388e-08
1.711e-08,1.711e-08,1.711e-08,1.711e-08,1.711e-08
1.3688e-08,1.3688e-08,1.3688e-08,1.3688e-08,1.3688e-08
1.0951e-08,1.0951e-08,1.0951e-08,1.0951e-08,1.0951e-08
8.7606e-09,8.7606e-09,8.7606e-09,8.7606e-09,8.7606e-09
7.0084e-09,7.0084e-09,7.0084e-09,7.0084e-09,7.0084e-09
5.6068e-09,5.6068e-09,5.6068e-09,5.6068e-09,5.6068e-09
4.4854e-09,4.4854e-09,4.4854e-09,4.4854e-09,4.4854e-09
3.5883e-09,3.5883e-09,3.5883e-09,3.5883e-09,3.5883e-09
2.8707e-09,2.8707e-09,2.8707e-09,2.8707e-09,2.8707e-09
2.2965e-09,2.2965e-09,2.2965e-09,2.2965e-09,2.2965e-09
1.8372e-09,1.8372e-09,1.8372e-09,1.8372e-09,1.8372e-09
1.4698e-09,1.4698e-09,1.4698e-09,1.4698e-09,1.4698e-09
1.1758e-09,1.1758e-09,1.1758e-09,1.1758e-09,1.1758e-09
9.4066e-10,9.4066e-10,9.4066e-10,9.4066e-10,9.4066e-10
7.5253e-10,7.5253e-10,7.5253e-10,7.5253e-10,7.5253e-10
6.0202e-10,6.0202e-10,6.0202e-10,6.0202e-10,6.0202e-10
4.8162e-10,4.8162e-10,4.8162e-10,4.8162e-10,4.8162e-10
3.8529e-10,3.8529e-10,3.8529e-10,3.8529e-10,3.8529e-10
3.0823e-10,3.0823e-10,3.0823e-10,3.0823e-10,3.0823e-10
2.4659e-10,2.4659e-10,2.4659e-10,2.4659e-10,2.4659e-10
1.9727e-10,1.9727e-10,1.9727e-10,1.9727e-10,1.9727e-10
1.5782e-10,1.5782e-10,1.5782e-10,1.5782e-10,1.5782e-10
1.2625e-10,1.2625e-10,1.2625e-10,1.2625e-10,1.2625e-10
1.01e-10,1.01e-10,1.01e-10,1.01e-10,1.01e-10
8.0802e-11,8.0802e-11,8.0802e-11,8.0802e-11,8.0802e-11
6.4642e-11,6.4642e-11,6.4642e-11,6.4642e-11,6.4642e-11
5.1713e-11,5.1713e-11,5.1713e-11,5.1713e-11,5.1713e-11
4.1371e-11,4.1371e-11,4.1371e-11,4.1371e-11,4.1371e-11
3.3096e-11,3.3096e-11,3.3096e-11,3.3096e-11,3.3096e-11
2.6477e-11,2.6477e-11,2.6477e-11,2.6477e-11,2.6477e-11
2.1182e-11,2.1182e-11,2.1182e-11,2.1182e-11,2.1182e-11
1.6945e-11,1.6945e-11,1.6945e-11,1.6945e-11,1.6945e-11
1.3556e-11,1.3556e-11,1.3556e-11,1.3556e-11,1.3556e-11
1.0845e-11,1.0845e-11,1.0845e-11,1.0845e-11,1.0845e-11
8.676e-12,8.676e-12,8.676e-12,8.676e-12,8.676e-12
6.9408e-12,6.9408e-12,6.9408e-12,6.9408e-12,6.9408e-12
5.5527e-12,5.5527e-12,5.5527e-12,5.5527e-12,5.5527e-12
4.4421e-12,4.4421e-12,4.4421e-12,4.4421e-12,4.4421e-12
3.5537e-12,3.5537e-12,3.5537e-12,3.5537e-12,3.5537e-12
2.843e-12,2.843e-12,2.843e-12,2.843e-12,2.843e-12
2.2744e-12,2.2744e-12,2.2744e-12,2.2744e-12,2.2744e-12
1.8195e-12,1.8195e-12,1.8195e-12,1.8195e-12,1.8195e-12
1.4556e-12,1.4556e-12,1.4556e-12,1.4556e-12,1.4556e-12
1.1645e-12,1.1645e-12,1.1645e-12,1.1645e-12,1.1645e-12
9.3158e-13,9.3158e-13,9.3158e-13,9.3158e-13,9.3158e-13
7.4527e-13,7.4527e-13,7.4527e-13,7.4527e-13,7.4527e-13
5.9621e-13,5.9621e-13,5.9621e-13,5.9621e-13,5.9621e-13
4.7697e-13,4.7697e-13,4.7697e-13,4.7697e-13,4.7697e-13
3.8158e-13,3.8158e-13,3.8158e-13,3.8158e-13,3.8158e-13
3.0526e-13,3.0526e-13,3.0526e-13,3.0526e-13,3.0526e-13
2.4421e-13,2.4421e-13,2.4421e-13,2.4421e-13,2.4421e-13
1.9537e-13,1.9537e-13,1.9537e-13,1.9537e-13,1.9537e-13
1.5629e-13,1.5629e-13,1.5629e-13,1.5629e-13,1.5629e-13
1.2503e-13,1.2503e-13,1.2503e-13,1.2503e-13,1.2503e-13
1.0003e-13,1.0003e-13,1.0003e-13,1.0003e-13,1.0003e-13
8.0022e-14,8.0022e-14,8.0022e-14,8.0022e-14,8.0022e-14
6.4018e-14,6.4018e-14,6.4018e-14,6.4018e-14,6.4018e-14
5.1214e-14,5.1214e-14,5.1214e-14,5.1214e-14,5.1214e-14
4.0971e-14,4.0971e-14,4.0971e-14,4.0971e-14,4.0971e-14
3.2777e-14,3.2777e-14,3.2777e-14,3.2777e-14,3.2777e-14
2.6222e-14,2.6222e-14,2.6222e-14,2.6222e-14,2.6222e-14
2.0977e-14,2.0977e-14,2.0977e-14,2.0977e-14,2.0977e-14
1.6782e-14,1.6782e-14,1.6782e-14,1.6782e-14,1.6782e-14
1.3426e-14,1.3426e-14,1.3426e-14,1.3426e-14,1.3426e-14
1.074e-14,1.074e-14,1.074e-14,1.074e-14,1.074e-14
8.5923e-15,8.5923e-15,8.5923e-15,8.5923e-15,8.5923e-15
6.8739e-15,6.8739e-15,6.8739e-15,6.8739e-15,6.8739e-15
5.4991e-15,5.4991e-15,5.4991e-15,5.4991e-15,5.4991e-15
4.3993e-15,4.3993e-15,4.3993e-15,4.3993e-15,4.3993e-15
3.5194e-15,3.5194e-15,3.5194e-15,3.5194e-15,3.5194e-15
2.8155e-15,2.8155e-15,2.8155e-15,2.8155e-15,2.8155e-15
2.2524e-15,2.2524e-15,2.2524e-15,2.2524e-15,2.2524e-15
1.8019e-15,1.8019e-15,1.8019e-15,1.8019e-15,1.8019e-15
1.4416e-15,1.4416e-15,1.4416e-15,1.4416e-15,1.4416e-15
1.1532e-15,1.1532e-15,1.1532e-15,1.1532e-15,1.1532e-15
9.2259e-16,9.2259e-16,9.2259e-16,9.2259e-16,9.2259e-16
7.3808e-16,7.3808e-16,7.3808e-16,7.3808e-16,7.3808e-16
5.9046e-16,5.9046e-16,5.9046e-16,5.9046e-16,5.9046e-16
4.7237e-16,4.7237e-16,4.7237e-16,4.7237e-16,4.7237e-16
3.7789e-16,3.7789e-16,3.7789e-16,3.7789e-16,3.7789e-16
3.0232e-16,3.0232e-16,3.0232e-16,3.0232e-16,3.0232e-16
2.4185e-16,2.4185e-16,2.4185e-16,2.4185e-16,2.4185e-16
1.9348e-16,1.9348e-16,1.9348e-16,1.9348e-16,1.9348e-16
1.5479e-16,1.5479e-16,1.5479e-16,1.5479e-16,1.5479e-16
1.2383e-16,1.2383e-16,1.2383e-16,1.2383e-16,1.2383e-16
9.9063e-17,9.9063e-17,9.9063e-17,9.9063e-17,9.9063e-17
7.925e-17,7.925e-17,7.925e-17,7.925e-17,7.925e-17
6.34e-17,6.34e-17,6.34e-17,6.34e-17,6.34e-17
5.072e-17,5.072e-17,5.072e-17,5.072e-17,5.072e-17
4.0576e-17,4.0576e-17,4.0576e-17,4.0576e-17,4.0576e-17
3.2461e-17,3.2461e-17,3.2461e-17,3.2461e-17,3.2461e-17
2.5969e-17,2.5969e-17,2.5969e-17,2.5969e-17,2.5969e-17
2.0775e-17,2.0775e-17,2.0775e-17,2.0775e-17,2.0775e-17
1.662e-17,1.662e-17,1.662e-17,1.662e-17,1.662e-17
1.3296e-17,1.3296e-17,1.3296e-17,1.3296e-17,1.3296e-17
1.0637e-17,1.0637e-17,1.0637e-17,1.0637e-17,1.0637e-17
8.5094e-18,8.5094e-18,8.5094e-18,8.5094e-18,8.5094e-18
6.8075e-18,6.8075e-18,6.8075e-18,6.8075e-18,6.8075e-18
5.446e-18,5.446e-18,5.446e-18,5.446e-18,5.446e-18
4.3568e-18,4.3568e-18,4.3568e-18,4.3568e-18,4.3568e-18
3.4855e-18,3.4855e-18,3.4855e-18,3.4855e-18,3.4855e-18
2.7884e-18,2.7884e-18,2.7884e-18,2.7884e-18,2.7884e-18
2.2307e-18,2.2307e-18,2.2307e-18,2.2307e-18,2.2307e-18
1.7846e-18,1.7846e-18,1.7846e-18,1.7846e-18,1.7846e-18
1.4276e-18,1.4276e-18,1.4276e-18,1.4276e-18,1.4276e-18
1.1421e-18,1.1421e-18,1.1421e-18,1.1421e-18,1.1421e-18
9.1369e-19,9.1369e-19,9.1369e-19,9.1369e-19,9.1369e-19
7.3095e-19,7.3095e-19,7.3095e-19,7.3095e-19,7.3095e-19
5.8476e-19,5.8476e-19,5.8476e-19,5.8476e-19,5.8476e-19
4.6781e-19,4.6781e-19,4.6781e-19,4.6781e-19,4.6781e-19
3.7425e-19,3.7425e-19,3.7425e-19,3.7425e-19,3.7425e-19
2.994e-19,2.994e-19,2.994e-19,2.994e-19,2.994e-19
2.3952e-19,2.3952e-19,2.3952e-19,2.3952e-19,2.3952e-19
1.9162e-19,1.9162e-19,1.9162e-19,1.9162e-19,1.9162e-19
1.5329e-19,1.5329e-19,1.5329e-19,1.5329e-19,1.5329e-19
1.2263e-19,1.2263e-19,1.2263e-19,1.2263e-19,1.2263e-19
9.8107e-20,9.8107e-20,9.8107e-20,9.8107e-20,9.8107e-20
7.8486e-20,7.8486e-20,7.8486e-20,7.8486e-20,7.8486e-20
6.2789e-20,6.2789e-20,6.2789e-20,6.2789e-20,6.2789e-20
5.0231e-20,5.0231e-20,5.0231e-20,5.0231e-20,5.0231e-20
4.0185e-20,4.0185e-20,4.0185e-20,4.0185e-20,4.0185e-20
3.2148e-20,3.2148e-20,3.2148e-20,3.2148e-20,3.2148e-20
2.5718e-20,2.5718e-20,2.5718e-20,2.5718e-20,2.5718e-20
2.0575e-20,2.0575e-20,2.0575e-20,2.0575e-20,2.0575e-20
1.646e-20,1.646e-20,1.646e-20,1.646e-20,1.646e-20
1.3168e-20,1.3168e-20,1.3168e-20,1.3168e-20,1.3168e-20
1.0534e-20,1.0534e-20,1.0534e-20,1.0534e-20,1.0534e-20
8.4273e-21,8.4273e-21,8.4273e-21,8.4273e-21,8.4273e-21
6.7419e-21,6.7419e-21,6.7419e-21,6.7419e-21,6.7419e-21
5.3935e-21,5.3935e-21,5.3935e-21,5.3935e-21,5.3935e-21
4.3148e-21,4.3148e-21,4.3148e-21,4.3148e-21,4.3148e-21
3.4518e-21,3.4518e-21,3.4518e-21,3.4518e-21,3.4518e-21
2.7615e-21,2.7615e-21,2.7615e-21,2.7615e-21,2.7615e-21
2.2092e-21,2.2092e-21,2.2092e-21,2.2092e-21,2.2092e-21
1.7673e-21,1.7673e-21,1.7673e-21,1.7673e-21,1.7673e-21
1.4139e-21,1.4139e-21,1.4139e-21,1.4139e-21,1.4139e-21
1.1311e-21,1.1311e-21,1.1311e-21,1.1311e-21,1.1311e-21
9.0488e-22,9.0488e-22,9.0488e-22,9.0488e-22,9.0488e-22
7.239e-22,7.239e-22,7.239e-22,7.239e-22,7.239e-22
5.7912e-22,5.7912e-22,5.7912e-22,5.7912e-22,5.7912e-22
4.633e-22,4.633e-22,4.633e-22,4.633e-22,4.633e-22
3.7064e-22,3.7064e-22,3.7064e-22,3.7064e-22,3.7064e-22
2.9651e-22,2.9651e-22,2.9651e-22,2.9651e-22,2.9651e-22
2.3721e-22,2.3721e-22,2.3721e-22,2.3721e-22,2.3721e-22
1.8977e-22,1.8977e-22,1.8977e-22,1.8977e-22,1.8977e-22
1.5181e-22,1.5181e-22,1.5181e-22,1.5181e-22,1.5181e-22
1.2145e-22,1.2145e-22,1.2145e-22,1.2145e-22,1.2145e-22
9.7161e-23,9.7161e-23,9.7161e-23,9.7161e-23,9.7161e-23
7.7728e-23,7.7728e-23,7.7728e-23,7.7728e-23,7.7728e-23
6.2183e-23,6.2183e-23,6.2183e-23,6.2183e-23,6.2183e-23
4.9746e-23,4.9746e-23,4.9746e-23,4.9746e-23,4.9746e-23
3.9797e-23,3.9797e-23,3.9797e-23,3.9797e-23,3.9797e-23
3.1838e-23,3.1838e-23,3.1838e-23,3.1838e-23,3.1838e-23
2.547e-23,2.547e-23,2.547e-23,2.547e-23,2.547e-23
2.0376e-23,2.0376e-23,2.0376e-23,2.0376e-23,2.0376e-23
1.6301e-23,1.6301e-23,1.6301e-23,1.6301e-23,1.6301e-23
1.3041e-23,1.3041e-23,1.3041e-23,1.3041e-23,1.3041e-23
1.0433e-23,1.0433e-23,1.0433e-23,1.0433e-23,1.0433e-23
8.346e-24,8.346e-24,8.346e-24,8.346e-24,8.346e-24
6.6768e-24,6.6768e-24,6.6768e-24,6.6768e-24,6.6768e-24
5.3415e-24,5.3415e-24,5.3415e-24,5.3415e-24,5.3415e-24
4.2732e-24,4.2732e-24,4.2732e-24,4.2732e-24,4.2732e-24
3.4185e-24,3.4185e-24,3.4185e-24,3.4185e-24,3.4185e-24
2.7348e-24,2.7348e-24,2.7348e-24,2.7348e-24,2.7348e-24
2.1879e-24,2.1879e-24,2.1879e-24,2.1879e-24,2.1879e-24
1.7503e-24,1.7503e-24,1.7503e-24,1.7503e-24,1.7503e-24
1.4002e-24,1.4002e-24,1.4002e-24,1.4002e-24,1.4002e-24
1.1202e-24,1.1202e-24,1.1202e-24,1.1202e-24,1.1202e-24
8.9615e-25,8.9615e-25,8.9615e-25,8.9615e-25,8.9615e-25
7.1692e-25,7.1692e-25,7.1692e-25,7.1692e-25,7.1692e-25
5.7353e-25,5.7353e-25,5.7353e-25,5.7353e-25,5.7353e-25
4.5883e-25,4.5883e-25,4.5883e-25,4.5883e-25,4.5883e-25
3.6706e-25,3.6706e-25,3.6706e-25,3.6706e-25,3.6706e-25
2.9365e-25,2.9365e-25,2.9365e-25,2.9365e-25,2.9365e-25
2.3492e-25,2.3492e-25,2.3492e-25,2.3492e-25,2.3492e-25
1.8794e-25,1.8794e-25,1.8794e-25,1.8794e-25,1.8794e-25
1.5035e-25,1.5035e-25,1.5035e-25,1.5035e-25,1.5035e-25
1.2028e-25,1.2028e-25,1.2028e-25,1.2028e-25,1.2028e-25
9.6223e-26,9.6223e-26,9.6223e-26,9.6223e-26,9.6223e-26
7.6979e-26,7.6979e-26,7.6979e-26,7.6979e-26,7.6979e-26
6.1583e-26,6.1583e-26,6.1583e-26,6.1583e-26,6.1583e-26
4.9266e-26,4.9266e-26,4.9266e-26,4.9266e-26,4.9266e-26
3.9413e-26,3.9413e-26,3.9413e-26,3.9413e-26,3.9413e-26
3.153e-26,3.153e-26,3.153e-26,3.153e-26,3.153e-26
2.5224e-26,2.5224e-26,2.5224e-26,2.5224e-26,2.5224e-26
2.0179e-26,2.0179e-26,2.0179e-26,2.0179e-26,2.0179e-26
1.6144e-26,1.6144e-26,1.6144e-26,1.6144e-26,1.6144e-26
1.2915e-26,1.2915e-26,1.2915e-26,1.2915e-26,1.2915e-26
1.0332e-26,1.0332e-26,1.0332e-26,1.0332e-26,1.0332e-26
8.2655e-27,8.2655e-27,8.2655e-27,8.2655e-27,8.2655e-27
6.6124e-27,6.6124e-27,6.6124e-27,6.6124e-27,6.6124e-27
5.2899e-27,5.2899e-27,5.2899e-27,5.2899e-27,5.2899e-27
4.2319e-27,4.2319e-27,4.2319e-27,4.2319e-27,4.2319e-27
3.3856e-27,3.3856e-27,3.3856e-27,3.3856e-27,3.3856e-27
2.7084e-27,2.7084e-27,2.7084e-27,2.7084e-27,2.7084e-27
2.1668e-27,2.1668e-27,2.1668e-27,2.1668e-27,2.1668e-27
1.7334e-27,1.7334e-27,1.7334e-27,1.7334e-27,1.7334e-27
1.3867e-27,1.3867e-27,1.3867e-27,1.3867e-27,1.3867e-27
1.1094e-27,1.1094e-27,1.1094e-27,1.1094e-27,1.1094e-27
8.875e-28,8.875e-28,8.875e-28,8.875e-28,8.875e-28
7.1e-28,7.1e-28,7.1e-28,7.1e-28,7.1e-28
5.68e-28,5.68e-28,5.68e-28,5.68e-28,5.68e-28
4.544e-28,4.544e-28,4.544e-28,4.544e-28,4.544e-28
3.6352e-28,3.6352e-28,3.6352e-28,3.6352e-28,3.6352e-28
2.9082e-28,2.9082e-28,2.9082e-28,2.9082e-28,2.9082e-28
2.3265e-28,2.3265e-28,2.3265e-28,2.3265e-28,2.3265e-28
1.8612e-28,1.8612e-28,1.8612e-28,1.8612e-28,1.8612e-28
1.489e-28,1.489e-28,1.489e-28,1.489e-28,1.489e-28
1.1912e-28,1.1912e-28,1.1912e-28,1.1912e-28,1.1912e-28
9.5295e-29,9.5295e-29,9.5295e-29,9.5295e-29,9.5295e-29
7.6236e-29,7.6236e-29,7.6236e-29,7.6236e-29,7.6236e-29
6.0989e-29,6.0989e-29,6.0989e-29,6.0989e-29,6.0989e-29
4.8791e-29,4.8791e-29,4.8791e-29,4.8791e-29,4.8791e-29
3.9033e-29,3.9033e-29,3.9033e-29,3.9033e-29,3.9033e-29
3.1226e-29,3.1226e-29,3.1226e-29,3.1226e-29,3.1226e-29
2.4981e-29,2.4981e-29,2.4981e-29,2.4981e-29,2.4981e-29
1.9985e-29,1.9985e-29,1.9985e-29,1.9985e-29,1.9985e-29
1.5988e-29,1.5988e-29,1.5988e-29,1.5988e-29,1.5988e-29
1.279e-29,1.279e-29,1.279e-29,1.279e-29,1.279e-29
1.0232e-29,1.0232e-29,1.0232e-29,1.0232e-29,1.0232e-29
8.1858e-30,8.1858e-30,8.1858e-30,8.1858e-30,8.1858e-30
6.5486e-30,6.5486e-30,6.5486e-30,6.5486e-30,6.5486e-30
5.2389e-30,5.2389e-30,5.2389e-30,5.2389e-30,5.2389e-30
4.1911e-30,4.1911e-30,4.1911e-30,4.1911e-30,4.1911e-30
3.3529e-30,3.3529e-30,3.3529e-30,3.3529e-30,3.3529e-30
2.6823e-30,2.6823e-30,2.6823e-30,2.6823e-30,2.6823e-30
2.1458e-30,2.1458e-30,2.1458e-30,2.1458e-30,2.1458e-30
1.7167e-30,1.7167e-30,1.7167e-30,1.7167e-30,1.7167e-30
1.3733e-30,1.3733e-30,1.3733e-30,1.3733e-30,1.3733e-30
1.0987e-30,1.0987e-30,1.0987e-30,1.0987e-30,1.0987e-30
8.7894e-31,8.7894e-31,8.7894e-31,8.7894e-31,8.7894e-31
7.0315e-31,7.0315e-31,7.0315e-31,7.0315e-31,7.0315e-31
5.6252e-31,5.6252e-31,5.6252e-31,5.6252e-31,5.6252e-31
4.5002e-31,4.5002e-31,4.5002e-31,4.5002e-31,4.5002e-31
3.6001e-31,3.6001e-31,3.6001e-31,3.6001e-31,3.6001e-31
2.8801e-31,2.8801e-31,2.8801e-31,2.8801e-31,2.8801e-31
2.3041e-31,2.3041e-31,2.3041e-31,2.3041e-31,2.3041e-31
1.8433e-31,1.8433e-31,1.8433e-31,1.8433e-31,1.8433e-31
1.4746e-31,1.4746e-31,1.4746e-31,1.4746e-31,1.4746e-31
1.1797e-31,1.1797e-31,1.1797e-31,1.1797e-31,1.1797e-31
9.4375e-32,9.4375e-32,9.4375e-32,9.4375e-32,9.4375e-32
7.55e-32,7.55e-32,7.55e-32,7.55e-32,7.55e-32
6.04e-32,6.04e-32,6.04e-32,6.04e-32,6.04e-32
4.832e-32,4.832e-32,4.832e-32,4.832e-32,4.832e-32
3.8656e-32,3.8656e-32,3.8656e-32,3.8656e-32,3.8656e-32
3.0925e-32,3.0925e-32,3.0925e-32,3.0925e-32,3.0925e-32
2.474e-32,2.474e-32,2.474e-32,2.474e-32,2.474e-32
1.9792e-32,1.9792e-32,1.9792e-32,1.9792e-32,1.9792e-32
1.5834e-32,1.5834e-32,1.5834e-32,1.5834e-32,1.5834e-32
1.2667e-32,1.2667e-32,1.2667e-32,1.2667e-32,1.2667e-32
1.0133e-32,1.0133e-32,1.0133e-32,1.0133e-32,1.0133e-32
8.1068e-33,8.1068e-33,8.1068e-33,8.1068e-33,8.1068e-33
6.4854e-33,6.4854e-33,6.4854e-33,6.4854e-33,6.4854e-33
5.1883e-33,5.1883e-33,5.1883e-33,5.1883e-33,5.1883e-33
4.1507e-33,4.1507e-33,4.1507e-33,4.1507e-33,4.1507e-33
3.3205e-33,3.3205e-33,3.3205e-33,3.3205e-33,3.3205e-33
2.6564e-33,2.6564e-33,2.6564e-33,2.6564e-33,2.6564e-33
2.1251e-33,2.1251e-33,2.1251e-33,2.1251e-33,2.1251e-33
1.7001e-33,1.7001e-33,1.7001e-33,1.7001e-33,1.7001e-33
1.3601e-33,1.3601e-33,1.3601e-33,1.3601e-33,1.3601e-33
1.0881e-33,1.0881e-33,1.0881e-33,1.0881e-33,1.0881e-33
8.7046e-34,8.7046e-34,8.7046e-34,8.7046e-34,8.7046e-34
6.9637e-34,6.9637e-34,6.9637e-34,6.9637e-34,6.9637e-34
5.5709e-34,5.5709e-34,5.5709e-34,5.5709e-34,5.5709e-34
4.4568e-34,4.4568e-34,4.4568e-34,4.4568e-34,4.4568e-34
3.5654e-34,3.5654e-34,3.5654e-34,3.5654e-34,3.5654e-34
2.8523e-34,2.8523e-34,2.8523e-34,2.8523e-34,2.8523e-34
2.2819e-34,2.2819e-34,2.2819e-34,2.2819e-34,2.2819e-34
1.8255e-34,1.8255e-34,1.8255e-34,1.8255e-34,1.8255e-34
1.4604e-34,1.4604e-34,1.4604e-34,1.4604e-34,1.4604e-34
1.1683e-34,1.1683e-34,1.1683e-34,1.1683e-34,1.1683e-34
9.3465e-35,9.3465e-35,9.3465e-35,9.3465e-35,9.3465e-35
7.4772e-35,7.4772e-35,7.4772e-35,7.4772e-35,7.4772e-35
5.9818e-35,5.9818e-35,5.9818e-35,5.9818e-35,5.9818e-35
4.7854e-35,4.7854e-35,4.7854e-35,4.7854e-35,4.7854e-35
3.8283e-35,3.8283e-35,3.8283e-35,3.8283e-35,3.8283e-35
3.0627e-35,3.0627e-35,3.0627e-35,3.0627e-35,3.0627e-35
2.4501e-35,2.4501e-35,2.4501e-35,2.4501e-35,2.4501e-35
1.9601e-35,1.9601e-35,1.9601e-35,1.9601e-35,1.9601e-35
1.5681e-35,1.5681e-35,1.5681e-35,1.5681e-35,1.5681e-35
1.2545e-35,1.2545e-35,1.2545e-35,1.2545e-35,1.2545e-35
1.0036e-35,1.0036e-35,1.0036e-35,1.0036e-35,1.0036e-35
8.0286e-36,8.0286e-36,8.0286e-36,8.0286e-36,8.0286e-36
6.4229e-36,6.4229e-36,6.4229e-36,6.4229e-36,6.4229e-36
5.1383e-36,5.1383e-36,5.1383e-36,5.1383e-36,5.1383e-36
4.1106e-36,4.1106e-36,4.1106e-36,4.1106e-36,4.1106e-36
3.2885e-36,3.2885e-36,3.2885e-36,3.2885e-36,3.2885e-36
2.6308e-36,2.6308e-36,2.6308e-36,2.6308e-36,2.6308e-36
2.1046e-36,2.1046e-36,2.1046e-36,2.1046e-36,2.1046e-36
1.6837e-36,1.6837e-36,1.6837e-36,1.6837e-36,1.6837e-36
1.347e-36,1.347e-36,1.347e-36,1.347e-36,1.347e-36
1.0776e-36,1.0776e-36,1.0776e-36,1.0776e-36,1.0776e-36
8.6206e-37,8.6206e-37,8.6206e-37,8.6206e-37,8.6206e-37
6.8965e-37,6.8965e-37,6.8965e-37,6.8965e-37,6.8965e-37
5.5172e-37,5.5172e-37,5.5172e-37,5.5172e-37,5.5172e-37
4.4138e-37,4.4138e-37,4.4138e-37,4.4138e-37,4.4138e-37
3.531e-37,3.531e-37,3.531e-37,3.531e-37,3.531e-37
2.8248e-37,2.8248e-37,2.8248e-37,2.8248e-37,2.8248e-37
2.2598e-37,2.2598e-37,2.2598e-37,2.2598e-37,2.2598e-37
1.8079e-37,1.8079e-37,1.8079e-37,1.8079e-37,1.8079e-37
1.4463e-37,1.4463e-37,1.4463e-37,1.4463e-37,1.4463e-37
1.157e-37,1.157e-37,1.157e-37,1.157e-37,1.157e-37
9.2563e-38,9.2563e-38,9.2563e-38,9.2563e-38,9.2563e-38
7.4051e-38,7.4051e-38,7.4051e-38,7.4051e-38,7.4051e-38
5.924e-38,5.924e-38,5.924e-38,5.924e-38,5.924e-38
4.7392e-38,4.7392e-38,4.7392e-38,4.7392e-38,4.7392e-38
3.7914e-38,3.7914e-38,3.7914e-38,3.7914e-38,3.7914e-38
3.0331e-38,3.0331e-38,3.0331e-38,3.0331e-38,3.0331e-38
2.4265e-38,2.4265e-38,2.4265e-38,2.4265e-38,2.4265e-38
1.9412e-38,1.9412e-38,1.9412e-38,1.9412e-38,1.9412e-38
1.553e-38,1.553e-38,1.553e-38,1.553e-38,1.553e-38
1.2424e-38,1.2424e-38,1.2424e-38,1.2424e-38,1.2424e-38
9.9389e-39,9.9389e-39,9.9389e-39,9.9389e-39,9.9389e-39
7.9511e-39,7.9511e-39,7.9511e-39,7.9511e-39,7.9511e-39
6.3609e-39,6.3609e-39,6.3609e-39,6.3609e-39,6.3609e-39
5.0887e-39,5.0887e-39,5.0887e-39,5.0887e-39,5.0887e-39
4.071e-39,4.071e-39,4.071e-39,4.071e-39,4.071e-39
3.2568e-39,3.2568e-39,3.2568e-39,3.2568e-39,3.2568e-39
2.6054e-39,2.6054e-39,2.6054e-39,2.6054e-39,2.6054e-39
2.0843e-39,2.0843e-39,2.0843e-39,2.0843e-39,2.0843e-39
1.6675e-39,1.6675e-39,1.6675e-39,1.6675e-39,1.6675e-39
1.334e-39,1.334e-39,1.334e-39,1.334e-39,1.334e-39
1.0672e-39,1.0672e-39,1.0672e-39,1.0672e-39,1.0672e-39
8.5374e-40,8.5374e-40,8.5374e-40,8.5374e-40,8.5374e-40
6.83e-40,6.83e-40,6.83e-40,6.83e-40,6.83e-40
5.464e-40,5.464e-40,5.464e-40,5.464e-40,5.464e-40
4.3712e-40,4.3712e-40,4.3712e-40,4.3712e-40,4.3712e-40
3.4969e-40,3.4969e-40,3.4969e-40,3.4969e-40,3.4969e-40
2.7975e-40,2.7975e-40,2.7975e-40,2.7975e-40,2.7975e-40
2.238e-40,2.238e-40,2.238e-40,2.238e-40,2.238e-40
1.7904e-40,1.7904e-40,1.7904e-40,1.7904e-40,1.7904e-40
1.4323e-40,1.4323e-40,1.4323e-40,1.4323e-40,1.4323e-40
1.1459e-40,1.1459e-40,1.1459e-40,1.1459e-40,1.1459e-40
9.167e-41,9.167e-41,9.167e-41,9.167e-41,9.167e-41
7.3336e-41,7.3336e-41,7.3336e-41,7.3336e-41,7.3336e-41
5.8669e-41,5.8669e-41,5.8669e-41,5.8669e-41,5.8669e-41
4.6935e-41,4.6935e-41,4.6935e-41,4.6935e-41,4.6935e-41
3.7548e-41,3.7548e-41,3.7548e-41,3.7548e-41,3.7548e-41
3.0038e-41,3.0038e-41,3.0038e-41,3.0038e-41,3.0038e-41
2.4031e-41,2.4031e-41,2.4031e-41,2.4031e-41,2.4031e-41
1.9225e-41,1.9225e-41,1.9225e-41,1.9225e-41,1.9225e-41
1.538e-41,1.538e-41,1.538e-41,1.538e-41,1.538e-41
1.2304e-41,1.2304e-41,1.2304e-41,1.2304e-41,1.2304e-41
9.843e-42,9.843e-42,9.843e-42,9.843e-42,9.843e-42
7.8744e-42,7.8744e-42,7.8744e-42,7.8744e-42,7.8744e-42
6.2995e-42,6.2995e-42,6.2995e-42,6.2995e-42,6.2995e-42
5.0396e-42,5.0396e-42,5.0396e-42,5.0396e-42,5.0396e-42
4.0317e-42,4.0317e-42,4.0317e-42,4.0317e-42,4.0317e-42
3.2254e-42,3.2254e-42,3.2254e-42,3.2254e-42,3.2254e-42
2.5803e-42,2.5803e-42,2.5803e-42,2.5803e-42,2.5803e-42
2.0642e-42,2.0642e-42,2.0642e-42,2.0642e-42,2.0642e-42
1.6514e-42,1.6514e-42,1.6514e-42,1.6514e-42,1.6514e-42
1.3211e-42,1.3211e-42,1.3211e-42,1.3211e-42,1.3211e-42
1.0569e-42,1.0569e-42,1.0569e-42,1.0569e-42,1.0569e-42
8.4551e-43,8.4551e-43,8.4551e-43,8.4551e-43,8.4551e-43
6.7641e-43,6.7641e-43,6.7641e-43,6.7641e-43,6.7641e-43
5.4112e-43,5.4112e-43,5.4112e-43,5.4112e-43,5.4112e-43
4.329e-43,4.329e-43,4.329e-43,4.329e-43,4.329e-43
3.4632e-43,3.4632e-43,3.4632e-43,3.4632e-43,3.4632e-43
2.7706e-43,2.7706e-43,2.7706e-43,2.7706e-43,2.7706e-43
2.2164e-43,2.2164e-43,2.2164e-43,2.2164e-43,2.2164e-43
1.7732e-43,1.7732e-43,1.7732e-43,1.7732e-43,1.7732e-43
1.4185e-43,1.4185e-43,1.4185e-43,1.4185e-43,1.4185e-43
1.1348e-43,1.1348e-43,1.1348e-43,1.1348e-43,1.1348e-43
9.0786e-44,9.0786e-44,9.0786e-44,9.0786e-44,9.0786e-44
7.2629e-44,7.2629e-44,7.2629e-44,7.2629e-44,7.2629e-44
5.8103e-44,5.8103e-44,5.8103e-44,5.8103e-44,5.8103e-44
4.6482e-44,4.6482e-44,4.6482e-44,4.6482e-44,4.6482e-44
3.7186e-44,3.7186e-44,3.7186e-44,3.7186e-44,3.7186e-44
2.9749e-44,2.9749e-44,2.9749e-44,2.9749e-44,2.9749e-44
2.3799e-44,2.3799e-44,2.3799e-44,2.3799e-44,2.3799e-44
1.9039e-44,1.9039e-44,1.9039e-44,1.9039e-44,1.9039e-44
1.5231e-44,1.5231e-44,1.5231e-44,1.5231e-44,1.5231e-44
1.2185e-44,1.2185e-44,1.2185e-44,1.2185e-44,1.2185e-44
9.748e-45,9.748e-45,9.748e-45,9.748e-45,9.748e-45
7.7984e-45,7.7984e-45,7.7984e-45,7.7984e-45,7.7984e-45
6.2387e-45,6.2387e-45,6.2387e-45,6.2387e-45,6.2387e-45
4.991e-45,4.991e-45,4.991e-45,4.991e-45,4.991e-45
3.9928e-45,3.9928e-45,3.9928e-45,3.9928e-45,3.9928e-45
3.1942e-45,3.1942e-45,3.1942e-45,3.1942e-45,3.1942e-45
2.5554e-45,2.5554e-45,2.5554e-45,2.5554e-45,2.5554e-45
2.0443e-45,2.0443e-45,2.0443e-45,2.0443e-45,2.0443e-45
1.6354e-45,1.6354e-45,1.6354e-45,1.6354e-45,1.6354e-45
1.3084e-45,1.3084e-45,1.3084e-45,1.3084e-45,1.3084e-45
1.0467e-45,1.0467e-45,1.0467e-45,1.0467e-45,1.0467e-45
8.3735e-46,8.3735e-46,8.3735e-46,8.3735e-46,8.3735e-46
6.6988e-46,6.6988e-46,6.6988e-46,6.6988e-46,6.6988e-46
5.359e-46,5.359e-46,5.359e-46,5.359e-46,5.359e-46
4.2872e-46,4.2872e-46,4.2872e-46,4.2872e-46,4.2872e-46
3.4298e-46,3.4298e-46,3.4298e-46,3.4298e-46,3.4298e-46
2.7438e-46,2.7438e-46,2.7438e-46,2.7438e-46,2.7438e-46
2.1951e-46,2.1951e-46,2.1951e-46,2.1951e-46,2.1951e-46
1.756e-46,1.756e-46,1.756e-46,1.756e-46,1.756e-46
1.4048e-46,1.4048e-46,1.4048e-46,1.4048e-46,1.4048e-46
1.1239e-46,1.1239e-46,1.1239e-46,1.1239e-46,1.1239e-46
8.991e-47,8.991e-47,8.991e-47,8.991e-47,8.991e-47
7.1928e-47,7.1928e-47,7.1928e-47,7.1928e-47,7.1928e-47
5.7542e-47,5.7542e-47,5.7542e-47,5.7542e-47,5.7542e-47
4.6034e-47,4.6034e-47,4.6034e-47,4.6034e-47,4.6034e-47
3.6827e-47,3.6827e-47,3.6827e-47,3.6827e-47,3.6827e-47
2.9462e-47,2.9462e-47,2.9462e-47,2.9462e-47,2.9462e-47
2.3569e-47,2.3569e-47,2.3569e-47,2.3569e-47,2.3569e-47
1.8855e-47,1.8855e-47,1.8855e-47,1.8855e-47,1.8855e-47
1.5084e-47,1.5084e-47,1.5084e-47,1.5084e-47,1.5084e-47
1.2067e-47,1.2067e-47,1.2067e-47,1.2067e-47,1.2067e-47
9.654e-48,9.654e-48,9.654e-48,9.654e-48,9.654e-48
7.7232e-48,7.7232e-48,7.7232e-48,7.7232e-48,7.7232e-48
6.1786e-48,6.1786e-48,6.1786e-48,6.1786e-48,6.1786e-48
4.9428e-48,4.9428e-48,4.9428e-48,4.9428e-48,4.9428e-48
3.9543e-48,3.9543e-48,3.9543e-48,3.9543e-48,3.9543e-48
3.1634e-48,3.1634e-48,3.1634e-48,3.1634e-48,3.1634e-48
2.5307e-48,2.5307e-48,2.5307e-48,2.5307e-48,2.5307e-48
2.0246e-48,2.0246e-48,2.0246e-48,2.0246e-48,2.0246e-48
1.6197e-48,1.6197e-48,1.6197e-48,1.6197e-48,1.6197e-48
1.2957e-48,1.2957e-48,1.2957e-48,1.2957e-48,1.2957e-48
1.0366e-48,1.0366e-48,1.0366e-48,1.0366e-48,1.0366e-48
8.2927e-49,8.2927e-49,8.2927e-49,8.2927e-49,8.2927e-49
6.6342e-49,6.6342e-49,6.6342e-49,6.6342e-49,6.6342e-49
5.3073e-49,5.3073e-49,5.3073e-49,5.3073e-49,5.3073e-49
4.2459e-49,4.2459e-49,4.2459e-49,4.2459e-49,4.2459e-49
3.3967e-49,3.3967e-49,3.3967e-49,3.3967e-49,3.3967e-49
2.7174e-49,2.7174e-49,2.7174e-49,2.7174e-49,2.7174e-49
2.1739e-49,2.1739e-49,2.1739e-49,2.1739e-49,2.1739e-49
1.7391e-49,1.7391e-49,1.7391e-49,1.7391e-49,1.7391e-49
1.3913e-49,1.3913e-49,1.3913e-49,1.3913e-49,1.3913e-49
1.113e-49,1.113e-49,1.113e-49,1.113e-49,1.113e-49
8.9042e-50,8.9042e-50,8.9042e-50,8.9042e-50,8.9042e-50
7.1234e-50,7.1234e-50,7.1234e-50,7.1234e-50,7.1234e-50
5.6987e-50,5.6987e-50,5.6987e-50,5.6987e-50,5.6987e-50
4.559e-50,4.559e-50,4.559e-50,4.559e-50,4.559e-50
3.6472e-50,3.6472e-50,3.6472e-50,3.6472e-50,3.6472e-50
2.9177e-50,2.9177e-50,2.9177e-50,2.9177e-50,2.9177e-50
2.3342e-50,2.3342e-50,2.3342e-50,2.3342e-50,2.3342e-50
1.8674e-50,1.8674e-50,1.8674e-50,1.8674e-50,1.8674e-50
1.4939e-50,1.4939e-50,1.4939e-50,1.4939e-50,1.4939e-50
1.1951e-50,1.1951e-50,1.1951e-50,1.1951e-50,1.1951e-50
9.5608e-51,9.5608e-51,9.5608e-51,9.5608e-51,9.5608e-51
7.6487e-51,7.6487e-51,7.6487e-51,7.6487e-51,7.6487e-51
6.1189e-51,6.1189e-51,6.1189e-51,6.1189e-51,6.1189e-51
4.8952e-51,4.8952e-51,4.8952e-51,4.8952e-51,4.8952e-51
3.9161e-51,3.9161e-51,3.9161e-51,3.9161e-51,3.9161e-51
3.1329e-51,3.1329e-51,3.1329e-51,3.1329e-51,3.1329e-51
2.5063e-51,2.5063e-51,2.5063e-51,2.5063e-51,2.5063e-51
2.0051e-51,2.0051e-51,2.0051e-51,2.0051e-51,2.0051e-51
1.604e-51,1.604e-51,1.604e-51,1.604e-51,1.604e-51
1.2832e-51,1.2832e-51,1.2832e-51,1.2832e-51,1.2832e-51
1.0266e-51,1.0266e-51,1.0266e-51,1.0266e-51,1.0266e-51
8.2127e-52,8.2127e-52,8.2127e-52,8.2127e-52,8.2127e-52
6.5702e-52,6.5702e-52,6.5702e-52,6.5702e-52,6.5702e-52
5.2561e-52,5.2561e-52,5.2561e-52,5.2561e-52,5.2561e-52
4.2049e-52,4.2049e-52,4.2049e-52,4.2049e-52,4.2049e-52
3.3639e-52,3.3639e-52,3.3639e-52,3.3639e-52,3.3639e-52
2.6911e-52,2.6911e-52,2.6911e-52,2.6911e-52,2.6911e-52
2.1529e-52,2.1529e-52,2.1529e-52,2.1529e-52,2.1529e-52
1.7223e-52,1.7223e-52,1.7223e-52,1.7223e-52,1.7223e-52
1.3779e-52,1.3779e-52,1.3779e-52,1.3779e-52,1.3779e-52
1.1023e-52,1.1023e-52,1.1023e-52,1.1023e-52,1.1023e-52
8.8183e-53,8.8183e-53,8.8183e-53,8.8183e-53,8.8183e-53
7.0547e-53,7.0547e-53,7.0547e-53,7.0547e-53,7.0547e-53
5.6437e-53,5.6437e-53,5.6437e-53,5.6437e-53,5.6437e-53
4.515e-53,4.515e-53,4.515e-53,4.515e-53,4.515e-53
3.612e-53,3.612e-53,3.612e-53,3.612e-53,3.612e-53
2.8896e-53,2.8896e-53,2.8896e-53,2.8896e-53,2.8896e-53
2.3117e-53,2.3117e-53,2.3117e-53,2.3117e-53,2.3117e-53
1.8493e-53,1.8493e-53,1.8493e-53,1.8493e-53,1.8493e-53
1.4795e-53,1.4795e-53,1.4795e-53,1.4795e-53,1.4795e-53
1.1836e-53,1.1836e-53,1.1836e-53,1.1836e-53,1.1836e-53
9.4686e-54,9.4686e-54,9.4686e-54,9.4686e-54,9.4686e-54
7.5749e-54,7.5749e-54,7.5749e-54,7.5749e-54,7.5749e-54
6.0599e-54,6.0599e-54,6.0599e-54,6.0599e-54,6.0599e-54
4.8479e-54,4.8479e-54,4.8479e-54,4.8479e-54,4.8479e-54
3.8783e-54,3.8783e-54,3.8783e-54,3.8783e-54,3.8783e-54
3.1027e-54,3.1027e-54,3.1027e-54,3.1027e-54,3.1027e-54
2.4821e-54,2.4821e-54,2.4821e-54,2.4821e-54,2.4821e-54
1.9857e-54,1.9857e-54,1.9857e-54,1.9857e-54,1.9857e-54
1.5886e-54,1.5886e-54,1.5886e-54,1.5886e-54,1.5886e-54
1.2709e-54,1.2709e-54,1.2709e-54,1.2709e-54,1.2709e-54
1.0167e-54,1.0167e-54,1.0167e-54,1.0167e-54,1.0167e-54
8.1335e-55,8.1335e-55,8.1335e-55,8.1335e-55,8.1335e-55
6.5068e-55,6.5068e-55,6.5068e-55,6.5068e-55,6.5068e-55
5.2054e-55,5.2054e-55,5.2054e-55,5.2054e-55,5.2054e-55
4.1643e-55,4.1643e-55,4.1643e-55,4.1643e-55,4.1643e-55
3.3315e-55,3.3315e-55,3.3315e-55,3.3315e-55,3.3315e-55
2.6652e-55,2.6652e-55,2.6652e-55,2.6652e-55,2.6652e-55
2.1321e-55,2.1321e-55,2.1321e-55,2.1321e-55,2.1321e-55
1.7057e-55,1.7057e-55,1.7057e-55,1.7057e-55,1.7057e-55
1.3646e-55,1.3646e-55,1.3646e-55,1.3646e-55,1.3646e-55
1.0917e-55,1.0917e-55,1.0917e-55,1.0917e-55,1.0917e-55
8.7332e-56,8.7332e-56,8.7332e-56,8.7332e-56,8.7332e-56
6.9866e-56,6.9866e-56,6.9866e-56,6.9866e-56,6.9866e-56
5.5893e-56,5.5893e-56,5.5893e-56,5.5893e-56,5.5893e-56
4.4714e-56,4.4714e-56,4.4714e-56,4.4714e-56,4.4714e-56
3.5771e-56,3.5771e-56,3.5771e-56,3.5771e-56,3.5771e-56
2.8617e-56,2.8617e-56,2.8617e-56,2.8617e-56,2.8617e-56
2.2894e-56,2.2894e-56,2.2894e-56,2.2894e-56,2.2894e-56
1.8315e-56,1.8315e-56,1.8315e-56,1.8315e-56,1.8315e-56
1.4652e-56,1.4652e-56,1.4652e-56,1.4652e-56,1.4652e-56
1.1722e-56,1.1722e-56,1.1722e-56,1.1722e-56,1.1722e-56
9.3772e-57,9.3772e-57,9.3772e-57,9.3772e-57,9.3772e-57
7.5018e-57,7.5018e-57,7.5018e-57,7.5018e-57,7.5018e-57
6.0014e-57,6.0014e-57,6.0014e-57,6.0014e-57,6.0014e-57
4.8012e-57,4.8012e-57,4.8012e-57,4.8012e-57,4.8012e-57
3.8409e-57,3.8409e-57,3.8409e-57,3.8409e-57,3.8409e-57
3.0727e-57,3.0727e-57,3.0727e-57,3.0727e-57,3.0727e-57
2.4582e-57,2.4582e-57,2.4582e-57,2.4582e-57,2.4582e-57
1.9666e-57,1.9666e-57,1.9666e-57,1.9666e-57,1.9666e-57
1.5732e-57,1.5732e-57,1.5732e-57,1.5732e-57,1.5732e-57
1.2586e-57,1.2586e-57,1.2586e-57,1.2586e-57,1.2586e-57
1.0069e-57,1.0069e-57,1.0069e-57,1.0069e-57,1.0069e-57
8.055e-58,8.055e-58,8.055e-58,8.055e-58,8.055e-58
6.444e-58,6.444e-58,6.444e-58,6.444e-58,6.444e-58
5.1552e-58,5.1552e-58,5.1552e-58,5.1552e-58,5.1552e-58
4.1242e-58,4.1242e-58,4.1242e-58,4.1242e-58,4.1242e-58
3.2993e-58,3.2993e-58,3.2993e-58,3.2993e-58,3.2993e-58
2.6395e-58,2.6395e-58,2.6395e-58,2.6395e-58,2.6395e-58
2.1116e-58,2.1116e-58,2.1116e-58,2.1116e-58,2.1116e-58
1.6893e-58,1.6893e-58,1.6893e-58,1.6893e-58,1.6893e-58
1.3514e-58,1.3514e-58,1.3514e-58,1.3514e-58,1.3514e-58
1.0811e-58,1.0811e-58,1.0811e-58,1.0811e-58,1.0811e-58
8.649e-59,8.649e-59,8.649e-59,8.649e-59,8.649e-59
6.9192e-59,6.9192e-59,6.9192e-59,6.9192e-59,6.9192e-59
5.5354e-59,5.5354e-59,5.5354e-59,5.5354e-59,5.5354e-59
4.4283e-59,4.4283e-59,4.4283e-59,4.4283e-59,4.4283e-59
3.5426e-59,3.5426e-59,3.5426e-59,3.5426e-59,3.5426e-59
2.8341e-59,2.8341e-59,2.8341e-59,2.8341e-59,2.8341e-59
2.2673e-59,2.2673e-59,2.2673e-59,2.2673e-59,2.2673e-59
1.8138e-59,1.8138e-59,1.8138e-59,1.8138e-59,1.8138e-59
1.4511e-59,1.4511e-59,1.4511e-59,1.4511e-59,1.4511e-59
1.1608e-59,1.1608e-59,1.1608e-59,1.1608e-59,1.1608e-59
9.2868e-60,9.2868e-60,9.2868e-60,9.2868e-60,9.2868e-60
7.4294e-60,7.4294e-60,7.4294e-60,7.4294e-60,7.4294e-60
5.9435e-60,5.9435e-60,5.9435e-60,5.9435e-60,5.9435e-60
4.7548e-60,4.7548e-60,4.7548e-60,4.7548e-60,4.7548e-60
3.8039e-60,3.8039e-60,3.8039e-60,3.8039e-60,3.8039e-60
3.0431e-60,3.0431e-60,3.0431e-60,3.0431e-60,3.0431e-60
2.4345e-60,2.4345e-60,2.4345e-60,2.4345e-60,2.4345e-60
1.9476e-60,1.9476e-60,1.9476e-60,1.9476e-60,1.9476e-60
1.5581e-60,1.5581e-60,1.5581e-60,1.5581e-60,1.5581e-60
1.2465e-60,1.2465e-60,1.2465e-60,1.2465e-60,1.2465e-60
9.9716e-61,9.9716e-61,9.9716e-61,9.9716e-61,9.9716e-61
7.9773e-61,7.9773e-61,7.9773e-61,7.9773e-61,7.9773e-61
6.3818e-61,6.3818e-61,6.3818e-61,6.3818e-61,6.3818e-61
5.1055e-61,5.1055e-61,5.1055e-61,5.1055e-61,5.1055e-61
4.0844e-61,4.0844e-61,4.0844e-61,4.0844e-61,4.0844e-61
3.2675e-61,3.2675e-61,3.2675e-61,3.2675e-61,3.2675e-61
2.614e-61,2.614e-61,2.614e-61,2.614e-61,2.614e-61
2.0912e-61,2.0912e-61,2.0912e-61,2.0912e-61,2.0912e-61
1.673e-61,1.673e-61,1.673e-61,1.673e-61,1.673e-61
1.3384e-61,1.3384e-61,1.3384e-61,1.3384e-61,1.3384e-61
1.0707e-61,1.0707e-61,1.0707e-61,1.0707e-61,1.0707e-61
8.5655e-62,8.5655e-62,8.5655e-62,8.5655e-62,8.5655e-62
6.8524e-62,6.8524e-62,6.8524e-62,6.8524e-62,6.8524e-62
5.4819e-62,5.4819e-62,5.4819e-62,5.4819e-62,5.4819e-62
4.3856e-62,4.3856e-62,4.3856e-62,4.3856e-62,4.3856e-62
3.5084e-62,3.5084e-62,3.5084e-62,3.5084e-62,3.5084e-62
2.8068e-62,2.8068e-62,2.8068e-62,2.8068e-62,2.8068e-62
2.2454e-62,2.2454e-62,2.2454e-62,2.2454e-62,2.2454e-62
1.7963e-62,1.7963e-62,1.7963e-62,1.7963e-62,1.7963e-62
1.4371e-62,1.4371e-62,1.4371e-62,1.4371e-62,1.4371e-62
1.1496e-62,1.1496e-62,1.1496e-62,1.1496e-62,1.1496e-62
9.1972e-63,9.1972e-63,9.1972e-63,9.1972e-63,9.1972e-63
7.3577e-63,7.3577e-63,7.3577e-63,7.3577e-63,7.3577e-63
5.8862e-63,5.8862e-63,5.8862e-63,5.8862e-63,5.8862e-63
4.709e-63,4.709e-63,4.709e-63,4.709e-63,4.709e-63
3.7672e-63,3.7672e-63,3.7672e-63,3.7672e-63,3.7672e-63
3.0137e-63,3.0137e-63,3.0137e-63,3.0137e-63,3.0137e-63
2.411e-63,2.411e-63,2.411e-63,2.411e-63,2.411e-63
1.9288e-63,1.9288e-63,1.9288e-63,1.9288e-63,1.9288e-63
1.543e-63,1.543e-63,1.543e-63,1.543e-63,1.543e-63
1.2344e-63,1.2344e-63,1.2344e-63,1.2344e-63,1.2344e-63
9.8754e-64,9.8754e-64,9.8754e-64,9.8754e-64,9.8754e-64
7.9003e-64,7.9003e-64,7.9003e-64,7.9003e-64,7.9003e-64
6.3203e-64,6.3203e-64,6.3203e-64,6.3203e-64,6.3203e-64
5.0562e-64,5.0562e-64,5.0562e-64,5.0562e-64,5.0562e-64
4.045e-64,4.045e-64,4.045e-64,4.045e-64,4.045e-64
3.236e-64,3.236e-64,3.236e-64,3.236e-64,3.236e-64
2.5888e-64,2.5888e-64,2.5888e-64,2.5888e-64,2.5888e-64
2.071e-64,2.071e-64,2.071e-64,2.071e-64,2.071e-64
1.6568e-64,1.6568e-64,1.6568e-64,1.6568e-64,1.6568e-64
1.3255e-64,1.3255e-64,1.3255e-64,1.3255e-64,1.3255e-64
1.0604e-64,1.0604e-64,1.0604e-64,1.0604e-64,1.0604e-64
8.4829e-65,8.4829e-65,8.4829e-65,8.4829e-65,8.4829e-65
6.7863e-65,6.7863e-65,6.7863e-65,6.7863e-65,6.7863e-65
5.4291e-65,5.4291e-65,5.4291e-65,5.4291e-65,5.4291e-65
4.3432e-65,4.3432e-65,4.3432e-65,4.3432e-65,4.3432e-65
3.4746e-65,3.4746e-65,3.4746e-65,3.4746e-65,3.4746e-65
2.7797e-65,2.7797e-65,2.7797e-65,2.7797e-65,2.7797e-65
2.2237e-65,2.2237e-65,2.2237e-65,2.2237e-65,2.2237e-65
1.779e-65,1.779e-65,1.779e-65,1.779e-65,1.779e-65
1.4232e-65,1.4232e-65,1.4232e-65,1.4232e-65,1.4232e-65
1.1386e-65,1.1386e-65,1.1386e-65,1.1386e-65,1.1386e-65
9.1084e-66,9.1084e-66,9.1084e-66,9.1084e-66,9.1084e-66
7.2868e-66,7.2868e-66,7.2868e-66,7.2868e-66,7.2868e-66
5.8294e-66,5.8294e-66,5.8294e-66,5.8294e-66,5.8294e-66
4.6635e-66,4.6635e-66,4.6635e-66,4.6635e-66,4.6635e-66
3.7308e-66,3.7308e-66,3.7308e-66,3.7308e-66,3.7308e-66
2.9847e-66,2.9847e-66,2.9847e-66,2.9847e-66,2.9847e-66
2.3877e-66,2.3877e-66,2.3877e-66,2.3877e-66,2.3877e-66
1.9102e-66,1.9102e-66,1.9102e-66,1.9102e-66,1.9102e-66
1.5281e-66,1.5281e-66,1.5281e-66,1.5281e-66,1.5281e-66
1.2225e-66,1.2225e-66,1.2225e-66,1.2225e-66,1.2225e-66
9.7801e-67,9.7801e-67,9.7801e-67,9.7801e-67,9.7801e-67
7.8241e-67,7.8241e-67,7.8241e-67,7.8241e-67,7.8241e-67
6.2593e-67,6.2593e-67,6.2593e-67,6.2593e-67,6.2593e-67
5.0074e-67,5.0074e-67,5.0074e-67,5.0074e-67,5.0074e-67
4.0059e-67,4.0059e-67,4.0059e-67,4.0059e-67,4.0059e-67
3.2047e-67,3.2047e-67,3.2047e-67,3.2047e-67,3.2047e-67
2.5638e-67,2.5638e-67,2.5638e-67,2.5638e-67,2.5638e-67
2.051e-67,2.051e-67,2.051e-67,2.051e-67,2.051e-67
1.6408e-67,1.6408e-67,1.6408e-67,1.6408e-67,1.6408e-67
1.3127e-67,1.3127e-67,1.3127e-67,1.3127e-67,1.3127e-67
1.0501e-67,1.0501e-67,1.0501e-67,1.0501e-67,1.0501e-67
8.4011e-68,8.4011e-68,8.4011e-68,8.4011e-68,8.4011e-68
6.7208e-68,6.7208e-68,6.7208e-68,6.7208e-68,6.7208e-68
5.3767e-68,5.3767e-68,5.3767e-68,5.3767e-68,5.3767e-68
4.3013e-68,4.3013e-68,4.3013e-68,4.3013e-68,4.3013e-68
3.4411e-68,3.4411e-68,3.4411e-68,3.4411e-68,3.4411e-68
2.7529e-68,2.7529e-68,2.7529e-68,2.7529e-68,2.7529e-68
2.2023e-68,2.2023e-68,2.2023e-68,2.2023e-68,2.2023e-68
1.7618e-68,1.7618e-68,1.7618e-68,1.7618e-68,1.7618e-68
1.4095e-68,1.4095e-68,1.4095e-68,1.4095e-68,1.4095e-68
1.1276e-68,1.1276e-68,1.1276e-68,1.1276e-68,1.1276e-68
9.0206e-69,9.0206e-69,9.0206e-69,9.0206e-69,9.0206e-69
7.2165e-69,7.2165e-69,7.2165e-69,7.2165e-69,7.2165e-69
5.7732e-69,5.7732e-69,5.7732e-69,5.7732e-69,5.7732e-69
4.6185e-69,4.6185e-69,4.6185e-69,4.6185e-69,4.6185e-69
3.6948e-69,3.6948e-69,3.6948e-69,3.6948e-69,3.6948e-69
2.9559e-69,2.9559e-69,2.9559e-69,2.9559e-69,2.9559e-69
2.3647e-69,2.3647e-69,2.3647e-69,2.3647e-69,2.3647e-69
1.8918e-69,1.8918e-69,1.8918e-69,1.8918e-69,1.8918e-69
1.5134e-69,1.5134e-69,1.5134e-69,1.5134e-69,1.5134e-69
1.2107e-69,1.2107e-69,1.2107e-69,1.2107e-69,1.2107e-69
9.6858e-70,9.6858e-70,9.6858e-70,9.6858e-70,9.6858e-70
7.7486e-70,7.7486e-70,7.7486e-70,7.7486e-70,7.7486e-70
6.1989e-70,6.1989e-70,6.1989e-70,6.1989e-70,6.1989e-70
4.9591e-70,4.9591e-70,4.9591e-70,4.9591e-70,4.9591e-70
3.9673e-70,3.9673e-70,3.9673e-70,3.9673e-70,3.9673e-70
3.1738e-70,3.1738e-70,3.1738e-70,3.1738e-70,3.1738e-70
2.5391e-70,2.5391e-70,2.5391e-70,2.5391e-70,2.5391e-70
2.0313e-70,2.0313e-70,2.0313e-70,2.0313e-70,2.0313e-70
1.625e-70,1.625e-70,1.625e-70,1.625e-70,1.625e-70
1.3e-70,1.3e-70,1.3e-70,1.3e-70,1.3e-70
1.04e-70,1.04e-70,1.04e-70,1.04e-70,1.04e-70
8.32e-71,8.32e-71,8.32e-71,8.32e-71,8.32e-71
6.656e-71,6.656e-71,6.656e-71,6.656e-71,6.656e-71
5.3248e-71,5.3248e-71,5.3248e-71,5.3248e-71,5.3248e-71
4.2598e-71,4.2598e-71,4.2598e-71,4.2598e-71,4.2598e-71
3.4079e-71,3.4079e-71,3.4079e-71,3.4079e-71,3.4079e-71
2.7263e-71,2.7263e-71,2.7263e-71,2.7263e-71,2.7263e-71
2.181e-71,2.181e-71,2.181e-71,2.181e-71,2.181e-71
1.7448e-71,1.7448e-71,1.7448e-71,1.7448e-71,1.7448e-71
1.3959e-71,1.3959e-71,1.3959e-71,1.3959e-71,1.3959e-71
1.1167e-71,1.1167e-71,1.1167e-71,1.1167e-71,1.1167e-71
8.9335e-72,8.9335e-72,8.9335e-72,8.9335e-72,8.9335e-72
7.1468e-72,7.1468e-72,7.1468e-72,7.1468e-72,7.1468e-72
5.7175e-72,5.7175e-72,5.7175e-72,5.7175e-72,5.7175e-72
4.574e-72,4.574e-72,4.574e-72,4.574e-72,4.574e-72
3.6592e-72,3.6592e-72,3.6592e-72,3.6592e-72,3.6592e-72
2.9273e-72,2.9273e-72,2.9273e-72,2.9273e-72,2.9273e-72
2.3419e-72,2.3419e-72,2.3419e-72,2.3419e-72,2.3419e-72
1.8735e-72,1.8735e-72,1.8735e-72,1.8735e-72,1.8735e-72
1.4988e-72,1.4988e-72,1.4988e-72,1.4988e-72,1.4988e-72
1.199e-72,1.199e-72,1.199e-72,1.199e-72,1.199e-72
9.5923e-73,9.5923e-73,9.5923e-73,9.5923e-73,9.5923e-73
7.6739e-73,7.6739e-73,7.6739e-73,7.6739e-73,7.6739e-73
6.1391e-73,6.1391e-73,6.1391e-73,6.1391e-73,6.1391e-73
4.9113e-73,4.9113e-73,4.9113e-73,4.9113e-73,4.9113e-73
3.929e-73,3.929e-73,3.929e-73,3.929e-73,3.929e-73
3.1432e-73,3.1432e-73,3.1432e-73,3.1432e-73,3.1432e-73
2.5146e-73,2.5146e-73,2.5146e-73,2.5146e-73,2.5146e-73
2.0117e-73,2.0117e-73,2.0117e-73,2.0117e-73,2.0117e-73
1.6093e-73,1.6093e-73,1.6093e-73,1.6093e-73,1.6093e-73
1.2875e-73,1.2875e-73,1.2875e-73,1.2875e-73,1.2875e-73
1.03e-73,1.03e-73,1.03e-73,1.03e-73,1.03e-73
8.2397e-74,8.2397e-74,8.2397e-74,8.2397e-74,8.2397e-74
6.5918e-74,6.5918e-74,6.5918e-74,6.5918e-74,6.5918e-74
5.2734e-74,5.2734e-74,5.2734e-74,5.2734e-74,5.2734e-74
4.2187e-74,4.2187e-74,4.2187e-74,4.2187e-74,4.2187e-74
3.375e-74,3.375e-74,3.375e-74,3.375e-74,3.375e-74
2.7e-74,2.7e-74,2.7e-74,2.7e-74,2.7e-74
2.16e-74,2.16e-74,2.16e-74,2.16e-74,2.16e-74
1.728e-74,1.728e-74,1.728e-74,1.728e-74,1.728e-74
1.3824e-74,1.3824e-74,1.3824e-74,1.3824e-74,1.3824e-74
1.1059e-74,1.1059e-74,1.1059e-74,1.1059e-74,1.1059e-74
8.8473e-75,8.8473e-75,8.8473e-75,8.8473e-75,8.8473e-75
7.0779e-75,7.0779e-75,7.0779e-75,7.0779e-75,7.0779e-75
5.6623e-75,5.6623e-75,5.6623e-75,5.6623e-75,5.6623e-75
4.5298e-75,4.5298e-75,4.5298e-75,4.5298e-75,4.5298e-75
3.6239e-75,3.6239e-75,3.6239e-75,3.6239e-75,3.6239e-75
2.8991e-75,2.8991e-75,2.8991e-75,2.8991e-75,2.8991e-75
2.3193e-75,2.3193e-75,2.3193e-75,2.3193e-75,2.3193e-75
1.8554e-75,1.8554e-75,1.8554e-75,1.8554e-75,1.8554e-75
1.4843e-75,1.4843e-75,1.4843e-75,1.4843e-75,1.4843e-75
1.1875e-75,1.1875e-75,1.1875e-75,1.1875e-75,1.1875e-75
9.4998e-76,9.4998e-76,9.4998e-76,9.4998e-76,9.4998e-76
7.5998e-76,7.5998e-76,7.5998e-76,7.5998e-76,7.5998e-76
6.0799e-76,6.0799e-76,6.0799e-76,6.0799e-76,6.0799e-76
4.8639e-76,4.8639e-76,4.8639e-76,4.8639e-76,4.8639e-76
3.8911e-76,3.8911e-76,3.8911e-76,3.8911e-76,3.8911e-76
3.1129e-76,3.1129e-76,3.1129e-76,3.1129e-76,3.1129e-76
2.4903e-76,2.4903e-76,2.4903e-76,2.4903e-76,2.4903e-76
1.9922e-76,1.9922e-76,1.9922e-76,1.9922e-76,1.9922e-76
1.5938e-76,1.5938e-76,1.5938e-76,1.5938e-76,1.5938e-76
1.275e-76,1.275e-76,1.275e-76,1.275e-76,1.275e-76
1.02e-76,1.02e-76,1.02e-76,1.02e-76,1.02e-76
8.1602e-77,8.1602e-77,8.1602e-77,8.1602e-77,8.1602e-77
6.5282e-77,6.5282e-77,6.5282e-77,6.5282e-77,6.5282e-77
5.2226e-77,5.2226e-77,5.2226e-77,5.2226e-77,5.2226e-77
4.178e-77,4.178e-77,4.178e-77,4.178e-77,4.178e-77
3.3424e-77,3.3424e-77,3.3424e-77,3.3424e-77,3.3424e-77
2.6739e-77,2.6739e-77,2.6739e-77,2.6739e-77,2.6739e-77
2.1392e-77,2.1392e-77,2.1392e-77,2.1392e-77,2.1392e-77
1.7113e-77,1.7113e-77,1.7113e-77,1.7113e-77,1.7113e-77
1.3691e-77,1.3691e-77,1.3691e-77,1.3691e-77,1.3691e-77
1.0952e-77,1.0952e-77,1.0952e-77,1.0952e-77,1.0952e-77
8.762e-78,8.762e-78,8.762e-78,8.762e-78,8.762e-78
7.0096e-78,7.0096e-78,7.0096e-78,7.0096e-78,7.0096e-78
5.6077e-78,5.6077e-78,5.6077e-78,5.6077e-78,5.6077e-78
4.4861e-78,4.4861e-78,4.4861e-78,4.4861e-78,4.4861e-78
3.5889e-78,3.5889e-78,3.5889e-78,3.5889e-78,3.5889e-78
2.8711e-78,2.8711e-78,2.8711e-78,2.8711e-78,2.8711e-78
2.2969e-78,2.2969e-78,2.2969e-78,2.2969e-78,2.2969e-78
1.8375e-78,1.8375e-78,1.8375e-78,1.8375e-78,1.8375e-78
1.47e-78,1.47e-78,1.47e-78,1.47e-78,1.47e-78
1.176e-78,1.176e-78,1.176e-78,1.176e-78,1.176e-78
9.4081e-79,9.4081e-79,9.4081e-79,9.4081e-79,9.4081e-79
7.5265e-79,7.5265e-79,7.5265e-79,7.5265e-79,7.5265e-79
6.0212e-79,6.0212e-79,6.0212e-79,6.0212e-79,6.0212e-79
4.817e-79,4.817e-79,4.817e-79,4.817e-79,4.817e-79
3.8536e-79,3.8536e-79,3.8536e-79,3.8536e-79,3.8536e-79
3.0829e-79,3.0829e-79,3.0829e-79,3.0829e-79,3.0829e-79
2.4663e-79,2.4663e-79,2.4663e-79,2.4663e-79,2.4663e-79
1.973e-79,1.973e-79,1.973e-79,1.973e-79,1.973e-79
1.5784e-79,1.5784e-79,1.5784e-79,1.5784e-79,1.5784e-79
1.2627e-79,1.2627e-79,1.2627e-79,1.2627e-79,1.2627e-79
1.0102e-79,1.0102e-79,1.0102e-79,1.0102e-79,1.0102e-79
8.0815e-80,8.0815e-80,8.0815e-80,8.0815e-80,8.0815e-80
6.4652e-80,6.4652e-80,6.4652e-80,6.4652e-80,6.4652e-80
5.1722e-80,5.1722e-80,5.1722e-80,5.1722e-80,5.1722e-80
4.1377e-80,4.1377e-80,4.1377e-80,4.1377e-80,4.1377e-80
3.3102e-80,3.3102e-80,3.3102e-80,3.3102e-80,3.3102e-80
2.6481e-80,2.6481e-80,2.6481e-80,2.6481e-80,2.6481e-80
2.1185e-80,2.1185e-80,2.1185e-80,2.1185e-80,2.1185e-80
1.6948e-80,1.6948e-80,1.6948e-80,1.6948e-80,1.6948e-80
1.3559e-80,1.3559e-80,1.3559e-80,1.3559e-80,1.3559e-80
1.0847e-80,1.0847e-80,1.0847e-80,1.0847e-80,1.0847e-80
8.6775e-81,8.6775e-81,8.6775e-81,8.6775e-81,8.6775e-81
6.942e-81,6.942e-81,6.942e-81,6.942e-81,6.942e-81
5.5536e-81,5.5536e-81,5.5536e-81,5.5536e-81,5.5536e-81
4.4429e-81,4.4429e-81,4.4429e-81,4.4429e-81,4.4429e-81
3.5543e-81,3.5543e-81,3.5543e-81,3.5543e-81,3.5543e-81
2.8434e-81,2.8434e-81,2.8434e-81,2.8434e-81,2.8434e-81
2.2747e-81,2.2747e-81,2.2747e-81,2.2747e-81,2.2747e-81
1.8198e-81,1.8198e-81,1.8198e-81,1.8198e-81,1.8198e-81
1.4558e-81,1.4558e-81,1.4558e-81,1.4558e-81,1.4558e-81
1.1647e-81,1.1647e-81,1.1647e-81,1.1647e-81,1.1647e-81
9.3173e-82,9.3173e-82,9.3173e-82,9.3173e-82,9.3173e-82
7.4539e-82,7.4539e-82,7.4539e-82,7.4539e-82,7.4539e-82
5.9631e-82,5.9631e-82,5.9631e-82,5.9631e-82,5.9631e-82
4.7705e-82,4.7705e-82,4.7705e-82,4.7705e-82,4.7705e-82
3.8164e-82,3.8164e-82,3.8164e-82,3.8164e-82,3.8164e-82
3.0531e-82,3.0531e-82,3.0531e-82,3.0531e-82,3.0531e-82
2.4425e-82,2.4425e-82,2.4425e-82,2.4425e-82,2.4425e-82
1.954e-82,1.954e-82,1.954e-82,1.954e-82,1.954e-82
1.5632e-82,1.5632e-82,1.5632e-82,1.5632e-82,1.5632e-82
1.2506e-82,1.2506e-82,1.2506e-82,1.2506e-82,1.2506e-82
1.0004e-82,1.0004e-82,1.0004e-82,1.0004e-82,1.0004e-82
8.0035e-83,8.0035e-83,8.0035e-83,8.0035e-83,8.0035e-83
6.4028e-83,6.4028e-83,6.4028e-83,6.4028e-83,6.4028e-83
5.1223e-83,5.1223e-83,5.1223e-83,5.1223e-83,5.1223e-83
4.0978e-83,4.0978e-83,4.0978e-83,4.0978e-83,4.0978e-83
3.2782e-83,3.2782e-83,3.2782e-83,3.2782e-83,3.2782e-83
2.6226e-83,2.6226e-83,2.6226e-83,2.6226e-83,2.6226e-83
2.0981e-83,2.0981e-83,2.0981e-83,2.0981e-83,2.0981e-83
1.6785e-83,1.6785e-83,1.6785e-83,1.6785e-83,1.6785e-83
1.3428e-83,1.3428e-83,1.3428e-83,1.3428e-83,1.3428e-83
1.0742e-83,1.0742e-83,1.0742e-83,1.0742e-83,1.0742e-83
8.5937e-84,8.5937e-84,8.5937e-84,8.5937e-84,8.5937e-84
6.875e-84,6.875e-84,6.875e-84,6.875e-84,6.875e-84
5.5e-84,5.5e-84,5.5e-84,5.5e-84,5.5e-84
4.4e-84,4.4e-84,4.4e-84,4.4e-84,4.4e-84
3.52e-84,3.52e-84,3.52e-84,3.52e-84,3.52e-84
2.816e-84,2.816e-84,2.816e-84,2.816e-84,2.816e-84
2.2528e-84,2.2528e-84,2.2528e-84,2.2528e-84,2.2528e-84
1.8022e-84,1.8022e-84,1.8022e-84,1.8022e-84,1.8022e-84
1.4418e-84,1.4418e-84,1.4418e-84,1.4418e-84,1.4418e-84
1.1534e-84,1.1534e-84,1.1534e-84,1.1534e-84,1.1534e-84
9.2275e-85,9.2275e-85,9.2275e-85,9.2275e-85,9.2275e-85
7.382e-85,7.382e-85,7.382e-85,7.382e-85,7.382e-85
5.9056e-85,5.9056e-85,5.9056e-85,5.9056e-85,5.9056e-85
4.7245e-85,4.7245e-85,4.7245e-85,4.7245e-85,4.7245e-85
3.7796e-85,3.7796e-85,3.7796e-85,3.7796e-85,3.7796e-85
3.0237e-85,3.0237e-85,3.0237e-85,3.0237e-85,3.0237e-85
2.4189e-85,2.4189e-85,2.4189e-85,2.4189e-85,2.4189e-85
1.9351e-85,1.9351e-85,1.9351e-85,1.9351e-85,1.9351e-85
1.5481e-85,1.5481e-85,1.5481e-85,1.5481e-85,1.5481e-85
1.2385e-85,1.2385e-85,1.2385e-85,1.2385e-85,1.2385e-85
9.9079e-86,9.9079e-86,9.9079e-86,9.9079e-86,9.9079e-86
7.9263e-86,7.9263e-86,7.9263e-86,7.9263e-86,7.9263e-86
6.3411e-86,6.3411e-86,6.3411e-86,6.3411e-86,6.3411e-86
5.0728e-86,5.0728e-86,5.0728e-86,5.0728e-86,5.0728e-86
4.0583e-86,4.0583e-86,4.0583e-86,4.0583e-86,4.0583e-86
3.2466e-86,3.2466e-86,3.2466e-86,3.2466e-86,3.2466e-86
2.5973e-86,2.5973e-86,2.5973e-86,2.5973e-86,2.5973e-86
2.0778e-86,2.0778e-86,2.0778e-86,2.0778e-86,2.0778e-86
1.6623e-86,1.6623e-86,1.6623e-86,1.6623e-86,1.6623e-86
1.3298e-86,1.3298e-86,1.3298e-86,1.3298e-86,1.3298e-86
1.0639e-86,1.0639e-86,1.0639e-86,1.0639e-86,1.0639e-86
8.5108e-87,8.5108e-87,8.5108e-87,8.5108e-87,8.5108e-87
6.8087e-87,6.8087e-87,6.8087e-87,6.8087e-87,6.8087e-87
5.4469e-87,5.4469e-87,5.4469e-87,5.4469e-87,5.4469e-87
4.3575e-87,4.3575e-87,4.3575e-87,4.3575e-87,4.3575e-87
3.486e-87,3.486e-87,3.486e-87,3.486e-87,3.486e-87
2.7888e-87,2.7888e-87,2.7888e-87,2.7888e-87,2.7888e-87
2.2311e-87,2.2311e-87,2.2311e-87,2.2311e-87,2.2311e-87
1.7848e-87,1.7848e-87,1.7848e-87,1.7848e-87,1.7848e-87
1.4279e-87,1.4279e-87,1.4279e-87,1.4279e-87,1.4279e-87
1.1423e-87,1.1423e-87,1.1423e-87,1.1423e-87,1.1423e-87
9.1384e-88,9.1384e-88,9.1384e-88,9.1384e-88,9.1384e-88
7.3107e-88,7.3107e-88,7.3107e-88,7.3107e-88,7.3107e-88
5.8486e-88,5.8486e-88,5.8486e-88,5.8486e-88,5.8486e-88
4.6789e-88,4.6789e-88,4.6789e-88,4.6789e-88,4.6789e-88
3.7431e-88,3.7431e-88,3.7431e-88,3.7431e-88,3.7431e-88
2.9945e-88,2.9945e-88,2.9945e-88,2.9945e-88,2.9945e-88
2.3956e-88,2.3956e-88,2.3956e-88,2.3956e-88,2.3956e-88
1.9165e-88,1.9165e-88,1.9165e-88,1.9165e-88,1.9165e-88
1.5332e-88,1.5332e-88,1.5332e-88,1.5332e-88,1.5332e-88
1.2265e-88,1.2265e-88,1.2265e-88,1.2265e-88,1.2265e-88
9.8123e-89,9.8123e-89,9.8123e-89,9.8123e-89,9.8123e-89
7.8498e-89,7.8498e-89,7.8498e-89,7.8498e-89,7.8498e-89
6.2799e-89,6.2799e-89,6.2799e-89,6.2799e-89,6.2799e-89
5.0239e-89,5.0239e-89,5.0239e-89,5.0239e-89,5.0239e-89
4.0191e-89,4.0191e-89,4.0191e-89,4.0191e-89,4.0191e-89
3.2153e-89,3.2153e-89,3.2153e-89,3.2153e-89,3.2153e-89
2.5722e-89,2.5722e-89,2.5722e-89,2.5722e-89,2.5722e-89
2.0578e-89,2.0578e-89,2.0578e-89,2.0578e-89,2.0578e-89
1.6462e-89,1.6462e-89,1.6462e-89,1.6462e-89,1.6462e-89
1.317e-89,1.317e-89,1.317e-89,1.317e-89,1.317e-89
1.0536e-89,1.0536e-89,1.0536e-89,1.0536e-89,1.0536e-89
8.4287e-90,8.4287e-90,8.4287e-90,8.4287e-90,8.4287e-90
6.743e-90,6.743e-90,6.743e-90,6.743e-90,6.743e-90
5.3944e-90,5.3944e-90,5.3944e-90,5.3944e-90,5.3944e-90
4.3155e-90,4.3155e-90,4.3155e-90,4.3155e-90,4.3155e-90
3.4524e-90,3.4524e-90,3.4524e-90,3.4524e-90,3.4524e-90
2.7619e-90,2.7619e-90,2.7619e-90,2.7619e-90,2.7619e-90
2.2095e-90,2.2095e-90,2.2095e-90,2.2095e-90,2.2095e-90
1.7676e-90,1.7676e-90,1.7676e-90,1.7676e-90,1.7676e-90
1.4141e-90,1.4141e-90,1.4141e-90,1.4141e-90,1.4141e-90
1.1313e-90,1.1313e-90,1.1313e-90,1.1313e-90,1.1313e-90
9.0503e-91,9.0503e-91,9.0503e-91,9.0503e-91,9.0503e-91
7.2402e-91,7.2402e-91,7.2402e-91,7.2402e-91,7.2402e-91
5.7922e-91,5.7922e-91,5.7922e-91,5.7922e-91,5.7922e-91
4.6337e-91,4.6337e-91,4.6337e-91,4.6337e-91,4.6337e-91
3.707e-91,3.707e-91,3.707e-91,3.707e-91,3.707e-91
2.9656e-91,2.9656e-91,2.9656e-91,2.9656e-91,2.9656e-91
2.3725e-91,2.3725e-91,2.3725e-91,2.3725e-91,2.3725e-91
1.898e-91,1.898e-91,1.898e-91,1.898e-91,1.898e-91
1.5184e-91,1.5184e-91,1.5184e-91,1.5184e-91,1.5184e-91
1.2147e-91,1.2147e-91,1.2147e-91,1.2147e-91,1.2147e-91
9.7176e-92,9.7176e-92,9.7176e-92,9.7176e-92,9.7176e-92
7.7741e-92,7.7741e-92,7.7741e-92,7.7741e-92,7.7741e-92
6.2193e-92,6.2193e-92,6.2193e-92,6.2193e-92,6.2193e-92
4.9754e-92,4.9754e-92,4.9754e-92,4.9754e-92,4.9754e-92
3.9803e-92,3.9803e-92,3.9803e-92,3.9803e-92,3.9803e-92
3.1843e-92,3.1843e-92,3.1843e-92,3.1843e-92,3.1843e-92
2.5474e-92,2.5474e-92,2.5474e-92,2.5474e-92,2.5474e-92
2.0379e-92,2.0379e-92,2.0379e-92,2.0379e-92,2.0379e-92
1.6303e-92,1.6303e-92,1.6303e-92,1.6303e-92,1.6303e-92
1.3043e-92,1.3043e-92,1.3043e-92,1.3043e-92,1.3043e-92
1.0434e-92,1.0434e-92,1.0434e-92,1.0434e-92,1.0434e-92
8.3474e-93,8.3474e-93,8.3474e-93,8.3474e-93,8.3474e-93
6.6779e-93,6.6779e-93,6.6779e-93,6.6779e-93,6.6779e-93
5.3423e-93,5.3423e-93,5.3423e-93,5.3423e-93,5.3423e-93
4.2739e-93,4.2739e-93,4.2739e-93,4.2739e-93,4.2739e-93
3.4191e-93,3.4191e-93,3.4191e-93,3.4191e-93,3.4191e-93
2.7353e-93,2.7353e-93,2.7353e-93,2.7353e-93,2.7353e-93
2.1882e-93,2.1882e-93,2.1882e-93,2.1882e-93,2.1882e-93
1.7506e-93,1.7506e-93,1.7506e-93,1.7506e-93,1.7506e-93
1.4005e-93,1.4005e-93,1.4005e-93,1.4005e-93,1.4005e-93
1.1204e-93,1.1204e-93,1.1204e-93,1.1204e-93,1.1204e-93
8.9629e-94,8.9629e-94,8.9629e-94,8.9629e-94,8.9629e-94
7.1704e-94,7.1704e-94,7.1704e-94,7.1704e-94,7.1704e-94
5.7363e-94,5.7363e-94,5.7363e-94,5.7363e-94,5.7363e-94
4.589e-94,4.589e-94,4.589e-94,4.589e-94,4.589e-94
3.6712e-94,3.6712e-94,3.6712e-94,3.6712e-94,3.6712e-94
2.937e-94,2.937e-94,2.937e-94,2.937e-94,2.937e-94
2.3496e-94,2.3496e-94,2.3496e-94,2.3496e-94,2.3496e-94
1.8797e-94,1.8797e-94,1.8797e-94,1.8797e-94,1.8797e-94
1.5037e-94,1.5037e-94,1.5037e-94,1.5037e-94,1.5037e-94
1.203e-94,1.203e-94,1.203e-94,1.203e-94,1.203e-94
9.6239e-95,9.6239e-95,9.6239e-95,9.6239e-95,9.6239e-95
7.6991e-95,7.6991e-95,7.6991e-95,7.6991e-95,7.6991e-95
6.1593e-95,6.1593e-95,6.1593e-95,6.1593e-95,6.1593e-95
4.9274e-95,4.9274e-95,4.9274e-95,4.9274e-95,4.9274e-95
3.9419e-95,3.9419e-95,3.9419e-95,3.9419e-95,3.9419e-95
3.1536e-95,3.1536e-95,3.1536e-95,3.1536e-95,3.1536e-95
2.5228e-95,2.5228e-95,2.5228e-95,2.5228e-95,2.5228e-95
2.0183e-95,2.0183e-95,2.0183e-95,2.0183e-95,2.0183e-95
1.6146e-95,1.6146e-95,1.6146e-95,1.6146e-95,1.6146e-95
1.2917e-95,1.2917e-95,1.2917e-95,1.2917e-95,1.2917e-95
1.0334e-95,1.0334e-95,1.0334e-95,1.0334e-95,1.0334e-95
8.2669e-96,8.2669e-96,8.2669e-96,8.2669e-96,8.2669e-96
6.6135e-96,6.6135e-96,6.6135e-96,6.6135e-96,6.6135e-96
5.2908e-96,5.2908e-96,5.2908e-96,5.2908e-96,5.2908e-96
4.2326e-96,4.2326e-96,4.2326e-96,4.2326e-96,4.2326e-96
3.3861e-96,3.3861e-96,3.3861e-96,3.3861e-96,3.3861e-96
2.7089e-96,2.7089e-96,2.7089e-96,2.7089e-96,2.7089e-96
2.1671e-96,2.1671e-96,2.1671e-96,2.1671e-96,2.1671e-96
1.7337e-96,1.7337e-96,1.7337e-96,1.7337e-96,1.7337e-96
1.3869e-96,1.3869e-96,1.3869e-96,1.3869e-96,1.3869e-96
1.1096e-96,1.1096e-96,1.1096e-96,1.1096e-96,1.1096e-96
8.8765e-97,8.8765e-97,8.8765e-97,8.8765e-97,8.8765e-97
7.1012e-97,7.1012e-97,7.1012e-97,7.1012e-97,7.1012e-97
5.6809e-97,5.6809e-97,5.6809e-97,5.6809e-97,5.6809e-97
4.5448e-97,4.5448e-97,4.5448e-97,4.5448e-97,4.5448e-97
3.6358e-97,3.6358e-97,3.6358e-97,3.6358e-97,3.6358e-97
2.9086e-97,2.9086e-97,2.9086e-97,2.9086e-97,2.9086e-97
2.3269e-97,2.3269e-97,2.3269e-97,2.3269e-97,2.3269e-97
1.8615e-97,1.8615e-97,1.8615e-97,1.8615e-97,1.8615e-97
1.4892e-97,1.4892e-97,1.4892e-97,1.4892e-97,1.4892e-97
1.1914e-97,1.1914e-97,1.1914e-97,1.1914e-97,1.1914e-97
9.531e-98,9.531e-98,9.531e-98,9.531e-98,9.531e-98
7.6248e-98,7.6248e-98,7.6248e-98,7.6248e-98,7.6248e-98
6.0999e-98,6.0999e-98,6.0999e-98,6.0999e-98,6.0999e-98
4.8799e-98,4.8799e-98,4.8799e-98,4.8799e-98,4.8799e-98
3.9039e-98,3.9039e-98,3.9039e-98,3.9039e-98,3.9039e-98
3.1231e-98,3.1231e-98,3.1231e-98,3.1231e-98,3.1231e-98
2.4985e-98,2.4985e-98,2.4985e-98,2.4985e-98,2.4985e-98
1.9988e-98,1.9988e-98,1.9988e-98,1.9988e-98,1.9988e-98
1.599e-98,1.599e-98,1.599e-98,1.599e-98,1.599e-98
