0.1,0.2,0.3,0.5,0.6
0.156,0.154,0.207,0.235,0.198
0.13939,0.14086,0.15868,0.16879,0.15695
0.12398,0.12444,0.1318,0.13587,0.13101
0.11029,0.11049,0.11368,0.11544,0.11334
0.098883,0.098978,0.10042,0.10122,0.10027
0.089461,0.089506,0.090183,0.090557,0.090111
0.081629,0.08165,0.081975,0.082155,0.081941
0.075049,0.07506,0.075219,0.075307,0.075202
0.069458,0.069464,0.069543,0.069586,0.069534
0.064655,0.064657,0.064697,0.064719,0.064693
0.060485,0.060487,0.060507,0.060518,0.060505
0.056832,0.056833,0.056843,0.056849,0.056842
0.053605,0.053606,0.053611,0.053614,0.05361
0.050733,0.050733,0.050736,0.050738,0.050736
0.04816,0.04816,0.048162,0.048163,0.048162
0.045841,0.045841,0.045842,0.045842,0.045842
0.04374,0.04374,0.04374,0.043741,0.04374
0.041827,0.041827,0.041827,0.041827,0.041827
0.040077,0.040077,0.040078,0.040078,0.040078
0.038471,0.038471,0.038471,0.038471,0.038471
0.036991,0.036991,0.036991,0.036991,0.036991
0.035623,0.035623,0.035623,0.035623,0.035623
0.034354,0.034354,0.034354,0.034354,0.034354
0.033174,0.033174,0.033174,0.033174,0.033174
0.032073,0.032073,0.032073,0.032073,0.032073
0.031045,0.031045,0.031045,0.031045,0.031045
0.030081,0.030081,0.030081,0.030081,0.030081
0.029176,0.029176,0.029176,0.029176,0.029176
0.028325,0.028325,0.028325,0.028325,0.028325
0.027522,0.027522,0.027522,0.027522,0.027522
0.026765,0.026765,0.026765,0.026765,0.026765
0.026049,0.026049,0.026049,0.026049,0.026049
0.02537,0.02537,0.02537,0.02537,0.02537
0.024726,0.024726,0.024726,0.024726,0.024726
0.024115,0.024115,0.024115,0.024115,0.024115
0.023533,0.023533,0.023533,0.023533,0.023533
0.02298,0.02298,0.02298,0.02298,0.02298
0.022452,0.022452,0.022452,0.022452,0.022452
0.021948,0.021948,0.021948,0.021948,0.021948
0.021466,0.021466,0.021466,0.021466,0.021466
0.021005,0.021005,0.021005,0.021005,0.021005
0.020564,0.020564,0.020564,0.020564,0.020564
0.020141,0.020141,0.020141,0.020141,0.020141
0.019735,0.019735,0.019735,0.019735,0.019735
0.019346,0.019346,0.019346,0.019346,0.019346
0.018972,0.018972,0.018972,0.018972,0.018972
0.018612,0.018612,0.018612,0.018612,0.018612
0.018265,0.018265,0.018265,0.018265,0.018265
0.017932,0.017932,0.017932,0.017932,0.017932
0.01761,0.01761,0.01761,0.01761,0.01761
0.0173,0.0173,0.0173,0.0173,0.0173
0.017001,0.017001,0.017001,0.017001,0.017001
0.016712,0.016712,0.016712,0.016712,0.016712
0.016432,0.016432,0.016432,0.016432,0.016432
0.016162,0.016162,0.016162,0.016162,0.016162
0.015901,0.015901,0.015901,0.015901,0.015901
0.015648,0.015648,0.015648,0.015648,0.015648
0.015403,0.015403,0.015403,0.015403,0.015403
0.015166,0.015166,0.015166,0.015166,0.015166
0.014936,0.014936,0.014936,0.014936,0.014936
0.014713,0.014713,0.014713,0.014713,0.014713
0.014497,0.014497,0.014497,0.014497,0.014497
0.014286,0.014286,0.014286,0.014286,0.014286
0.014082,0.014082,0.014082,0.014082,0.014082
0.013884,0.013884,0.013884,0.013884,0.013884
0.013691,0.013691,0.013691,0.013691,0.013691
0.013504,0.013504,0.013504,0.013504,0.013504
0.013321,0.013321,0.013321,0.013321,0.013321
0.013144,0.013144,0.013144,0.013144,0.013144
0.012971,0.012971,0.012971,0.012971,0.012971
0.012803,0.012803,0.012803,0.012803,0.012803
0.012639,0.012639,0.012639,0.012639,0.012639
0.012479,0.012479,0.012479,0.012479,0.012479
0.012324,0.012324,0.012324,0.012324,0.012324
0.012172,0.012172,0.012172,0.012172,0.012172
0.012024,0.012024,0.012024,0.012024,0.012024
0.011879,0.011879,0.011879,0.011879,0.011879
0.011738,0.011738,0.011738,0.011738,0.011738
0.0116,0.0116,0.0116,0.0116,0.0116
0.011466,0.011466,0.011466,0.011466,0.011466
0.011334,0.011334,0.011334,0.011334,0.011334
0.011206,0.011206,0.011206,0.011206,0.011206
0.01108,0.01108,0.01108,0.01108,0.01108
0.010957,0.010957,0.010957,0.010957,0.010957
0.010837,0.010837,0.010837,0.010837,0.010837
0.01072,0.01072,0.01072,0.01072,0.01072
0.010605,0.010605,0.010605,0.010605,0.010605
0.010492,0.010492,0.010492,0.010492,0.010492
0.010382,0.010382,0.010382,0.010382,0.010382
0.010275,0.010275,0.010275,0.010275,0.010275
0.010169,0.010169,0.010169,0.010169,0.010169
0.010066,0.010066,0.010066,0.010066,0.010066
0.0099642,0.0099642,0.0099642,0.0099642,0.0099642
0.0098649,0.0098649,0.0098649,0.0098649,0.0098649
0.0097676,0.0097676,0.0097676,0.0097676,0.0097676
0.0096722,0.0096722,0.0096722,0.0096722,0.0096722
0.0095787,0.0095787,0.0095787,0.0095787,0.0095787
0.0094869,0.0094869,0.0094869,0.0094869,0.0094869
0.0093969,0.0093969,0.0093969,0.0093969,0.0093969
0.0093086,0.0093086,0.0093086,0.0093086,0.0093086
0.009222,0.009222,0.009222,0.009222,0.009222
0.0091369,0.0091369,0.0091369,0.0091369,0.0091369
0.0090534,0.0090534,0.0090534,0.0090534,0.0090534
0.0089715,0.0089715,0.0089715,0.0089715,0.0089715
0.008891,0.008891,0.008891,0.008891,0.008891
0.0088119,0.0088119,0.0088119,0.0088119,0.0088119
0.0087343,0.0087343,0.0087343,0.0087343,0.0087343
0.008658,0.008658,0.008658,0.008658,0.008658
0.008583,0.008583,0.008583,0.008583,0.008583
0.0085094,0.0085094,0.0085094,0.0085094,0.0085094
0.008437,0.008437,0.008437,0.008437,0.008437
0.0083658,0.0083658,0.0083658,0.0083658,0.0083658
0.0082958,0.0082958,0.0082958,0.0082958,0.0082958
0.008227,0.008227,0.008227,0.008227,0.008227
0.0081593,0.0081593,0.0081593,0.0081593,0.0081593
0.0080927,0.0080927,0.0080927,0.0080927,0.0080927
0.0080272,0.0080272,0.0080272,0.0080272,0.0080272
0.0079628,0.0079628,0.0079628,0.0079628,0.0079628
0.0078994,0.0078994,0.0078994,0.0078994,0.0078994
0.007837,0.007837,0.007837,0.007837,0.007837
0.0077756,0.0077756,0.0077756,0.0077756,0.0077756
0.0077151,0.0077151,0.0077151,0.0077151,0.0077151
0.0076556,0.0076556,0.0076556,0.0076556,0.0076556
0.007597,0.007597,0.007597,0.007597,0.007597
0.0075393,0.0075393,0.0075393,0.0075393,0.0075393
0.0074824,0.0074824,0.0074824,0.0074824,0.0074824
0.0074264,0.0074264,0.0074264,0.0074264,0.0074264
0.0073713,0.0073713,0.0073713,0.0073713,0.0073713
0.0073169,0.0073169,0.0073169,0.0073169,0.0073169
0.0072634,0.0072634,0.0072634,0.0072634,0.0072634
0.0072106,0.0072106,0.0072106,0.0072106,0.0072106
0.0071587,0.0071587,0.0071587,0.0071587,0.0071587
0.0071074,0.0071074,0.0071074,0.0071074,0.0071074
0.0070569,0.0070569,0.0070569,0.0070569,0.0070569
0.0070071,0.0070071,0.0070071,0.0070071,0.0070071
0.006958,0.006958,0.006958,0.006958,0.006958
0.0069096,0.0069096,0.0069096,0.0069096,0.0069096
0.0068618,0.0068618,0.0068618,0.0068618,0.0068618
0.0068148,0.0068148,0.0068148,0.0068148,0.0068148
0.0067683,0.0067683,0.0067683,0.0067683,0.0067683
0.0067225,0.0067225,0.0067225,0.0067225,0.0067225
0.0066773,0.0066773,0.0066773,0.0066773,0.0066773
0.0066327,0.0066327,0.0066327,0.0066327,0.0066327
0.0065887,0.0065887,0.0065887,0.0065887,0.0065887
0.0065453,0.0065453,0.0065453,0.0065453,0.0065453
0.0065025,0.0065025,0.0065025,0.0065025,0.0065025
0.0064602,0.0064602,0.0064602,0.0064602,0.0064602
0.0064185,0.0064185,0.0064185,0.0064185,0.0064185
0.0063773,0.0063773,0.0063773,0.0063773,0.0063773
0.0063366,0.0063366,0.0063366,0.0063366,0.0063366
0.0062964,0.0062964,0.0062964,0.0062964,0.0062964
0.0062568,0.0062568,0.0062568,0.0062568,0.0062568
0.0062176,0.0062176,0.0062176,0.0062176,0.0062176
0.006179,0.006179,0.006179,0.006179,0.006179
0.0061408,0.0061408,0.0061408,0.0061408,0.0061408
0.0061031,0.0061031,0.0061031,0.0061031,0.0061031
0.0060659,0.0060659,0.0060659,0.0060659,0.0060659
0.0060291,0.0060291,0.0060291,0.0060291,0.0060291
0.0059927,0.0059927,0.0059927,0.0059927,0.0059927
0.0059568,0.0059568,0.0059568,0.0059568,0.0059568
0.0059213,0.0059213,0.0059213,0.0059213,0.0059213
0.0058862,0.0058862,0.0058862,0.0058862,0.0058862
0.0058516,0.0058516,0.0058516,0.0058516,0.0058516
0.0058174,0.0058174,0.0058174,0.0058174,0.0058174
0.0057835,0.0057835,0.0057835,0.0057835,0.0057835
0.0057501,0.0057501,0.0057501,0.0057501,0.0057501
0.005717,0.005717,0.005717,0.005717,0.005717
0.0056843,0.0056843,0.0056843,0.0056843,0.0056843
0.005652,0.005652,0.005652,0.005652,0.005652
0.0056201,0.0056201,0.0056201,0.0056201,0.0056201
0.0055885,0.0055885,0.0055885,0.0055885,0.0055885
0.0055572,0.0055572,0.0055572,0.0055572,0.0055572
0.0055264,0.0055264,0.0055264,0.0055264,0.0055264
0.0054958,0.0054958,0.0054958,0.0054958,0.0054958
0.0054656,0.0054656,0.0054656,0.0054656,0.0054656
0.0054357,0.0054357,0.0054357,0.0054357,0.0054357
0.0054062,0.0054062,0.0054062,0.0054062,0.0054062
0.005377,0.005377,0.005377,0.005377,0.005377
0.0053481,0.0053481,0.0053481,0.0053481,0.0053481
0.0053195,0.0053195,0.0053195,0.0053195,0.0053195
0.0052912,0.0052912,0.0052912,0.0052912,0.0052912
0.0052632,0.0052632,0.0052632,0.0052632,0.0052632
0.0052355,0.0052355,0.0052355,0.0052355,0.0052355
0.0052081,0.0052081,0.0052081,0.0052081,0.0052081
0.0051809,0.0051809,0.0051809,0.0051809,0.0051809
0.0051541,0.0051541,0.0051541,0.0051541,0.0051541
0.0051275,0.0051275,0.0051275,0.0051275,0.0051275
0.0051012,0.0051012,0.0051012,0.0051012,0.0051012
0.0050752,0.0050752,0.0050752,0.0050752,0.0050752
0.0050495,0.0050495,0.0050495,0.0050495,0.0050495
0.005024,0.005024,0.005024,0.005024,0.005024
0.0049987,0.0049987,0.0049987,0.0049987,0.0049987
0.0049737,0.0049737,0.0049737,0.0049737,0.0049737
0.004949,0.004949,0.004949,0.004949,0.004949
0.0049245,0.0049245,0.0049245,0.0049245,0.0049245
0.0049002,0.0049002,0.0049002,0.0049002,0.0049002
0.0048762,0.0048762,0.0048762,0.0048762,0.0048762
0.0048525,0.0048525,0.0048525,0.0048525,0.0048525
0.0048289,0.0048289,0.0048289,0.0048289,0.0048289
0.0048056,0.0048056,0.0048056,0.0048056,0.0048056
0.0047825,0.0047825,0.0047825,0.0047825,0.0047825
0.0047596,0.0047596,0.0047596,0.0047596,0.0047596
0.004737,0.004737,0.004737,0.004737,0.004737
0.0047145,0.0047145,0.0047145,0.0047145,0.0047145
0.0046923,0.0046923,0.0046923,0.0046923,0.0046923
0.0046703,0.0046703,0.0046703,0.0046703,0.0046703
0.0046485,0.0046485,0.0046485,0.0046485,0.0046485
0.0046269,0.0046269,0.0046269,0.0046269,0.0046269
0.0046055,0.0046055,0.0046055,0.0046055,0.0046055
0.0045843,0.0045843,0.0045843,0.0045843,0.0045843
0.0045632,0.0045632,0.0045632,0.0045632,0.0045632
0.0045424,0.0045424,0.0045424,0.0045424,0.0045424
0.0045218,0.0045218,0.0045218,0.0045218,0.0045218
0.0045013,0.0045013,0.0045013,0.0045013,0.0045013
0.0044811,0.0044811,0.0044811,0.0044811,0.0044811
0.004461,0.004461,0.004461,0.004461,0.004461
0.0044411,0.0044411,0.0044411,0.0044411,0.0044411
0.0044214,0.0044214,0.0044214,0.0044214,0.0044214
0.0044018,0.0044018,0.0044018,0.0044018,0.0044018
0.0043824,0.0043824,0.0043824,0.0043824,0.0043824
0.0043632,0.0043632,0.0043632,0.0043632,0.0043632
0.0043442,0.0043442,0.0043442,0.0043442,0.0043442
0.0043253,0.0043253,0.0043253,0.0043253,0.0043253
0.0043066,0.0043066,0.0043066,0.0043066,0.0043066
0.0042881,0.0042881,0.0042881,0.0042881,0.0042881
0.0042697,0.0042697,0.0042697,0.0042697,0.0042697
0.0042515,0.0042515,0.0042515,0.0042515,0.0042515
0.0042334,0.0042334,0.0042334,0.0042334,0.0042334
0.0042155,0.0042155,0.0042155,0.0042155,0.0042155
0.0041977,0.0041977,0.0041977,0.0041977,0.0041977
0.0041801,0.0041801,0.0041801,0.0041801,0.0041801
0.0041626,0.0041626,0.0041626,0.0041626,0.0041626
0.0041453,0.0041453,0.0041453,0.0041453,0.0041453
0.0041281,0.0041281,0.0041281,0.0041281,0.0041281
0.004111,0.004111,0.004111,0.004111,0.004111
0.0040941,0.0040941,0.0040941,0.0040941,0.0040941
0.0040774,0.0040774,0.0040774,0.0040774,0.0040774
0.0040608,0.0040608,0.0040608,0.0040608,0.0040608
0.0040443,0.0040443,0.0040443,0.0040443,0.0040443
0.0040279,0.0040279,0.0040279,0.0040279,0.0040279
0.0040117,0.0040117,0.0040117,0.0040117,0.0040117
0.0039956,0.0039956,0.0039956,0.0039956,0.0039956
0.0039796,0.0039796,0.0039796,0.0039796,0.0039796
0.0039638,0.0039638,0.0039638,0.0039638,0.0039638
0.0039481,0.0039481,0.0039481,0.0039481,0.0039481
0.0039325,0.0039325,0.0039325,0.0039325,0.0039325
0.003917,0.003917,0.003917,0.003917,0.003917
0.0039017,0.0039017,0.0039017,0.0039017,0.0039017
0.0038865,0.0038865,0.0038865,0.0038865,0.0038865
0.0038714,0.0038714,0.0038714,0.0038714,0.0038714
0.0038564,0.0038564,0.0038564,0.0038564,0.0038564
0.0038415,0.0038415,0.0038415,0.0038415,0.0038415
0.0038267,0.0038267,0.0038267,0.0038267,0.0038267
0.0038121,0.0038121,0.0038121,0.0038121,0.0038121
0.0037976,0.0037976,0.0037976,0.0037976,0.0037976
0.0037831,0.0037831,0.0037831,0.0037831,0.0037831
0.0037688,0.0037688,0.0037688,0.0037688,0.0037688
0.0037546,0.0037546,0.0037546,0.0037546,0.0037546
0.0037405,0.0037405,0.0037405,0.0037405,0.0037405
0.0037265,0.0037265,0.0037265,0.0037265,0.0037265
0.0037126,0.0037126,0.0037126,0.0037126,0.0037126
0.0036989,0.0036989,0.0036989,0.0036989,0.0036989
0.0036852,0.0036852,0.0036852,0.0036852,0.0036852
0.0036716,0.0036716,0.0036716,0.0036716,0.0036716
0.0036581,0.0036581,0.0036581,0.0036581,0.0036581
0.0036447,0.0036447,0.0036447,0.0036447,0.0036447
0.0036315,0.0036315,0.0036315,0.0036315,0.0036315
0.0036183,0.0036183,0.0036183,0.0036183,0.0036183
0.0036052,0.0036052,0.0036052,0.0036052,0.0036052
0.0035922,0.0035922,0.0035922,0.0035922,0.0035922
0.0035793,0.0035793,0.0035793,0.0035793,0.0035793
0.0035665,0.0035665,0.0035665,0.0035665,0.0035665
0.0035537,0.0035537,0.0035537,0.0035537,0.0035537
0.0035411,0.0035411,0.0035411,0.0035411,0.0035411
0.0035286,0.0035286,0.0035286,0.0035286,0.0035286
0.0035161,0.0035161,0.0035161,0.0035161,0.0035161
0.0035038,0.0035038,0.0035038,0.0035038,0.0035038
0.0034915,0.0034915,0.0034915,0.0034915,0.0034915
0.0034793,0.0034793,0.0034793,0.0034793,0.0034793
0.0034672,0.0034672,0.0034672,0.0034672,0.0034672
0.0034552,0.0034552,0.0034552,0.0034552,0.0034552
0.0034432,0.0034432,0.0034432,0.0034432,0.0034432
0.0034314,0.0034314,0.0034314,0.0034314,0.0034314
0.0034196,0.0034196,0.0034196,0.0034196,0.0034196
0.0034079,0.0034079,0.0034079,0.0034079,0.0034079
0.0033963,0.0033963,0.0033963,0.0033963,0.0033963
0.0033848,0.0033848,0.0033848,0.0033848,0.0033848
0.0033733,0.0033733,0.0033733,0.0033733,0.0033733
0.0033619,0.0033619,0.0033619,0.0033619,0.0033619
0.0033506,0.0033506,0.0033506,0.0033506,0.0033506
0.0033394,0.0033394,0.0033394,0.0033394,0.0033394
0.0033282,0.0033282,0.0033282,0.0033282,0.0033282
0.0033172,0.0033172,0.0033172,0.0033172,0.0033172
0.0033062,0.0033062,0.0033062,0.0033062,0.0033062
0.0032952,0.0032952,0.0032952,0.0032952,0.0032952
0.0032844,0.0032844,0.0032844,0.0032844,0.0032844
0.0032736,0.0032736,0.0032736,0.0032736,0.0032736
0.0032629,0.0032629,0.0032629,0.0032629,0.0032629
0.0032522,0.0032522,0.0032522,0.0032522,0.0032522
0.0032416,0.0032416,0.0032416,0.0032416,0.0032416
0.0032311,0.0032311,0.0032311,0.0032311,0.0032311
0.0032207,0.0032207,0.0032207,0.0032207,0.0032207
0.0032103,0.0032103,0.0032103,0.0032103,0.0032103
0.0032,0.0032,0.0032,0.0032,0.0032
0.0031898,0.0031898,0.0031898,0.0031898,0.0031898
0.0031796,0.0031796,0.0031796,0.0031796,0.0031796
0.0031695,0.0031695,0.0031695,0.0031695,0.0031695
0.0031594,0.0031594,0.0031594,0.0031594,0.0031594
0.0031495,0.0031495,0.0031495,0.0031495,0.0031495
0.0031395,0.0031395,0.0031395,0.0031395,0.0031395
0.0031297,0.0031297,0.0031297,0.0031297,0.0031297
0.0031199,0.0031199,0.0031199,0.0031199,0.0031199
0.0031102,0.0031102,0.0031102,0.0031102,0.0031102
0.0031005,0.0031005,0.0031005,0.0031005,0.0031005
0.0030909,0.0030909,0.0030909,0.0030909,0.0030909
0.0030813,0.0030813,0.0030813,0.0030813,0.0030813
0.0030718,0.0030718,0.0030718,0.0030718,0.0030718
0.0030624,0.0030624,0.0030624,0.0030624,0.0030624
0.003053,0.003053,0.003053,0.003053,0.003053
0.0030437,0.0030437,0.0030437,0.0030437,0.0030437
0.0030344,0.0030344,0.0030344,0.0030344,0.0030344
0.0030252,0.0030252,0.0030252,0.0030252,0.0030252
0.0030161,0.0030161,0.0030161,0.0030161,0.0030161
0.003007,0.003007,0.003007,0.003007,0.003007
0.0029979,0.0029979,0.0029979,0.0029979,0.0029979
0.0029889,0.0029889,0.0029889,0.0029889,0.0029889
0.00298,0.00298,0.00298,0.00298,0.00298
0.0029711,0.0029711,0.0029711,0.0029711,0.0029711
0.0029623,0.0029623,0.0029623,0.0029623,0.0029623
0.0029535,0.0029535,0.0029535,0.0029535,0.0029535
0.0029448,0.0029448,0.0029448,0.0029448,0.0029448
0.0029361,0.0029361,0.0029361,0.0029361,0.0029361
0.0029275,0.0029275,0.0029275,0.0029275,0.0029275
0.0029189,0.0029189,0.0029189,0.0029189,0.0029189
0.0029104,0.0029104,0.0029104,0.0029104,0.0029104
0.0029019,0.0029019,0.0029019,0.0029019,0.0029019
0.0028935,0.0028935,0.0028935,0.0028935,0.0028935
0.0028852,0.0028852,0.0028852,0.0028852,0.0028852
0.0028768,0.0028768,0.0028768,0.0028768,0.0028768
0.0028686,0.0028686,0.0028686,0.0028686,0.0028686
0.0028603,0.0028603,0.0028603,0.0028603,0.0028603
0.0028521,0.0028521,0.0028521,0.0028521,0.0028521
0.002844,0.002844,0.002844,0.002844,0.002844
0.0028359,0.0028359,0.0028359,0.0028359,0.0028359
0.0028279,0.0028279,0.0028279,0.0028279,0.0028279
0.0028199,0.0028199,0.0028199,0.0028199,0.0028199
0.0028119,0.0028119,0.0028119,0.0028119,0.0028119
0.002804,0.002804,0.002804,0.002804,0.002804
0.0027962,0.0027962,0.0027962,0.0027962,0.0027962
0.0027883,0.0027883,0.0027883,0.0027883,0.0027883
0.0027806,0.0027806,0.0027806,0.0027806,0.0027806
0.0027728,0.0027728,0.0027728,0.0027728,0.0027728
0.0027651,0.0027651,0.0027651,0.0027651,0.0027651
0.0027575,0.0027575,0.0027575,0.0027575,0.0027575
0.0027499,0.0027499,0.0027499,0.0027499,0.0027499
0.0027423,0.0027423,0.0027423,0.0027423,0.0027423
0.0027348,0.0027348,0.0027348,0.0027348,0.0027348
0.0027273,0.0027273,0.0027273,0.0027273,0.0027273
0.0027199,0.0027199,0.0027199,0.0027199,0.0027199
0.0027125,0.0027125,0.0027125,0.0027125,0.0027125
0.0027051,0.0027051,0.0027051,0.0027051,0.0027051
0.0026978,0.0026978,0.0026978,0.0026978,0.0026978
0.0026905,0.0026905,0.0026905,0.0026905,0.0026905
0.0026833,0.0026833,0.0026833,0.0026833,0.0026833
0.0026761,0.0026761,0.0026761,0.0026761,0.0026761
0.0026689,0.0026689,0.0026689,0.0026689,0.0026689
0.0026618,0.0026618,0.0026618,0.0026618,0.0026618
0.0026547,0.0026547,0.0026547,0.0026547,0.0026547
0.0026477,0.0026477,0.0026477,0.0026477,0.0026477
0.0026407,0.0026407,0.0026407,0.0026407,0.0026407
0.0026337,0.0026337,0.0026337,0.0026337,0.0026337
0.0026268,0.0026268,0.0026268,0.0026268,0.0026268
0.0026199,0.0026199,0.0026199,0.0026199,0.0026199
0.002613,0.002613,0.002613,0.002613,0.002613
0.0026062,0.0026062,0.0026062,0.0026062,0.0026062
0.0025994,0.0025994,0.0025994,0.0025994,0.0025994
0.0025926,0.0025926,0.0025926,0.0025926,0.0025926
0.0025859,0.0025859,0.0025859,0.0025859,0.0025859
0.0025792,0.0025792,0.0025792,0.0025792,0.0025792
0.0025726,0.0025726,0.0025726,0.0025726,0.0025726
0.0025659,0.0025659,0.0025659,0.0025659,0.0025659
0.0025594,0.0025594,0.0025594,0.0025594,0.0025594
0.0025528,0.0025528,0.0025528,0.0025528,0.0025528
0.0025463,0.0025463,0.0025463,0.0025463,0.0025463
0.0025398,0.0025398,0.0025398,0.0025398,0.0025398
0.0025334,0.0025334,0.0025334,0.0025334,0.0025334
0.0025269,0.0025269,0.0025269,0.0025269,0.0025269
0.0025206,0.0025206,0.0025206,0.0025206,0.0025206
0.0025142,0.0025142,0.0025142,0.0025142,0.0025142
0.0025079,0.0025079,0.0025079,0.0025079,0.0025079
0.0025016,0.0025016,0.0025016,0.0025016,0.0025016
0.0024953,0.0024953,0.0024953,0.0024953,0.0024953
0.0024891,0.0024891,0.0024891,0.0024891,0.0024891
0.0024829,0.0024829,0.0024829,0.0024829,0.0024829
0.0024768,0.0024768,0.0024768,0.0024768,0.0024768
0.0024706,0.0024706,0.0024706,0.0024706,0.0024706
0.0024645,0.0024645,0.0024645,0.0024645,0.0024645
0.0024584,0.0024584,0.0024584,0.0024584,0.0024584
0.0024524,0.0024524,0.0024524,0.0024524,0.0024524
0.0024464,0.0024464,0.0024464,0.0024464,0.0024464
0.0024404,0.0024404,0.0024404,0.0024404,0.0024404
0.0024344,0.0024344,0.0024344,0.0024344,0.0024344
0.0024285,0.0024285,0.0024285,0.0024285,0.0024285
0.0024226,0.0024226,0.0024226,0.0024226,0.0024226
0.0024167,0.0024167,0.0024167,0.0024167,0.0024167
0.0024109,0.0024109,0.0024109,0.0024109,0.0024109
0.0024051,0.0024051,0.0024051,0.0024051,0.0024051
0.0023993,0.0023993,0.0023993,0.0023993,0.0023993
0.0023936,0.0023936,0.0023936,0.0023936,0.0023936
0.0023878,0.0023878,0.0023878,0.0023878,0.0023878
0.0023821,0.0023821,0.0023821,0.0023821,0.0023821
0.0023764,0.0023764,0.0023764,0.0023764,0.0023764
0.0023708,0.0023708,0.0023708,0.0023708,0.0023708
0.0023652,0.0023652,0.0023652,0.0023652,0.0023652
0.0023596,0.0023596,0.0023596,0.0023596,0.0023596
0.002354,0.002354,0.002354,0.002354,0.002354
0.0023485,0.0023485,0.0023485,0.0023485,0.0023485
0.002343,0.002343,0.002343,0.002343,0.002343
0.0023375,0.0023375,0.0023375,0.0023375,0.0023375
0.002332,0.002332,0.002332,0.002332,0.002332
0.0023266,0.0023266,0.0023266,0.0023266,0.0023266
0.0023212,0.0023212,0.0023212,0.0023212,0.0023212
0.0023158,0.0023158,0.0023158,0.0023158,0.0023158
0.0023104,0.0023104,0.0023104,0.0023104,0.0023104
0.0023051,0.0023051,0.0023051,0.0023051,0.0023051
0.0022998,0.0022998,0.0022998,0.0022998,0.0022998
0.0022945,0.0022945,0.0022945,0.0022945,0.0022945
0.0022892,0.0022892,0.0022892,0.0022892,0.0022892
0.002284,0.002284,0.002284,0.002284,0.002284
0.0022787,0.0022787,0.0022787,0.0022787,0.0022787
0.0022736,0.0022736,0.0022736,0.0022736,0.0022736
0.0022684,0.0022684,0.0022684,0.0022684,0.0022684
0.0022632,0.0022632,0.0022632,0.0022632,0.0022632
0.0022581,0.0022581,0.0022581,0.0022581,0.0022581
0.002253,0.002253,0.002253,0.002253,0.002253
0.0022479,0.0022479,0.0022479,0.0022479,0.0022479
0.0022429,0.0022429,0.0022429,0.0022429,0.0022429
0.0022379,0.0022379,0.0022379,0.0022379,0.0022379
0.0022328,0.0022328,0.0022328,0.0022328,0.0022328
0.0022279,0.0022279,0.0022279,0.0022279,0.0022279
0.0022229,0.0022229,0.0022229,0.0022229,0.0022229
0.002218,0.002218,0.002218,0.002218,0.002218
0.002213,0.002213,0.002213,0.002213,0.002213
0.0022081,0.0022081,0.0022081,0.0022081,0.0022081
0.0022033,0.0022033,0.0022033,0.0022033,0.0022033
0.0021984,0.0021984,0.0021984,0.0021984,0.0021984
0.0021936,0.0021936,0.0021936,0.0021936,0.0021936
0.0021888,0.0021888,0.0021888,0.0021888,0.0021888
0.002184,0.002184,0.002184,0.002184,0.002184
0.0021792,0.0021792,0.0021792,0.0021792,0.0021792
0.0021745,0.0021745,0.0021745,0.0021745,0.0021745
0.0021697,0.0021697,0.0021697,0.0021697,0.0021697
0.002165,0.002165,0.002165,0.002165,0.002165
0.0021603,0.0021603,0.0021603,0.0021603,0.0021603
0.0021557,0.0021557,0.0021557,0.0021557,0.0021557
0.002151,0.002151,0.002151,0.002151,0.002151
0.0021464,0.0021464,0.0021464,0.0021464,0.0021464
0.0021418,0.0021418,0.0021418,0.0021418,0.0021418
0.0021372,0.0021372,0.0021372,0.0021372,0.0021372
0.0021326,0.0021326,0.0021326,0.0021326,0.0021326
0.0021281,0.0021281,0.0021281,0.0021281,0.0021281
0.0021236,0.0021236,0.0021236,0.0021236,0.0021236
0.002119,0.002119,0.002119,0.002119,0.002119
0.0021146,0.0021146,0.0021146,0.0021146,0.0021146
0.0021101,0.0021101,0.0021101,0.0021101,0.0021101
0.0021056,0.0021056,0.0021056,0.0021056,0.0021056
0.0021012,0.0021012,0.0021012,0.0021012,0.0021012
0.0020968,0.0020968,0.0020968,0.0020968,0.0020968
0.0020924,0.0020924,0.0020924,0.0020924,0.0020924
0.002088,0.002088,0.002088,0.002088,0.002088
0.0020836,0.0020836,0.0020836,0.0020836,0.0020836
0.0020793,0.0020793,0.0020793,0.0020793,0.0020793
0.002075,0.002075,0.002075,0.002075,0.002075
0.0020707,0.0020707,0.0020707,0.0020707,0.0020707
0.0020664,0.0020664,0.0020664,0.0020664,0.0020664
0.0020621,0.0020621,0.0020621,0.0020621,0.0020621
0.0020579,0.0020579,0.0020579,0.0020579,0.0020579
0.0020536,0.0020536,0.0020536,0.0020536,0.0020536
0.0020494,0.0020494,0.0020494,0.0020494,0.0020494
0.0020452,0.0020452,0.0020452,0.0020452,0.0020452
0.002041,0.002041,0.002041,0.002041,0.002041
0.0020369,0.0020369,0.0020369,0.0020369,0.0020369
0.0020327,0.0020327,0.0020327,0.0020327,0.0020327
0.0020286,0.0020286,0.0020286,0.0020286,0.0020286
0.0020245,0.0020245,0.0020245,0.0020245,0.0020245
0.0020204,0.0020204,0.0020204,0.0020204,0.0020204
0.0020163,0.0020163,0.0020163,0.0020163,0.0020163
0.0020122,0.0020122,0.0020122,0.0020122,0.0020122
0.0020082,0.0020082,0.0020082,0.0020082,0.0020082
0.0020041,0.0020041,0.0020041,0.0020041,0.0020041
0.0020001,0.0020001,0.0020001,0.0020001,0.0020001
0.0019961,0.0019961,0.0019961,0.0019961,0.0019961
0.0019921,0.0019921,0.0019921,0.0019921,0.0019921
0.0019882,0.0019882,0.0019882,0.0019882,0.0019882
0.0019842,0.0019842,0.0019842,0.0019842,0.0019842
0.0019803,0.0019803,0.0019803,0.0019803,0.0019803
0.0019764,0.0019764,0.0019764,0.0019764,0.0019764
0.0019725,0.0019725,0.0019725,0.0019725,0.0019725
0.0019686,0.0019686,0.0019686,0.0019686,0.0019686
0.0019647,0.0019647,0.0019647,0.0019647,0.0019647
0.0019608,0.0019608,0.0019608,0.0019608,0.0019608
0.001957,0.001957,0.001957,0.001957,0.001957
0.0019532,0.0019532,0.0019532,0.0019532,0.0019532
0.0019493,0.0019493,0.0019493,0.0019493,0.0019493
0.0019455,0.0019455,0.0019455,0.0019455,0.0019455
0.0019418,0.0019418,0.0019418,0.0019418,0.0019418
0.001938,0.001938,0.001938,0.001938,0.001938
0.0019342,0.0019342,0.0019342,0.0019342,0.0019342
0.0019305,0.0019305,0.0019305,0.0019305,0.0019305
0.0019268,0.0019268,0.0019268,0.0019268,0.0019268
0.001923,0.001923,0.001923,0.001923,0.001923
0.0019193,0.0019193,0.0019193,0.0019193,0.0019193
0.0019157,0.0019157,0.0019157,0.0019157,0.0019157
0.001912,0.001912,0.001912,0.001912,0.001912
0.0019083,0.0019083,0.0019083,0.0019083,0.0019083
0.0019047,0.0019047,0.0019047,0.0019047,0.0019047
0.0019011,0.0019011,0.0019011,0.0019011,0.0019011
0.0018975,0.0018975,0.0018975,0.0018975,0.0018975
0.0018939,0.0018939,0.0018939,0.0018939,0.0018939
0.0018903,0.0018903,0.0018903,0.0018903,0.0018903
0.0018867,0.0018867,0.0018867,0.0018867,0.0018867
0.0018831,0.0018831,0.0018831,0.0018831,0.0018831
0.0018796,0.0018796,0.0018796,0.0018796,0.0018796
0.0018761,0.0018761,0.0018761,0.0018761,0.0018761
0.0018725,0.0018725,0.0018725,0.0018725,0.0018725
0.001869,0.001869,0.001869,0.001869,0.001869
0.0018655,0.0018655,0.0018655,0.0018655,0.0018655
0.0018621,0.0018621,0.0018621,0.0018621,0.0018621
0.0018586,0.0018586,0.0018586,0.0018586,0.0018586
0.0018551,0.0018551,0.0018551,0.0018551,0.0018551
0.0018517,0.0018517,0.0018517,0.0018517,0.0018517
0.0018483,0.0018483,0.0018483,0.0018483,0.0018483
0.0018448,0.0018448,0.0018448,0.0018448,0.0018448
0.0018414,0.0018414,0.0018414,0.0018414,0.0018414
0.0018381,0.0018381,0.0018381,0.0018381,0.0018381
0.0018347,0.0018347,0.0018347,0.0018347,0.0018347
0.0018313,0.0018313,0.0018313,0.0018313,0.0018313
0.001828,0.001828,0.001828,0.001828,0.001828
0.0018246,0.0018246,0.0018246,0.0018246,0.0018246
0.0018213,0.0018213,0.0018213,0.0018213,0.0018213
0.001818,0.001818,0.001818,0.001818,0.001818
0.0018147,0.0018147,0.0018147,0.0018147,0.0018147
0.0018114,0.0018114,0.0018114,0.0018114,0.0018114
0.0018081,0.0018081,0.0018081,0.0018081,0.0018081
0.0018048,0.0018048,0.0018048,0.0018048,0.0018048
0.0018016,0.0018016,0.0018016,0.0018016,0.0018016
0.0017983,0.0017983,0.0017983,0.0017983,0.0017983
0.0017951,0.0017951,0.0017951,0.0017951,0.0017951
0.0017919,0.0017919,0.0017919,0.0017919,0.0017919
0.0017887,0.0017887,0.0017887,0.0017887,0.0017887
0.0017855,0.0017855,0.0017855,0.0017855,0.0017855
0.0017823,0.0017823,0.0017823,0.0017823,0.0017823
0.0017791,0.0017791,0.0017791,0.0017791,0.0017791
0.0017759,0.0017759,0.0017759,0.0017759,0.0017759
0.0017728,0.0017728,0.0017728,0.0017728,0.0017728
0.0017696,0.0017696,0.0017696,0.0017696,0.0017696
0.0017665,0.0017665,0.0017665,0.0017665,0.0017665
0.0017634,0.0017634,0.0017634,0.0017634,0.0017634
0.0017603,0.0017603,0.0017603,0.0017603,0.0017603
0.0017572,0.0017572,0.0017572,0.0017572,0.0017572
0.0017541,0.0017541,0.0017541,0.0017541,0.0017541
0.001751,0.001751,0.001751,0.001751,0.001751
0.0017479,0.0017479,0.0017479,0.0017479,0.0017479
0.0017449,0.0017449,0.0017449,0.0017449,0.0017449
0.0017418,0.0017418,0.0017418,0.0017418,0.0017418
0.0017388,0.0017388,0.0017388,0.0017388,0.0017388
0.0017358,0.0017358,0.0017358,0.0017358,0.0017358
0.0017328,0.0017328,0.0017328,0.0017328,0.0017328
0.0017298,0.0017298,0.0017298,0.0017298,0.0017298
0.0017268,0.0017268,0.0017268,0.0017268,0.0017268
0.0017238,0.0017238,0.0017238,0.0017238,0.0017238
0.0017208,0.0017208,0.0017208,0.0017208,0.0017208
0.0017179,0.0017179,0.0017179,0.0017179,0.0017179
0.0017149,0.0017149,0.0017149,0.0017149,0.0017149
0.001712,0.001712,0.001712,0.001712,0.001712
0.001709,0.001709,0.001709,0.001709,0.001709
0.0017061,0.0017061,0.0017061,0.0017061,0.0017061
0.0017032,0.0017032,0.0017032,0.0017032,0.0017032
0.0017003,0.0017003,0.0017003,0.0017003,0.0017003
0.0016974,0.0016974,0.0016974,0.0016974,0.0016974
0.0016945,0.0016945,0.0016945,0.0016945,0.0016945
0.0016917,0.0016917,0.0016917,0.0016917,0.0016917
0.0016888,0.0016888,0.0016888,0.0016888,0.0016888
0.0016859,0.0016859,0.0016859,0.0016859,0.0016859
0.0016831,0.0016831,0.0016831,0.0016831,0.0016831
0.0016803,0.0016803,0.0016803,0.0016803,0.0016803
0.0016774,0.0016774,0.0016774,0.0016774,0.0016774
0.0016746,0.0016746,0.0016746,0.0016746,0.0016746
0.0016718,0.0016718,0.0016718,0.0016718,0.0016718
0.001669,0.001669,0.001669,0.001669,0.001669
0.0016662,0.0016662,0.0016662,0.0016662,0.0016662
0.0016635,0.0016635,0.0016635,0.0016635,0.0016635
0.0016607,0.0016607,0.0016607,0.0016607,0.0016607
0.0016579,0.0016579,0.0016579,0.0016579,0.0016579
0.0016552,0.0016552,0.0016552,0.0016552,0.0016552
0.0016525,0.0016525,0.0016525,0.0016525,0.0016525
0.0016497,0.0016497,0.0016497,0.0016497,0.0016497
0.001647,0.001647,0.001647,0.001647,0.001647
0.0016443,0.0016443,0.0016443,0.0016443,0.0016443
0.0016416,0.0016416,0.0016416,0.0016416,0.0016416
0.0016389,0.0016389,0.0016389,0.0016389,0.0016389
0.0016362,0.0016362,0.0016362,0.0016362,0.0016362
0.0016335,0.0016335,0.0016335,0.0016335,0.0016335
0.0016309,0.0016309,0.0016309,0.0016309,0.0016309
0.0016282,0.0016282,0.0016282,0.0016282,0.0016282
0.0016256,0.0016256,0.0016256,0.0016256,0.0016256
0.0016229,0.0016229,0.0016229,0.0016229,0.0016229
0.0016203,0.0016203,0.0016203,0.0016203,0.0016203
0.0016176,0.0016176,0.0016176,0.0016176,0.0016176
0.001615,0.001615,0.001615,0.001615,0.001615
0.0016124,0.0016124,0.0016124,0.0016124,0.0016124
0.0016098,0.0016098,0.0016098,0.0016098,0.0016098
0.0016072,0.0016072,0.0016072,0.0016072,0.0016072
0.0016046,0.0016046,0.0016046,0.0016046,0.0016046
0.0016021,0.0016021,0.0016021,0.0016021,0.0016021
0.0015995,0.0015995,0.0015995,0.0015995,0.0015995
0.0015969,0.0015969,0.0015969,0.0015969,0.0015969
0.0015944,0.0015944,0.0015944,0.0015944,0.0015944
0.0015919,0.0015919,0.0015919,0.0015919,0.0015919
0.0015893,0.0015893,0.0015893,0.0015893,0.0015893
0.0015868,0.0015868,0.0015868,0.0015868,0.0015868
0.0015843,0.0015843,0.0015843,0.0015843,0.0015843
0.0015818,0.0015818,0.0015818,0.0015818,0.0015818
0.0015793,0.0015793,0.0015793,0.0015793,0.0015793
0.0015768,0.0015768,0.0015768,0.0015768,0.0015768
0.0015743,0.0015743,0.0015743,0.0015743,0.0015743
0.0015718,0.0015718,0.0015718,0.0015718,0.0015718
0.0015693,0.0015693,0.0015693,0.0015693,0.0015693
0.0015669,0.0015669,0.0015669,0.0015669,0.0015669
0.0015644,0.0015644,0.0015644,0.0015644,0.0015644
0.001562,0.001562,0.001562,0.001562,0.001562
0.0015595,0.0015595,0.0015595,0.0015595,0.0015595
0.0015571,0.0015571,0.0015571,0.0015571,0.0015571
0.0015547,0.0015547,0.0015547,0.0015547,0.0015547
0.0015523,0.0015523,0.0015523,0.0015523,0.0015523
0.0015498,0.0015498,0.0015498,0.0015498,0.0015498
0.0015474,0.0015474,0.0015474,0.0015474,0.0015474
0.0015451,0.0015451,0.0015451,0.0015451,0.0015451
0.0015427,0.0015427,0.0015427,0.0015427,0.0015427
0.0015403,0.0015403,0.0015403,0.0015403,0.0015403
0.0015379,0.0015379,0.0015379,0.0015379,0.0015379
0.0015355,0.0015355,0.0015355,0.0015355,0.0015355
0.0015332,0.0015332,0.0015332,0.0015332,0.0015332
0.0015308,0.0015308,0.0015308,0.0015308,0.0015308
0.0015285,0.0015285,0.0015285,0.0015285,0.0015285
0.0015262,0.0015262,0.0015262,0.0015262,0.0015262
0.0015238,0.0015238,0.0015238,0.0015238,0.0015238
0.0015215,0.0015215,0.0015215,0.0015215,0.0015215
0.0015192,0.0015192,0.0015192,0.0015192,0.0015192
0.0015169,0.0015169,0.0015169,0.0015169,0.0015169
0.0015146,0.0015146,0.0015146,0.0015146,0.0015146
0.0015123,0.0015123,0.0015123,0.0015123,0.0015123
0.00151,0.00151,0.00151,0.00151,0.00151
0.0015077,0.0015077,0.0015077,0.0015077,0.0015077
0.0015055,0.0015055,0.0015055,0.0015055,0.0015055
0.0015032,0.0015032,0.0015032,0.0015032,0.0015032
0.0015009,0.0015009,0.0015009,0.0015009,0.0015009
0.0014987,0.0014987,0.0014987,0.0014987,0.0014987
0.0014964,0.0014964,0.0014964,0.0014964,0.0014964
0.0014942,0.0014942,0.0014942,0.0014942,0.0014942
0.001492,0.001492,0.001492,0.001492,0.001492
0.0014897,0.0014897,0.0014897,0.0014897,0.0014897
0.0014875,0.0014875,0.0014875,0.0014875,0.0014875
0.0014853,0.0014853,0.0014853,0.0014853,0.0014853
0.0014831,0.0014831,0.0014831,0.0014831,0.0014831
0.0014809,0.0014809,0.0014809,0.0014809,0.0014809
0.0014787,0.0014787,0.0014787,0.0014787,0.0014787
0.0014765,0.0014765,0.0014765,0.0014765,0.0014765
0.0014743,0.0014743,0.0014743,0.0014743,0.0014743
0.0014722,0.0014722,0.0014722,0.0014722,0.0014722
0.00147,0.00147,0.00147,0.00147,0.00147
0.0014678,0.0014678,0.0014678,0.0014678,0.0014678
0.0014657,0.0014657,0.0014657,0.0014657,0.0014657
0.0014635,0.0014635,0.0014635,0.0014635,0.0014635
0.0014614,0.0014614,0.0014614,0.0014614,0.0014614
0.0014592,0.0014592,0.0014592,0.0014592,0.0014592
0.0014571,0.0014571,0.0014571,0.0014571,0.0014571
0.001455,0.001455,0.001455,0.001455,0.001455
0.0014529,0.0014529,0.0014529,0.0014529,0.0014529
0.0014508,0.0014508,0.0014508,0.0014508,0.0014508
0.0014487,0.0014487,0.0014487,0.0014487,0.0014487
0.0014466,0.0014466,0.0014466,0.0014466,0.0014466
0.0014445,0.0014445,0.0014445,0.0014445,0.0014445
0.0014424,0.0014424,0.0014424,0.0014424,0.0014424
0.0014403,0.0014403,0.0014403,0.0014403,0.0014403
0.0014382,0.0014382,0.0014382,0.0014382,0.0014382
0.0014362,0.0014362,0.0014362,0.0014362,0.0014362
0.0014341,0.0014341,0.0014341,0.0014341,0.0014341
0.001432,0.001432,0.001432,0.001432,0.001432
0.00143,0.00143,0.00143,0.00143,0.00143
0.0014279,0.0014279,0.0014279,0.0014279,0.0014279
0.0014259,0.0014259,0.0014259,0.0014259,0.0014259
0.0014239,0.0014239,0.0014239,0.0014239,0.0014239
0.0014218,0.0014218,0.0014218,0.0014218,0.0014218
0.0014198,0.0014198,0.0014198,0.0014198,0.0014198
0.0014178,0.0014178,0.0014178,0.0014178,0.0014178
0.0014158,0.0014158,0.0014158,0.0014158,0.0014158
0.0014138,0.0014138,0.0014138,0.0014138,0.0014138
0.0014118,0.0014118,0.0014118,0.0014118,0.0014118
0.0014098,0.0014098,0.0014098,0.0014098,0.0014098
0.0014078,0.0014078,0.0014078,0.0014078,0.0014078
0.0014058,0.0014058,0.0014058,0.0014058,0.0014058
0.0014039,0.0014039,0.0014039,0.0014039,0.0014039
0.0014019,0.0014019,0.0014019,0.0014019,0.0014019
0.0013999,0.0013999,0.0013999,0.0013999,0.0013999
0.001398,0.001398,0.001398,0.001398,0.001398
0.001396,0.001396,0.001396,0.001396,0.001396
0.0013941,0.0013941,0.0013941,0.0013941,0.0013941
0.0013921,0.0013921,0.0013921,0.0013921,0.0013921
0.0013902,0.0013902,0.0013902,0.0013902,0.0013902
0.0013882,0.0013882,0.0013882,0.0013882,0.0013882
0.0013863,0.0013863,0.0013863,0.0013863,0.0013863
0.0013844,0.0013844,0.0013844,0.0013844,0.0013844
0.0013825,0.0013825,0.0013825,0.0013825,0.0013825
0.0013806,0.0013806,0.0013806,0.0013806,0.0013806
0.0013787,0.0013787,0.0013787,0.0013787,0.0013787
0.0013768,0.0013768,0.0013768,0.0013768,0.0013768
0.0013749,0.0013749,0.0013749,0.0013749,0.0013749
0.001373,0.001373,0.001373,0.001373,0.001373
0.0013711,0.0013711,0.0013711,0.0013711,0.0013711
0.0013692,0.0013692,0.0013692,0.0013692,0.0013692
0.0013673,0.0013673,0.0013673,0.0013673,0.0013673
0.0013655,0.0013655,0.0013655,0.0013655,0.0013655
0.0013636,0.0013636,0.0013636,0.0013636,0.0013636
0.0013617,0.0013617,0.0013617,0.0013617,0.0013617
0.0013599,0.0013599,0.0013599,0.0013599,0.0013599
0.001358,0.001358,0.001358,0.001358,0.001358
0.0013562,0.0013562,0.0013562,0.0013562,0.0013562
0.0013544,0.0013544,0.0013544,0.0013544,0.0013544
0.0013525,0.0013525,0.0013525,0.0013525,0.0013525
0.0013507,0.0013507,0.0013507,0.0013507,0.0013507
0.0013489,0.0013489,0.0013489,0.0013489,0.0013489
0.001347,0.001347,0.001347,0.001347,0.001347
0.0013452,0.0013452,0.0013452,0.0013452,0.0013452
0.0013434,0.0013434,0.0013434,0.0013434,0.0013434
0.0013416,0.0013416,0.0013416,0.0013416,0.0013416
0.0013398,0.0013398,0.0013398,0.0013398,0.0013398
0.001338,0.001338,0.001338,0.001338,0.001338
0.0013362,0.0013362,0.0013362,0.0013362,0.0013362
0.0013344,0.0013344,0.0013344,0.0013344,0.0013344
0.0013327,0.0013327,0.0013327,0.0013327,0.0013327
0.0013309,0.0013309,0.0013309,0.0013309,0.0013309
0.0013291,0.0013291,0.0013291,0.0013291,0.0013291
0.0013274,0.0013274,0.0013274,0.0013274,0.0013274
0.0013256,0.0013256,0.0013256,0.0013256,0.0013256
0.0013238,0.0013238,0.0013238,0.0013238,0.0013238
0.0013221,0.0013221,0.0013221,0.0013221,0.0013221
0.0013203,0.0013203,0.0013203,0.0013203,0.0013203
0.0013186,0.0013186,0.0013186,0.0013186,0.0013186
0.0013169,0.0013169,0.0013169,0.0013169,0.0013169
0.0013151,0.0013151,0.0013151,0.0013151,0.0013151
0.0013134,0.0013134,0.0013134,0.0013134,0.0013134
0.0013117,0.0013117,0.0013117,0.0013117,0.0013117
0.0013099,0.0013099,0.0013099,0.0013099,0.0013099
0.0013082,0.0013082,0.0013082,0.0013082,0.0013082
0.0013065,0.0013065,0.0013065,0.0013065,0.0013065
0.0013048,0.0013048,0.0013048,0.0013048,0.0013048
0.0013031,0.0013031,0.0013031,0.0013031,0.0013031
0.0013014,0.0013014,0.0013014,0.0013014,0.0013014
0.0012997,0.0012997,0.0012997,0.0012997,0.0012997
0.001298,0.001298,0.001298,0.001298,0.001298
0.0012963,0.0012963,0.0012963,0.0012963,0.0012963
0.0012947,0.0012947,0.0012947,0.0012947,0.0012947
0.001293,0.001293,0.001293,0.001293,0.001293
0.0012913,0.0012913,0.0012913,0.0012913,0.0012913
0.0012896,0.0012896,0.0012896,0.0012896,0.0012896
0.001288,0.001288,0.001288,0.001288,0.001288
0.0012863,0.0012863,0.0012863,0.0012863,0.0012863
0.0012847,0.0012847,0.0012847,0.0012847,0.0012847
0.001283,0.001283,0.001283,0.001283,0.001283
0.0012814,0.0012814,0.0012814,0.0012814,0.0012814
0.0012797,0.0012797,0.0012797,0.0012797,0.0012797
0.0012781,0.0012781,0.0012781,0.0012781,0.0012781
0.0012765,0.0012765,0.0012765,0.0012765,0.0012765
0.0012748,0.0012748,0.0012748,0.0012748,0.0012748
0.0012732,0.0012732,0.0012732,0.0012732,0.0012732
0.0012716,0.0012716,0.0012716,0.0012716,0.0012716
0.00127,0.00127,0.00127,0.00127,0.00127
0.0012684,0.0012684,0.0012684,0.0012684,0.0012684
0.0012667,0.0012667,0.0012667,0.0012667,0.0012667
0.0012651,0.0012651,0.0012651,0.0012651,0.0012651
0.0012635,0.0012635,0.0012635,0.0012635,0.0012635
0.0012619,0.0012619,0.0012619,0.0012619,0.0012619
0.0012603,0.0012603,0.0012603,0.0012603,0.0012603
0.0012588,0.0012588,0.0012588,0.0012588,0.0012588
0.0012572,0.0012572,0.0012572,0.0012572,0.0012572
0.0012556,0.0012556,0.0012556,0.0012556,0.0012556
0.001254,0.001254,0.001254,0.001254,0.001254
0.0012524,0.0012524,0.0012524,0.0012524,0.0012524
0.0012509,0.0012509,0.0012509,0.0012509,0.0012509
0.0012493,0.0012493,0.0012493,0.0012493,0.0012493
0.0012478,0.0012478,0.0012478,0.0012478,0.0012478
0.0012462,0.0012462,0.0012462,0.0012462,0.0012462
0.0012446,0.0012446,0.0012446,0.0012446,0.0012446
0.0012431,0.0012431,0.0012431,0.0012431,0.0012431
0.0012415,0.0012415,0.0012415,0.0012415,0.0012415
0.00124,0.00124,0.00124,0.00124,0.00124
0.0012385,0.0012385,0.0012385,0.0012385,0.0012385
0.0012369,0.0012369,0.0012369,0.0012369,0.0012369
0.0012354,0.0012354,0.0012354,0.0012354,0.0012354
0.0012339,0.0012339,0.0012339,0.0012339,0.0012339
0.0012324,0.0012324,0.0012324,0.0012324,0.0012324
0.0012308,0.0012308,0.0012308,0.0012308,0.0012308
0.0012293,0.0012293,0.0012293,0.0012293,0.0012293
0.0012278,0.0012278,0.0012278,0.0012278,0.0012278
0.0012263,0.0012263,0.0012263,0.0012263,0.0012263
0.0012248,0.0012248,0.0012248,0.0012248,0.0012248
0.0012233,0.0012233,0.0012233,0.0012233,0.0012233
0.0012218,0.0012218,0.0012218,0.0012218,0.0012218
0.0012203,0.0012203,0.0012203,0.0012203,0.0012203
0.0012188,0.0012188,0.0012188,0.0012188,0.0012188
0.0012173,0.0012173,0.0012173,0.0012173,0.0012173
0.0012159,0.0012159,0.0012159,0.0012159,0.0012159
0.0012144,0.0012144,0.0012144,0.0012144,0.0012144
0.0012129,0.0012129,0.0012129,0.0012129,0.0012129
0.0012114,0.0012114,0.0012114,0.0012114,0.0012114
0.00121,0.00121,0.00121,0.00121,0.00121
0.0012085,0.0012085,0.0012085,0.0012085,0.0012085
0.001207,0.001207,0.001207,0.001207,0.001207
0.0012056,0.0012056,0.0012056,0.0012056,0.0012056
0.0012041,0.0012041,0.0012041,0.0012041,0.0012041
0.0012027,0.0012027,0.0012027,0.0012027,0.0012027
0.0012012,0.0012012,0.0012012,0.0012012,0.0012012
0.0011998,0.0011998,0.0011998,0.0011998,0.0011998
0.0011983,0.0011983,0.0011983,0.0011983,0.0011983
0.0011969,0.0011969,0.0011969,0.0011969,0.0011969
0.0011955,0.0011955,0.0011955,0.0011955,0.0011955
0.0011941,0.0011941,0.0011941,0.0011941,0.0011941
0.0011926,0.0011926,0.0011926,0.0011926,0.0011926
0.0011912,0.0011912,0.0011912,0.0011912,0.0011912
0.0011898,0.0011898,0.0011898,0.0011898,0.0011898
0.0011884,0.0011884,0.0011884,0.0011884,0.0011884
0.001187,0.001187,0.001187,0.001187,0.001187
0.0011855,0.0011855,0.0011855,0.0011855,0.0011855
0.0011841,0.0011841,0.0011841,0.0011841,0.0011841
0.0011827,0.0011827,0.0011827,0.0011827,0.0011827
0.0011813,0.0011813,0.0011813,0.0011813,0.0011813
0.0011799,0.0011799,0.0011799,0.0011799,0.0011799
0.0011786,0.0011786,0.0011786,0.0011786,0.0011786
0.0011772,0.0011772,0.0011772,0.0011772,0.0011772
0.0011758,0.0011758,0.0011758,0.0011758,0.0011758
0.0011744,0.0011744,0.0011744,0.0011744,0.0011744
0.001173,0.001173,0.001173,0.001173,0.001173
0.0011716,0.0011716,0.0011716,0.0011716,0.0011716
0.0011703,0.0011703,0.0011703,0.0011703,0.0011703
0.0011689,0.0011689,0.0011689,0.0011689,0.0011689
0.0011675,0.0011675,0.0011675,0.0011675,0.0011675
0.0011662,0.0011662,0.0011662,0.0011662,0.0011662
0.0011648,0.0011648,0.0011648,0.0011648,0.0011648
0.0011635,0.0011635,0.0011635,0.0011635,0.0011635
0.0011621,0.0011621,0.0011621,0.0011621,0.0011621
0.0011607,0.0011607,0.0011607,0.0011607,0.0011607
0.0011594,0.0011594,0.0011594,0.0011594,0.0011594
0.0011581,0.0011581,0.0011581,0.0011581,0.0011581
0.0011567,0.0011567,0.0011567,0.0011567,0.0011567
0.0011554,0.0011554,0.0011554,0.0011554,0.0011554
0.001154,0.001154,0.001154,0.001154,0.001154
0.0011527,0.0011527,0.0011527,0.0011527,0.0011527
0.0011514,0.0011514,0.0011514,0.0011514,0.0011514
0.0011501,0.0011501,0.0011501,0.0011501,0.0011501
0.0011487,0.0011487,0.0011487,0.0011487,0.0011487
0.0011474,0.0011474,0.0011474,0.0011474,0.0011474
0.0011461,0.0011461,0.0011461,0.0011461,0.0011461
0.0011448,0.0011448,0.0011448,0.0011448,0.0011448
0.0011435,0.0011435,0.0011435,0.0011435,0.0011435
0.0011422,0.0011422,0.0011422,0.0011422,0.0011422
0.0011409,0.0011409,0.0011409,0.0011409,0.0011409
0.0011396,0.0011396,0.0011396,0.0011396,0.0011396
0.0011383,0.0011383,0.0011383,0.0011383,0.0011383
0.001137,0.001137,0.001137,0.001137,0.001137
0.0011357,0.0011357,0.0011357,0.0011357,0.0011357
0.0011344,0.0011344,0.0011344,0.0011344,0.0011344
0.0011331,0.0011331,0.0011331,0.0011331,0.0011331
0.0011318,0.0011318,0.0011318,0.0011318,0.0011318
0.0011305,0.0011305,0.0011305,0.0011305,0.0011305
0.0011293,0.0011293,0.0011293,0.0011293,0.0011293
0.001128,0.001128,0.001128,0.001128,0.001128
0.0011267,0.0011267,0.0011267,0.0011267,0.0011267
0.0011254,0.0011254,0.0011254,0.0011254,0.0011254
0.0011242,0.0011242,0.0011242,0.0011242,0.0011242
0.0011229,0.0011229,0.0011229,0.0011229,0.0011229
0.0011216,0.0011216,0.0011216,0.0011216,0.0011216
0.0011204,0.0011204,0.0011204,0.0011204,0.0011204
0.0011191,0.0011191,0.0011191,0.0011191,0.0011191
0.0011179,0.0011179,0.0011179,0.0011179,0.0011179
0.0011166,0.0011166,0.0011166,0.0011166,0.0011166
0.0011154,0.0011154,0.0011154,0.0011154,0.0011154
0.0011141,0.0011141,0.0011141,0.0011141,0.0011141
0.0011129,0.0011129,0.0011129,0.0011129,0.0011129
0.0011117,0.0011117,0.0011117,0.0011117,0.0011117
0.0011104,0.0011104,0.0011104,0.0011104,0.0011104
0.0011092,0.0011092,0.0011092,0.0011092,0.0011092
0.001108,0.001108,0.001108,0.001108,0.001108
0.0011067,0.0011067,0.0011067,0.0011067,0.0011067
0.0011055,0.0011055,0.0011055,0.0011055,0.0011055
0.0011043,0.0011043,0.0011043,0.0011043,0.0011043
0.0011031,0.0011031,0.0011031,0.0011031,0.0011031
0.0011018,0.0011018,0.0011018,0.0011018,0.0011018
0.0011006,0.0011006,0.0011006,0.0011006,0.0011006
0.0010994,0.0010994,0.0010994,0.0010994,0.0010994
0.0010982,0.0010982,0.0010982,0.0010982,0.0010982
0.001097,0.001097,0.001097,0.001097,0.001097
0.0010958,0.0010958,0.0010958,0.0010958,0.0010958
0.0010946,0.0010946,0.0010946,0.0010946,0.0010946
0.0010934,0.0010934,0.0010934,0.0010934,0.0010934
0.0010922,0.0010922,0.0010922,0.0010922,0.0010922
0.001091,0.001091,0.001091,0.001091,0.001091
0.0010898,0.0010898,0.0010898,0.0010898,0.0010898
0.0010886,0.0010886,0.0010886,0.0010886,0.0010886
0.0010875,0.0010875,0.0010875,0.0010875,0.0010875
0.0010863,0.0010863,0.0010863,0.0010863,0.0010863
0.0010851,0.0010851,0.0010851,0.0010851,0.0010851
0.0010839,0.0010839,0.0010839,0.0010839,0.0010839
0.0010827,0.0010827,0.0010827,0.0010827,0.0010827
0.0010816,0.0010816,0.0010816,0.0010816,0.0010816
0.0010804,0.0010804,0.0010804,0.0010804,0.0010804
0.0010792,0.0010792,0.0010792,0.0010792,0.0010792
0.0010781,0.0010781,0.0010781,0.0010781,0.0010781
0.0010769,0.0010769,0.0010769,0.0010769,0.0010769
0.0010757,0.0010757,0.0010757,0.0010757,0.0010757
0.0010746,0.0010746,0.0010746,0.0010746,0.0010746
0.0010734,0.0010734,0.0010734,0.0010734,0.0010734
0.0010723,0.0010723,0.0010723,0.0010723,0.0010723
0.0010711,0.0010711,0.0010711,0.0010711,0.0010711
0.00107,0.00107,0.00107,0.00107,0.00107
0.0010688,0.0010688,0.0010688,0.0010688,0.0010688
0.0010677,0.0010677,0.0010677,0.0010677,0.0010677
0.0010666,0.0010666,0.0010666,0.0010666,0.0010666
0.0010654,0.0010654,0.0010654,0.0010654,0.0010654
0.0010643,0.0010643,0.0010643,0.0010643,0.0010643
0.0010631,0.0010631,0.0010631,0.0010631,0.0010631
0.001062,0.001062,0.001062,0.001062,0.001062
0.0010609,0.0010609,0.0010609,0.0010609,0.0010609
0.0010598,0.0010598,0.0010598,0.0010598,0.0010598
0.0010586,0.0010586,0.0010586,0.0010586,0.0010586
0.0010575,0.0010575,0.0010575,0.0010575,0.0010575
0.0010564,0.0010564,0.0010564,0.0010564,0.0010564
0.0010553,0.0010553,0.0010553,0.0010553,0.0010553
0.0010542,0.0010542,0.0010542,0.0010542,0.0010542
0.0010531,0.0010531,0.0010531,0.0010531,0.0010531
0.001052,0.001052,0.001052,0.001052,0.001052
0.0010508,0.0010508,0.0010508,0.0010508,0.0010508
0.0010497,0.0010497,0.0010497,0.0010497,0.0010497
0.0010486,0.0010486,0.0010486,0.0010486,0.0010486
0.0010475,0.0010475,0.0010475,0.0010475,0.0010475
0.0010464,0.0010464,0.0010464,0.0010464,0.0010464
0.0010453,0.0010453,0.0010453,0.0010453,0.0010453
0.0010443,0.0010443,0.0010443,0.0010443,0.0010443
0.0010432,0.0010432,0.0010432,0.0010432,0.0010432
0.0010421,0.0010421,0.0010421,0.0010421,0.0010421
0.001041,0.001041,0.001041,0.001041,0.001041
0.0010399,0.0010399,0.0010399,0.0010399,0.0010399
0.0010388,0.0010388,0.0010388,0.0010388,0.0010388
0.0010377,0.0010377,0.0010377,0.0010377,0.0010377
0.0010367,0.0010367,0.0010367,0.0010367,0.0010367
0.0010356,0.0010356,0.0010356,0.0010356,0.0010356
0.0010345,0.0010345,0.0010345,0.0010345,0.0010345
0.0010335,0.0010335,0.0010335,0.0010335,0.0010335
0.0010324,0.0010324,0.0010324,0.0010324,0.0010324
0.0010313,0.0010313,0.0010313,0.0010313,0.0010313
0.0010303,0.0010303,0.0010303,0.0010303,0.0010303
0.0010292,0.0010292,0.0010292,0.0010292,0.0010292
0.0010281,0.0010281,0.0010281,0.0010281,0.0010281
0.0010271,0.0010271,0.0010271,0.0010271,0.0010271
0.001026,0.001026,0.001026,0.001026,0.001026
0.001025,0.001025,0.001025,0.001025,0.001025
0.0010239,0.0010239,0.0010239,0.0010239,0.0010239
0.0010229,0.0010229,0.0010229,0.0010229,0.0010229
0.0010218,0.0010218,0.0010218,0.0010218,0.0010218
0.0010208,0.0010208,0.0010208,0.0010208,0.0010208
0.0010197,0.0010197,0.0010197,0.0010197,0.0010197
0.0010187,0.0010187,0.0010187,0.0010187,0.0010187
0.0010177,0.0010177,0.0010177,0.0010177,0.0010177
0.0010166,0.0010166,0.0010166,0.0010166,0.0010166
0.0010156,0.0010156,0.0010156,0.0010156,0.0010156
0.0010146,0.0010146,0.0010146,0.0010146,0.0010146
0.0010135,0.0010135,0.0010135,0.0010135,0.0010135
0.0010125,0.0010125,0.0010125,0.0010125,0.0010125
0.0010115,0.0010115,0.0010115,0.0010115,0.0010115
0.0010105,0.0010105,0.0010105,0.0010105,0.0010105
0.0010094,0.0010094,0.0010094,0.0010094,0.0010094
0.0010084,0.0010084,0.0010084,0.0010084,0.0010084
0.0010074,0.0010074,0.0010074,0.0010074,0.0010074
0.0010064,0.0010064,0.0010064,0.0010064,0.0010064
0.0010054,0.0010054,0.0010054,0.0010054,0.0010054
0.0010044,0.0010044,0.0010044,0.0010044,0.0010044
0.0010034,0.0010034,0.0010034,0.0010034,0.0010034
0.0010023,0.0010023,0.0010023,0.0010023,0.0010023
0.0010013,0.0010013,0.0010013,0.0010013,0.0010013
0.0010003,0.0010003,0.0010003,0.0010003,0.0010003
0.00099934,0.00099934,0.00099934,0.00099934,0.00099934
0.00099834,0.00099834,0.00099834,0.00099834,0.00099834
0.00099734,0.00099734,0.00099734,0.00099734,0.00099734
0.00099635,0.00099635,0.00099635,0.00099635,0.00099635
0.00099535,0.00099535,0.00099535,0.00099535,0.00099535
0.00099436,0.00099436,0.00099436,0.00099436,0.00099436
0.00099337,0.00099337,0.00099337,0.00099337,0.00099337
0.00099239,0.00099239,0.00099239,0.00099239,0.00099239
0.0009914,0.0009914,0.0009914,0.0009914,0.0009914
