0.1,0.2,0.3,0.5,0.6
0.0668,0.0612,0.0826,0.093,0.0764
0.025403,0.026231,0.028946,0.03061,0.029004
0.01049,0.010466,0.011103,0.011439,0.011
0.0042185,0.0042331,0.0043506,0.0044172,0.0043417
0.0016994,0.0017004,0.0017256,0.0017394,0.0017225
0.00068197,0.00068238,0.00068745,0.00069026,0.00068695
0.00027335,0.00027342,0.00027448,0.00027506,0.00027436
0.00010946,0.00010948,0.00010969,0.00010981,0.00010967
4.3811e-05,4.3814e-05,4.3859e-05,4.3884e-05,4.3854e-05
1.753e-05,1.7531e-05,1.754e-05,1.7545e-05,1.7539e-05
7.0132e-06,7.0134e-06,7.0153e-06,7.0163e-06,7.0151e-06
2.8056e-06,2.8056e-06,2.806e-06,2.8062e-06,2.8059e-06
1.1223e-06,1.1223e-06,1.1224e-06,1.1224e-06,1.1224e-06
4.4892e-07,4.4892e-07,4.4894e-07,4.4895e-07,4.4894e-07
1.7957e-07,1.7957e-07,1.7957e-07,1.7958e-07,1.7957e-07
7.1829e-08,7.1829e-08,7.183e-08,7.183e-08,7.1829e-08
2.8732e-08,2.8732e-08,2.8732e-08,2.8732e-08,2.8732e-08
1.1493e-08,1.1493e-08,1.1493e-08,1.1493e-08,1.1493e-08
4.5971e-09,4.5971e-09,4.5971e-09,4.5971e-09,4.5971e-09
1.8388e-09,1.8388e-09,1.8388e-09,1.8388e-09,1.8388e-09
7.3553e-10,7.3553e-10,7.3553e-10,7.3553e-10,7.3553e-10
2.9421e-10,2.9421e-10,2.9421e-10,2.9421e-10,2.9421e-10
1.1769e-10,1.1769e-10,1.1769e-10,1.1769e-10,1.1769e-10
4.7074e-11,4.7074e-11,4.7074e-11,4.7074e-11,4.7074e-11
1.883e-11,1.883e-11,1.883e-11,1.883e-11,1.883e-11
7.5319e-12,7.5319e-12,7.5319e-12,7.5319e-12,7.5319e-12
3.0127e-12,3.0127e-12,3.0127e-12,3.0127e-12,3.0127e-12
1.2051e-12,1.2051e-12,1.2051e-12,1.2051e-12,1.2051e-12
4.8204e-13,4.8204e-13,4.8204e-13,4.8204e-13,4.8204e-13
1.9282e-13,1.9282e-13,1.9282e-13,1.9282e-13,1.9282e-13
7.7126e-14,7.7126e-14,7.7126e-14,7.7126e-14,7.7126e-14
3.085e-14,3.085e-14,3.085e-14,3.085e-14,3.085e-14
1.234e-14,1.234e-14,1.234e-14,1.234e-14,1.234e-14
4.9361e-15,4.9361e-15,4.9361e-15,4.9361e-15,4.9361e-15
1.9744e-15,1.9744e-15,1.9744e-15,1.9744e-15,1.9744e-15
7.8977e-16,7.8977e-16,7.8977e-16,7.8977e-16,7.8977e-16
3.1591e-16,3.1591e-16,3.1591e-16,3.1591e-16,3.1591e-16
1.2636e-16,1.2636e-16,1.2636e-16,1.2636e-16,1.2636e-16
5.0545e-17,5.0545e-17,5.0545e-17,5.0545e-17,5.0545e-17
2.0218e-17,2.0218e-17,2.0218e-17,2.0218e-17,2.0218e-17
8.0873e-18,8.0873e-18,8.0873e-18,8.0873e-18,8.0873e-18
3.2349e-18,3.2349e-18,3.2349e-18,3.2349e-18,3.2349e-18
1.294e-18,1.294e-18,1.294e-18,1.294e-18,1.294e-18
5.1758e-19,5.1758e-19,5.1758e-19,5.1758e-19,5.1758e-19
2.0703e-19,2.0703e-19,2.0703e-19,2.0703e-19,2.0703e-19
8.2814e-20,8.2814e-20,8.2814e-20,8.2814e-20,8.2814e-20
3.3125e-20,3.3125e-20,3.3125e-20,3.3125e-20,3.3125e-20
1.325e-20,1.325e-20,1.325e-20,1.325e-20,1.325e-20
5.3001e-21,5.3001e-21,5.3001e-21,5.3001e-21,5.3001e-21
2.12e-21,2.12e-21,2.12e-21,2.12e-21,2.12e-21
8.4801e-22,8.4801e-22,8.4801e-22,8.4801e-22,8.4801e-22
3.392e-22,3.392e-22,3.392e-22,3.392e-22,3.392e-22
1.3568e-22,1.3568e-22,1.3568e-22,1.3568e-22,1.3568e-22
5.4273e-23,5.4273e-23,5.4273e-23,5.4273e-23,5.4273e-23
2.1709e-23,2.1709e-23,2.1709e-23,2.1709e-23,2.1709e-23
8.6836e-24,8.6836e-24,8.6836e-24,8.6836e-24,8.6836e-24
3.4735e-24,3.4735e-24,3.4735e-24,3.4735e-24,3.4735e-24
1.3894e-24,1.3894e-24,1.3894e-24,1.3894e-24,1.3894e-24
5.5575e-25,5.5575e-25,5.5575e-25,5.5575e-25,5.5575e-25
2.223e-25,2.223e-25,2.223e-25,2.223e-25,2.223e-25
8.892e-26,8.892e-26,8.892e-26,8.892e-26,8.892e-26
3.5568e-26,3.5568e-26,3.5568e-26,3.5568e-26,3.5568e-26
1.4227e-26,1.4227e-26,1.4227e-26,1.4227e-26,1.4227e-26
5.6909e-27,5.6909e-27,5.6909e-27,5.6909e-27,5.6909e-27
2.2764e-27,2.2764e-27,2.2764e-27,2.2764e-27,2.2764e-27
9.1054e-28,9.1054e-28,9.1054e-28,9.1054e-28,9.1054e-28
3.6422e-28,3.6422e-28,3.6422e-28,3.6422e-28,3.6422e-28
1.4569e-28,1.4569e-28,1.4569e-28,1.4569e-28,1.4569e-28
5.8275e-29,5.8275e-29,5.8275e-29,5.8275e-29,5.8275e-29
2.331e-29,2.331e-29,2.331e-29,2.331e-29,2.331e-29
9.324e-30,9.324e-30,9.324e-30,9.324e-30,9.324e-30
3.7296e-30,3.7296e-30,3.7296e-30,3.7296e-30,3.7296e-30
1.4918e-30,1.4918e-30,1.4918e-30,1.4918e-30,1.4918e-30
5.9673e-31,5.9673e-31,5.9673e-31,5.9673e-31,5.9673e-31
2.3869e-31,2.3869e-31,2.3869e-31,2.3869e-31,2.3869e-31
9.5478e-32,9.5478e-32,9.5478e-32,9.5478e-32,9.5478e-32
3.8191e-32,3.8191e-32,3.8191e-32,3.8191e-32,3.8191e-32
1.5276e-32,1.5276e-32,1.5276e-32,1.5276e-32,1.5276e-32
6.1106e-33,6.1106e-33,6.1106e-33,6.1106e-33,6.1106e-33
2.4442e-33,2.4442e-33,2.4442e-33,2.4442e-33,2.4442e-33
9.7769e-34,9.7769e-34,9.7769e-34,9.7769e-34,9.7769e-34
3.9108e-34,3.9108e-34,3.9108e-34,3.9108e-34,3.9108e-34
1.5643e-34,1.5643e-34,1.5643e-34,1.5643e-34,1.5643e-34
6.2572e-35,6.2572e-35,6.2572e-35,6.2572e-35,6.2572e-35
2.5029e-35,2.5029e-35,2.5029e-35,2.5029e-35,2.5029e-35
1.0012e-35,1.0012e-35,1.0012e-35,1.0012e-35,1.0012e-35
4.0046e-36,4.0046e-36,4.0046e-36,4.0046e-36,4.0046e-36
1.6018e-36,1.6018e-36,1.6018e-36,1.6018e-36,1.6018e-36
6.4074e-37,6.4074e-37,6.4074e-37,6.4074e-37,6.4074e-37
2.563e-37,2.563e-37,2.563e-37,2.563e-37,2.563e-37
1.0252e-37,1.0252e-37,1.0252e-37,1.0252e-37,1.0252e-37
4.1007e-38,4.1007e-38,4.1007e-38,4.1007e-38,4.1007e-38
1.6403e-38,1.6403e-38,1.6403e-38,1.6403e-38,1.6403e-38
6.5612e-39,6.5612e-39,6.5612e-39,6.5612e-39,6.5612e-39
2.6245e-39,2.6245e-39,2.6245e-39,2.6245e-39,2.6245e-39
1.0498e-39,1.0498e-39,1.0498e-39,1.0498e-39,1.0498e-39
4.1991e-40,4.1991e-40,4.1991e-40,4.1991e-40,4.1991e-40
1.6797e-40,1.6797e-40,1.6797e-40,1.6797e-40,1.6797e-40
6.7186e-41,6.7186e-41,6.7186e-41,6.7186e-41,6.7186e-41
2.6875e-41,2.6875e-41,2.6875e-41,2.6875e-41,2.6875e-41
1.075e-41,1.075e-41,1.075e-41,1.075e-41,1.075e-41
4.2999e-42,4.2999e-42,4.2999e-42,4.2999e-42,4.2999e-42
1.72e-42,1.72e-42,1.72e-42,1.72e-42,1.72e-42
6.8799e-43,6.8799e-43,6.8799e-43,6.8799e-43,6.8799e-43
2.752e-43,2.752e-43,2.752e-43,2.752e-43,2.752e-43
1.1008e-43,1.1008e-43,1.1008e-43,1.1008e-43,1.1008e-43
4.4031e-44,4.4031e-44,4.4031e-44,4.4031e-44,4.4031e-44
1.7612e-44,1.7612e-44,1.7612e-44,1.7612e-44,1.7612e-44
7.045e-45,7.045e-45,7.045e-45,7.045e-45,7.045e-45
2.818e-45,2.818e-45,2.818e-45,2.818e-45,2.818e-45
1.1272e-45,1.1272e-45,1.1272e-45,1.1272e-45,1.1272e-45
4.5088e-46,4.5088e-46,4.5088e-46,4.5088e-46,4.5088e-46
1.8035e-46,1.8035e-46,1.8035e-46,1.8035e-46,1.8035e-46
7.2141e-47,7.2141e-47,7.2141e-47,7.2141e-47,7.2141e-47
2.8856e-47,2.8856e-47,2.8856e-47,2.8856e-47,2.8856e-47
1.1543e-47,1.1543e-47,1.1543e-47,1.1543e-47,1.1543e-47
4.617e-48,4.617e-48,4.617e-48,4.617e-48,4.617e-48
1.8468e-48,1.8468e-48,1.8468e-48,1.8468e-48,1.8468e-48
7.3872e-49,7.3872e-49,7.3872e-49,7.3872e-49,7.3872e-49
2.9549e-49,2.9549e-49,2.9549e-49,2.9549e-49,2.9549e-49
1.182e-49,1.182e-49,1.182e-49,1.182e-49,1.182e-49
4.7278e-50,4.7278e-50,4.7278e-50,4.7278e-50,4.7278e-50
1.8911e-50,1.8911e-50,1.8911e-50,1.8911e-50,1.8911e-50
7.5645e-51,7.5645e-51,7.5645e-51,7.5645e-51,7.5645e-51
3.0258e-51,3.0258e-51,3.0258e-51,3.0258e-51,3.0258e-51
1.2103e-51,1.2103e-51,1.2103e-51,1.2103e-51,1.2103e-51
4.8413e-52,4.8413e-52,4.8413e-52,4.8413e-52,4.8413e-52
1.9365e-52,1.9365e-52,1.9365e-52,1.9365e-52,1.9365e-52
7.7461e-53,7.7461e-53,7.7461e-53,7.7461e-53,7.7461e-53
3.0984e-53,3.0984e-53,3.0984e-53,3.0984e-53,3.0984e-53
1.2394e-53,1.2394e-53,1.2394e-53,1.2394e-53,1.2394e-53
4.9575e-54,4.9575e-54,4.9575e-54,4.9575e-54,4.9575e-54
1.983e-54,1.983e-54,1.983e-54,1.983e-54,1.983e-54
7.932e-55,7.932e-55,7.932e-55,7.932e-55,7.932e-55
3.1728e-55,3.1728e-55,3.1728e-55,3.1728e-55,3.1728e-55
1.2691e-55,1.2691e-55,1.2691e-55,1.2691e-55,1.2691e-55
5.0765e-56,5.0765e-56,5.0765e-56,5.0765e-56,5.0765e-56
2.0306e-56,2.0306e-56,2.0306e-56,2.0306e-56,2.0306e-56
8.1223e-57,8.1223e-57,8.1223e-57,8.1223e-57,8.1223e-57
3.2489e-57,3.2489e-57,3.2489e-57,3.2489e-57,3.2489e-57
1.2996e-57,1.2996e-57,1.2996e-57,1.2996e-57,1.2996e-57
5.1983e-58,5.1983e-58,5.1983e-58,5.1983e-58,5.1983e-58
2.0793e-58,2.0793e-58,2.0793e-58,2.0793e-58,2.0793e-58
8.3173e-59,8.3173e-59,8.3173e-59,8.3173e-59,8.3173e-59
3.3269e-59,3.3269e-59,3.3269e-59,3.3269e-59,3.3269e-59
1.3308e-59,1.3308e-59,1.3308e-59,1.3308e-59,1.3308e-59
5.3231e-60,5.3231e-60,5.3231e-60,5.3231e-60,5.3231e-60
2.1292e-60,2.1292e-60,2.1292e-60,2.1292e-60,2.1292e-60
8.5169e-61,8.5169e-61,8.5169e-61,8.5169e-61,8.5169e-61
3.4068e-61,3.4068e-61,3.4068e-61,3.4068e-61,3.4068e-61
1.3627e-61,1.3627e-61,1.3627e-61,1.3627e-61,1.3627e-61
5.4508e-62,5.4508e-62,5.4508e-62,5.4508e-62,5.4508e-62
2.1803e-62,2.1803e-62,2.1803e-62,2.1803e-62,2.1803e-62
8.7213e-63,8.7213e-63,8.7213e-63,8.7213e-63,8.7213e-63
3.4885e-63,3.4885e-63,3.4885e-63,3.4885e-63,3.4885e-63
1.3954e-63,1.3954e-63,1.3954e-63,1.3954e-63,1.3954e-63
5.5816e-64,5.5816e-64,5.5816e-64,5.5816e-64,5.5816e-64
2.2326e-64,2.2326e-64,2.2326e-64,2.2326e-64,2.2326e-64
8.9306e-65,8.9306e-65,8.9306e-65,8.9306e-65,8.9306e-65
3.5722e-65,3.5722e-65,3.5722e-65,3.5722e-65,3.5722e-65
1.4289e-65,1.4289e-65,1.4289e-65,1.4289e-65,1.4289e-65
5.7156e-66,5.7156e-66,5.7156e-66,5.7156e-66,5.7156e-66
2.2862e-66,2.2862e-66,2.2862e-66,2.2862e-66,2.2862e-66
9.1449e-67,9.1449e-67,9.1449e-67,9.1449e-67,9.1449e-67
3.658e-67,3.658e-67,3.658e-67,3.658e-67,3.658e-67
1.4632e-67,1.4632e-67,1.4632e-67,1.4632e-67,1.4632e-67
5.8528e-68,5.8528e-68,5.8528e-68,5.8528e-68,5.8528e-68
2.3411e-68,2.3411e-68,2.3411e-68,2.3411e-68,2.3411e-68
9.3644e-69,9.3644e-69,9.3644e-69,9.3644e-69,9.3644e-69
3.7458e-69,3.7458e-69,3.7458e-69,3.7458e-69,3.7458e-69
1.4983e-69,1.4983e-69,1.4983e-69,1.4983e-69,1.4983e-69
5.9932e-70,5.9932e-70,5.9932e-70,5.9932e-70,5.9932e-70
2.3973e-70,2.3973e-70,2.3973e-70,2.3973e-70,2.3973e-70
9.5892e-71,9.5892e-71,9.5892e-71,9.5892e-71,9.5892e-71
3.8357e-71,3.8357e-71,3.8357e-71,3.8357e-71,3.8357e-71
1.5343e-71,1.5343e-71,1.5343e-71,1.5343e-71,1.5343e-71
6.1371e-72,6.1371e-72,6.1371e-72,6.1371e-72,6.1371e-72
2.4548e-72,2.4548e-72,2.4548e-72,2.4548e-72,2.4548e-72
9.8193e-73,9.8193e-73,9.8193e-73,9.8193e-73,9.8193e-73
3.9277e-73,3.9277e-73,3.9277e-73,3.9277e-73,3.9277e-73
1.5711e-73,1.5711e-73,1.5711e-73,1.5711e-73,1.5711e-73
6.2843e-74,6.2843e-74,6.2843e-74,6.2843e-74,6.2843e-74
2.5137e-74,2.5137e-74,2.5137e-74,2.5137e-74,2.5137e-74
1.0055e-74,1.0055e-74,1.0055e-74,1.0055e-74,1.0055e-74
4.022e-75,4.022e-75,4.022e-75,4.022e-75,4.022e-75
1.6088e-75,1.6088e-75,1.6088e-75,1.6088e-75,1.6088e-75
6.4352e-76,6.4352e-76,6.4352e-76,6.4352e-76,6.4352e-76
2.5741e-76,2.5741e-76,2.5741e-76,2.5741e-76,2.5741e-76
1.0296e-76,1.0296e-76,1.0296e-76,1.0296e-76,1.0296e-76
4.1185e-77,4.1185e-77,4.1185e-77,4.1185e-77,4.1185e-77
1.6474e-77,1.6474e-77,1.6474e-77,1.6474e-77,1.6474e-77
6.5896e-78,6.5896e-78,6.5896e-78,6.5896e-78,6.5896e-78
2.6358e-78,2.6358e-78,2.6358e-78,2.6358e-78,2.6358e-78
1.0543e-78,1.0543e-78,1.0543e-78,1.0543e-78,1.0543e-78
4.2174e-79,4.2174e-79,4.2174e-79,4.2174e-79,4.2174e-79
1.6869e-79,1.6869e-79,1.6869e-79,1.6869e-79,1.6869e-79
6.7478e-80,6.7478e-80,6.7478e-80,6.7478e-80,6.7478e-80
2.6991e-80,2.6991e-80,2.6991e-80,2.6991e-80,2.6991e-80
1.0796e-80,1.0796e-80,1.0796e-80,1.0796e-80,1.0796e-80
4.3186e-81,4.3186e-81,4.3186e-81,4.3186e-81,4.3186e-81
1.7274e-81,1.7274e-81,1.7274e-81,1.7274e-81,1.7274e-81
6.9097e-82,6.9097e-82,6.9097e-82,6.9097e-82,6.9097e-82
2.7639e-82,2.7639e-82,2.7639e-82,2.7639e-82,2.7639e-82
1.1056e-82,1.1056e-82,1.1056e-82,1.1056e-82,1.1056e-82
4.4222e-83,4.4222e-83,4.4222e-83,4.4222e-83,4.4222e-83
1.7689e-83,1.7689e-83,1.7689e-83,1.7689e-83,1.7689e-83
7.0755e-84,7.0755e-84,7.0755e-84,7.0755e-84,7.0755e-84
2.8302e-84,2.8302e-84,2.8302e-84,2.8302e-84,2.8302e-84
1.1321e-84,1.1321e-84,1.1321e-84,1.1321e-84,1.1321e-84
4.5284e-85,4.5284e-85,4.5284e-85,4.5284e-85,4.5284e-85
1.8113e-85,1.8113e-85,1.8113e-85,1.8113e-85,1.8113e-85
7.2454e-86,7.2454e-86,7.2454e-86,7.2454e-86,7.2454e-86
2.8981e-86,2.8981e-86,2.8981e-86,2.8981e-86,2.8981e-86
1.1593e-86,1.1593e-86,1.1593e-86,1.1593e-86,1.1593e-86
4.637e-87,4.637e-87,4.637e-87,4.637e-87,4.637e-87
1.8548e-87,1.8548e-87,1.8548e-87,1.8548e-87,1.8548e-87
7.4193e-88,7.4193e-88,7.4193e-88,7.4193e-88,7.4193e-88
2.9677e-88,2.9677e-88,2.9677e-88,2.9677e-88,2.9677e-88
1.1871e-88,1.1871e-88,1.1871e-88,1.1871e-88,1.1871e-88
4.7483e-89,4.7483e-89,4.7483e-89,4.7483e-89,4.7483e-89
1.8993e-89,1.8993e-89,1.8993e-89,1.8993e-89,1.8993e-89
7.5973e-90,7.5973e-90,7.5973e-90,7.5973e-90,7.5973e-90
3.0389e-90,3.0389e-90,3.0389e-90,3.0389e-90,3.0389e-90
1.2156e-90,1.2156e-90,1.2156e-90,1.2156e-90,1.2156e-90
4.8623e-91,4.8623e-91,4.8623e-91,4.8623e-91,4.8623e-91
1.9449e-91,1.9449e-91,1.9449e-91,1.9449e-91,1.9449e-91
7.7796e-92,7.7796e-92,7.7796e-92,7.7796e-92,7.7796e-92
3.1119e-92,3.1119e-92,3.1119e-92,3.1119e-92,3.1119e-92
1.2447e-92,1.2447e-92,1.2447e-92,1.2447e-92,1.2447e-92
4.979e-93,4.979e-93,4.979e-93,4.979e-93,4.979e-93
1.9916e-93,1.9916e-93,1.9916e-93,1.9916e-93,1.9916e-93
7.9664e-94,7.9664e-94,7.9664e-94,7.9664e-94,7.9664e-94
3.1865e-94,3.1865e-94,3.1865e-94,3.1865e-94,3.1865e-94
1.2746e-94,1.2746e-94,1.2746e-94,1.2746e-94,1.2746e-94
5.0985e-95,5.0985e-95,5.0985e-95,5.0985e-95,5.0985e-95
2.0394e-95,2.0394e-95,2.0394e-95,2.0394e-95,2.0394e-95
8.1576e-96,8.1576e-96,8.1576e-96,8.1576e-96,8.1576e-96
3.263e-96,3.263e-96,3.263e-96,3.263e-96,3.263e-96
1.3052e-96,1.3052e-96,1.3052e-96,1.3052e-96,1.3052e-96
5.2208e-97,5.2208e-97,5.2208e-97,5.2208e-97,5.2208e-97
2.0883e-97,2.0883e-97,2.0883e-97,2.0883e-97,2.0883e-97
8.3533e-98,8.3533e-98,8.3533e-98,8.3533e-98,8.3533e-98
3.3413e-98,3.3413e-98,3.3413e-98,3.3413e-98,3.3413e-98
1.3365e-98,1.3365e-98,1.3365e-98,1.3365e-98,1.3365e-98
5.3461e-99,5.3461e-99,5.3461e-99,5.3461e-99,5.3461e-99
2.1385e-99,2.1385e-99,2.1385e-99,2.1385e-99,2.1385e-99
8.5538e-100,8.5538e-100,8.5538e-100,8.5538e-100,8.5538e-100
3.4215e-100,3.4215e-100,3.4215e-100,3.4215e-100,3.4215e-100
1.3686e-100,1.3686e-100,1.3686e-100,1.3686e-100,1.3686e-100
5.4744e-101,5.4744e-101,5.4744e-101,5.4744e-101,5.4744e-101
2.1898e-101,2.1898e-101,2.1898e-101,2.1898e-101,2.1898e-101
8.7591e-102,8.7591e-102,8.7591e-102,8.7591e-102,8.7591e-102
3.5036e-102,3.5036e-102,3.5036e-102,3.5036e-102,3.5036e-102
1.4015e-102,1.4015e-102,1.4015e-102,1.4015e-102,1.4015e-102
5.6058e-103,5.6058e-103,5.6058e-103,5.6058e-103,5.6058e-103
2.2423e-103,2.2423e-103,2.2423e-103,2.2423e-103,2.2423e-103
8.9693e-104,8.9693e-104,8.9693e-104,8.9693e-104,8.9693e-104
3.5877e-104,3.5877e-104,3.5877e-104,3.5877e-104,3.5877e-104
1.4351e-104,1.4351e-104,1.4351e-104,1.4351e-104,1.4351e-104
5.7404e-105,5.7404e-105,5.7404e-105,5.7404e-105,5.7404e-105
2.2961e-105,2.2961e-105,2.2961e-105,2.2961e-105,2.2961e-105
9.1846e-106,9.1846e-106,9.1846e-106,9.1846e-106,9.1846e-106
3.6738e-106,3.6738e-106,3.6738e-106,3.6738e-106,3.6738e-106
1.4695e-106,1.4695e-106,1.4695e-106,1.4695e-106,1.4695e-106
5.8781e-107,5.8781e-107,5.8781e-107,5.8781e-107,5.8781e-107
2.3513e-107,2.3513e-107,2.3513e-107,2.3513e-107,2.3513e-107
9.405e-108,9.405e-108,9.405e-108,9.405e-108,9.405e-108
3.762e-108,3.762e-108,3.762e-108,3.762e-108,3.762e-108
1.5048e-108,1.5048e-108,1.5048e-108,1.5048e-108,1.5048e-108
6.0192e-109,6.0192e-109,6.0192e-109,6.0192e-109,6.0192e-109
2.4077e-109,2.4077e-109,2.4077e-109,2.4077e-109,2.4077e-109
9.6307e-110,9.6307e-110,9.6307e-110,9.6307e-110,9.6307e-110
3.8523e-110,3.8523e-110,3.8523e-110,3.8523e-110,3.8523e-110
1.5409e-110,1.5409e-110,1.5409e-110,1.5409e-110,1.5409e-110
6.1637e-111,6.1637e-111,6.1637e-111,6.1637e-111,6.1637e-111
2.4655e-111,2.4655e-111,2.4655e-111,2.4655e-111,2.4655e-111
9.8619e-112,9.8619e-112,9.8619e-112,9.8619e-112,9.8619e-112
3.9448e-112,3.9448e-112,3.9448e-112,3.9448e-112,3.9448e-112
1.5779e-112,1.5779e-112,1.5779e-112,1.5779e-112,1.5779e-112
6.3116e-113,6.3116e-113,6.3116e-113,6.3116e-113,6.3116e-113
2.5246e-113,2.5246e-113,2.5246e-113,2.5246e-113,2.5246e-113
1.0099e-113,1.0099e-113,1.0099e-113,1.0099e-113,1.0099e-113
4.0394e-114,4.0394e-114,4.0394e-114,4.0394e-114,4.0394e-114
1.6158e-114,1.6158e-114,1.6158e-114,1.6158e-114,1.6158e-114
6.4631e-115,6.4631e-115,6.4631e-115,6.4631e-115,6.4631e-115
2.5852e-115,2.5852e-115,2.5852e-115,2.5852e-115,2.5852e-115
1.0341e-115,1.0341e-115,1.0341e-115,1.0341e-115,1.0341e-115
4.1364e-116,4.1364e-116,4.1364e-116,4.1364e-116,4.1364e-116
1.6545e-116,1.6545e-116,1.6545e-116,1.6545e-116,1.6545e-116
6.6182e-117,6.6182e-117,6.6182e-117,6.6182e-117,6.6182e-117
2.6473e-117,2.6473e-117,2.6473e-117,2.6473e-117,2.6473e-117
1.0589e-117,1.0589e-117,1.0589e-117,1.0589e-117,1.0589e-117
4.2356e-118,4.2356e-118,4.2356e-118,4.2356e-118,4.2356e-118
1.6943e-118,1.6943e-118,1.6943e-118,1.6943e-118,1.6943e-118
6.777e-119,6.777e-119,6.777e-119,6.777e-119,6.777e-119
2.7108e-119,2.7108e-119,2.7108e-119,2.7108e-119,2.7108e-119
1.0843e-119,1.0843e-119,1.0843e-119,1.0843e-119,1.0843e-119
4.3373e-120,4.3373e-120,4.3373e-120,4.3373e-120,4.3373e-120
1.7349e-120,1.7349e-120,1.7349e-120,1.7349e-120,1.7349e-120
6.9397e-121,6.9397e-121,6.9397e-121,6.9397e-121,6.9397e-121
2.7759e-121,2.7759e-121,2.7759e-121,2.7759e-121,2.7759e-121
1.1103e-121,1.1103e-121,1.1103e-121,1.1103e-121,1.1103e-121
4.4414e-122,4.4414e-122,4.4414e-122,4.4414e-122,4.4414e-122
1.7766e-122,1.7766e-122,1.7766e-122,1.7766e-122,1.7766e-122
7.1062e-123,7.1062e-123,7.1062e-123,7.1062e-123,7.1062e-123
2.8425e-123,2.8425e-123,2.8425e-123,2.8425e-123,2.8425e-123
1.137e-123,1.137e-123,1.137e-123,1.137e-123,1.137e-123
4.548e-124,4.548e-124,4.548e-124,4.548e-124,4.548e-124
1.8192e-124,1.8192e-124,1.8192e-124,1.8192e-124,1.8192e-124
7.2768e-125,7.2768e-125,7.2768e-125,7.2768e-125,7.2768e-125
2.9107e-125,2.9107e-125,2.9107e-125,2.9107e-125,2.9107e-125
1.1643e-125,1.1643e-125,1.1643e-125,1.1643e-125,1.1643e-125
4.6571e-126,4.6571e-126,4.6571e-126,4.6571e-126,4.6571e-126
1.8629e-126,1.8629e-126,1.8629e-126,1.8629e-126,1.8629e-126
7.4514e-127,7.4514e-127,7.4514e-127,7.4514e-127,7.4514e-127
2.9806e-127,2.9806e-127,2.9806e-127,2.9806e-127,2.9806e-127
1.1922e-127,1.1922e-127,1.1922e-127,1.1922e-127,1.1922e-127
4.7689e-128,4.7689e-128,4.7689e-128,4.7689e-128,4.7689e-128
1.9076e-128,1.9076e-128,1.9076e-128,1.9076e-128,1.9076e-128
7.6303e-129,7.6303e-129,7.6303e-129,7.6303e-129,7.6303e-129
3.0521e-129,3.0521e-129,3.0521e-129,3.0521e-129,3.0521e-129
1.2208e-129,1.2208e-129,1.2208e-129,1.2208e-129,1.2208e-129
4.8834e-130,4.8834e-130,4.8834e-130,4.8834e-130,4.8834e-130
1.9533e-130,1.9533e-130,1.9533e-130,1.9533e-130,1.9533e-130
7.8134e-131,7.8134e-131,7.8134e-131,7.8134e-131,7.8134e-131
3.1254e-131,3.1254e-131,3.1254e-131,3.1254e-131,3.1254e-131
1.2501e-131,1.2501e-131,1.2501e-131,1.2501e-131,1.2501e-131
5.0006e-132,5.0006e-132,5.0006e-132,5.0006e-132,5.0006e-132
2.0002e-132,2.0002e-132,2.0002e-132,2.0002e-132,2.0002e-132
8.0009e-133,8.0009e-133,8.0009e-133,8.0009e-133,8.0009e-133
3.2004e-133,3.2004e-133,3.2004e-133,3.2004e-133,3.2004e-133
1.2801e-133,1.2801e-133,1.2801e-133,1.2801e-133,1.2801e-133
5.1206e-134,5.1206e-134,5.1206e-134,5.1206e-134,5.1206e-134
2.0482e-134,2.0482e-134,2.0482e-134,2.0482e-134,2.0482e-134
8.1929e-135,8.1929e-135,8.1929e-135,8.1929e-135,8.1929e-135
3.2772e-135,3.2772e-135,3.2772e-135,3.2772e-135,3.2772e-135
1.3109e-135,1.3109e-135,1.3109e-135,1.3109e-135,1.3109e-135
5.2435e-136,5.2435e-136,5.2435e-136,5.2435e-136,5.2435e-136
2.0974e-136,2.0974e-136,2.0974e-136,2.0974e-136,2.0974e-136
8.3896e-137,8.3896e-137,8.3896e-137,8.3896e-137,8.3896e-137
3.3558e-137,3.3558e-137,3.3558e-137,3.3558e-137,3.3558e-137
1.3423e-137,1.3423e-137,1.3423e-137,1.3423e-137,1.3423e-137
5.3693e-138,5.3693e-138,5.3693e-138,5.3693e-138,5.3693e-138
2.1477e-138,2.1477e-138,2.1477e-138,2.1477e-138,2.1477e-138
8.5909e-139,8.5909e-139,8.5909e-139,8.5909e-139,8.5909e-139
3.4364e-139,3.4364e-139,3.4364e-139,3.4364e-139,3.4364e-139
1.3745e-139,1.3745e-139,1.3745e-139,1.3745e-139,1.3745e-139
5.4982e-140,5.4982e-140,5.4982e-140,5.4982e-140,5.4982e-140
2.1993e-140,2.1993e-140,2.1993e-140,2.1993e-140,2.1993e-140
8.7971e-141,8.7971e-141,8.7971e-141,8.7971e-141,8.7971e-141
3.5188e-141,3.5188e-141,3.5188e-141,3.5188e-141,3.5188e-141
1.4075e-141,1.4075e-141,1.4075e-141,1.4075e-141,1.4075e-141
5.6301e-142,5.6301e-142,5.6301e-142,5.6301e-142,5.6301e-142
2.2521e-142,2.2521e-142,2.2521e-142,2.2521e-142,2.2521e-142
9.0082e-143,9.0082e-143,9.0082e-143,9.0082e-143,9.0082e-143
3.6033e-143,3.6033e-143,3.6033e-143,3.6033e-143,3.6033e-143
1.4413e-143,1.4413e-143,1.4413e-143,1.4413e-143,1.4413e-143
5.7653e-144,5.7653e-144,5.7653e-144,5.7653e-144,5.7653e-144
2.3061e-144,2.3061e-144,2.3061e-144,2.3061e-144,2.3061e-144
9.2244e-145,9.2244e-145,9.2244e-145,9.2244e-145,9.2244e-145
3.6898e-145,3.6898e-145,3.6898e-145,3.6898e-145,3.6898e-145
1.4759e-145,1.4759e-145,1.4759e-145,1.4759e-145,1.4759e-145
5.9036e-146,5.9036e-146,5.9036e-146,5.9036e-146,5.9036e-146
2.3614e-146,2.3614e-146,2.3614e-146,2.3614e-146,2.3614e-146
9.4458e-147,9.4458e-147,9.4458e-147,9.4458e-147,9.4458e-147
3.7783e-147,3.7783e-147,3.7783e-147,3.7783e-147,3.7783e-147
1.5113e-147,1.5113e-147,1.5113e-147,1.5113e-147,1.5113e-147
6.0453e-148,6.0453e-148,6.0453e-148,6.0453e-148,6.0453e-148
2.4181e-148,2.4181e-148,2.4181e-148,2.4181e-148,2.4181e-148
9.6725e-149,9.6725e-149,9.6725e-149,9.6725e-149,9.6725e-149
3.869e-149,3.869e-149,3.869e-149,3.869e-149,3.869e-149
1.5476e-149,1.5476e-149,1.5476e-149,1.5476e-149,1.5476e-149
6.1904e-150,6.1904e-150,6.1904e-150,6.1904e-150,6.1904e-150
2.4762e-150,2.4762e-150,2.4762e-150,2.4762e-150,2.4762e-150
9.9046e-151,9.9046e-151,9.9046e-151,9.9046e-151,9.9046e-151
3.9619e-151,3.9619e-151,3.9619e-151,3.9619e-151,3.9619e-151
1.5847e-151,1.5847e-151,1.5847e-151,1.5847e-151,1.5847e-151
6.339e-152,6.339e-152,6.339e-152,6.339e-152,6.339e-152
2.5356e-152,2.5356e-152,2.5356e-152,2.5356e-152,2.5356e-152
1.0142e-152,1.0142e-152,1.0142e-152,1.0142e-152,1.0142e-152
4.0569e-153,4.0569e-153,4.0569e-153,4.0569e-153,4.0569e-153
1.6228e-153,1.6228e-153,1.6228e-153,1.6228e-153,1.6228e-153
6.4911e-154,6.4911e-154,6.4911e-154,6.4911e-154,6.4911e-154
2.5964e-154,2.5964e-154,2.5964e-154,2.5964e-154,2.5964e-154
1.0386e-154,1.0386e-154,1.0386e-154,1.0386e-154,1.0386e-154
4.1543e-155,4.1543e-155,4.1543e-155,4.1543e-155,4.1543e-155
1.6617e-155,1.6617e-155,1.6617e-155,1.6617e-155,1.6617e-155
6.6469e-156,6.6469e-156,6.6469e-156,6.6469e-156,6.6469e-156
2.6588e-156,2.6588e-156,2.6588e-156,2.6588e-156,2.6588e-156
1.0635e-156,1.0635e-156,1.0635e-156,1.0635e-156,1.0635e-156
4.254e-157,4.254e-157,4.254e-157,4.254e-157,4.254e-157
1.7016e-157,1.7016e-157,1.7016e-157,1.7016e-157,1.7016e-157
6.8064e-158,6.8064e-158,6.8064e-158,6.8064e-158,6.8064e-158
2.7226e-158,2.7226e-158,2.7226e-158,2.7226e-158,2.7226e-158
1.089e-158,1.089e-158,1.089e-158,1.089e-158,1.089e-158
4.3561e-159,4.3561e-159,4.3561e-159,4.3561e-159,4.3561e-159
1.7424e-159,1.7424e-159,1.7424e-159,1.7424e-159,1.7424e-159
6.9698e-160,6.9698e-160,6.9698e-160,6.9698e-160,6.9698e-160
2.7879e-160,2.7879e-160,2.7879e-160,2.7879e-160,2.7879e-160
1.1152e-160,1.1152e-160,1.1152e-160,1.1152e-160,1.1152e-160
4.4607e-161,4.4607e-161,4.4607e-161,4.4607e-161,4.4607e-161
1.7843e-161,1.7843e-161,1.7843e-161,1.7843e-161,1.7843e-161
7.137e-162,7.137e-162,7.137e-162,7.137e-162,7.137e-162
2.8548e-162,2.8548e-162,2.8548e-162,2.8548e-162,2.8548e-162
1.1419e-162,1.1419e-162,1.1419e-162,1.1419e-162,1.1419e-162
4.5677e-163,4.5677e-163,4.5677e-163,4.5677e-163,4.5677e-163
1.8271e-163,1.8271e-163,1.8271e-163,1.8271e-163,1.8271e-163
7.3083e-164,7.3083e-164,7.3083e-164,7.3083e-164,7.3083e-164
2.9233e-164,2.9233e-164,2.9233e-164,2.9233e-164,2.9233e-164
1.1693e-164,1.1693e-164,1.1693e-164,1.1693e-164,1.1693e-164
4.6773e-165,4.6773e-165,4.6773e-165,4.6773e-165,4.6773e-165
1.8709e-165,1.8709e-165,1.8709e-165,1.8709e-165,1.8709e-165
7.4837e-166,7.4837e-166,7.4837e-166,7.4837e-166,7.4837e-166
2.9935e-166,2.9935e-166,2.9935e-166,2.9935e-166,2.9935e-166
1.1974e-166,1.1974e-166,1.1974e-166,1.1974e-166,1.1974e-166
4.7896e-167,4.7896e-167,4.7896e-167,4.7896e-167,4.7896e-167
1.9158e-167,1.9158e-167,1.9158e-167,1.9158e-167,1.9158e-167
7.6633e-168,7.6633e-168,7.6633e-168,7.6633e-168,7.6633e-168
3.0653e-168,3.0653e-168,3.0653e-168,3.0653e-168,3.0653e-168
1.2261e-168,1.2261e-168,1.2261e-168,1.2261e-168,1.2261e-168
4.9045e-169,4.9045e-169,4.9045e-169,4.9045e-169,4.9045e-169
1.9618e-169,1.9618e-169,1.9618e-169,1.9618e-169,1.9618e-169
7.8473e-170,7.8473e-170,7.8473e-170,7.8473e-170,7.8473e-170
3.1389e-170,3.1389e-170,3.1389e-170,3.1389e-170,3.1389e-170
1.2556e-170,1.2556e-170,1.2556e-170,1.2556e-170,1.2556e-170
5.0222e-171,5.0222e-171,5.0222e-171,5.0222e-171,5.0222e-171
2.0089e-171,2.0089e-171,2.0089e-171,2.0089e-171,2.0089e-171
8.0356e-172,8.0356e-172,8.0356e-172,8.0356e-172,8.0356e-172
3.2142e-172,3.2142e-172,3.2142e-172,3.2142e-172,3.2142e-172
1.2857e-172,1.2857e-172,1.2857e-172,1.2857e-172,1.2857e-172
5.1428e-173,5.1428e-173,5.1428e-173,5.1428e-173,5.1428e-173
2.0571e-173,2.0571e-173,2.0571e-173,2.0571e-173,2.0571e-173
8.2285e-174,8.2285e-174,8.2285e-174,8.2285e-174,8.2285e-174
3.2914e-174,3.2914e-174,3.2914e-174,3.2914e-174,3.2914e-174
1.3166e-174,1.3166e-174,1.3166e-174,1.3166e-174,1.3166e-174
5.2662e-175,5.2662e-175,5.2662e-175,5.2662e-175,5.2662e-175
2.1065e-175,2.1065e-175,2.1065e-175,2.1065e-175,2.1065e-175
8.4259e-176,8.4259e-176,8.4259e-176,8.4259e-176,8.4259e-176
3.3704e-176,3.3704e-176,3.3704e-176,3.3704e-176,3.3704e-176
1.3481e-176,1.3481e-176,1.3481e-176,1.3481e-176,1.3481e-176
5.3926e-177,5.3926e-177,5.3926e-177,5.3926e-177,5.3926e-177
2.157e-177,2.157e-177,2.157e-177,2.157e-177,2.157e-177
8.6282e-178,8.6282e-178,8.6282e-178,8.6282e-178,8.6282e-178
3.4513e-178,3.4513e-178,3.4513e-178,3.4513e-178,3.4513e-178
1.3805e-178,1.3805e-178,1.3805e-178,1.3805e-178,1.3805e-178
5.522e-179,5.522e-179,5.522e-179,5.522e-179,5.522e-179
2.2088e-179,2.2088e-179,2.2088e-179,2.2088e-179,2.2088e-179
8.8352e-180,8.8352e-180,8.8352e-180,8.8352e-180,8.8352e-180
3.5341e-180,3.5341e-180,3.5341e-180,3.5341e-180,3.5341e-180
1.4136e-180,1.4136e-180,1.4136e-180,1.4136e-180,1.4136e-180
5.6545e-181,5.6545e-181,5.6545e-181,5.6545e-181,5.6545e-181
2.2618e-181,2.2618e-181,2.2618e-181,2.2618e-181,2.2618e-181
9.0473e-182,9.0473e-182,9.0473e-182,9.0473e-182,9.0473e-182
3.6189e-182,3.6189e-182,3.6189e-182,3.6189e-182,3.6189e-182
1.4476e-182,1.4476e-182,1.4476e-182,1.4476e-182,1.4476e-182
5.7903e-183,5.7903e-183,5.7903e-183,5.7903e-183,5.7903e-183
2.3161e-183,2.3161e-183,2.3161e-183,2.3161e-183,2.3161e-183
9.2644e-184,9.2644e-184,9.2644e-184,9.2644e-184,9.2644e-184
3.7058e-184,3.7058e-184,3.7058e-184,3.7058e-184,3.7058e-184
1.4823e-184,1.4823e-184,1.4823e-184,1.4823e-184,1.4823e-184
5.9292e-185,5.9292e-185,5.9292e-185,5.9292e-185,5.9292e-185
2.3717e-185,2.3717e-185,2.3717e-185,2.3717e-185,2.3717e-185
9.4868e-186,9.4868e-186,9.4868e-186,9.4868e-186,9.4868e-186
3.7947e-186,3.7947e-186,3.7947e-186,3.7947e-186,3.7947e-186
1.5179e-186,1.5179e-186,1.5179e-186,1.5179e-186,1.5179e-186
6.0715e-187,6.0715e-187,6.0715e-187,6.0715e-187,6.0715e-187
2.4286e-187,2.4286e-187,2.4286e-187,2.4286e-187,2.4286e-187
9.7144e-188,9.7144e-188,9.7144e-188,9.7144e-188,9.7144e-188
3.8858e-188,3.8858e-188,3.8858e-188,3.8858e-188,3.8858e-188
1.5543e-188,1.5543e-188,1.5543e-188,1.5543e-188,1.5543e-188
6.2172e-189,6.2172e-189,6.2172e-189,6.2172e-189,6.2172e-189
2.4869e-189,2.4869e-189,2.4869e-189,2.4869e-189,2.4869e-189
9.9476e-190,9.9476e-190,9.9476e-190,9.9476e-190,9.9476e-190
3.979e-190,3.979e-190,3.979e-190,3.979e-190,3.979e-190
1.5916e-190,1.5916e-190,1.5916e-190,1.5916e-190,1.5916e-190
6.3665e-191,6.3665e-191,6.3665e-191,6.3665e-191,6.3665e-191
2.5466e-191,2.5466e-191,2.5466e-191,2.5466e-191,2.5466e-191
1.0186e-191,1.0186e-191,1.0186e-191,1.0186e-191,1.0186e-191
4.0745e-192,4.0745e-192,4.0745e-192,4.0745e-192,4.0745e-192
1.6298e-192,1.6298e-192,1.6298e-192,1.6298e-192,1.6298e-192
6.5193e-193,6.5193e-193,6.5193e-193,6.5193e-193,6.5193e-193
2.6077e-193,2.6077e-193,2.6077e-193,2.6077e-193,2.6077e-193
1.0431e-193,1.0431e-193,1.0431e-193,1.0431e-193,1.0431e-193
4.1723e-194,4.1723e-194,4.1723e-194,4.1723e-194,4.1723e-194
1.6689e-194,1.6689e-194,1.6689e-194,1.6689e-194,1.6689e-194
6.6757e-195,6.6757e-195,6.6757e-195,6.6757e-195,6.6757e-195
2.6703e-195,2.6703e-195,2.6703e-195,2.6703e-195,2.6703e-195
1.0681e-195,1.0681e-195,1.0681e-195,1.0681e-195,1.0681e-195
4.2725e-196,4.2725e-196,4.2725e-196,4.2725e-196,4.2725e-196
1.709e-196,1.709e-196,1.709e-196,1.709e-196,1.709e-196
6.8359e-197,6.8359e-197,6.8359e-197,6.8359e-197,6.8359e-197
2.7344e-197,2.7344e-197,2.7344e-197,2.7344e-197,2.7344e-197
1.0937e-197,1.0937e-197,1.0937e-197,1.0937e-197,1.0937e-197
4.375e-198,4.375e-198,4.375e-198,4.375e-198,4.375e-198
1.75e-198,1.75e-198,1.75e-198,1.75e-198,1.75e-198
7e-199,7e-199,7e-199,7e-199,7e-199
2.8e-199,2.8e-199,2.8e-199,2.8e-199,2.8e-199
1.12e-199,1.12e-199,1.12e-199,1.12e-199,1.12e-199
4.48e-200,4.48e-200,4.48e-200,4.48e-200,4.48e-200
1.792e-200,1.792e-200,1.792e-200,1.792e-200,1.792e-200
7.168e-201,7.168e-201,7.168e-201,7.168e-201,7.168e-201
2.8672e-201,2.8672e-201,2.8672e-201,2.8672e-201,2.8672e-201
1.1469e-201,1.1469e-201,1.1469e-201,1.1469e-201,1.1469e-201
4.5875e-202,4.5875e-202,4.5875e-202,4.5875e-202,4.5875e-202
1.835e-202,1.835e-202,1.835e-202,1.835e-202,1.835e-202
7.34e-203,7.34e-203,7.34e-203,7.34e-203,7.34e-203
2.936e-203,2.936e-203,2.936e-203,2.936e-203,2.936e-203
1.1744e-203,1.1744e-203,1.1744e-203,1.1744e-203,1.1744e-203
4.6976e-204,4.6976e-204,4.6976e-204,4.6976e-204,4.6976e-204
1.879e-204,1.879e-204,1.879e-204,1.879e-204,1.879e-204
7.5162e-205,7.5162e-205,7.5162e-205,7.5162e-205,7.5162e-205
3.0065e-205,3.0065e-205,3.0065e-205,3.0065e-205,3.0065e-205
1.2026e-205,1.2026e-205,1.2026e-205,1.2026e-205,1.2026e-205
4.8104e-206,4.8104e-206,4.8104e-206,4.8104e-206,4.8104e-206
1.9241e-206,1.9241e-206,1.9241e-206,1.9241e-206,1.9241e-206
7.6966e-207,7.6966e-207,7.6966e-207,7.6966e-207,7.6966e-207
3.0786e-207,3.0786e-207,3.0786e-207,3.0786e-207,3.0786e-207
1.2315e-207,1.2315e-207,1.2315e-207,1.2315e-207,1.2315e-207
4.9258e-208,4.9258e-208,4.9258e-208,4.9258e-208,4.9258e-208
1.9703e-208,1.9703e-208,1.9703e-208,1.9703e-208,1.9703e-208
7.8813e-209,7.8813e-209,7.8813e-209,7.8813e-209,7.8813e-209
3.1525e-209,3.1525e-209,3.1525e-209,3.1525e-209,3.1525e-209
1.261e-209,1.261e-209,1.261e-209,1.261e-209,1.261e-209
5.044e-210,5.044e-210,5.044e-210,5.044e-210,5.044e-210
2.0176e-210,2.0176e-210,2.0176e-210,2.0176e-210,2.0176e-210
8.0704e-211,8.0704e-211,8.0704e-211,8.0704e-211,8.0704e-211
3.2282e-211,3.2282e-211,3.2282e-211,3.2282e-211,3.2282e-211
1.2913e-211,1.2913e-211,1.2913e-211,1.2913e-211,1.2913e-211
5.1651e-212,5.1651e-212,5.1651e-212,5.1651e-212,5.1651e-212
2.066e-212,2.066e-212,2.066e-212,2.066e-212,2.066e-212
8.2641e-213,8.2641e-213,8.2641e-213,8.2641e-213,8.2641e-213
3.3057e-213,3.3057e-213,3.3057e-213,3.3057e-213,3.3057e-213
1.3223e-213,1.3223e-213,1.3223e-213,1.3223e-213,1.3223e-213
5.289e-214,5.289e-214,5.289e-214,5.289e-214,5.289e-214
2.1156e-214,2.1156e-214,2.1156e-214,2.1156e-214,2.1156e-214
8.4625e-215,8.4625e-215,8.4625e-215,8.4625e-215,8.4625e-215
3.385e-215,3.385e-215,3.385e-215,3.385e-215,3.385e-215
1.354e-215,1.354e-215,1.354e-215,1.354e-215,1.354e-215
5.416e-216,5.416e-216,5.416e-216,5.416e-216,5.416e-216
2.1664e-216,2.1664e-216,2.1664e-216,2.1664e-216,2.1664e-216
8.6656e-217,8.6656e-217,8.6656e-217,8.6656e-217,8.6656e-217
3.4662e-217,3.4662e-217,3.4662e-217,3.4662e-217,3.4662e-217
1.3865e-217,1.3865e-217,1.3865e-217,1.3865e-217,1.3865e-217
5.546e-218,5.546e-218,5.546e-218,5.546e-218,5.546e-218
2.2184e-218,2.2184e-218,2.2184e-218,2.2184e-218,2.2184e-218
8.8735e-219,8.8735e-219,8.8735e-219,8.8735e-219,8.8735e-219
3.5494e-219,3.5494e-219,3.5494e-219,3.5494e-219,3.5494e-219
1.4198e-219,1.4198e-219,1.4198e-219,1.4198e-219,1.4198e-219
5.6791e-220,5.6791e-220,5.6791e-220,5.6791e-220,5.6791e-220
2.2716e-220,2.2716e-220,2.2716e-220,2.2716e-220,2.2716e-220
9.0865e-221,9.0865e-221,9.0865e-221,9.0865e-221,9.0865e-221
3.6346e-221,3.6346e-221,3.6346e-221,3.6346e-221,3.6346e-221
1.4538e-221,1.4538e-221,1.4538e-221,1.4538e-221,1.4538e-221
5.8154e-222,5.8154e-222,5.8154e-222,5.8154e-222,5.8154e-222
2.3261e-222,2.3261e-222,2.3261e-222,2.3261e-222,2.3261e-222
9.3046e-223,9.3046e-223,9.3046e-223,9.3046e-223,9.3046e-223
3.7218e-223,3.7218e-223,3.7218e-223,3.7218e-223,3.7218e-223
1.4887e-223,1.4887e-223,1.4887e-223,1.4887e-223,1.4887e-223
5.9549e-224,5.9549e-224,5.9549e-224,5.9549e-224,5.9549e-224
2.382e-224,2.382e-224,2.382e-224,2.382e-224,2.382e-224
9.5279e-225,9.5279e-225,9.5279e-225,9.5279e-225,9.5279e-225
3.8112e-225,3.8112e-225,3.8112e-225,3.8112e-225,3.8112e-225
1.5245e-225,1.5245e-225,1.5245e-225,1.5245e-225,1.5245e-225
6.0979e-226,6.0979e-226,6.0979e-226,6.0979e-226,6.0979e-226
2.4391e-226,2.4391e-226,2.4391e-226,2.4391e-226,2.4391e-226
9.7566e-227,9.7566e-227,9.7566e-227,9.7566e-227,9.7566e-227
3.9026e-227,3.9026e-227,3.9026e-227,3.9026e-227,3.9026e-227
1.5611e-227,1.5611e-227,1.5611e-227,1.5611e-227,1.5611e-227
6.2442e-228,6.2442e-228,6.2442e-228,6.2442e-228,6.2442e-228
2.4977e-228,2.4977e-228,2.4977e-228,2.4977e-228,2.4977e-228
9.9907e-229,9.9907e-229,9.9907e-229,9.9907e-229,9.9907e-229
3.9963e-229,3.9963e-229,3.9963e-229,3.9963e-229,3.9963e-229
1.5985e-229,1.5985e-229,1.5985e-229,1.5985e-229,1.5985e-229
6.3941e-230,6.3941e-230,6.3941e-230,6.3941e-230,6.3941e-230
2.5576e-230,2.5576e-230,2.5576e-230,2.5576e-230,2.5576e-230
1.0231e-230,1.0231e-230,1.0231e-230,1.0231e-230,1.0231e-230
4.0922e-231,4.0922e-231,4.0922e-231,4.0922e-231,4.0922e-231
1.6369e-231,1.6369e-231,1.6369e-231,1.6369e-231,1.6369e-231
6.5475e-232,6.5475e-232,6.5475e-232,6.5475e-232,6.5475e-232
2.619e-232,2.619e-232,2.619e-232,2.619e-232,2.619e-232
1.0476e-232,1.0476e-232,1.0476e-232,1.0476e-232,1.0476e-232
4.1904e-233,4.1904e-233,4.1904e-233,4.1904e-233,4.1904e-233
1.6762e-233,1.6762e-233,1.6762e-233,1.6762e-233,1.6762e-233
6.7047e-234,6.7047e-234,6.7047e-234,6.7047e-234,6.7047e-234
2.6819e-234,2.6819e-234,2.6819e-234,2.6819e-234,2.6819e-234
1.0727e-234,1.0727e-234,1.0727e-234,1.0727e-234,1.0727e-234
4.291e-235,4.291e-235,4.291e-235,4.291e-235,4.291e-235
1.7164e-235,1.7164e-235,1.7164e-235,1.7164e-235,1.7164e-235
6.8656e-236,6.8656e-236,6.8656e-236,6.8656e-236,6.8656e-236
2.7462e-236,2.7462e-236,2.7462e-236,2.7462e-236,2.7462e-236
1.0985e-236,1.0985e-236,1.0985e-236,1.0985e-236,1.0985e-236
4.394e-237,4.394e-237,4.394e-237,4.394e-237,4.394e-237
1.7576e-237,1.7576e-237,1.7576e-237,1.7576e-237,1.7576e-237
7.0303e-238,7.0303e-238,7.0303e-238,7.0303e-238,7.0303e-238
2.8121e-238,2.8121e-238,2.8121e-238,2.8121e-238,2.8121e-238
1.1249e-238,1.1249e-238,1.1249e-238,1.1249e-238,1.1249e-238
4.4994e-239,4.4994e-239,4.4994e-239,4.4994e-239,4.4994e-239
1.7998e-239,1.7998e-239,1.7998e-239,1.7998e-239,1.7998e-239
7.1991e-240,7.1991e-240,7.1991e-240,7.1991e-240,7.1991e-240
2.8796e-240,2.8796e-240,2.8796e-240,2.8796e-240,2.8796e-240
1.1519e-240,1.1519e-240,1.1519e-240,1.1519e-240,1.1519e-240
4.6074e-241,4.6074e-241,4.6074e-241,4.6074e-241,4.6074e-241
1.843e-241,1.843e-241,1.843e-241,1.843e-241,1.843e-241
7.3719e-242,7.3719e-242,7.3719e-242,7.3719e-242,7.3719e-242
2.9487e-242,2.9487e-242,2.9487e-242,2.9487e-242,2.9487e-242
1.1795e-242,1.1795e-242,1.1795e-242,1.1795e-242,1.1795e-242
4.718e-243,4.718e-243,4.718e-243,4.718e-243,4.718e-243
1.8872e-243,1.8872e-243,1.8872e-243,1.8872e-243,1.8872e-243
7.5488e-244,7.5488e-244,7.5488e-244,7.5488e-244,7.5488e-244
3.0195e-244,3.0195e-244,3.0195e-244,3.0195e-244,3.0195e-244
1.2078e-244,1.2078e-244,1.2078e-244,1.2078e-244,1.2078e-244
4.8312e-245,4.8312e-245,4.8312e-245,4.8312e-245,4.8312e-245
1.9325e-245,1.9325e-245,1.9325e-245,1.9325e-245,1.9325e-245
7.7299e-246,7.7299e-246,7.7299e-246,7.7299e-246,7.7299e-246
3.092e-246,3.092e-246,3.092e-246,3.092e-246,3.092e-246
1.2368e-246,1.2368e-246,1.2368e-246,1.2368e-246,1.2368e-246
4.9472e-247,4.9472e-247,4.9472e-247,4.9472e-247,4.9472e-247
1.9789e-247,1.9789e-247,1.9789e-247,1.9789e-247,1.9789e-247
7.9155e-248,7.9155e-248,7.9155e-248,7.9155e-248,7.9155e-248
3.1662e-248,3.1662e-248,3.1662e-248,3.1662e-248,3.1662e-248
1.2665e-248,1.2665e-248,1.2665e-248,1.2665e-248,1.2665e-248
5.0659e-249,5.0659e-249,5.0659e-249,5.0659e-249,5.0659e-249
2.0264e-249,2.0264e-249,2.0264e-249,2.0264e-249,2.0264e-249
8.1054e-250,8.1054e-250,8.1054e-250,8.1054e-250,8.1054e-250
3.2422e-250,3.2422e-250,3.2422e-250,3.2422e-250,3.2422e-250
1.2969e-250,1.2969e-250,1.2969e-250,1.2969e-250,1.2969e-250
5.1875e-251,5.1875e-251,5.1875e-251,5.1875e-251,5.1875e-251
2.075e-251,2.075e-251,2.075e-251,2.075e-251,2.075e-251
8.3e-252,8.3e-252,8.3e-252,8.3e-252,8.3e-252
3.32e-252,3.32e-252,3.32e-252,3.32e-252,3.32e-252
1.328e-252,1.328e-252,1.328e-252,1.328e-252,1.328e-252
5.312e-253,5.312e-253,5.312e-253,5.312e-253,5.312e-253
2.1248e-253,2.1248e-253,2.1248e-253,2.1248e-253,2.1248e-253
8.4992e-254,8.4992e-254,8.4992e-254,8.4992e-254,8.4992e-254
3.3997e-254,3.3997e-254,3.3997e-254,3.3997e-254,3.3997e-254
1.3599e-254,1.3599e-254,1.3599e-254,1.3599e-254,1.3599e-254
5.4395e-255,5.4395e-255,5.4395e-255,5.4395e-255,5.4395e-255
2.1758e-255,2.1758e-255,2.1758e-255,2.1758e-255,2.1758e-255
8.7031e-256,8.7031e-256,8.7031e-256,8.7031e-256,8.7031e-256
3.4813e-256,3.4813e-256,3.4813e-256,3.4813e-256,3.4813e-256
1.3925e-256,1.3925e-256,1.3925e-256,1.3925e-256,1.3925e-256
5.57e-257,5.57e-257,5.57e-257,5.57e-257,5.57e-257
2.228e-257,2.228e-257,2.228e-257,2.228e-257,2.228e-257
8.912e-258,8.912e-258,8.912e-258,8.912e-258,8.912e-258
3.5648e-258,3.5648e-258,3.5648e-258,3.5648e-258,3.5648e-258
1.4259e-258,1.4259e-258,1.4259e-258,1.4259e-258,1.4259e-258
5.7037e-259,5.7037e-259,5.7037e-259,5.7037e-259,5.7037e-259
2.2815e-259,2.2815e-259,2.2815e-259,2.2815e-259,2.2815e-259
9.1259e-260,9.1259e-260,9.1259e-260,9.1259e-260,9.1259e-260
3.6504e-260,3.6504e-260,3.6504e-260,3.6504e-260,3.6504e-260
1.4601e-260,1.4601e-260,1.4601e-260,1.4601e-260,1.4601e-260
5.8406e-261,5.8406e-261,5.8406e-261,5.8406e-261,5.8406e-261
2.3362e-261,2.3362e-261,2.3362e-261,2.3362e-261,2.3362e-261
9.3449e-262,9.3449e-262,9.3449e-262,9.3449e-262,9.3449e-262
3.738e-262,3.738e-262,3.738e-262,3.738e-262,3.738e-262
1.4952e-262,1.4952e-262,1.4952e-262,1.4952e-262,1.4952e-262
5.9808e-263,5.9808e-263,5.9808e-263,5.9808e-263,5.9808e-263
2.3923e-263,2.3923e-263,2.3923e-263,2.3923e-263,2.3923e-263
9.5692e-264,9.5692e-264,9.5692e-264,9.5692e-264,9.5692e-264
3.8277e-264,3.8277e-264,3.8277e-264,3.8277e-264,3.8277e-264
1.5311e-264,1.5311e-264,1.5311e-264,1.5311e-264,1.5311e-264
6.1243e-265,6.1243e-265,6.1243e-265,6.1243e-265,6.1243e-265
2.4497e-265,2.4497e-265,2.4497e-265,2.4497e-265,2.4497e-265
9.7989e-266,9.7989e-266,9.7989e-266,9.7989e-266,9.7989e-266
3.9195e-266,3.9195e-266,3.9195e-266,3.9195e-266,3.9195e-266
1.5678e-266,1.5678e-266,1.5678e-266,1.5678e-266,1.5678e-266
6.2713e-267,6.2713e-267,6.2713e-267,6.2713e-267,6.2713e-267
2.5085e-267,2.5085e-267,2.5085e-267,2.5085e-267,2.5085e-267
1.0034e-267,1.0034e-267,1.0034e-267,1.0034e-267,1.0034e-267
4.0136e-268,4.0136e-268,4.0136e-268,4.0136e-268,4.0136e-268
1.6054e-268,1.6054e-268,1.6054e-268,1.6054e-268,1.6054e-268
6.4218e-269,6.4218e-269,6.4218e-269,6.4218e-269,6.4218e-269
2.5687e-269,2.5687e-269,2.5687e-269,2.5687e-269,2.5687e-269
1.0275e-269,1.0275e-269,1.0275e-269,1.0275e-269,1.0275e-269
4.1099e-270,4.1099e-270,4.1099e-270,4.1099e-270,4.1099e-270
1.644e-270,1.644e-270,1.644e-270,1.644e-270,1.644e-270
6.5759e-271,6.5759e-271,6.5759e-271,6.5759e-271,6.5759e-271
2.6304e-271,2.6304e-271,2.6304e-271,2.6304e-271,2.6304e-271
1.0521e-271,1.0521e-271,1.0521e-271,1.0521e-271,1.0521e-271
4.2086e-272,4.2086e-272,4.2086e-272,4.2086e-272,4.2086e-272
1.6834e-272,1.6834e-272,1.6834e-272,1.6834e-272,1.6834e-272
6.7337e-273,6.7337e-273,6.7337e-273,6.7337e-273,6.7337e-273
2.6935e-273,2.6935e-273,2.6935e-273,2.6935e-273,2.6935e-273
1.0774e-273,1.0774e-273,1.0774e-273,1.0774e-273,1.0774e-273
4.3096e-274,4.3096e-274,4.3096e-274,4.3096e-274,4.3096e-274
1.7238e-274,1.7238e-274,1.7238e-274,1.7238e-274,1.7238e-274
6.8953e-275,6.8953e-275,6.8953e-275,6.8953e-275,6.8953e-275
2.7581e-275,2.7581e-275,2.7581e-275,2.7581e-275,2.7581e-275
1.1033e-275,1.1033e-275,1.1033e-275,1.1033e-275,1.1033e-275
4.413e-276,4.413e-276,4.413e-276,4.413e-276,4.413e-276
1.7652e-276,1.7652e-276,1.7652e-276,1.7652e-276,1.7652e-276
7.0608e-277,7.0608e-277,7.0608e-277,7.0608e-277,7.0608e-277
2.8243e-277,2.8243e-277,2.8243e-277,2.8243e-277,2.8243e-277
1.1297e-277,1.1297e-277,1.1297e-277,1.1297e-277,1.1297e-277
4.5189e-278,4.5189e-278,4.5189e-278,4.5189e-278,4.5189e-278
1.8076e-278,1.8076e-278,1.8076e-278,1.8076e-278,1.8076e-278
7.2303e-279,7.2303e-279,7.2303e-279,7.2303e-279,7.2303e-279
2.8921e-279,2.8921e-279,2.8921e-279,2.8921e-279,2.8921e-279
1.1568e-279,1.1568e-279,1.1568e-279,1.1568e-279,1.1568e-279
4.6274e-280,4.6274e-280,4.6274e-280,4.6274e-280,4.6274e-280
1.851e-280,1.851e-280,1.851e-280,1.851e-280,1.851e-280
7.4038e-281,7.4038e-281,7.4038e-281,7.4038e-281,7.4038e-281
2.9615e-281,2.9615e-281,2.9615e-281,2.9615e-281,2.9615e-281
1.1846e-281,1.1846e-281,1.1846e-281,1.1846e-281,1.1846e-281
4.7384e-282,4.7384e-282,4.7384e-282,4.7384e-282,4.7384e-282
1.8954e-282,1.8954e-282,1.8954e-282,1.8954e-282,1.8954e-282
7.5815e-283,7.5815e-283,7.5815e-283,7.5815e-283,7.5815e-283
3.0326e-283,3.0326e-283,3.0326e-283,3.0326e-283,3.0326e-283
1.213e-283,1.213e-283,1.213e-283,1.213e-283,1.213e-283
4.8522e-284,4.8522e-284,4.8522e-284,4.8522e-284,4.8522e-284
1.9409e-284,1.9409e-284,1.9409e-284,1.9409e-284,1.9409e-284
7.7635e-285,7.7635e-285,7.7635e-285,7.7635e-285,7.7635e-285
3.1054e-285,3.1054e-285,3.1054e-285,3.1054e-285,3.1054e-285
1.2422e-285,1.2422e-285,1.2422e-285,1.2422e-285,1.2422e-285
4.9686e-286,4.9686e-286,4.9686e-286,4.9686e-286,4.9686e-286
1.9874e-286,1.9874e-286,1.9874e-286,1.9874e-286,1.9874e-286
7.9498e-287,7.9498e-287,7.9498e-287,7.9498e-287,7.9498e-287
3.1799e-287,3.1799e-287,3.1799e-287,3.1799e-287,3.1799e-287
1.272e-287,1.272e-287,1.272e-287,1.272e-287,1.272e-287
5.0879e-288,5.0879e-288,5.0879e-288,5.0879e-288,5.0879e-288
2.0351e-288,2.0351e-288,2.0351e-288,2.0351e-288,2.0351e-288
8.1406e-289,8.1406e-289,8.1406e-289,8.1406e-289,8.1406e-289
3.2562e-289,3.2562e-289,3.2562e-289,3.2562e-289,3.2562e-289
1.3025e-289,1.3025e-289,1.3025e-289,1.3025e-289,1.3025e-289
5.21e-290,5.21e-290,5.21e-290,5.21e-290,5.21e-290
2.084e-290,2.084e-290,2.084e-290,2.084e-290,2.084e-290
8.336e-291,8.336e-291,8.336e-291,8.336e-291,8.336e-291
3.3344e-291,3.3344e-291,3.3344e-291,3.3344e-291,3.3344e-291
1.3338e-291,1.3338e-291,1.3338e-291,1.3338e-291,1.3338e-291
5.335e-292,5.335e-292,5.335e-292,5.335e-292,5.335e-292
2.134e-292,2.134e-292,2.134e-292,2.134e-292,2.134e-292
8.536e-293,8.536e-293,8.536e-293,8.536e-293,8.536e-293
3.4144e-293,3.4144e-293,3.4144e-293,3.4144e-293,3.4144e-293
1.3658e-293,1.3658e-293,1.3658e-293,1.3658e-293,1.3658e-293
5.4631e-294,5.4631e-294,5.4631e-294,5.4631e-294,5.4631e-294
2.1852e-294,2.1852e-294,2.1852e-294,2.1852e-294,2.1852e-294
8.7409e-295,8.7409e-295,8.7409e-295,8.7409e-295,8.7409e-295
3.4964e-295,3.4964e-295,3.4964e-295,3.4964e-295,3.4964e-295
1.3985e-295,1.3985e-295,1.3985e-295,1.3985e-295,1.3985e-295
5.5942e-296,5.5942e-296,5.5942e-296,5.5942e-296,5.5942e-296
2.2377e-296,2.2377e-296,2.2377e-296,2.2377e-296,2.2377e-296
8.9507e-297,8.9507e-297,8.9507e-297,8.9507e-297,8.9507e-297
3.5803e-297,3.5803e-297,3.5803e-297,3.5803e-297,3.5803e-297
1.4321e-297,1.4321e-297,1.4321e-297,1.4321e-297,1.4321e-297
5.7284e-298,5.7284e-298,5.7284e-298,5.7284e-298,5.7284e-298
2.2914e-298,2.2914e-298,2.2914e-298,2.2914e-298,2.2914e-298
9.1655e-299,9.1655e-299,9.1655e-299,9.1655e-299,9.1655e-299
3.6662e-299,3.6662e-299,3.6662e-299,3.6662e-299,3.6662e-299
1.4665e-299,1.4665e-299,1.4665e-299,1.4665e-299,1.4665e-299
5.8659e-300,5.8659e-300,5.8659e-300,5.8659e-300,5.8659e-300
2.3464e-300,2.3464e-300,2.3464e-300,2.3464e-300,2.3464e-300
9.3855e-301,9.3855e-301,9.3855e-301,9.3855e-301,9.3855e-301
3.7542e-301,3.7542e-301,3.7542e-301,3.7542e-301,3.7542e-301
1.5017e-301,1.5017e-301,1.5017e-301,1.5017e-301,1.5017e-301
6.0067e-302,6.0067e-302,6.0067e-302,6.0067e-302,6.0067e-302
2.4027e-302,2.4027e-302,2.4027e-302,2.4027e-302,2.4027e-302
9.6107e-303,9.6107e-303,9.6107e-303,9.6107e-303,9.6107e-303
3.8443e-303,3.8443e-303,3.8443e-303,3.8443e-303,3.8443e-303
1.5377e-303,1.5377e-303,1.5377e-303,1.5377e-303,1.5377e-303
6.1509e-304,6.1509e-304,6.1509e-304,6.1509e-304,6.1509e-304
2.4603e-304,2.4603e-304,2.4603e-304,2.4603e-304,2.4603e-304
9.8414e-305,9.8414e-305,9.8414e-305,9.8414e-305,9.8414e-305
3.9365e-305,3.9365e-305,3.9365e-305,3.9365e-305,3.9365e-305
1.5746e-305,1.5746e-305,1.5746e-305,1.5746e-305,1.5746e-305
6.2985e-306,6.2985e-306,6.2985e-306,6.2985e-306,6.2985e-306
2.5194e-306,2.5194e-306,2.5194e-306,2.5194e-306,2.5194e-306
1.0078e-306,1.0078e-306,1.0078e-306,1.0078e-306,1.0078e-306
4.031e-307,4.031e-307,4.031e-307,4.031e-307,4.031e-307
1.6124e-307,1.6124e-307,1.6124e-307,1.6124e-307,1.6124e-307
6.4496e-308,6.4496e-308,6.4496e-308,6.4496e-308,6.4496e-308
2.5799e-308,2.5799e-308,2.5799e-308,2.5799e-308,2.5799e-308
1.0319e-308,1.0319e-308,1.0319e-308,1.0319e-308,1.0319e-308
4.1278e-309,4.1278e-309,4.1278e-309,4.1278e-309,4.1278e-309
1.6511e-309,1.6511e-309,1.6511e-309,1.6511e-309,1.6511e-309
6.6044e-310,6.6044e-310,6.6044e-310,6.6044e-310,6.6044e-310
2.6418e-310,2.6418e-310,2.6418e-310,2.6418e-310,2.6418e-310
1.0567e-310,1.0567e-310,1.0567e-310,1.0567e-310,1.0567e-310
4.2268e-311,4.2268e-311,4.2268e-311,4.2268e-311,4.2268e-311
1.6907e-311,1.6907e-311,1.6907e-311,1.6907e-311,1.6907e-311
6.7629e-312,6.7629e-312,6.7629e-312,6.7629e-312,6.7629e-312
2.7052e-312,2.7052e-312,2.7052e-312,2.7052e-312,2.7052e-312
1.0821e-312,1.0821e-312,1.0821e-312,1.0821e-312,1.0821e-312
4.3283e-313,4.3283e-313,4.3283e-313,4.3283e-313,4.3283e-313
1.7313e-313,1.7313e-313,1.7313e-313,1.7313e-313,1.7313e-313
6.9252e-314,6.9252e-314,6.9252e-314,6.9252e-314,6.9252e-314
2.7701e-314,2.7701e-314,2.7701e-314,2.7701e-314,2.7701e-314
1.108e-314,1.108e-314,1.108e-314,1.108e-314,1.108e-314
4.4322e-315,4.4322e-315,4.4322e-315,4.4322e-315,4.4322e-315
1.7729e-315,1.7729e-315,1.7729e-315,1.7729e-315,1.7729e-315
7.0915e-316,7.0915e-316,7.0915e-316,7.0915e-316,7.0915e-316
2.8366e-316,2.8366e-316,2.8366e-316,2.8366e-316,2.8366e-316
1.1346e-316,1.1346e-316,1.1346e-316,1.1346e-316,1.1346e-316
4.5385e-317,4.5385e-317,4.5385e-317,4.5385e-317,4.5385e-317
1.8154e-317,1.8154e-317,1.8154e-317,1.8154e-317,1.8154e-317
7.2616e-318,7.2616e-318,7.2616e-318,7.2616e-318,7.2616e-318
2.9047e-318,2.9047e-318,2.9047e-318,2.9047e-318,2.9047e-318
1.1619e-318,1.1619e-318,1.1619e-318,1.1619e-318,1.1619e-318
4.6475e-319,4.6475e-319,4.6475e-319,4.6475e-319,4.6475e-319
1.859e-319,1.859e-319,1.859e-319,1.859e-319,1.859e-319
7.4362e-320,7.4362e-320,7.4362e-320,7.4362e-320,7.4362e-320
2.9743e-320,2.9743e-320,2.9743e-320,2.9743e-320,2.9743e-320
1.1897e-320,1.1897e-320,1.1897e-320,1.1897e-320,1.1897e-320
4.7579e-321,4.7579e-321,4.7579e-321,4.7579e-321,4.7579e-321
1.9071e-321,1.9071e-321,1.9071e-321,1.9071e-321,1.9071e-321
7.6086e-322,7.6086e-322,7.6086e-322,7.6086e-322,7.6086e-322
3.0632e-322,3.0632e-322,3.0632e-322,3.0632e-322,3.0632e-322
1.2352e-322,1.2352e-322,1.2352e-322,1.2352e-322,1.2352e-322
5.4347e-323,5.4347e-323,5.4347e-323,5.4347e-323,5.4347e-323
2.4703e-323,2.4703e-323,2.4703e-323,2.4703e-323,2.4703e-323
1.4822e-323,1.4822e-323,1.4822e-323,1.4822e-323,1.4822e-323
0,0,0,0,0
0,0,0,0,0
0,0,0,0,0
0,0,0,0,0
0,0,0,0,0
0,0,0,0,0
0,0,0,0,0
0,0,0,0,0
0,0,0,0,0
0,0,0,0,0
0,0,0,0,0
0,0,0,0,0
0,0,0,0,0
0,0,0,0,0
0,0,0,0,0
0,0,0,0,0
0,0,0,0,0
0,0,0,0,0
0,0,0,0,0
0,0,0,0,0
0,0,0,0,0
0,0,0,0,0
0,0,0,0,0
0,0,0,0,0
0,0,0,0,0
0,0,0,0,0
0,0,0,0,0
0,0,0,0,0
0,0,0,0,0
0,0,0,0,0
0,0,0,0,0
0,0,0,0,0
0,0,0,0,0
0,0,0,0,0
0,0,0,0,0
0,0,0,0,0
0,0,0,0,0
0,0,0,0,0
0,0,0,0,0
0,0,0,0,0
0,0,0,0,0
0,0,0,0,0
0,0,0,0,0
0,0,0,0,0
0,0,0,0,0
0,0,0,0,0
0,0,0,0,0
0,0,0,0,0
0,0,0,0,0
0,0,0,0,0
0,0,0,0,0
0,0,0,0,0
0,0,0,0,0
0,0,0,0,0
0,0,0,0,0
0,0,0,0,0
0,0,0,0,0
0,0,0,0,0
0,0,0,0,0
0,0,0,0,0
0,0,0,0,0
0,0,0,0,0
0,0,0,0,0
0,0,0,0,0
0,0,0,0,0
0,0,0,0,0
0,0,0,0,0
0,0,0,0,0
0,0,0,0,0
0,0,0,0,0
0,0,0,0,0
0,0,0,0,0
0,0,0,0,0
0,0,0,0,0
0,0,0,0,0
0,0,0,0,0
0,0,0,0,0
0,0,0,0,0
0,0,0,0,0
0,0,0,0,0
0,0,0,0,0
0,0,0,0,0
0,0,0,0,0
0,0,0,0,0
0,0,0,0,0
0,0,0,0,0
0,0,0,0,0
0,0,0,0,0
0,0,0,0,0
0,0,0,0,0
0,0,0,0,0
0,0,0,0,0
0,0,0,0,0
0,0,0,0,0
0,0,0,0,0
0,0,0,0,0
0,0,0,0,0
0,0,0,0,0
0,0,0,0,0
0,0,0,0,0
0,0,0,0,0
0,0,0,0,0
0,0,0,0,0
0,0,0,0,0
0,0,0,0,0
0,0,0,0,0
0,0,0,0,0
0,0,0,0,0
0,0,0,0,0
0,0,0,0,0
0,0,0,0,0
0,0,0,0,0
0,0,0,0,0
0,0,0,0,0
0,0,0,0,0
0,0,0,0,0
0,0,0,0,0
0,0,0,0,0
0,0,0,0,0
0,0,0,0,0
0,0,0,0,0
0,0,0,0,0
0,0,0,0,0
0,0,0,0,0
0,0,0,0,0
0,0,0,0,0
0,0,0,0,0
0,0,0,0,0
0,0,0,0,0
0,0,0,0,0
0,0,0,0,0
0,0,0,0,0
0,0,0,0,0
0,0,0,0,0
0,0,0,0,0
0,0,0,0,0
0,0,0,0,0
0,0,0,0,0
0,0,0,0,0
0,0,0,0,0
0,0,0,0,0
0,0,0,0,0
0,0,0,0,0
0,0,0,0,0
0,0,0,0,0
0,0,0,0,0
0,0,0,0,0
0,0,0,0,0
0,0,0,0,0
0,0,0,0,0
0,0,0,0,0
0,0,0,0,0
0,0,0,0,0
0,0,0,0,0
0,0,0,0,0
0,0,0,0,0
0,0,0,0,0
0,0,0,0,0
0,0,0,0,0
0,0,0,0,0
0,0,0,0,0
0,0,0,0,0
0,0,0,0,0
0,0,0,0,0
0,0,0,0,0
0,0,0,0,0
0,0,0,0,0
0,0,0,0,0
0,0,0,0,0
0,0,0,0,0
0,0,0,0,0
0,0,0,0,0
0,0,0,0,0
0,0,0,0,0
0,0,0,0,0
0,0,0,0,0
0,0,0,0,0
0,0,0,0,0
0,0,0,0,0
0,0,0,0,0
0,0,0,0,0
0,0,0,0,0
0,0,0,0,0
0,0,0,0,0
0,0,0,0,0
0,0,0,0,0
0,0,0,0,0
0,0,0,0,0
0,0,0,0,0
