0.1,0.2,0.3,0.5,0.6
0.0402,0.0468,0.0624,0.072,0.0636
0.013195,0.013855,0.017217,0.019111,0.017044
0.0041688,0.0042558,0.0049902,0.0053946,0.0049216
0.0012954,0.0013098,0.0014699,0.0015575,0.0014525
0.00039837,0.00040114,0.00043599,0.00045501,0.000432
0.00012165,0.00012222,0.00012979,0.00013392,0.00012891
3.6959e-05,3.7081e-05,3.8726e-05,3.9623e-05,3.8533e-05
1.1189e-05,1.1215e-05,1.1572e-05,1.1767e-05,1.153e-05
3.3787e-06,3.3844e-06,3.4619e-06,3.5042e-06,3.4528e-06
1.0184e-06,1.0196e-06,1.0365e-06,1.0456e-06,1.0345e-06
3.0656e-07,3.0682e-07,3.1048e-07,3.1247e-07,3.1005e-07
9.2193e-08,9.2251e-08,9.3044e-08,9.3476e-08,9.295e-08
2.7707e-08,2.7719e-08,2.7892e-08,2.7985e-08,2.7871e-08
8.3226e-09,8.3254e-09,8.3627e-09,8.3831e-09,8.3583e-09
2.4991e-09,2.4997e-09,2.5078e-09,2.5122e-09,2.5068e-09
7.5023e-10,7.5036e-10,7.5212e-10,7.5308e-10,7.5191e-10
2.2518e-10,2.2521e-10,2.2559e-10,2.258e-10,2.2554e-10
6.7577e-11,6.7583e-11,6.7666e-11,6.7711e-11,6.7656e-11
2.0278e-11,2.0279e-11,2.0298e-11,2.0307e-11,2.0295e-11
6.0846e-12,6.0848e-12,6.0888e-12,6.0909e-12,6.0883e-12
1.8256e-12,1.8257e-12,1.8265e-12,1.827e-12,1.8264e-12
5.4774e-13,5.4775e-13,5.4793e-13,5.4803e-13,5.4791e-13
1.6433e-13,1.6433e-13,1.6437e-13,1.644e-13,1.6437e-13
4.9302e-14,4.9303e-14,4.9311e-14,4.9316e-14,4.931e-14
1.4791e-14,1.4791e-14,1.4793e-14,1.4794e-14,1.4793e-14
4.4375e-15,4.4375e-15,4.4379e-15,4.4381e-15,4.4379e-15
1.3313e-15,1.3313e-15,1.3314e-15,1.3314e-15,1.3313e-15
3.9938e-16,3.9939e-16,3.9941e-16,3.9942e-16,3.994e-16
1.1982e-16,1.1982e-16,1.1982e-16,1.1982e-16,1.1982e-16
3.5945e-17,3.5945e-17,3.5946e-17,3.5947e-17,3.5946e-17
1.0784e-17,1.0784e-17,1.0784e-17,1.0784e-17,1.0784e-17
3.2351e-18,3.2351e-18,3.2351e-18,3.2352e-18,3.2351e-18
9.7053e-19,9.7053e-19,9.7054e-19,9.7055e-19,9.7054e-19
2.9116e-19,2.9116e-19,2.9116e-19,2.9116e-19,2.9116e-19
8.7348e-20,8.7348e-20,8.7349e-20,8.7349e-20,8.7349e-20
2.6205e-20,2.6205e-20,2.6205e-20,2.6205e-20,2.6205e-20
7.8614e-21,7.8614e-21,7.8614e-21,7.8614e-21,7.8614e-21
2.3584e-21,2.3584e-21,2.3584e-21,2.3584e-21,2.3584e-21
7.0752e-22,7.0752e-22,7.0752e-22,7.0752e-22,7.0752e-22
2.1226e-22,2.1226e-22,2.1226e-22,2.1226e-22,2.1226e-22
6.3677e-23,6.3677e-23,6.3677e-23,6.3677e-23,6.3677e-23
1.9103e-23,1.9103e-23,1.9103e-23,1.9103e-23,1.9103e-23
5.7309e-24,5.7309e-24,5.7309e-24,5.7309e-24,5.7309e-24
1.7193e-24,1.7193e-24,1.7193e-24,1.7193e-24,1.7193e-24
5.1578e-25,5.1578e-25,5.1578e-25,5.1578e-25,5.1578e-25
1.5474e-25,1.5474e-25,1.5474e-25,1.5474e-25,1.5474e-25
4.6421e-26,4.6421e-26,4.6421e-26,4.6421e-26,4.6421e-26
1.3926e-26,1.3926e-26,1.3926e-26,1.3926e-26,1.3926e-26
4.1779e-27,4.1779e-27,4.1779e-27,4.1779e-27,4.1779e-27
1.2534e-27,1.2534e-27,1.2534e-27,1.2534e-27,1.2534e-27
3.7601e-28,3.7601e-28,3.7601e-28,3.7601e-28,3.7601e-28
1.128e-28,1.128e-28,1.128e-28,1.128e-28,1.128e-28
3.3841e-29,3.3841e-29,3.3841e-29,3.3841e-29,3.3841e-29
1.0152e-29,1.0152e-29,1.0152e-29,1.0152e-29,1.0152e-29
3.0457e-30,3.0457e-30,3.0457e-30,3.0457e-30,3.0457e-30
9.137e-31,9.137e-31,9.137e-31,9.137e-31,9.137e-31
2.7411e-31,2.7411e-31,2.7411e-31,2.7411e-31,2.7411e-31
8.2233e-32,8.2233e-32,8.2233e-32,8.2233e-32,8.2233e-32
2.467e-32,2.467e-32,2.467e-32,2.467e-32,2.467e-32
7.4009e-33,7.4009e-33,7.4009e-33,7.4009e-33,7.4009e-33
2.2203e-33,2.2203e-33,2.2203e-33,2.2203e-33,2.2203e-33
6.6609e-34,6.6609e-34,6.6609e-34,6.6609e-34,6.6609e-34
1.9983e-34,1.9983e-34,1.9983e-34,1.9983e-34,1.9983e-34
5.9948e-35,5.9948e-35,5.9948e-35,5.9948e-35,5.9948e-35
1.7984e-35,1.7984e-35,1.7984e-35,1.7984e-35,1.7984e-35
5.3953e-36,5.3953e-36,5.3953e-36,5.3953e-36,5.3953e-36
1.6186e-36,1.6186e-36,1.6186e-36,1.6186e-36,1.6186e-36
4.8558e-37,4.8558e-37,4.8558e-37,4.8558e-37,4.8558e-37
1.4567e-37,1.4567e-37,1.4567e-37,1.4567e-37,1.4567e-37
4.3702e-38,4.3702e-38,4.3702e-38,4.3702e-38,4.3702e-38
1.3111e-38,1.3111e-38,1.3111e-38,1.3111e-38,1.3111e-38
3.9332e-39,3.9332e-39,3.9332e-39,3.9332e-39,3.9332e-39
1.18e-39,1.18e-39,1.18e-39,1.18e-39,1.18e-39
3.5399e-40,3.5399e-40,3.5399e-40,3.5399e-40,3.5399e-40
1.062e-40,1.062e-40,1.062e-40,1.062e-40,1.062e-40
3.1859e-41,3.1859e-41,3.1859e-41,3.1859e-41,3.1859e-41
9.5576e-42,9.5576e-42,9.5576e-42,9.5576e-42,9.5576e-42
2.8673e-42,2.8673e-42,2.8673e-42,2.8673e-42,2.8673e-42
8.6018e-43,8.6018e-43,8.6018e-43,8.6018e-43,8.6018e-43
2.5806e-43,2.5806e-43,2.5806e-43,2.5806e-43,2.5806e-43
7.7417e-44,7.7417e-44,7.7417e-44,7.7417e-44,7.7417e-44
2.3225e-44,2.3225e-44,2.3225e-44,2.3225e-44,2.3225e-44
6.9675e-45,6.9675e-45,6.9675e-45,6.9675e-45,6.9675e-45
2.0902e-45,2.0902e-45,2.0902e-45,2.0902e-45,2.0902e-45
6.2707e-46,6.2707e-46,6.2707e-46,6.2707e-46,6.2707e-46
1.8812e-46,1.8812e-46,1.8812e-46,1.8812e-46,1.8812e-46
5.6437e-47,5.6437e-47,5.6437e-47,5.6437e-47,5.6437e-47
1.6931e-47,1.6931e-47,1.6931e-47,1.6931e-47,1.6931e-47
5.0793e-48,5.0793e-48,5.0793e-48,5.0793e-48,5.0793e-48
1.5238e-48,1.5238e-48,1.5238e-48,1.5238e-48,1.5238e-48
4.5714e-49,4.5714e-49,4.5714e-49,4.5714e-49,4.5714e-49
1.3714e-49,1.3714e-49,1.3714e-49,1.3714e-49,1.3714e-49
4.1142e-50,4.1142e-50,4.1142e-50,4.1142e-50,4.1142e-50
1.2343e-50,1.2343e-50,1.2343e-50,1.2343e-50,1.2343e-50
3.7028e-51,3.7028e-51,3.7028e-51,3.7028e-51,3.7028e-51
1.1108e-51,1.1108e-51,1.1108e-51,1.1108e-51,1.1108e-51
3.3325e-52,3.3325e-52,3.3325e-52,3.3325e-52,3.3325e-52
9.9976e-53,9.9976e-53,9.9976e-53,9.9976e-53,9.9976e-53
2.9993e-53,2.9993e-53,2.9993e-53,2.9993e-53,2.9993e-53
8.9978e-54,8.9978e-54,8.9978e-54,8.9978e-54,8.9978e-54
2.6993e-54,2.6993e-54,2.6993e-54,2.6993e-54,2.6993e-54
8.098e-55,8.098e-55,8.098e-55,8.098e-55,8.098e-55
2.4294e-55,2.4294e-55,2.4294e-55,2.4294e-55,2.4294e-55
7.2882e-56,7.2882e-56,7.2882e-56,7.2882e-56,7.2882e-56
2.1865e-56,2.1865e-56,2.1865e-56,2.1865e-56,2.1865e-56
6.5594e-57,6.5594e-57,6.5594e-57,6.5594e-57,6.5594e-57
1.9678e-57,1.9678e-57,1.9678e-57,1.9678e-57,1.9678e-57
5.9035e-58,5.9035e-58,5.9035e-58,5.9035e-58,5.9035e-58
1.771e-58,1.771e-58,1.771e-58,1.771e-58,1.771e-58
5.3131e-59,5.3131e-59,5.3131e-59,5.3131e-59,5.3131e-59
1.5939e-59,1.5939e-59,1.5939e-59,1.5939e-59,1.5939e-59
4.7818e-60,4.7818e-60,4.7818e-60,4.7818e-60,4.7818e-60
1.4345e-60,1.4345e-60,1.4345e-60,1.4345e-60,1.4345e-60
4.3036e-61,4.3036e-61,4.3036e-61,4.3036e-61,4.3036e-61
1.2911e-61,1.2911e-61,1.2911e-61,1.2911e-61,1.2911e-61
3.8733e-62,3.8733e-62,3.8733e-62,3.8733e-62,3.8733e-62
1.162e-62,1.162e-62,1.162e-62,1.162e-62,1.162e-62
3.4859e-63,3.4859e-63,3.4859e-63,3.4859e-63,3.4859e-63
1.0458e-63,1.0458e-63,1.0458e-63,1.0458e-63,1.0458e-63
3.1373e-64,3.1373e-64,3.1373e-64,3.1373e-64,3.1373e-64
9.412e-65,9.412e-65,9.412e-65,9.412e-65,9.412e-65
2.8236e-65,2.8236e-65,2.8236e-65,2.8236e-65,2.8236e-65
8.4708e-66,8.4708e-66,8.4708e-66,8.4708e-66,8.4708e-66
2.5413e-66,2.5413e-66,2.5413e-66,2.5413e-66,2.5413e-66
7.6238e-67,7.6238e-67,7.6238e-67,7.6238e-67,7.6238e-67
2.2871e-67,2.2871e-67,2.2871e-67,2.2871e-67,2.2871e-67
6.8614e-68,6.8614e-68,6.8614e-68,6.8614e-68,6.8614e-68
2.0584e-68,2.0584e-68,2.0584e-68,2.0584e-68,2.0584e-68
6.1752e-69,6.1752e-69,6.1752e-69,6.1752e-69,6.1752e-69
1.8526e-69,1.8526e-69,1.8526e-69,1.8526e-69,1.8526e-69
5.5577e-70,5.5577e-70,5.5577e-70,5.5577e-70,5.5577e-70
1.6673e-70,1.6673e-70,1.6673e-70,1.6673e-70,1.6673e-70
5.0019e-71,5.0019e-71,5.0019e-71,5.0019e-71,5.0019e-71
1.5006e-71,1.5006e-71,1.5006e-71,1.5006e-71,1.5006e-71
4.5018e-72,4.5018e-72,4.5018e-72,4.5018e-72,4.5018e-72
1.3505e-72,1.3505e-72,1.3505e-72,1.3505e-72,1.3505e-72
4.0516e-73,4.0516e-73,4.0516e-73,4.0516e-73,4.0516e-73
1.2155e-73,1.2155e-73,1.2155e-73,1.2155e-73,1.2155e-73
3.6464e-74,3.6464e-74,3.6464e-74,3.6464e-74,3.6464e-74
1.0939e-74,1.0939e-74,1.0939e-74,1.0939e-74,1.0939e-74
3.2818e-75,3.2818e-75,3.2818e-75,3.2818e-75,3.2818e-75
9.8453e-76,9.8453e-76,9.8453e-76,9.8453e-76,9.8453e-76
2.9536e-76,2.9536e-76,2.9536e-76,2.9536e-76,2.9536e-76
8.8608e-77,8.8608e-77,8.8608e-77,8.8608e-77,8.8608e-77
2.6582e-77,2.6582e-77,2.6582e-77,2.6582e-77,2.6582e-77
7.9747e-78,7.9747e-78,7.9747e-78,7.9747e-78,7.9747e-78
2.3924e-78,2.3924e-78,2.3924e-78,2.3924e-78,2.3924e-78
7.1772e-79,7.1772e-79,7.1772e-79,7.1772e-79,7.1772e-79
2.1532e-79,2.1532e-79,2.1532e-79,2.1532e-79,2.1532e-79
6.4595e-80,6.4595e-80,6.4595e-80,6.4595e-80,6.4595e-80
1.9379e-80,1.9379e-80,1.9379e-80,1.9379e-80,1.9379e-80
5.8136e-81,5.8136e-81,5.8136e-81,5.8136e-81,5.8136e-81
1.7441e-81,1.7441e-81,1.7441e-81,1.7441e-81,1.7441e-81
5.2322e-82,5.2322e-82,5.2322e-82,5.2322e-82,5.2322e-82
1.5697e-82,1.5697e-82,1.5697e-82,1.5697e-82,1.5697e-82
4.709e-83,4.709e-83,4.709e-83,4.709e-83,4.709e-83
1.4127e-83,1.4127e-83,1.4127e-83,1.4127e-83,1.4127e-83
4.2381e-84,4.2381e-84,4.2381e-84,4.2381e-84,4.2381e-84
1.2714e-84,1.2714e-84,1.2714e-84,1.2714e-84,1.2714e-84
3.8143e-85,3.8143e-85,3.8143e-85,3.8143e-85,3.8143e-85
1.1443e-85,1.1443e-85,1.1443e-85,1.1443e-85,1.1443e-85
3.4329e-86,3.4329e-86,3.4329e-86,3.4329e-86,3.4329e-86
1.0299e-86,1.0299e-86,1.0299e-86,1.0299e-86,1.0299e-86
3.0896e-87,3.0896e-87,3.0896e-87,3.0896e-87,3.0896e-87
9.2687e-88,9.2687e-88,9.2687e-88,9.2687e-88,9.2687e-88
2.7806e-88,2.7806e-88,2.7806e-88,2.7806e-88,2.7806e-88
8.3418e-89,8.3418e-89,8.3418e-89,8.3418e-89,8.3418e-89
2.5026e-89,2.5026e-89,2.5026e-89,2.5026e-89,2.5026e-89
7.5077e-90,7.5077e-90,7.5077e-90,7.5077e-90,7.5077e-90
2.2523e-90,2.2523e-90,2.2523e-90,2.2523e-90,2.2523e-90
6.7569e-91,6.7569e-91,6.7569e-91,6.7569e-91,6.7569e-91
2.0271e-91,2.0271e-91,2.0271e-91,2.0271e-91,2.0271e-91
6.0812e-92,6.0812e-92,6.0812e-92,6.0812e-92,6.0812e-92
1.8244e-92,1.8244e-92,1.8244e-92,1.8244e-92,1.8244e-92
5.4731e-93,5.4731e-93,5.4731e-93,5.4731e-93,5.4731e-93
1.6419e-93,1.6419e-93,1.6419e-93,1.6419e-93,1.6419e-93
4.9258e-94,4.9258e-94,4.9258e-94,4.9258e-94,4.9258e-94
1.4777e-94,1.4777e-94,1.4777e-94,1.4777e-94,1.4777e-94
4.4332e-95,4.4332e-95,4.4332e-95,4.4332e-95,4.4332e-95
1.33e-95,1.33e-95,1.33e-95,1.33e-95,1.33e-95
3.9899e-96,3.9899e-96,3.9899e-96,3.9899e-96,3.9899e-96
1.197e-96,1.197e-96,1.197e-96,1.197e-96,1.197e-96
3.5909e-97,3.5909e-97,3.5909e-97,3.5909e-97,3.5909e-97
1.0773e-97,1.0773e-97,1.0773e-97,1.0773e-97,1.0773e-97
3.2318e-98,3.2318e-98,3.2318e-98,3.2318e-98,3.2318e-98
9.6954e-99,9.6954e-99,9.6954e-99,9.6954e-99,9.6954e-99
2.9086e-99,2.9086e-99,2.9086e-99,2.9086e-99,2.9086e-99
8.7259e-100,8.7259e-100,8.7259e-100,8.7259e-100,8.7259e-100
2.6178e-100,2.6178e-100,2.6178e-100,2.6178e-100,2.6178e-100
7.8533e-101,7.8533e-101,7.8533e-101,7.8533e-101,7.8533e-101
2.356e-101,2.356e-101,2.356e-101,2.356e-101,2.356e-101
7.0679e-102,7.0679e-102,7.0679e-102,7.0679e-102,7.0679e-102
2.1204e-102,2.1204e-102,2.1204e-102,2.1204e-102,2.1204e-102
6.3611e-103,6.3611e-103,6.3611e-103,6.3611e-103,6.3611e-103
1.9083e-103,1.9083e-103,1.9083e-103,1.9083e-103,1.9083e-103
5.725e-104,5.725e-104,5.725e-104,5.725e-104,5.725e-104
1.7175e-104,1.7175e-104,1.7175e-104,1.7175e-104,1.7175e-104
5.1525e-105,5.1525e-105,5.1525e-105,5.1525e-105,5.1525e-105
1.5458e-105,1.5458e-105,1.5458e-105,1.5458e-105,1.5458e-105
4.6373e-106,4.6373e-106,4.6373e-106,4.6373e-106,4.6373e-106
1.3912e-106,1.3912e-106,1.3912e-106,1.3912e-106,1.3912e-106
4.1735e-107,4.1735e-107,4.1735e-107,4.1735e-107,4.1735e-107
1.2521e-107,1.2521e-107,1.2521e-107,1.2521e-107,1.2521e-107
3.7562e-108,3.7562e-108,3.7562e-108,3.7562e-108,3.7562e-108
1.1269e-108,1.1269e-108,1.1269e-108,1.1269e-108,1.1269e-108
3.3806e-109,3.3806e-109,3.3806e-109,3.3806e-109,3.3806e-109
1.0142e-109,1.0142e-109,1.0142e-109,1.0142e-109,1.0142e-109
3.0425e-110,3.0425e-110,3.0425e-110,3.0425e-110,3.0425e-110
9.1276e-111,9.1276e-111,9.1276e-111,9.1276e-111,9.1276e-111
2.7383e-111,2.7383e-111,2.7383e-111,2.7383e-111,2.7383e-111
8.2148e-112,8.2148e-112,8.2148e-112,8.2148e-112,8.2148e-112
2.4644e-112,2.4644e-112,2.4644e-112,2.4644e-112,2.4644e-112
7.3933e-113,7.3933e-113,7.3933e-113,7.3933e-113,7.3933e-113
2.218e-113,2.218e-113,2.218e-113,2.218e-113,2.218e-113
6.654e-114,6.654e-114,6.654e-114,6.654e-114,6.654e-114
1.9962e-114,1.9962e-114,1.9962e-114,1.9962e-114,1.9962e-114
5.9886e-115,5.9886e-115,5.9886e-115,5.9886e-115,5.9886e-115
1.7966e-115,1.7966e-115,1.7966e-115,1.7966e-115,1.7966e-115
5.3897e-116,5.3897e-116,5.3897e-116,5.3897e-116,5.3897e-116
1.6169e-116,1.6169e-116,1.6169e-116,1.6169e-116,1.6169e-116
4.8508e-117,4.8508e-117,4.8508e-117,4.8508e-117,4.8508e-117
1.4552e-117,1.4552e-117,1.4552e-117,1.4552e-117,1.4552e-117
4.3657e-118,4.3657e-118,4.3657e-118,4.3657e-118,4.3657e-118
1.3097e-118,1.3097e-118,1.3097e-118,1.3097e-118,1.3097e-118
3.9291e-119,3.9291e-119,3.9291e-119,3.9291e-119,3.9291e-119
1.1787e-119,1.1787e-119,1.1787e-119,1.1787e-119,1.1787e-119
3.5362e-120,3.5362e-120,3.5362e-120,3.5362e-120,3.5362e-120
1.0609e-120,1.0609e-120,1.0609e-120,1.0609e-120,1.0609e-120
3.1826e-121,3.1826e-121,3.1826e-121,3.1826e-121,3.1826e-121
9.5477e-122,9.5477e-122,9.5477e-122,9.5477e-122,9.5477e-122
2.8643e-122,2.8643e-122,2.8643e-122,2.8643e-122,2.8643e-122
8.593e-123,8.593e-123,8.593e-123,8.593e-123,8.593e-123
2.5779e-123,2.5779e-123,2.5779e-123,2.5779e-123,2.5779e-123
7.7337e-124,7.7337e-124,7.7337e-124,7.7337e-124,7.7337e-124
2.3201e-124,2.3201e-124,2.3201e-124,2.3201e-124,2.3201e-124
6.9603e-125,6.9603e-125,6.9603e-125,6.9603e-125,6.9603e-125
2.0881e-125,2.0881e-125,2.0881e-125,2.0881e-125,2.0881e-125
6.2643e-126,6.2643e-126,6.2643e-126,6.2643e-126,6.2643e-126
1.8793e-126,1.8793e-126,1.8793e-126,1.8793e-126,1.8793e-126
5.6378e-127,5.6378e-127,5.6378e-127,5.6378e-127,5.6378e-127
1.6914e-127,1.6914e-127,1.6914e-127,1.6914e-127,1.6914e-127
5.0741e-128,5.0741e-128,5.0741e-128,5.0741e-128,5.0741e-128
1.5222e-128,1.5222e-128,1.5222e-128,1.5222e-128,1.5222e-128
4.5667e-129,4.5667e-129,4.5667e-129,4.5667e-129,4.5667e-129
1.37e-129,1.37e-129,1.37e-129,1.37e-129,1.37e-129
4.11e-130,4.11e-130,4.11e-130,4.11e-130,4.11e-130
1.233e-130,1.233e-130,1.233e-130,1.233e-130,1.233e-130
3.699e-131,3.699e-131,3.699e-131,3.699e-131,3.699e-131
1.1097e-131,1.1097e-131,1.1097e-131,1.1097e-131,1.1097e-131
3.3291e-132,3.3291e-132,3.3291e-132,3.3291e-132,3.3291e-132
9.9873e-133,9.9873e-133,9.9873e-133,9.9873e-133,9.9873e-133
2.9962e-133,2.9962e-133,2.9962e-133,2.9962e-133,2.9962e-133
8.9885e-134,8.9885e-134,8.9885e-134,8.9885e-134,8.9885e-134
2.6966e-134,2.6966e-134,2.6966e-134,2.6966e-134,2.6966e-134
8.0897e-135,8.0897e-135,8.0897e-135,8.0897e-135,8.0897e-135
2.4269e-135,2.4269e-135,2.4269e-135,2.4269e-135,2.4269e-135
7.2807e-136,7.2807e-136,7.2807e-136,7.2807e-136,7.2807e-136
2.1842e-136,2.1842e-136,2.1842e-136,2.1842e-136,2.1842e-136
6.5527e-137,6.5527e-137,6.5527e-137,6.5527e-137,6.5527e-137
1.9658e-137,1.9658e-137,1.9658e-137,1.9658e-137,1.9658e-137
5.8974e-138,5.8974e-138,5.8974e-138,5.8974e-138,5.8974e-138
1.7692e-138,1.7692e-138,1.7692e-138,1.7692e-138,1.7692e-138
5.3076e-139,5.3076e-139,5.3076e-139,5.3076e-139,5.3076e-139
1.5923e-139,1.5923e-139,1.5923e-139,1.5923e-139,1.5923e-139
4.7769e-140,4.7769e-140,4.7769e-140,4.7769e-140,4.7769e-140
1.4331e-140,1.4331e-140,1.4331e-140,1.4331e-140,1.4331e-140
4.2992e-141,4.2992e-141,4.2992e-141,4.2992e-141,4.2992e-141
1.2898e-141,1.2898e-141,1.2898e-141,1.2898e-141,1.2898e-141
3.8693e-142,3.8693e-142,3.8693e-142,3.8693e-142,3.8693e-142
1.1608e-142,1.1608e-142,1.1608e-142,1.1608e-142,1.1608e-142
3.4823e-143,3.4823e-143,3.4823e-143,3.4823e-143,3.4823e-143
1.0447e-143,1.0447e-143,1.0447e-143,1.0447e-143,1.0447e-143
3.1341e-144,3.1341e-144,3.1341e-144,3.1341e-144,3.1341e-144
9.4023e-145,9.4023e-145,9.4023e-145,9.4023e-145,9.4023e-145
2.8207e-145,2.8207e-145,2.8207e-145,2.8207e-145,2.8207e-145
8.4621e-146,8.4621e-146,8.4621e-146,8.4621e-146,8.4621e-146
2.5386e-146,2.5386e-146,2.5386e-146,2.5386e-146,2.5386e-146
7.6159e-147,7.6159e-147,7.6159e-147,7.6159e-147,7.6159e-147
2.2848e-147,2.2848e-147,2.2848e-147,2.2848e-147,2.2848e-147
6.8543e-148,6.8543e-148,6.8543e-148,6.8543e-148,6.8543e-148
2.0563e-148,2.0563e-148,2.0563e-148,2.0563e-148,2.0563e-148
6.1689e-149,6.1689e-149,6.1689e-149,6.1689e-149,6.1689e-149
1.8507e-149,1.8507e-149,1.8507e-149,1.8507e-149,1.8507e-149
5.552e-150,5.552e-150,5.552e-150,5.552e-150,5.552e-150
1.6656e-150,1.6656e-150,1.6656e-150,1.6656e-150,1.6656e-150
4.9968e-151,4.9968e-151,4.9968e-151,4.9968e-151,4.9968e-151
1.499e-151,1.499e-151,1.499e-151,1.499e-151,1.499e-151
4.4971e-152,4.4971e-152,4.4971e-152,4.4971e-152,4.4971e-152
1.3491e-152,1.3491e-152,1.3491e-152,1.3491e-152,1.3491e-152
4.0474e-153,4.0474e-153,4.0474e-153,4.0474e-153,4.0474e-153
1.2142e-153,1.2142e-153,1.2142e-153,1.2142e-153,1.2142e-153
3.6427e-154,3.6427e-154,3.6427e-154,3.6427e-154,3.6427e-154
1.0928e-154,1.0928e-154,1.0928e-154,1.0928e-154,1.0928e-154
3.2784e-155,3.2784e-155,3.2784e-155,3.2784e-155,3.2784e-155
9.8352e-156,9.8352e-156,9.8352e-156,9.8352e-156,9.8352e-156
2.9506e-156,2.9506e-156,2.9506e-156,2.9506e-156,2.9506e-156
8.8517e-157,8.8517e-157,8.8517e-157,8.8517e-157,8.8517e-157
2.6555e-157,2.6555e-157,2.6555e-157,2.6555e-157,2.6555e-157
7.9665e-158,7.9665e-158,7.9665e-158,7.9665e-158,7.9665e-158
2.3899e-158,2.3899e-158,2.3899e-158,2.3899e-158,2.3899e-158
7.1698e-159,7.1698e-159,7.1698e-159,7.1698e-159,7.1698e-159
2.151e-159,2.151e-159,2.151e-159,2.151e-159,2.151e-159
6.4529e-160,6.4529e-160,6.4529e-160,6.4529e-160,6.4529e-160
1.9359e-160,1.9359e-160,1.9359e-160,1.9359e-160,1.9359e-160
5.8076e-161,5.8076e-161,5.8076e-161,5.8076e-161,5.8076e-161
1.7423e-161,1.7423e-161,1.7423e-161,1.7423e-161,1.7423e-161
5.2268e-162,5.2268e-162,5.2268e-162,5.2268e-162,5.2268e-162
1.568e-162,1.568e-162,1.568e-162,1.568e-162,1.568e-162
4.7041e-163,4.7041e-163,4.7041e-163,4.7041e-163,4.7041e-163
1.4112e-163,1.4112e-163,1.4112e-163,1.4112e-163,1.4112e-163
4.2337e-164,4.2337e-164,4.2337e-164,4.2337e-164,4.2337e-164
1.2701e-164,1.2701e-164,1.2701e-164,1.2701e-164,1.2701e-164
3.8103e-165,3.8103e-165,3.8103e-165,3.8103e-165,3.8103e-165
1.1431e-165,1.1431e-165,1.1431e-165,1.1431e-165,1.1431e-165
3.4293e-166,3.4293e-166,3.4293e-166,3.4293e-166,3.4293e-166
1.0288e-166,1.0288e-166,1.0288e-166,1.0288e-166,1.0288e-166
3.0864e-167,3.0864e-167,3.0864e-167,3.0864e-167,3.0864e-167
9.2591e-168,9.2591e-168,9.2591e-168,9.2591e-168,9.2591e-168
2.7777e-168,2.7777e-168,2.7777e-168,2.7777e-168,2.7777e-168
8.3332e-169,8.3332e-169,8.3332e-169,8.3332e-169,8.3332e-169
2.5e-169,2.5e-169,2.5e-169,2.5e-169,2.5e-169
7.4999e-170,7.4999e-170,7.4999e-170,7.4999e-170,7.4999e-170
2.25e-170,2.25e-170,2.25e-170,2.25e-170,2.25e-170
6.7499e-171,6.7499e-171,6.7499e-171,6.7499e-171,6.7499e-171
2.025e-171,2.025e-171,2.025e-171,2.025e-171,2.025e-171
6.0749e-172,6.0749e-172,6.0749e-172,6.0749e-172,6.0749e-172
1.8225e-172,1.8225e-172,1.8225e-172,1.8225e-172,1.8225e-172
5.4674e-173,5.4674e-173,5.4674e-173,5.4674e-173,5.4674e-173
1.6402e-173,1.6402e-173,1.6402e-173,1.6402e-173,1.6402e-173
4.9207e-174,4.9207e-174,4.9207e-174,4.9207e-174,4.9207e-174
1.4762e-174,1.4762e-174,1.4762e-174,1.4762e-174,1.4762e-174
4.4286e-175,4.4286e-175,4.4286e-175,4.4286e-175,4.4286e-175
1.3286e-175,1.3286e-175,1.3286e-175,1.3286e-175,1.3286e-175
3.9858e-176,3.9858e-176,3.9858e-176,3.9858e-176,3.9858e-176
1.1957e-176,1.1957e-176,1.1957e-176,1.1957e-176,1.1957e-176
3.5872e-177,3.5872e-177,3.5872e-177,3.5872e-177,3.5872e-177
1.0762e-177,1.0762e-177,1.0762e-177,1.0762e-177,1.0762e-177
3.2285e-178,3.2285e-178,3.2285e-178,3.2285e-178,3.2285e-178
9.6854e-179,9.6854e-179,9.6854e-179,9.6854e-179,9.6854e-179
2.9056e-179,2.9056e-179,2.9056e-179,2.9056e-179,2.9056e-179
8.7169e-180,8.7169e-180,8.7169e-180,8.7169e-180,8.7169e-180
2.6151e-180,2.6151e-180,2.6151e-180,2.6151e-180,2.6151e-180
7.8452e-181,7.8452e-181,7.8452e-181,7.8452e-181,7.8452e-181
2.3536e-181,2.3536e-181,2.3536e-181,2.3536e-181,2.3536e-181
7.0607e-182,7.0607e-182,7.0607e-182,7.0607e-182,7.0607e-182
2.1182e-182,2.1182e-182,2.1182e-182,2.1182e-182,2.1182e-182
6.3546e-183,6.3546e-183,6.3546e-183,6.3546e-183,6.3546e-183
1.9064e-183,1.9064e-183,1.9064e-183,1.9064e-183,1.9064e-183
5.7191e-184,5.7191e-184,5.7191e-184,5.7191e-184,5.7191e-184
1.7157e-184,1.7157e-184,1.7157e-184,1.7157e-184,1.7157e-184
5.1472e-185,5.1472e-185,5.1472e-185,5.1472e-185,5.1472e-185
1.5442e-185,1.5442e-185,1.5442e-185,1.5442e-185,1.5442e-185
4.6325e-186,4.6325e-186,4.6325e-186,4.6325e-186,4.6325e-186
1.3897e-186,1.3897e-186,1.3897e-186,1.3897e-186,1.3897e-186
4.1692e-187,4.1692e-187,4.1692e-187,4.1692e-187,4.1692e-187
1.2508e-187,1.2508e-187,1.2508e-187,1.2508e-187,1.2508e-187
3.7523e-188,3.7523e-188,3.7523e-188,3.7523e-188,3.7523e-188
1.1257e-188,1.1257e-188,1.1257e-188,1.1257e-188,1.1257e-188
3.3771e-189,3.3771e-189,3.3771e-189,3.3771e-189,3.3771e-189
1.0131e-189,1.0131e-189,1.0131e-189,1.0131e-189,1.0131e-189
3.0394e-190,3.0394e-190,3.0394e-190,3.0394e-190,3.0394e-190
9.1181e-191,9.1181e-191,9.1181e-191,9.1181e-191,9.1181e-191
2.7354e-191,2.7354e-191,2.7354e-191,2.7354e-191,2.7354e-191
8.2063e-192,8.2063e-192,8.2063e-192,8.2063e-192,8.2063e-192
2.4619e-192,2.4619e-192,2.4619e-192,2.4619e-192,2.4619e-192
7.3857e-193,7.3857e-193,7.3857e-193,7.3857e-193,7.3857e-193
2.2157e-193,2.2157e-193,2.2157e-193,2.2157e-193,2.2157e-193
6.6471e-194,6.6471e-194,6.6471e-194,6.6471e-194,6.6471e-194
1.9941e-194,1.9941e-194,1.9941e-194,1.9941e-194,1.9941e-194
5.9824e-195,5.9824e-195,5.9824e-195,5.9824e-195,5.9824e-195
1.7947e-195,1.7947e-195,1.7947e-195,1.7947e-195,1.7947e-195
5.3842e-196,5.3842e-196,5.3842e-196,5.3842e-196,5.3842e-196
1.6153e-196,1.6153e-196,1.6153e-196,1.6153e-196,1.6153e-196
4.8458e-197,4.8458e-197,4.8458e-197,4.8458e-197,4.8458e-197
1.4537e-197,1.4537e-197,1.4537e-197,1.4537e-197,1.4537e-197
4.3612e-198,4.3612e-198,4.3612e-198,4.3612e-198,4.3612e-198
1.3084e-198,1.3084e-198,1.3084e-198,1.3084e-198,1.3084e-198
3.9251e-199,3.9251e-199,3.9251e-199,3.9251e-199,3.9251e-199
1.1775e-199,1.1775e-199,1.1775e-199,1.1775e-199,1.1775e-199
3.5326e-200,3.5326e-200,3.5326e-200,3.5326e-200,3.5326e-200
1.0598e-200,1.0598e-200,1.0598e-200,1.0598e-200,1.0598e-200
3.1793e-201,3.1793e-201,3.1793e-201,3.1793e-201,3.1793e-201
9.5379e-202,9.5379e-202,9.5379e-202,9.5379e-202,9.5379e-202
2.8614e-202,2.8614e-202,2.8614e-202,2.8614e-202,2.8614e-202
8.5841e-203,8.5841e-203,8.5841e-203,8.5841e-203,8.5841e-203
2.5752e-203,2.5752e-203,2.5752e-203,2.5752e-203,2.5752e-203
7.7257e-204,7.7257e-204,7.7257e-204,7.7257e-204,7.7257e-204
2.3177e-204,2.3177e-204,2.3177e-204,2.3177e-204,2.3177e-204
6.9531e-205,6.9531e-205,6.9531e-205,6.9531e-205,6.9531e-205
2.0859e-205,2.0859e-205,2.0859e-205,2.0859e-205,2.0859e-205
6.2578e-206,6.2578e-206,6.2578e-206,6.2578e-206,6.2578e-206
1.8773e-206,1.8773e-206,1.8773e-206,1.8773e-206,1.8773e-206
5.632e-207,5.632e-207,5.632e-207,5.632e-207,5.632e-207
1.6896e-207,1.6896e-207,1.6896e-207,1.6896e-207,1.6896e-207
5.0688e-208,5.0688e-208,5.0688e-208,5.0688e-208,5.0688e-208
1.5206e-208,1.5206e-208,1.5206e-208,1.5206e-208,1.5206e-208
4.5619e-209,4.5619e-209,4.5619e-209,4.5619e-209,4.5619e-209
1.3686e-209,1.3686e-209,1.3686e-209,1.3686e-209,1.3686e-209
4.1058e-210,4.1058e-210,4.1058e-210,4.1058e-210,4.1058e-210
1.2317e-210,1.2317e-210,1.2317e-210,1.2317e-210,1.2317e-210
3.6952e-211,3.6952e-211,3.6952e-211,3.6952e-211,3.6952e-211
1.1086e-211,1.1086e-211,1.1086e-211,1.1086e-211,1.1086e-211
3.3257e-212,3.3257e-212,3.3257e-212,3.3257e-212,3.3257e-212
9.977e-213,9.977e-213,9.977e-213,9.977e-213,9.977e-213
2.9931e-213,2.9931e-213,2.9931e-213,2.9931e-213,2.9931e-213
8.9793e-214,8.9793e-214,8.9793e-214,8.9793e-214,8.9793e-214
2.6938e-214,2.6938e-214,2.6938e-214,2.6938e-214,2.6938e-214
8.0814e-215,8.0814e-215,8.0814e-215,8.0814e-215,8.0814e-215
2.4244e-215,2.4244e-215,2.4244e-215,2.4244e-215,2.4244e-215
7.2732e-216,7.2732e-216,7.2732e-216,7.2732e-216,7.2732e-216
2.182e-216,2.182e-216,2.182e-216,2.182e-216,2.182e-216
6.5459e-217,6.5459e-217,6.5459e-217,6.5459e-217,6.5459e-217
1.9638e-217,1.9638e-217,1.9638e-217,1.9638e-217,1.9638e-217
5.8913e-218,5.8913e-218,5.8913e-218,5.8913e-218,5.8913e-218
1.7674e-218,1.7674e-218,1.7674e-218,1.7674e-218,1.7674e-218
5.3022e-219,5.3022e-219,5.3022e-219,5.3022e-219,5.3022e-219
1.5907e-219,1.5907e-219,1.5907e-219,1.5907e-219,1.5907e-219
4.772e-220,4.772e-220,4.772e-220,4.772e-220,4.772e-220
1.4316e-220,1.4316e-220,1.4316e-220,1.4316e-220,1.4316e-220
4.2948e-221,4.2948e-221,4.2948e-221,4.2948e-221,4.2948e-221
1.2884e-221,1.2884e-221,1.2884e-221,1.2884e-221,1.2884e-221
3.8653e-222,3.8653e-222,3.8653e-222,3.8653e-222,3.8653e-222
1.1596e-222,1.1596e-222,1.1596e-222,1.1596e-222,1.1596e-222
3.4788e-223,3.4788e-223,3.4788e-223,3.4788e-223,3.4788e-223
1.0436e-223,1.0436e-223,1.0436e-223,1.0436e-223,1.0436e-223
3.1309e-224,3.1309e-224,3.1309e-224,3.1309e-224,3.1309e-224
9.3926e-225,9.3926e-225,9.3926e-225,9.3926e-225,9.3926e-225
2.8178e-225,2.8178e-225,2.8178e-225,2.8178e-225,2.8178e-225
8.4534e-226,8.4534e-226,8.4534e-226,8.4534e-226,8.4534e-226
2.536e-226,2.536e-226,2.536e-226,2.536e-226,2.536e-226
7.608e-227,7.608e-227,7.608e-227,7.608e-227,7.608e-227
2.2824e-227,2.2824e-227,2.2824e-227,2.2824e-227,2.2824e-227
6.8472e-228,6.8472e-228,6.8472e-228,6.8472e-228,6.8472e-228
2.0542e-228,2.0542e-228,2.0542e-228,2.0542e-228,2.0542e-228
6.1625e-229,6.1625e-229,6.1625e-229,6.1625e-229,6.1625e-229
1.8488e-229,1.8488e-229,1.8488e-229,1.8488e-229,1.8488e-229
5.5463e-230,5.5463e-230,5.5463e-230,5.5463e-230,5.5463e-230
1.6639e-230,1.6639e-230,1.6639e-230,1.6639e-230,1.6639e-230
4.9916e-231,4.9916e-231,4.9916e-231,4.9916e-231,4.9916e-231
1.4975e-231,1.4975e-231,1.4975e-231,1.4975e-231,1.4975e-231
4.4925e-232,4.4925e-232,4.4925e-232,4.4925e-232,4.4925e-232
1.3477e-232,1.3477e-232,1.3477e-232,1.3477e-232,1.3477e-232
4.0432e-233,4.0432e-233,4.0432e-233,4.0432e-233,4.0432e-233
1.213e-233,1.213e-233,1.213e-233,1.213e-233,1.213e-233
3.6389e-234,3.6389e-234,3.6389e-234,3.6389e-234,3.6389e-234
1.0917e-234,1.0917e-234,1.0917e-234,1.0917e-234,1.0917e-234
3.275e-235,3.275e-235,3.275e-235,3.275e-235,3.275e-235
9.825e-236,9.825e-236,9.825e-236,9.825e-236,9.825e-236
2.9475e-236,2.9475e-236,2.9475e-236,2.9475e-236,2.9475e-236
8.8425e-237,8.8425e-237,8.8425e-237,8.8425e-237,8.8425e-237
2.6528e-237,2.6528e-237,2.6528e-237,2.6528e-237,2.6528e-237
7.9583e-238,7.9583e-238,7.9583e-238,7.9583e-238,7.9583e-238
2.3875e-238,2.3875e-238,2.3875e-238,2.3875e-238,2.3875e-238
7.1625e-239,7.1625e-239,7.1625e-239,7.1625e-239,7.1625e-239
2.1487e-239,2.1487e-239,2.1487e-239,2.1487e-239,2.1487e-239
6.4462e-240,6.4462e-240,6.4462e-240,6.4462e-240,6.4462e-240
1.9339e-240,1.9339e-240,1.9339e-240,1.9339e-240,1.9339e-240
5.8016e-241,5.8016e-241,5.8016e-241,5.8016e-241,5.8016e-241
1.7405e-241,1.7405e-241,1.7405e-241,1.7405e-241,1.7405e-241
5.2214e-242,5.2214e-242,5.2214e-242,5.2214e-242,5.2214e-242
1.5664e-242,1.5664e-242,1.5664e-242,1.5664e-242,1.5664e-242
4.6993e-243,4.6993e-243,4.6993e-243,4.6993e-243,4.6993e-243
1.4098e-243,1.4098e-243,1.4098e-243,1.4098e-243,1.4098e-243
4.2294e-244,4.2294e-244,4.2294e-244,4.2294e-244,4.2294e-244
1.2688e-244,1.2688e-244,1.2688e-244,1.2688e-244,1.2688e-244
3.8064e-245,3.8064e-245,3.8064e-245,3.8064e-245,3.8064e-245
1.1419e-245,1.1419e-245,1.1419e-245,1.1419e-245,1.1419e-245
3.4258e-246,3.4258e-246,3.4258e-246,3.4258e-246,3.4258e-246
1.0277e-246,1.0277e-246,1.0277e-246,1.0277e-246,1.0277e-246
3.0832e-247,3.0832e-247,3.0832e-247,3.0832e-247,3.0832e-247
9.2496e-248,9.2496e-248,9.2496e-248,9.2496e-248,9.2496e-248
2.7749e-248,2.7749e-248,2.7749e-248,2.7749e-248,2.7749e-248
8.3246e-249,8.3246e-249,8.3246e-249,8.3246e-249,8.3246e-249
2.4974e-249,2.4974e-249,2.4974e-249,2.4974e-249,2.4974e-249
7.4922e-250,7.4922e-250,7.4922e-250,7.4922e-250,7.4922e-250
2.2477e-250,2.2477e-250,2.2477e-250,2.2477e-250,2.2477e-250
6.743e-251,6.743e-251,6.743e-251,6.743e-251,6.743e-251
2.0229e-251,2.0229e-251,2.0229e-251,2.0229e-251,2.0229e-251
6.0687e-252,6.0687e-252,6.0687e-252,6.0687e-252,6.0687e-252
1.8206e-252,1.8206e-252,1.8206e-252,1.8206e-252,1.8206e-252
5.4618e-253,5.4618e-253,5.4618e-253,5.4618e-253,5.4618e-253
1.6385e-253,1.6385e-253,1.6385e-253,1.6385e-253,1.6385e-253
4.9156e-254,4.9156e-254,4.9156e-254,4.9156e-254,4.9156e-254
1.4747e-254,1.4747e-254,1.4747e-254,1.4747e-254,1.4747e-254
4.4241e-255,4.4241e-255,4.4241e-255,4.4241e-255,4.4241e-255
1.3272e-255,1.3272e-255,1.3272e-255,1.3272e-255,1.3272e-255
3.9817e-256,3.9817e-256,3.9817e-256,3.9817e-256,3.9817e-256
1.1945e-256,1.1945e-256,1.1945e-256,1.1945e-256,1.1945e-256
3.5835e-257,3.5835e-257,3.5835e-257,3.5835e-257,3.5835e-257
1.075e-257,1.075e-257,1.075e-257,1.075e-257,1.075e-257
3.2251e-258,3.2251e-258,3.2251e-258,3.2251e-258,3.2251e-258
9.6754e-259,9.6754e-259,9.6754e-259,9.6754e-259,9.6754e-259
2.9026e-259,2.9026e-259,2.9026e-259,2.9026e-259,2.9026e-259
8.7079e-260,8.7079e-260,8.7079e-260,8.7079e-260,8.7079e-260
2.6124e-260,2.6124e-260,2.6124e-260,2.6124e-260,2.6124e-260
7.8371e-261,7.8371e-261,7.8371e-261,7.8371e-261,7.8371e-261
2.3511e-261,2.3511e-261,2.3511e-261,2.3511e-261,2.3511e-261
7.0534e-262,7.0534e-262,7.0534e-262,7.0534e-262,7.0534e-262
2.116e-262,2.116e-262,2.116e-262,2.116e-262,2.116e-262
6.348e-263,6.348e-263,6.348e-263,6.348e-263,6.348e-263
1.9044e-263,1.9044e-263,1.9044e-263,1.9044e-263,1.9044e-263
5.7132e-264,5.7132e-264,5.7132e-264,5.7132e-264,5.7132e-264
1.714e-264,1.714e-264,1.714e-264,1.714e-264,1.714e-264
5.1419e-265,5.1419e-265,5.1419e-265,5.1419e-265,5.1419e-265
1.5426e-265,1.5426e-265,1.5426e-265,1.5426e-265,1.5426e-265
4.6277e-266,4.6277e-266,4.6277e-266,4.6277e-266,4.6277e-266
1.3883e-266,1.3883e-266,1.3883e-266,1.3883e-266,1.3883e-266
4.1649e-267,4.1649e-267,4.1649e-267,4.1649e-267,4.1649e-267
1.2495e-267,1.2495e-267,1.2495e-267,1.2495e-267,1.2495e-267
3.7485e-268,3.7485e-268,3.7485e-268,3.7485e-268,3.7485e-268
1.1245e-268,1.1245e-268,1.1245e-268,1.1245e-268,1.1245e-268
3.3736e-269,3.3736e-269,3.3736e-269,3.3736e-269,3.3736e-269
1.0121e-269,1.0121e-269,1.0121e-269,1.0121e-269,1.0121e-269
3.0362e-270,3.0362e-270,3.0362e-270,3.0362e-270,3.0362e-270
9.1087e-271,9.1087e-271,9.1087e-271,9.1087e-271,9.1087e-271
2.7326e-271,2.7326e-271,2.7326e-271,2.7326e-271,2.7326e-271
8.1979e-272,8.1979e-272,8.1979e-272,8.1979e-272,8.1979e-272
2.4594e-272,2.4594e-272,2.4594e-272,2.4594e-272,2.4594e-272
7.3781e-273,7.3781e-273,7.3781e-273,7.3781e-273,7.3781e-273
2.2134e-273,2.2134e-273,2.2134e-273,2.2134e-273,2.2134e-273
6.6403e-274,6.6403e-274,6.6403e-274,6.6403e-274,6.6403e-274
1.9921e-274,1.9921e-274,1.9921e-274,1.9921e-274,1.9921e-274
5.9762e-275,5.9762e-275,5.9762e-275,5.9762e-275,5.9762e-275
1.7929e-275,1.7929e-275,1.7929e-275,1.7929e-275,1.7929e-275
5.3786e-276,5.3786e-276,5.3786e-276,5.3786e-276,5.3786e-276
1.6136e-276,1.6136e-276,1.6136e-276,1.6136e-276,1.6136e-276
4.8408e-277,4.8408e-277,4.8408e-277,4.8408e-277,4.8408e-277
1.4522e-277,1.4522e-277,1.4522e-277,1.4522e-277,1.4522e-277
4.3567e-278,4.3567e-278,4.3567e-278,4.3567e-278,4.3567e-278
1.307e-278,1.307e-278,1.307e-278,1.307e-278,1.307e-278
3.921e-279,3.921e-279,3.921e-279,3.921e-279,3.921e-279
1.1763e-279,1.1763e-279,1.1763e-279,1.1763e-279,1.1763e-279
3.5289e-280,3.5289e-280,3.5289e-280,3.5289e-280,3.5289e-280
1.0587e-280,1.0587e-280,1.0587e-280,1.0587e-280,1.0587e-280
3.176e-281,3.176e-281,3.176e-281,3.176e-281,3.176e-281
9.5281e-282,9.5281e-282,9.5281e-282,9.5281e-282,9.5281e-282
2.8584e-282,2.8584e-282,2.8584e-282,2.8584e-282,2.8584e-282
8.5753e-283,8.5753e-283,8.5753e-283,8.5753e-283,8.5753e-283
2.5726e-283,2.5726e-283,2.5726e-283,2.5726e-283,2.5726e-283
7.7177e-284,7.7177e-284,7.7177e-284,7.7177e-284,7.7177e-284
2.3153e-284,2.3153e-284,2.3153e-284,2.3153e-284,2.3153e-284
6.946e-285,6.946e-285,6.946e-285,6.946e-285,6.946e-285
2.0838e-285,2.0838e-285,2.0838e-285,2.0838e-285,2.0838e-285
6.2514e-286,6.2514e-286,6.2514e-286,6.2514e-286,6.2514e-286
1.8754e-286,1.8754e-286,1.8754e-286,1.8754e-286,1.8754e-286
5.6262e-287,5.6262e-287,5.6262e-287,5.6262e-287,5.6262e-287
1.6879e-287,1.6879e-287,1.6879e-287,1.6879e-287,1.6879e-287
5.0636e-288,5.0636e-288,5.0636e-288,5.0636e-288,5.0636e-288
1.5191e-288,1.5191e-288,1.5191e-288,1.5191e-288,1.5191e-288
4.5572e-289,4.5572e-289,4.5572e-289,4.5572e-289,4.5572e-289
1.3672e-289,1.3672e-289,1.3672e-289,1.3672e-289,1.3672e-289
4.1015e-290,4.1015e-290,4.1015e-290,4.1015e-290,4.1015e-290
1.2305e-290,1.2305e-290,1.2305e-290,1.2305e-290,1.2305e-290
3.6914e-291,3.6914e-291,3.6914e-291,3.6914e-291,3.6914e-291
1.1074e-291,1.1074e-291,1.1074e-291,1.1074e-291,1.1074e-291
3.3222e-292,3.3222e-292,3.3222e-292,3.3222e-292,3.3222e-292
9.9667e-293,9.9667e-293,9.9667e-293,9.9667e-293,9.9667e-293
2.99e-293,2.99e-293,2.99e-293,2.99e-293,2.99e-293
8.97e-294,8.97e-294,8.97e-294,8.97e-294,8.97e-294
2.691e-294,2.691e-294,2.691e-294,2.691e-294,2.691e-294
8.073e-295,8.073e-295,8.073e-295,8.073e-295,8.073e-295
2.4219e-295,2.4219e-295,2.4219e-295,2.4219e-295,2.4219e-295
7.2657e-296,7.2657e-296,7.2657e-296,7.2657e-296,7.2657e-296
2.1797e-296,2.1797e-296,2.1797e-296,2.1797e-296,2.1797e-296
6.5391e-297,6.5391e-297,6.5391e-297,6.5391e-297,6.5391e-297
1.9617e-297,1.9617e-297,1.9617e-297,1.9617e-297,1.9617e-297
5.8852e-298,5.8852e-298,5.8852e-298,5.8852e-298,5.8852e-298
1.7656e-298,1.7656e-298,1.7656e-298,1.7656e-298,1.7656e-298
5.2967e-299,5.2967e-299,5.2967e-299,5.2967e-299,5.2967e-299
1.589e-299,1.589e-299,1.589e-299,1.589e-299,1.589e-299
4.767e-300,4.767e-300,4.767e-300,4.767e-300,4.767e-300
1.4301e-300,1.4301e-300,1.4301e-300,1.4301e-300,1.4301e-300
4.2903e-301,4.2903e-301,4.2903e-301,4.2903e-301,4.2903e-301
1.2871e-301,1.2871e-301,1.2871e-301,1.2871e-301,1.2871e-301
3.8613e-302,3.8613e-302,3.8613e-302,3.8613e-302,3.8613e-302
1.1584e-302,1.1584e-302,1.1584e-302,1.1584e-302,1.1584e-302
3.4752e-303,3.4752e-303,3.4752e-303,3.4752e-303,3.4752e-303
1.0426e-303,1.0426e-303,1.0426e-303,1.0426e-303,1.0426e-303
3.1277e-304,3.1277e-304,3.1277e-304,3.1277e-304,3.1277e-304
9.383e-305,9.383e-305,9.383e-305,9.383e-305,9.383e-305
2.8149e-305,2.8149e-305,2.8149e-305,2.8149e-305,2.8149e-305
8.4447e-306,8.4447e-306,8.4447e-306,8.4447e-306,8.4447e-306
2.5334e-306,2.5334e-306,2.5334e-306,2.5334e-306,2.5334e-306
7.6002e-307,7.6002e-307,7.6002e-307,7.6002e-307,7.6002e-307
2.2801e-307,2.2801e-307,2.2801e-307,2.2801e-307,2.2801e-307
6.8402e-308,6.8402e-308,6.8402e-308,6.8402e-308,6.8402e-308
2.0521e-308,2.0521e-308,2.0521e-308,2.0521e-308,2.0521e-308
6.1562e-309,6.1562e-309,6.1562e-309,6.1562e-309,6.1562e-309
1.8468e-309,1.8468e-309,1.8468e-309,1.8468e-309,1.8468e-309
5.5405e-310,5.5405e-310,5.5405e-310,5.5405e-310,5.5405e-310
1.6622e-310,1.6622e-310,1.6622e-310,1.6622e-310,1.6622e-310
4.9865e-311,4.9865e-311,4.9865e-311,4.9865e-311,4.9865e-311
1.4959e-311,1.4959e-311,1.4959e-311,1.4959e-311,1.4959e-311
4.4878e-312,4.4878e-312,4.4878e-312,4.4878e-312,4.4878e-312
1.3464e-312,1.3464e-312,1.3464e-312,1.3464e-312,1.3464e-312
4.0391e-313,4.0391e-313,4.0391e-313,4.0391e-313,4.0391e-313
1.2117e-313,1.2117e-313,1.2117e-313,1.2117e-313,1.2117e-313
3.6352e-314,3.6352e-314,3.6352e-314,3.6352e-314,3.6352e-314
1.0905e-314,1.0905e-314,1.0905e-314,1.0905e-314,1.0905e-314
3.2716e-315,3.2716e-315,3.2716e-315,3.2716e-315,3.2716e-315
9.8149e-316,9.8149e-316,9.8149e-316,9.8149e-316,9.8149e-316
2.9445e-316,2.9445e-316,2.9445e-316,2.9445e-316,2.9445e-316
8.8334e-317,8.8334e-317,8.8334e-317,8.8334e-317,8.8334e-317
2.65e-317,2.65e-317,2.65e-317,2.65e-317,2.65e-317
7.9501e-318,7.9501e-318,7.9501e-318,7.9501e-318,7.9501e-318
2.385e-318,2.385e-318,2.385e-318,2.385e-318,2.385e-318
7.1551e-319,7.1551e-319,7.1551e-319,7.1551e-319,7.1551e-319
2.1465e-319,2.1465e-319,2.1465e-319,2.1465e-319,2.1465e-319
6.4397e-320,6.4397e-320,6.4397e-320,6.4397e-320,6.4397e-320
1.9318e-320,1.9318e-320,1.9318e-320,1.9318e-320,1.9318e-320
5.8003e-321,5.8003e-321,5.8003e-321,5.8003e-321,5.8003e-321
1.7342e-321,1.7342e-321,1.7342e-321,1.7342e-321,1.7342e-321
5.1877e-322,5.1877e-322,5.1877e-322,5.1877e-322,5.1877e-322
1.5316e-322,1.5316e-322,1.5316e-322,1.5316e-322,1.5316e-322
4.9407e-323,4.9407e-323,4.9407e-323,4.9407e-323,4.9407e-323
1.9763e-323,1.9763e-323,1.9763e-323,1.9763e-323,1.9763e-323
4.9407e-324,4.9407e-324,4.9407e-324,4.9407e-324,4.9407e-324
0,0,0,0,0
0,0,0,0,0
0,0,0,0,0
0,0,0,0,0
0,0,0,0,0
0,0,0,0,0
0,0,0,0,0
0,0,0,0,0
0,0,0,0,0
0,0,0,0,0
0,0,0,0,0
0,0,0,0,0
0,0,0,0,0
0,0,0,0,0
0,0,0,0,0
0,0,0,0,0
0,0,0,0,0
0,0,0,0,0
0,0,0,0,0
0,0,0,0,0
0,0,0,0,0
0,0,0,0,0
0,0,0,0,0
0,0,0,0,0
0,0,0,0,0
0,0,0,0,0
0,0,0,0,0
0,0,0,0,0
0,0,0,0,0
0,0,0,0,0
0,0,0,0,0
0,0,0,0,0
0,0,0,0,0
0,0,0,0,0
0,0,0,0,0
0,0,0,0,0
0,0,0,0,0
0,0,0,0,0
0,0,0,0,0
0,0,0,0,0
0,0,0,0,0
0,0,0,0,0
0,0,0,0,0
0,0,0,0,0
0,0,0,0,0
0,0,0,0,0
0,0,0,0,0
0,0,0,0,0
0,0,0,0,0
0,0,0,0,0
0,0,0,0,0
0,0,0,0,0
0,0,0,0,0
0,0,0,0,0
0,0,0,0,0
0,0,0,0,0
0,0,0,0,0
0,0,0,0,0
0,0,0,0,0
0,0,0,0,0
0,0,0,0,0
0,0,0,0,0
0,0,0,0,0
0,0,0,0,0
0,0,0,0,0
0,0,0,0,0
0,0,0,0,0
0,0,0,0,0
0,0,0,0,0
0,0,0,0,0
0,0,0,0,0
0,0,0,0,0
0,0,0,0,0
0,0,0,0,0
0,0,0,0,0
0,0,0,0,0
0,0,0,0,0
0,0,0,0,0
0,0,0,0,0
0,0,0,0,0
0,0,0,0,0
0,0,0,0,0
0,0,0,0,0
0,0,0,0,0
0,0,0,0,0
0,0,0,0,0
0,0,0,0,0
0,0,0,0,0
0,0,0,0,0
0,0,0,0,0
0,0,0,0,0
0,0,0,0,0
0,0,0,0,0
0,0,0,0,0
0,0,0,0,0
0,0,0,0,0
0,0,0,0,0
0,0,0,0,0
0,0,0,0,0
0,0,0,0,0
0,0,0,0,0
0,0,0,0,0
0,0,0,0,0
0,0,0,0,0
0,0,0,0,0
0,0,0,0,0
0,0,0,0,0
0,0,0,0,0
0,0,0,0,0
0,0,0,0,0
0,0,0,0,0
0,0,0,0,0
0,0,0,0,0
0,0,0,0,0
0,0,0,0,0
0,0,0,0,0
0,0,0,0,0
0,0,0,0,0
0,0,0,0,0
0,0,0,0,0
0,0,0,0,0
0,0,0,0,0
0,0,0,0,0
0,0,0,0,0
0,0,0,0,0
0,0,0,0,0
0,0,0,0,0
0,0,0,0,0
0,0,0,0,0
0,0,0,0,0
0,0,0,0,0
0,0,0,0,0
0,0,0,0,0
0,0,0,0,0
0,0,0,0,0
0,0,0,0,0
0,0,0,0,0
0,0,0,0,0
0,0,0,0,0
0,0,0,0,0
0,0,0,0,0
0,0,0,0,0
0,0,0,0,0
0,0,0,0,0
0,0,0,0,0
0,0,0,0,0
0,0,0,0,0
0,0,0,0,0
0,0,0,0,0
0,0,0,0,0
0,0,0,0,0
0,0,0,0,0
0,0,0,0,0
0,0,0,0,0
0,0,0,0,0
0,0,0,0,0
0,0,0,0,0
0,0,0,0,0
0,0,0,0,0
0,0,0,0,0
0,0,0,0,0
0,0,0,0,0
0,0,0,0,0
0,0,0,0,0
0,0,0,0,0
0,0,0,0,0
0,0,0,0,0
0,0,0,0,0
0,0,0,0,0
0,0,0,0,0
0,0,0,0,0
0,0,0,0,0
0,0,0,0,0
0,0,0,0,0
0,0,0,0,0
0,0,0,0,0
0,0,0,0,0
0,0,0,0,0
0,0,0,0,0
0,0,0,0,0
0,0,0,0,0
0,0,0,0,0
0,0,0,0,0
0,0,0,0,0
0,0,0,0,0
0,0,0,0,0
0,0,0,0,0
0,0,0,0,0
0,0,0,0,0
0,0,0,0,0
0,0,0,0,0
0,0,0,0,0
0,0,0,0,0
0,0,0,0,0
0,0,0,0,0
0,0,0,0,0
0,0,0,0,0
0,0,0,0,0
0,0,0,0,0
0,0,0,0,0
0,0,0,0,0
0,0,0,0,0
0,0,0,0,0
0,0,0,0,0
0,0,0,0,0
0,0,0,0,0
0,0,0,0,0
0,0,0,0,0
0,0,0,0,0
0,0,0,0,0
0,0,0,0,0
0,0,0,0,0
0,0,0,0,0
0,0,0,0,0
0,0,0,0,0
0,0,0,0,0
0,0,0,0,0
0,0,0,0,0
0,0,0,0,0
0,0,0,0,0
0,0,0,0,0
0,0,0,0,0
0,0,0,0,0
0,0,0,0,0
0,0,0,0,0
0,0,0,0,0
0,0,0,0,0
0,0,0,0,0
0,0,0,0,0
0,0,0,0,0
0,0,0,0,0
0,0,0,0,0
0,0,0,0,0
0,0,0,0,0
0,0,0,0,0
0,0,0,0,0
0,0,0,0,0
0,0,0,0,0
0,0,0,0,0
0,0,0,0,0
0,0,0,0,0
0,0,0,0,0
0,0,0,0,0
0,0,0,0,0
0,0,0,0,0
0,0,0,0,0
0,0,0,0,0
0,0,0,0,0
0,0,0,0,0
0,0,0,0,0
0,0,0,0,0
0,0,0,0,0
0,0,0,0,0
0,0,0,0,0
0,0,0,0,0
0,0,0,0,0
0,0,0,0,0
0,0,0,0,0
0,0,0,0,0
0,0,0,0,0
0,0,0,0,0
0,0,0,0,0
0,0,0,0,0
0,0,0,0,0
0,0,0,0,0
0,0,0,0,0
0,0,0,0,0
0,0,0,0,0
0,0,0,0,0
0,0,0,0,0
0,0,0,0,0
0,0,0,0,0
0,0,0,0,0
0,0,0,0,0
0,0,0,0,0
0,0,0,0,0
0,0,0,0,0
0,0,0,0,0
0,0,0,0,0
0,0,0,0,0
0,0,0,0,0
0,0,0,0,0
0,0,0,0,0
0,0,0,0,0
0,0,0,0,0
0,0,0,0,0
0,0,0,0,0
0,0,0,0,0
0,0,0,0,0
0,0,0,0,0
0,0,0,0,0
0,0,0,0,0
0,0,0,0,0
0,0,0,0,0
0,0,0,0,0
0,0,0,0,0
0,0,0,0,0
0,0,0,0,0
0,0,0,0,0
0,0,0,0,0
0,0,0,0,0
0,0,0,0,0
0,0,0,0,0
0,0,0,0,0
0,0,0,0,0
0,0,0,0,0
0,0,0,0,0
0,0,0,0,0
0,0,0,0,0
0,0,0,0,0
0,0,0,0,0
0,0,0,0,0
0,0,0,0,0
0,0,0,0,0
0,0,0,0,0
0,0,0,0,0
0,0,0,0,0
0,0,0,0,0
0,0,0,0,0
0,0,0,0,0
0,0,0,0,0
0,0,0,0,0
0,0,0,0,0
0,0,0,0,0
0,0,0,0,0
0,0,0,0,0
0,0,0,0,0
0,0,0,0,0
0,0,0,0,0
0,0,0,0,0
0,0,0,0,0
0,0,0,0,0
0,0,0,0,0
0,0,0,0,0
0,0,0,0,0
0,0,0,0,0
0,0,0,0,0
0,0,0,0,0
0,0,0,0,0
0,0,0,0,0
0,0,0,0,0
0,0,0,0,0
0,0,0,0,0
0,0,0,0,0
0,0,0,0,0
0,0,0,0,0
0,0,0,0,0
0,0,0,0,0
0,0,0,0,0
0,0,0,0,0
0,0,0,0,0
0,0,0,0,0
0,0,0,0,0
0,0,0,0,0
0,0,0,0,0
0,0,0,0,0
0,0,0,0,0
0,0,0,0,0
0,0,0,0,0
0,0,0,0,0
0,0,0,0,0
0,0,0,0,0
0,0,0,0,0
0,0,0,0,0
0,0,0,0,0
0,0,0,0,0
0,0,0,0,0
0,0,0,0,0
0,0,0,0,0
0,0,0,0,0
0,0,0,0,0
0,0,0,0,0
0,0,0,0,0
0,0,0,0,0
0,0,0,0,0
0,0,0,0,0
0,0,0,0,0
0,0,0,0,0
0,0,0,0,0
0,0,0,0,0
0,0,0,0,0
0,0,0,0,0
