0.1,0.2,0.3,0.5,0.6
0.067,0.078,0.104,0.12,0.106
0.035421,0.037144,0.045707,0.050475,0.04524
0.018146,0.018508,0.021454,0.023059,0.021167
0.0092334,0.0093307,0.010368,0.01093,0.01025
0.0046833,0.0047139,0.0050834,0.0052836,0.0050394
0.002369,0.0023794,0.002512,0.0025838,0.0024959
0.0011954,0.001199,0.0012468,0.0012727,0.001241
0.00060188,0.00060319,0.00062044,0.00062979,0.00061832
0.00030253,0.00030301,0.00030924,0.00031262,0.00030847
0.00015186,0.00015203,0.00015429,0.00015551,0.00015401
7.6151e-05,7.6213e-05,7.7028e-05,7.747e-05,7.6928e-05
3.8156e-05,3.8179e-05,3.8474e-05,3.8634e-05,3.8437e-05
1.9108e-05,1.9116e-05,1.9223e-05,1.928e-05,1.9209e-05
9.5647e-06,9.5676e-06,9.6062e-06,9.6272e-06,9.6015e-06
4.7863e-06,4.7873e-06,4.8013e-06,4.8089e-06,4.7996e-06
2.3946e-06,2.3949e-06,2.4e-06,2.4027e-06,2.3994e-06
1.1978e-06,1.1979e-06,1.1998e-06,1.2008e-06,1.1995e-06
5.9909e-07,5.9914e-07,5.998e-07,6.0016e-07,5.9972e-07
2.9961e-07,2.9963e-07,2.9987e-07,3e-07,2.9984e-07
1.4983e-07,1.4984e-07,1.4992e-07,1.4997e-07,1.4991e-07
7.4924e-08,7.4926e-08,7.4958e-08,7.4975e-08,7.4954e-08
3.7465e-08,3.7466e-08,3.7477e-08,3.7484e-08,3.7476e-08
1.8734e-08,1.8734e-08,1.8738e-08,1.874e-08,1.8738e-08
9.3673e-09,9.3674e-09,9.3689e-09,9.3697e-09,9.3687e-09
4.6838e-09,4.6839e-09,4.6844e-09,4.6847e-09,4.6843e-09
2.342e-09,2.342e-09,2.3422e-09,2.3423e-09,2.3421e-09
1.171e-09,1.171e-09,1.1711e-09,1.1711e-09,1.1711e-09
5.8551e-10,5.8551e-10,5.8553e-10,5.8555e-10,5.8553e-10
2.9276e-10,2.9276e-10,2.9277e-10,2.9277e-10,2.9276e-10
1.4638e-10,1.4638e-10,1.4638e-10,1.4638e-10,1.4638e-10
7.319e-11,7.319e-11,7.3191e-11,7.3192e-11,7.3191e-11
3.6595e-11,3.6595e-11,3.6596e-11,3.6596e-11,3.6595e-11
1.8298e-11,1.8298e-11,1.8298e-11,1.8298e-11,1.8298e-11
9.1488e-12,9.1488e-12,9.1489e-12,9.1489e-12,9.1489e-12
4.5744e-12,4.5744e-12,4.5744e-12,4.5744e-12,4.5744e-12
2.2872e-12,2.2872e-12,2.2872e-12,2.2872e-12,2.2872e-12
1.1436e-12,1.1436e-12,1.1436e-12,1.1436e-12,1.1436e-12
5.718e-13,5.718e-13,5.718e-13,5.718e-13,5.718e-13
2.859e-13,2.859e-13,2.859e-13,2.859e-13,2.859e-13
1.4295e-13,1.4295e-13,1.4295e-13,1.4295e-13,1.4295e-13
7.1475e-14,7.1475e-14,7.1475e-14,7.1475e-14,7.1475e-14
3.5738e-14,3.5738e-14,3.5738e-14,3.5738e-14,3.5738e-14
1.7869e-14,1.7869e-14,1.7869e-14,1.7869e-14,1.7869e-14
8.9344e-15,8.9344e-15,8.9344e-15,8.9344e-15,8.9344e-15
4.4672e-15,4.4672e-15,4.4672e-15,4.4672e-15,4.4672e-15
2.2336e-15,2.2336e-15,2.2336e-15,2.2336e-15,2.2336e-15
1.1168e-15,1.1168e-15,1.1168e-15,1.1168e-15,1.1168e-15
5.584e-16,5.584e-16,5.584e-16,5.584e-16,5.584e-16
2.792e-16,2.792e-16,2.792e-16,2.792e-16,2.792e-16
1.396e-16,1.396e-16,1.396e-16,1.396e-16,1.396e-16
6.98e-17,6.98e-17,6.98e-17,6.98e-17,6.98e-17
3.49e-17,3.49e-17,3.49e-17,3.49e-17,3.49e-17
1.745e-17,1.745e-17,1.745e-17,1.745e-17,1.745e-17
8.725e-18,8.725e-18,8.725e-18,8.725e-18,8.725e-18
4.3625e-18,4.3625e-18,4.3625e-18,4.3625e-18,4.3625e-18
2.1813e-18,2.1813e-18,2.1813e-18,2.1813e-18,2.1813e-18
1.0906e-18,1.0906e-18,1.0906e-18,1.0906e-18,1.0906e-18
5.4531e-19,5.4531e-19,5.4531e-19,5.4531e-19,5.4531e-19
2.7266e-19,2.7266e-19,2.7266e-19,2.7266e-19,2.7266e-19
1.3633e-19,1.3633e-19,1.3633e-19,1.3633e-19,1.3633e-19
6.8164e-20,6.8164e-20,6.8164e-20,6.8164e-20,6.8164e-20
3.4082e-20,3.4082e-20,3.4082e-20,3.4082e-20,3.4082e-20
1.7041e-20,1.7041e-20,1.7041e-20,1.7041e-20,1.7041e-20
8.5205e-21,8.5205e-21,8.5205e-21,8.5205e-21,8.5205e-21
4.2603e-21,4.2603e-21,4.2603e-21,4.2603e-21,4.2603e-21
2.1301e-21,2.1301e-21,2.1301e-21,2.1301e-21,2.1301e-21
1.0651e-21,1.0651e-21,1.0651e-21,1.0651e-21,1.0651e-21
5.3253e-22,5.3253e-22,5.3253e-22,5.3253e-22,5.3253e-22
2.6627e-22,2.6627e-22,2.6627e-22,2.6627e-22,2.6627e-22
1.3313e-22,1.3313e-22,1.3313e-22,1.3313e-22,1.3313e-22
6.6567e-23,6.6567e-23,6.6567e-23,6.6567e-23,6.6567e-23
3.3283e-23,3.3283e-23,3.3283e-23,3.3283e-23,3.3283e-23
1.6642e-23,1.6642e-23,1.6642e-23,1.6642e-23,1.6642e-23
8.3208e-24,8.3208e-24,8.3208e-24,8.3208e-24,8.3208e-24
4.1604e-24,4.1604e-24,4.1604e-24,4.1604e-24,4.1604e-24
2.0802e-24,2.0802e-24,2.0802e-24,2.0802e-24,2.0802e-24
1.0401e-24,1.0401e-24,1.0401e-24,1.0401e-24,1.0401e-24
5.2005e-25,5.2005e-25,5.2005e-25,5.2005e-25,5.2005e-25
2.6003e-25,2.6003e-25,2.6003e-25,2.6003e-25,2.6003e-25
1.3001e-25,1.3001e-25,1.3001e-25,1.3001e-25,1.3001e-25
6.5006e-26,6.5006e-26,6.5006e-26,6.5006e-26,6.5006e-26
3.2503e-26,3.2503e-26,3.2503e-26,3.2503e-26,3.2503e-26
1.6252e-26,1.6252e-26,1.6252e-26,1.6252e-26,1.6252e-26
8.1258e-27,8.1258e-27,8.1258e-27,8.1258e-27,8.1258e-27
4.0629e-27,4.0629e-27,4.0629e-27,4.0629e-27,4.0629e-27
2.0315e-27,2.0315e-27,2.0315e-27,2.0315e-27,2.0315e-27
1.0157e-27,1.0157e-27,1.0157e-27,1.0157e-27,1.0157e-27
5.0786e-28,5.0786e-28,5.0786e-28,5.0786e-28,5.0786e-28
2.5393e-28,2.5393e-28,2.5393e-28,2.5393e-28,2.5393e-28
1.2697e-28,1.2697e-28,1.2697e-28,1.2697e-28,1.2697e-28
6.3483e-29,6.3483e-29,6.3483e-29,6.3483e-29,6.3483e-29
3.1741e-29,3.1741e-29,3.1741e-29,3.1741e-29,3.1741e-29
1.5871e-29,1.5871e-29,1.5871e-29,1.5871e-29,1.5871e-29
7.9354e-30,7.9354e-30,7.9354e-30,7.9354e-30,7.9354e-30
3.9677e-30,3.9677e-30,3.9677e-30,3.9677e-30,3.9677e-30
1.9838e-30,1.9838e-30,1.9838e-30,1.9838e-30,1.9838e-30
9.9192e-31,9.9192e-31,9.9192e-31,9.9192e-31,9.9192e-31
4.9596e-31,4.9596e-31,4.9596e-31,4.9596e-31,4.9596e-31
2.4798e-31,2.4798e-31,2.4798e-31,2.4798e-31,2.4798e-31
1.2399e-31,1.2399e-31,1.2399e-31,1.2399e-31,1.2399e-31
6.1995e-32,6.1995e-32,6.1995e-32,6.1995e-32,6.1995e-32
3.0997e-32,3.0997e-32,3.0997e-32,3.0997e-32,3.0997e-32
1.5499e-32,1.5499e-32,1.5499e-32,1.5499e-32,1.5499e-32
7.7494e-33,7.7494e-33,7.7494e-33,7.7494e-33,7.7494e-33
3.8747e-33,3.8747e-33,3.8747e-33,3.8747e-33,3.8747e-33
1.9373e-33,1.9373e-33,1.9373e-33,1.9373e-33,1.9373e-33
9.6867e-34,9.6867e-34,9.6867e-34,9.6867e-34,9.6867e-34
4.8434e-34,4.8434e-34,4.8434e-34,4.8434e-34,4.8434e-34
2.4217e-34,2.4217e-34,2.4217e-34,2.4217e-34,2.4217e-34
1.2108e-34,1.2108e-34,1.2108e-34,1.2108e-34,1.2108e-34
6.0542e-35,6.0542e-35,6.0542e-35,6.0542e-35,6.0542e-35
3.0271e-35,3.0271e-35,3.0271e-35,3.0271e-35,3.0271e-35
1.5135e-35,1.5135e-35,1.5135e-35,1.5135e-35,1.5135e-35
7.5677e-36,7.5677e-36,7.5677e-36,7.5677e-36,7.5677e-36
3.7839e-36,3.7839e-36,3.7839e-36,3.7839e-36,3.7839e-36
1.8919e-36,1.8919e-36,1.8919e-36,1.8919e-36,1.8919e-36
9.4597e-37,9.4597e-37,9.4597e-37,9.4597e-37,9.4597e-37
4.7298e-37,4.7298e-37,4.7298e-37,4.7298e-37,4.7298e-37
2.3649e-37,2.3649e-37,2.3649e-37,2.3649e-37,2.3649e-37
1.1825e-37,1.1825e-37,1.1825e-37,1.1825e-37,1.1825e-37
5.9123e-38,5.9123e-38,5.9123e-38,5.9123e-38,5.9123e-38
2.9562e-38,2.9562e-38,2.9562e-38,2.9562e-38,2.9562e-38
1.4781e-38,1.4781e-38,1.4781e-38,1.4781e-38,1.4781e-38
7.3904e-39,7.3904e-39,7.3904e-39,7.3904e-39,7.3904e-39
3.6952e-39,3.6952e-39,3.6952e-39,3.6952e-39,3.6952e-39
1.8476e-39,1.8476e-39,1.8476e-39,1.8476e-39,1.8476e-39
9.238e-40,9.238e-40,9.238e-40,9.238e-40,9.238e-40
4.619e-40,4.619e-40,4.619e-40,4.619e-40,4.619e-40
2.3095e-40,2.3095e-40,2.3095e-40,2.3095e-40,2.3095e-40
1.1547e-40,1.1547e-40,1.1547e-40,1.1547e-40,1.1547e-40
5.7737e-41,5.7737e-41,5.7737e-41,5.7737e-41,5.7737e-41
2.8869e-41,2.8869e-41,2.8869e-41,2.8869e-41,2.8869e-41
1.4434e-41,1.4434e-41,1.4434e-41,1.4434e-41,1.4434e-41
7.2172e-42,7.2172e-42,7.2172e-42,7.2172e-42,7.2172e-42
3.6086e-42,3.6086e-42,3.6086e-42,3.6086e-42,3.6086e-42
1.8043e-42,1.8043e-42,1.8043e-42,1.8043e-42,1.8043e-42
9.0215e-43,9.0215e-43,9.0215e-43,9.0215e-43,9.0215e-43
4.5107e-43,4.5107e-43,4.5107e-43,4.5107e-43,4.5107e-43
2.2554e-43,2.2554e-43,2.2554e-43,2.2554e-43,2.2554e-43
1.1277e-43,1.1277e-43,1.1277e-43,1.1277e-43,1.1277e-43
5.6384e-44,5.6384e-44,5.6384e-44,5.6384e-44,5.6384e-44
2.8192e-44,2.8192e-44,2.8192e-44,2.8192e-44,2.8192e-44
1.4096e-44,1.4096e-44,1.4096e-44,1.4096e-44,1.4096e-44
7.048e-45,7.048e-45,7.048e-45,7.048e-45,7.048e-45
3.524e-45,3.524e-45,3.524e-45,3.524e-45,3.524e-45
1.762e-45,1.762e-45,1.762e-45,1.762e-45,1.762e-45
8.81e-46,8.81e-46,8.81e-46,8.81e-46,8.81e-46
4.405e-46,4.405e-46,4.405e-46,4.405e-46,4.405e-46
2.2025e-46,2.2025e-46,2.2025e-46,2.2025e-46,2.2025e-46
1.1013e-46,1.1013e-46,1.1013e-46,1.1013e-46,1.1013e-46
5.5063e-47,5.5063e-47,5.5063e-47,5.5063e-47,5.5063e-47
2.7531e-47,2.7531e-47,2.7531e-47,2.7531e-47,2.7531e-47
1.3766e-47,1.3766e-47,1.3766e-47,1.3766e-47,1.3766e-47
6.8828e-48,6.8828e-48,6.8828e-48,6.8828e-48,6.8828e-48
3.4414e-48,3.4414e-48,3.4414e-48,3.4414e-48,3.4414e-48
1.7207e-48,1.7207e-48,1.7207e-48,1.7207e-48,1.7207e-48
8.6035e-49,8.6035e-49,8.6035e-49,8.6035e-49,8.6035e-49
4.3018e-49,4.3018e-49,4.3018e-49,4.3018e-49,4.3018e-49
2.1509e-49,2.1509e-49,2.1509e-49,2.1509e-49,2.1509e-49
1.0754e-49,1.0754e-49,1.0754e-49,1.0754e-49,1.0754e-49
5.3772e-50,5.3772e-50,5.3772e-50,5.3772e-50,5.3772e-50
2.6886e-50,2.6886e-50,2.6886e-50,2.6886e-50,2.6886e-50
1.3443e-50,1.3443e-50,1.3443e-50,1.3443e-50,1.3443e-50
6.7215e-51,6.7215e-51,6.7215e-51,6.7215e-51,6.7215e-51
3.3608e-51,3.3608e-51,3.3608e-51,3.3608e-51,3.3608e-51
1.6804e-51,1.6804e-51,1.6804e-51,1.6804e-51,1.6804e-51
8.4019e-52,8.4019e-52,8.4019e-52,8.4019e-52,8.4019e-52
4.2009e-52,4.2009e-52,4.2009e-52,4.2009e-52,4.2009e-52
2.1005e-52,2.1005e-52,2.1005e-52,2.1005e-52,2.1005e-52
1.0502e-52,1.0502e-52,1.0502e-52,1.0502e-52,1.0502e-52
5.2512e-53,5.2512e-53,5.2512e-53,5.2512e-53,5.2512e-53
2.6256e-53,2.6256e-53,2.6256e-53,2.6256e-53,2.6256e-53
1.3128e-53,1.3128e-53,1.3128e-53,1.3128e-53,1.3128e-53
6.564e-54,6.564e-54,6.564e-54,6.564e-54,6.564e-54
3.282e-54,3.282e-54,3.282e-54,3.282e-54,3.282e-54
1.641e-54,1.641e-54,1.641e-54,1.641e-54,1.641e-54
8.205e-55,8.205e-55,8.205e-55,8.205e-55,8.205e-55
4.1025e-55,4.1025e-55,4.1025e-55,4.1025e-55,4.1025e-55
2.0512e-55,2.0512e-55,2.0512e-55,2.0512e-55,2.0512e-55
1.0256e-55,1.0256e-55,1.0256e-55,1.0256e-55,1.0256e-55
5.1281e-56,5.1281e-56,5.1281e-56,5.1281e-56,5.1281e-56
2.5641e-56,2.5641e-56,2.5641e-56,2.5641e-56,2.5641e-56
1.282e-56,1.282e-56,1.282e-56,1.282e-56,1.282e-56
6.4101e-57,6.4101e-57,6.4101e-57,6.4101e-57,6.4101e-57
3.2051e-57,3.2051e-57,3.2051e-57,3.2051e-57,3.2051e-57
1.6025e-57,1.6025e-57,1.6025e-57,1.6025e-57,1.6025e-57
8.0127e-58,8.0127e-58,8.0127e-58,8.0127e-58,8.0127e-58
4.0063e-58,4.0063e-58,4.0063e-58,4.0063e-58,4.0063e-58
2.0032e-58,2.0032e-58,2.0032e-58,2.0032e-58,2.0032e-58
1.0016e-58,1.0016e-58,1.0016e-58,1.0016e-58,1.0016e-58
5.0079e-59,5.0079e-59,5.0079e-59,5.0079e-59,5.0079e-59
2.504e-59,2.504e-59,2.504e-59,2.504e-59,2.504e-59
1.252e-59,1.252e-59,1.252e-59,1.252e-59,1.252e-59
6.2599e-60,6.2599e-60,6.2599e-60,6.2599e-60,6.2599e-60
3.1299e-60,3.1299e-60,3.1299e-60,3.1299e-60,3.1299e-60
1.565e-60,1.565e-60,1.565e-60,1.565e-60,1.565e-60
7.8249e-61,7.8249e-61,7.8249e-61,7.8249e-61,7.8249e-61
3.9124e-61,3.9124e-61,3.9124e-61,3.9124e-61,3.9124e-61
1.9562e-61,1.9562e-61,1.9562e-61,1.9562e-61,1.9562e-61
9.7811e-62,9.7811e-62,9.7811e-62,9.7811e-62,9.7811e-62
4.8905e-62,4.8905e-62,4.8905e-62,4.8905e-62,4.8905e-62
2.4453e-62,2.4453e-62,2.4453e-62,2.4453e-62,2.4453e-62
1.2226e-62,1.2226e-62,1.2226e-62,1.2226e-62,1.2226e-62
6.1132e-63,6.1132e-63,6.1132e-63,6.1132e-63,6.1132e-63
3.0566e-63,3.0566e-63,3.0566e-63,3.0566e-63,3.0566e-63
1.5283e-63,1.5283e-63,1.5283e-63,1.5283e-63,1.5283e-63
7.6415e-64,7.6415e-64,7.6415e-64,7.6415e-64,7.6415e-64
3.8207e-64,3.8207e-64,3.8207e-64,3.8207e-64,3.8207e-64
1.9104e-64,1.9104e-64,1.9104e-64,1.9104e-64,1.9104e-64
9.5518e-65,9.5518e-65,9.5518e-65,9.5518e-65,9.5518e-65
4.7759e-65,4.7759e-65,4.7759e-65,4.7759e-65,4.7759e-65
2.388e-65,2.388e-65,2.388e-65,2.388e-65,2.388e-65
1.194e-65,1.194e-65,1.194e-65,1.194e-65,1.194e-65
5.9699e-66,5.9699e-66,5.9699e-66,5.9699e-66,5.9699e-66
2.985e-66,2.985e-66,2.985e-66,2.985e-66,2.985e-66
1.4925e-66,1.4925e-66,1.4925e-66,1.4925e-66,1.4925e-66
7.4624e-67,7.4624e-67,7.4624e-67,7.4624e-67,7.4624e-67
3.7312e-67,3.7312e-67,3.7312e-67,3.7312e-67,3.7312e-67
1.8656e-67,1.8656e-67,1.8656e-67,1.8656e-67,1.8656e-67
9.328e-68,9.328e-68,9.328e-68,9.328e-68,9.328e-68
4.664e-68,4.664e-68,4.664e-68,4.664e-68,4.664e-68
2.332e-68,2.332e-68,2.332e-68,2.332e-68,2.332e-68
1.166e-68,1.166e-68,1.166e-68,1.166e-68,1.166e-68
5.83e-69,5.83e-69,5.83e-69,5.83e-69,5.83e-69
2.915e-69,2.915e-69,2.915e-69,2.915e-69,2.915e-69
1.4575e-69,1.4575e-69,1.4575e-69,1.4575e-69,1.4575e-69
7.2875e-70,7.2875e-70,7.2875e-70,7.2875e-70,7.2875e-70
3.6437e-70,3.6437e-70,3.6437e-70,3.6437e-70,3.6437e-70
1.8219e-70,1.8219e-70,1.8219e-70,1.8219e-70,1.8219e-70
9.1093e-71,9.1093e-71,9.1093e-71,9.1093e-71,9.1093e-71
4.5547e-71,4.5547e-71,4.5547e-71,4.5547e-71,4.5547e-71
2.2773e-71,2.2773e-71,2.2773e-71,2.2773e-71,2.2773e-71
1.1387e-71,1.1387e-71,1.1387e-71,1.1387e-71,1.1387e-71
5.6933e-72,5.6933e-72,5.6933e-72,5.6933e-72,5.6933e-72
2.8467e-72,2.8467e-72,2.8467e-72,2.8467e-72,2.8467e-72
1.4233e-72,1.4233e-72,1.4233e-72,1.4233e-72,1.4233e-72
7.1167e-73,7.1167e-73,7.1167e-73,7.1167e-73,7.1167e-73
3.5583e-73,3.5583e-73,3.5583e-73,3.5583e-73,3.5583e-73
1.7792e-73,1.7792e-73,1.7792e-73,1.7792e-73,1.7792e-73
8.8958e-74,8.8958e-74,8.8958e-74,8.8958e-74,8.8958e-74
4.4479e-74,4.4479e-74,4.4479e-74,4.4479e-74,4.4479e-74
2.224e-74,2.224e-74,2.224e-74,2.224e-74,2.224e-74
1.112e-74,1.112e-74,1.112e-74,1.112e-74,1.112e-74
5.5599e-75,5.5599e-75,5.5599e-75,5.5599e-75,5.5599e-75
2.78e-75,2.78e-75,2.78e-75,2.78e-75,2.78e-75
1.39e-75,1.39e-75,1.39e-75,1.39e-75,1.39e-75
6.9499e-76,6.9499e-76,6.9499e-76,6.9499e-76,6.9499e-76
3.4749e-76,3.4749e-76,3.4749e-76,3.4749e-76,3.4749e-76
1.7375e-76,1.7375e-76,1.7375e-76,1.7375e-76,1.7375e-76
8.6873e-77,8.6873e-77,8.6873e-77,8.6873e-77,8.6873e-77
4.3437e-77,4.3437e-77,4.3437e-77,4.3437e-77,4.3437e-77
2.1718e-77,2.1718e-77,2.1718e-77,2.1718e-77,2.1718e-77
1.0859e-77,1.0859e-77,1.0859e-77,1.0859e-77,1.0859e-77
5.4296e-78,5.4296e-78,5.4296e-78,5.4296e-78,5.4296e-78
2.7148e-78,2.7148e-78,2.7148e-78,2.7148e-78,2.7148e-78
1.3574e-78,1.3574e-78,1.3574e-78,1.3574e-78,1.3574e-78
6.787e-79,6.787e-79,6.787e-79,6.787e-79,6.787e-79
3.3935e-79,3.3935e-79,3.3935e-79,3.3935e-79,3.3935e-79
1.6967e-79,1.6967e-79,1.6967e-79,1.6967e-79,1.6967e-79
8.4837e-80,8.4837e-80,8.4837e-80,8.4837e-80,8.4837e-80
4.2419e-80,4.2419e-80,4.2419e-80,4.2419e-80,4.2419e-80
2.1209e-80,2.1209e-80,2.1209e-80,2.1209e-80,2.1209e-80
1.0605e-80,1.0605e-80,1.0605e-80,1.0605e-80,1.0605e-80
5.3023e-81,5.3023e-81,5.3023e-81,5.3023e-81,5.3023e-81
2.6512e-81,2.6512e-81,2.6512e-81,2.6512e-81,2.6512e-81
1.3256e-81,1.3256e-81,1.3256e-81,1.3256e-81,1.3256e-81
6.6279e-82,6.6279e-82,6.6279e-82,6.6279e-82,6.6279e-82
3.314e-82,3.314e-82,3.314e-82,3.314e-82,3.314e-82
1.657e-82,1.657e-82,1.657e-82,1.657e-82,1.657e-82
8.2849e-83,8.2849e-83,8.2849e-83,8.2849e-83,8.2849e-83
4.1425e-83,4.1425e-83,4.1425e-83,4.1425e-83,4.1425e-83
2.0712e-83,2.0712e-83,2.0712e-83,2.0712e-83,2.0712e-83
1.0356e-83,1.0356e-83,1.0356e-83,1.0356e-83,1.0356e-83
5.1781e-84,5.1781e-84,5.1781e-84,5.1781e-84,5.1781e-84
2.589e-84,2.589e-84,2.589e-84,2.589e-84,2.589e-84
1.2945e-84,1.2945e-84,1.2945e-84,1.2945e-84,1.2945e-84
6.4726e-85,6.4726e-85,6.4726e-85,6.4726e-85,6.4726e-85
3.2363e-85,3.2363e-85,3.2363e-85,3.2363e-85,3.2363e-85
1.6181e-85,1.6181e-85,1.6181e-85,1.6181e-85,1.6181e-85
8.0907e-86,8.0907e-86,8.0907e-86,8.0907e-86,8.0907e-86
4.0454e-86,4.0454e-86,4.0454e-86,4.0454e-86,4.0454e-86
2.0227e-86,2.0227e-86,2.0227e-86,2.0227e-86,2.0227e-86
1.0113e-86,1.0113e-86,1.0113e-86,1.0113e-86,1.0113e-86
5.0567e-87,5.0567e-87,5.0567e-87,5.0567e-87,5.0567e-87
2.5284e-87,2.5284e-87,2.5284e-87,2.5284e-87,2.5284e-87
1.2642e-87,1.2642e-87,1.2642e-87,1.2642e-87,1.2642e-87
6.3209e-88,6.3209e-88,6.3209e-88,6.3209e-88,6.3209e-88
3.1604e-88,3.1604e-88,3.1604e-88,3.1604e-88,3.1604e-88
1.5802e-88,1.5802e-88,1.5802e-88,1.5802e-88,1.5802e-88
7.9011e-89,7.9011e-89,7.9011e-89,7.9011e-89,7.9011e-89
3.9505e-89,3.9505e-89,3.9505e-89,3.9505e-89,3.9505e-89
1.9753e-89,1.9753e-89,1.9753e-89,1.9753e-89,1.9753e-89
9.8764e-90,9.8764e-90,9.8764e-90,9.8764e-90,9.8764e-90
4.9382e-90,4.9382e-90,4.9382e-90,4.9382e-90,4.9382e-90
2.4691e-90,2.4691e-90,2.4691e-90,2.4691e-90,2.4691e-90
1.2345e-90,1.2345e-90,1.2345e-90,1.2345e-90,1.2345e-90
6.1727e-91,6.1727e-91,6.1727e-91,6.1727e-91,6.1727e-91
3.0864e-91,3.0864e-91,3.0864e-91,3.0864e-91,3.0864e-91
1.5432e-91,1.5432e-91,1.5432e-91,1.5432e-91,1.5432e-91
7.7159e-92,7.7159e-92,7.7159e-92,7.7159e-92,7.7159e-92
3.858e-92,3.858e-92,3.858e-92,3.858e-92,3.858e-92
1.929e-92,1.929e-92,1.929e-92,1.929e-92,1.929e-92
9.6449e-93,9.6449e-93,9.6449e-93,9.6449e-93,9.6449e-93
4.8224e-93,4.8224e-93,4.8224e-93,4.8224e-93,4.8224e-93
2.4112e-93,2.4112e-93,2.4112e-93,2.4112e-93,2.4112e-93
1.2056e-93,1.2056e-93,1.2056e-93,1.2056e-93,1.2056e-93
6.0281e-94,6.0281e-94,6.0281e-94,6.0281e-94,6.0281e-94
3.014e-94,3.014e-94,3.014e-94,3.014e-94,3.014e-94
1.507e-94,1.507e-94,1.507e-94,1.507e-94,1.507e-94
7.5351e-95,7.5351e-95,7.5351e-95,7.5351e-95,7.5351e-95
3.7675e-95,3.7675e-95,3.7675e-95,3.7675e-95,3.7675e-95
1.8838e-95,1.8838e-95,1.8838e-95,1.8838e-95,1.8838e-95
9.4188e-96,9.4188e-96,9.4188e-96,9.4188e-96,9.4188e-96
4.7094e-96,4.7094e-96,4.7094e-96,4.7094e-96,4.7094e-96
2.3547e-96,2.3547e-96,2.3547e-96,2.3547e-96,2.3547e-96
1.1774e-96,1.1774e-96,1.1774e-96,1.1774e-96,1.1774e-96
5.8868e-97,5.8868e-97,5.8868e-97,5.8868e-97,5.8868e-97
2.9434e-97,2.9434e-97,2.9434e-97,2.9434e-97,2.9434e-97
1.4717e-97,1.4717e-97,1.4717e-97,1.4717e-97,1.4717e-97
7.3585e-98,7.3585e-98,7.3585e-98,7.3585e-98,7.3585e-98
3.6792e-98,3.6792e-98,3.6792e-98,3.6792e-98,3.6792e-98
1.8396e-98,1.8396e-98,1.8396e-98,1.8396e-98,1.8396e-98
9.1981e-99,9.1981e-99,9.1981e-99,9.1981e-99,9.1981e-99
4.599e-99,4.599e-99,4.599e-99,4.599e-99,4.599e-99
2.2995e-99,2.2995e-99,2.2995e-99,2.2995e-99,2.2995e-99
1.1498e-99,1.1498e-99,1.1498e-99,1.1498e-99,1.1498e-99
5.7488e-100,5.7488e-100,5.7488e-100,5.7488e-100,5.7488e-100
2.8744e-100,2.8744e-100,2.8744e-100,2.8744e-100,2.8744e-100
1.4372e-100,1.4372e-100,1.4372e-100,1.4372e-100,1.4372e-100
7.186e-101,7.186e-101,7.186e-101,7.186e-101,7.186e-101
3.593e-101,3.593e-101,3.593e-101,3.593e-101,3.593e-101
1.7965e-101,1.7965e-101,1.7965e-101,1.7965e-101,1.7965e-101
8.9825e-102,8.9825e-102,8.9825e-102,8.9825e-102,8.9825e-102
4.4913e-102,4.4913e-102,4.4913e-102,4.4913e-102,4.4913e-102
2.2456e-102,2.2456e-102,2.2456e-102,2.2456e-102,2.2456e-102
1.1228e-102,1.1228e-102,1.1228e-102,1.1228e-102,1.1228e-102
5.6141e-103,5.6141e-103,5.6141e-103,5.6141e-103,5.6141e-103
2.807e-103,2.807e-103,2.807e-103,2.807e-103,2.807e-103
1.4035e-103,1.4035e-103,1.4035e-103,1.4035e-103,1.4035e-103
7.0176e-104,7.0176e-104,7.0176e-104,7.0176e-104,7.0176e-104
3.5088e-104,3.5088e-104,3.5088e-104,3.5088e-104,3.5088e-104
1.7544e-104,1.7544e-104,1.7544e-104,1.7544e-104,1.7544e-104
8.772e-105,8.772e-105,8.772e-105,8.772e-105,8.772e-105
4.386e-105,4.386e-105,4.386e-105,4.386e-105,4.386e-105
2.193e-105,2.193e-105,2.193e-105,2.193e-105,2.193e-105
1.0965e-105,1.0965e-105,1.0965e-105,1.0965e-105,1.0965e-105
5.4825e-106,5.4825e-106,5.4825e-106,5.4825e-106,5.4825e-106
2.7412e-106,2.7412e-106,2.7412e-106,2.7412e-106,2.7412e-106
1.3706e-106,1.3706e-106,1.3706e-106,1.3706e-106,1.3706e-106
6.8531e-107,6.8531e-107,6.8531e-107,6.8531e-107,6.8531e-107
3.4266e-107,3.4266e-107,3.4266e-107,3.4266e-107,3.4266e-107
1.7133e-107,1.7133e-107,1.7133e-107,1.7133e-107,1.7133e-107
8.5664e-108,8.5664e-108,8.5664e-108,8.5664e-108,8.5664e-108
4.2832e-108,4.2832e-108,4.2832e-108,4.2832e-108,4.2832e-108
2.1416e-108,2.1416e-108,2.1416e-108,2.1416e-108,2.1416e-108
1.0708e-108,1.0708e-108,1.0708e-108,1.0708e-108,1.0708e-108
5.354e-109,5.354e-109,5.354e-109,5.354e-109,5.354e-109
2.677e-109,2.677e-109,2.677e-109,2.677e-109,2.677e-109
1.3385e-109,1.3385e-109,1.3385e-109,1.3385e-109,1.3385e-109
6.6925e-110,6.6925e-110,6.6925e-110,6.6925e-110,6.6925e-110
3.3462e-110,3.3462e-110,3.3462e-110,3.3462e-110,3.3462e-110
1.6731e-110,1.6731e-110,1.6731e-110,1.6731e-110,1.6731e-110
8.3656e-111,8.3656e-111,8.3656e-111,8.3656e-111,8.3656e-111
4.1828e-111,4.1828e-111,4.1828e-111,4.1828e-111,4.1828e-111
2.0914e-111,2.0914e-111,2.0914e-111,2.0914e-111,2.0914e-111
1.0457e-111,1.0457e-111,1.0457e-111,1.0457e-111,1.0457e-111
5.2285e-112,5.2285e-112,5.2285e-112,5.2285e-112,5.2285e-112
2.6143e-112,2.6143e-112,2.6143e-112,2.6143e-112,2.6143e-112
1.3071e-112,1.3071e-112,1.3071e-112,1.3071e-112,1.3071e-112
6.5356e-113,6.5356e-113,6.5356e-113,6.5356e-113,6.5356e-113
3.2678e-113,3.2678e-113,3.2678e-113,3.2678e-113,3.2678e-113
1.6339e-113,1.6339e-113,1.6339e-113,1.6339e-113,1.6339e-113
8.1695e-114,8.1695e-114,8.1695e-114,8.1695e-114,8.1695e-114
4.0848e-114,4.0848e-114,4.0848e-114,4.0848e-114,4.0848e-114
2.0424e-114,2.0424e-114,2.0424e-114,2.0424e-114,2.0424e-114
1.0212e-114,1.0212e-114,1.0212e-114,1.0212e-114,1.0212e-114
5.106e-115,5.106e-115,5.106e-115,5.106e-115,5.106e-115
2.553e-115,2.553e-115,2.553e-115,2.553e-115,2.553e-115
1.2765e-115,1.2765e-115,1.2765e-115,1.2765e-115,1.2765e-115
6.3825e-116,6.3825e-116,6.3825e-116,6.3825e-116,6.3825e-116
3.1912e-116,3.1912e-116,3.1912e-116,3.1912e-116,3.1912e-116
1.5956e-116,1.5956e-116,1.5956e-116,1.5956e-116,1.5956e-116
7.9781e-117,7.9781e-117,7.9781e-117,7.9781e-117,7.9781e-117
3.989e-117,3.989e-117,3.989e-117,3.989e-117,3.989e-117
1.9945e-117,1.9945e-117,1.9945e-117,1.9945e-117,1.9945e-117
9.9726e-118,9.9726e-118,9.9726e-118,9.9726e-118,9.9726e-118
4.9863e-118,4.9863e-118,4.9863e-118,4.9863e-118,4.9863e-118
2.4931e-118,2.4931e-118,2.4931e-118,2.4931e-118,2.4931e-118
1.2466e-118,1.2466e-118,1.2466e-118,1.2466e-118,1.2466e-118
6.2329e-119,6.2329e-119,6.2329e-119,6.2329e-119,6.2329e-119
3.1164e-119,3.1164e-119,3.1164e-119,3.1164e-119,3.1164e-119
1.5582e-119,1.5582e-119,1.5582e-119,1.5582e-119,1.5582e-119
7.7911e-120,7.7911e-120,7.7911e-120,7.7911e-120,7.7911e-120
3.8955e-120,3.8955e-120,3.8955e-120,3.8955e-120,3.8955e-120
1.9478e-120,1.9478e-120,1.9478e-120,1.9478e-120,1.9478e-120
9.7389e-121,9.7389e-121,9.7389e-121,9.7389e-121,9.7389e-121
4.8694e-121,4.8694e-121,4.8694e-121,4.8694e-121,4.8694e-121
2.4347e-121,2.4347e-121,2.4347e-121,2.4347e-121,2.4347e-121
1.2174e-121,1.2174e-121,1.2174e-121,1.2174e-121,1.2174e-121
6.0868e-122,6.0868e-122,6.0868e-122,6.0868e-122,6.0868e-122
3.0434e-122,3.0434e-122,3.0434e-122,3.0434e-122,3.0434e-122
1.5217e-122,1.5217e-122,1.5217e-122,1.5217e-122,1.5217e-122
7.6085e-123,7.6085e-123,7.6085e-123,7.6085e-123,7.6085e-123
3.8042e-123,3.8042e-123,3.8042e-123,3.8042e-123,3.8042e-123
1.9021e-123,1.9021e-123,1.9021e-123,1.9021e-123,1.9021e-123
9.5106e-124,9.5106e-124,9.5106e-124,9.5106e-124,9.5106e-124
4.7553e-124,4.7553e-124,4.7553e-124,4.7553e-124,4.7553e-124
2.3777e-124,2.3777e-124,2.3777e-124,2.3777e-124,2.3777e-124
1.1888e-124,1.1888e-124,1.1888e-124,1.1888e-124,1.1888e-124
5.9441e-125,5.9441e-125,5.9441e-125,5.9441e-125,5.9441e-125
2.9721e-125,2.9721e-125,2.9721e-125,2.9721e-125,2.9721e-125
1.486e-125,1.486e-125,1.486e-125,1.486e-125,1.486e-125
7.4302e-126,7.4302e-126,7.4302e-126,7.4302e-126,7.4302e-126
3.7151e-126,3.7151e-126,3.7151e-126,3.7151e-126,3.7151e-126
1.8575e-126,1.8575e-126,1.8575e-126,1.8575e-126,1.8575e-126
9.2877e-127,9.2877e-127,9.2877e-127,9.2877e-127,9.2877e-127
4.6438e-127,4.6438e-127,4.6438e-127,4.6438e-127,4.6438e-127
2.3219e-127,2.3219e-127,2.3219e-127,2.3219e-127,2.3219e-127
1.161e-127,1.161e-127,1.161e-127,1.161e-127,1.161e-127
5.8048e-128,5.8048e-128,5.8048e-128,5.8048e-128,5.8048e-128
2.9024e-128,2.9024e-128,2.9024e-128,2.9024e-128,2.9024e-128
1.4512e-128,1.4512e-128,1.4512e-128,1.4512e-128,1.4512e-128
7.256e-129,7.256e-129,7.256e-129,7.256e-129,7.256e-129
3.628e-129,3.628e-129,3.628e-129,3.628e-129,3.628e-129
1.814e-129,1.814e-129,1.814e-129,1.814e-129,1.814e-129
9.07e-130,9.07e-130,9.07e-130,9.07e-130,9.07e-130
4.535e-130,4.535e-130,4.535e-130,4.535e-130,4.535e-130
2.2675e-130,2.2675e-130,2.2675e-130,2.2675e-130,2.2675e-130
1.1338e-130,1.1338e-130,1.1338e-130,1.1338e-130,1.1338e-130
5.6688e-131,5.6688e-131,5.6688e-131,5.6688e-131,5.6688e-131
2.8344e-131,2.8344e-131,2.8344e-131,2.8344e-131,2.8344e-131
1.4172e-131,1.4172e-131,1.4172e-131,1.4172e-131,1.4172e-131
7.0859e-132,7.0859e-132,7.0859e-132,7.0859e-132,7.0859e-132
3.543e-132,3.543e-132,3.543e-132,3.543e-132,3.543e-132
1.7715e-132,1.7715e-132,1.7715e-132,1.7715e-132,1.7715e-132
8.8574e-133,8.8574e-133,8.8574e-133,8.8574e-133,8.8574e-133
4.4287e-133,4.4287e-133,4.4287e-133,4.4287e-133,4.4287e-133
2.2144e-133,2.2144e-133,2.2144e-133,2.2144e-133,2.2144e-133
1.1072e-133,1.1072e-133,1.1072e-133,1.1072e-133,1.1072e-133
5.5359e-134,5.5359e-134,5.5359e-134,5.5359e-134,5.5359e-134
2.7679e-134,2.7679e-134,2.7679e-134,2.7679e-134,2.7679e-134
1.384e-134,1.384e-134,1.384e-134,1.384e-134,1.384e-134
6.9199e-135,6.9199e-135,6.9199e-135,6.9199e-135,6.9199e-135
3.4599e-135,3.4599e-135,3.4599e-135,3.4599e-135,3.4599e-135
1.73e-135,1.73e-135,1.73e-135,1.73e-135,1.73e-135
8.6498e-136,8.6498e-136,8.6498e-136,8.6498e-136,8.6498e-136
4.3249e-136,4.3249e-136,4.3249e-136,4.3249e-136,4.3249e-136
2.1625e-136,2.1625e-136,2.1625e-136,2.1625e-136,2.1625e-136
1.0812e-136,1.0812e-136,1.0812e-136,1.0812e-136,1.0812e-136
5.4062e-137,5.4062e-137,5.4062e-137,5.4062e-137,5.4062e-137
2.7031e-137,2.7031e-137,2.7031e-137,2.7031e-137,2.7031e-137
1.3515e-137,1.3515e-137,1.3515e-137,1.3515e-137,1.3515e-137
6.7577e-138,6.7577e-138,6.7577e-138,6.7577e-138,6.7577e-138
3.3788e-138,3.3788e-138,3.3788e-138,3.3788e-138,3.3788e-138
1.6894e-138,1.6894e-138,1.6894e-138,1.6894e-138,1.6894e-138
8.4471e-139,8.4471e-139,8.4471e-139,8.4471e-139,8.4471e-139
4.2236e-139,4.2236e-139,4.2236e-139,4.2236e-139,4.2236e-139
2.1118e-139,2.1118e-139,2.1118e-139,2.1118e-139,2.1118e-139
1.0559e-139,1.0559e-139,1.0559e-139,1.0559e-139,1.0559e-139
5.2794e-140,5.2794e-140,5.2794e-140,5.2794e-140,5.2794e-140
2.6397e-140,2.6397e-140,2.6397e-140,2.6397e-140,2.6397e-140
1.3199e-140,1.3199e-140,1.3199e-140,1.3199e-140,1.3199e-140
6.5993e-141,6.5993e-141,6.5993e-141,6.5993e-141,6.5993e-141
3.2997e-141,3.2997e-141,3.2997e-141,3.2997e-141,3.2997e-141
1.6498e-141,1.6498e-141,1.6498e-141,1.6498e-141,1.6498e-141
8.2491e-142,8.2491e-142,8.2491e-142,8.2491e-142,8.2491e-142
4.1246e-142,4.1246e-142,4.1246e-142,4.1246e-142,4.1246e-142
2.0623e-142,2.0623e-142,2.0623e-142,2.0623e-142,2.0623e-142
1.0311e-142,1.0311e-142,1.0311e-142,1.0311e-142,1.0311e-142
5.1557e-143,5.1557e-143,5.1557e-143,5.1557e-143,5.1557e-143
2.5779e-143,2.5779e-143,2.5779e-143,2.5779e-143,2.5779e-143
1.2889e-143,1.2889e-143,1.2889e-143,1.2889e-143,1.2889e-143
6.4446e-144,6.4446e-144,6.4446e-144,6.4446e-144,6.4446e-144
3.2223e-144,3.2223e-144,3.2223e-144,3.2223e-144,3.2223e-144
1.6112e-144,1.6112e-144,1.6112e-144,1.6112e-144,1.6112e-144
8.0558e-145,8.0558e-145,8.0558e-145,8.0558e-145,8.0558e-145
4.0279e-145,4.0279e-145,4.0279e-145,4.0279e-145,4.0279e-145
2.0139e-145,2.0139e-145,2.0139e-145,2.0139e-145,2.0139e-145
1.007e-145,1.007e-145,1.007e-145,1.007e-145,1.007e-145
5.0349e-146,5.0349e-146,5.0349e-146,5.0349e-146,5.0349e-146
2.5174e-146,2.5174e-146,2.5174e-146,2.5174e-146,2.5174e-146
1.2587e-146,1.2587e-146,1.2587e-146,1.2587e-146,1.2587e-146
6.2936e-147,6.2936e-147,6.2936e-147,6.2936e-147,6.2936e-147
3.1468e-147,3.1468e-147,3.1468e-147,3.1468e-147,3.1468e-147
1.5734e-147,1.5734e-147,1.5734e-147,1.5734e-147,1.5734e-147
7.867e-148,7.867e-148,7.867e-148,7.867e-148,7.867e-148
3.9335e-148,3.9335e-148,3.9335e-148,3.9335e-148,3.9335e-148
1.9667e-148,1.9667e-148,1.9667e-148,1.9667e-148,1.9667e-148
9.8337e-149,9.8337e-149,9.8337e-149,9.8337e-149,9.8337e-149
4.9169e-149,4.9169e-149,4.9169e-149,4.9169e-149,4.9169e-149
2.4584e-149,2.4584e-149,2.4584e-149,2.4584e-149,2.4584e-149
1.2292e-149,1.2292e-149,1.2292e-149,1.2292e-149,1.2292e-149
6.1461e-150,6.1461e-150,6.1461e-150,6.1461e-150,6.1461e-150
3.073e-150,3.073e-150,3.073e-150,3.073e-150,3.073e-150
1.5365e-150,1.5365e-150,1.5365e-150,1.5365e-150,1.5365e-150
7.6826e-151,7.6826e-151,7.6826e-151,7.6826e-151,7.6826e-151
3.8413e-151,3.8413e-151,3.8413e-151,3.8413e-151,3.8413e-151
1.9207e-151,1.9207e-151,1.9207e-151,1.9207e-151,1.9207e-151
9.6033e-152,9.6033e-152,9.6033e-152,9.6033e-152,9.6033e-152
4.8016e-152,4.8016e-152,4.8016e-152,4.8016e-152,4.8016e-152
2.4008e-152,2.4008e-152,2.4008e-152,2.4008e-152,2.4008e-152
1.2004e-152,1.2004e-152,1.2004e-152,1.2004e-152,1.2004e-152
6.002e-153,6.002e-153,6.002e-153,6.002e-153,6.002e-153
3.001e-153,3.001e-153,3.001e-153,3.001e-153,3.001e-153
1.5005e-153,1.5005e-153,1.5005e-153,1.5005e-153,1.5005e-153
7.5025e-154,7.5025e-154,7.5025e-154,7.5025e-154,7.5025e-154
3.7513e-154,3.7513e-154,3.7513e-154,3.7513e-154,3.7513e-154
1.8756e-154,1.8756e-154,1.8756e-154,1.8756e-154,1.8756e-154
9.3782e-155,9.3782e-155,9.3782e-155,9.3782e-155,9.3782e-155
4.6891e-155,4.6891e-155,4.6891e-155,4.6891e-155,4.6891e-155
2.3445e-155,2.3445e-155,2.3445e-155,2.3445e-155,2.3445e-155
1.1723e-155,1.1723e-155,1.1723e-155,1.1723e-155,1.1723e-155
5.8614e-156,5.8614e-156,5.8614e-156,5.8614e-156,5.8614e-156
2.9307e-156,2.9307e-156,2.9307e-156,2.9307e-156,2.9307e-156
1.4653e-156,1.4653e-156,1.4653e-156,1.4653e-156,1.4653e-156
7.3267e-157,7.3267e-157,7.3267e-157,7.3267e-157,7.3267e-157
3.6633e-157,3.6633e-157,3.6633e-157,3.6633e-157,3.6633e-157
1.8317e-157,1.8317e-157,1.8317e-157,1.8317e-157,1.8317e-157
9.1584e-158,9.1584e-158,9.1584e-158,9.1584e-158,9.1584e-158
4.5792e-158,4.5792e-158,4.5792e-158,4.5792e-158,4.5792e-158
2.2896e-158,2.2896e-158,2.2896e-158,2.2896e-158,2.2896e-158
1.1448e-158,1.1448e-158,1.1448e-158,1.1448e-158,1.1448e-158
5.724e-159,5.724e-159,5.724e-159,5.724e-159,5.724e-159
2.862e-159,2.862e-159,2.862e-159,2.862e-159,2.862e-159
1.431e-159,1.431e-159,1.431e-159,1.431e-159,1.431e-159
7.155e-160,7.155e-160,7.155e-160,7.155e-160,7.155e-160
3.5775e-160,3.5775e-160,3.5775e-160,3.5775e-160,3.5775e-160
1.7887e-160,1.7887e-160,1.7887e-160,1.7887e-160,1.7887e-160
8.9437e-161,8.9437e-161,8.9437e-161,8.9437e-161,8.9437e-161
4.4719e-161,4.4719e-161,4.4719e-161,4.4719e-161,4.4719e-161
2.2359e-161,2.2359e-161,2.2359e-161,2.2359e-161,2.2359e-161
1.118e-161,1.118e-161,1.118e-161,1.118e-161,1.118e-161
5.5898e-162,5.5898e-162,5.5898e-162,5.5898e-162,5.5898e-162
2.7949e-162,2.7949e-162,2.7949e-162,2.7949e-162,2.7949e-162
1.3975e-162,1.3975e-162,1.3975e-162,1.3975e-162,1.3975e-162
6.9873e-163,6.9873e-163,6.9873e-163,6.9873e-163,6.9873e-163
3.4936e-163,3.4936e-163,3.4936e-163,3.4936e-163,3.4936e-163
1.7468e-163,1.7468e-163,1.7468e-163,1.7468e-163,1.7468e-163
8.7341e-164,8.7341e-164,8.7341e-164,8.7341e-164,8.7341e-164
4.3671e-164,4.3671e-164,4.3671e-164,4.3671e-164,4.3671e-164
2.1835e-164,2.1835e-164,2.1835e-164,2.1835e-164,2.1835e-164
1.0918e-164,1.0918e-164,1.0918e-164,1.0918e-164,1.0918e-164
5.4588e-165,5.4588e-165,5.4588e-165,5.4588e-165,5.4588e-165
2.7294e-165,2.7294e-165,2.7294e-165,2.7294e-165,2.7294e-165
1.3647e-165,1.3647e-165,1.3647e-165,1.3647e-165,1.3647e-165
6.8235e-166,6.8235e-166,6.8235e-166,6.8235e-166,6.8235e-166
3.4118e-166,3.4118e-166,3.4118e-166,3.4118e-166,3.4118e-166
1.7059e-166,1.7059e-166,1.7059e-166,1.7059e-166,1.7059e-166
8.5294e-167,8.5294e-167,8.5294e-167,8.5294e-167,8.5294e-167
4.2647e-167,4.2647e-167,4.2647e-167,4.2647e-167,4.2647e-167
2.1324e-167,2.1324e-167,2.1324e-167,2.1324e-167,2.1324e-167
1.0662e-167,1.0662e-167,1.0662e-167,1.0662e-167,1.0662e-167
5.3309e-168,5.3309e-168,5.3309e-168,5.3309e-168,5.3309e-168
2.6654e-168,2.6654e-168,2.6654e-168,2.6654e-168,2.6654e-168
1.3327e-168,1.3327e-168,1.3327e-168,1.3327e-168,1.3327e-168
6.6636e-169,6.6636e-169,6.6636e-169,6.6636e-169,6.6636e-169
3.3318e-169,3.3318e-169,3.3318e-169,3.3318e-169,3.3318e-169
1.6659e-169,1.6659e-169,1.6659e-169,1.6659e-169,1.6659e-169
8.3295e-170,8.3295e-170,8.3295e-170,8.3295e-170,8.3295e-170
4.1647e-170,4.1647e-170,4.1647e-170,4.1647e-170,4.1647e-170
2.0824e-170,2.0824e-170,2.0824e-170,2.0824e-170,2.0824e-170
1.0412e-170,1.0412e-170,1.0412e-170,1.0412e-170,1.0412e-170
5.2059e-171,5.2059e-171,5.2059e-171,5.2059e-171,5.2059e-171
2.603e-171,2.603e-171,2.603e-171,2.603e-171,2.603e-171
1.3015e-171,1.3015e-171,1.3015e-171,1.3015e-171,1.3015e-171
6.5074e-172,6.5074e-172,6.5074e-172,6.5074e-172,6.5074e-172
3.2537e-172,3.2537e-172,3.2537e-172,3.2537e-172,3.2537e-172
1.6269e-172,1.6269e-172,1.6269e-172,1.6269e-172,1.6269e-172
8.1343e-173,8.1343e-173,8.1343e-173,8.1343e-173,8.1343e-173
4.0671e-173,4.0671e-173,4.0671e-173,4.0671e-173,4.0671e-173
2.0336e-173,2.0336e-173,2.0336e-173,2.0336e-173,2.0336e-173
1.0168e-173,1.0168e-173,1.0168e-173,1.0168e-173,1.0168e-173
5.0839e-174,5.0839e-174,5.0839e-174,5.0839e-174,5.0839e-174
2.542e-174,2.542e-174,2.542e-174,2.542e-174,2.542e-174
1.271e-174,1.271e-174,1.271e-174,1.271e-174,1.271e-174
6.3549e-175,6.3549e-175,6.3549e-175,6.3549e-175,6.3549e-175
3.1774e-175,3.1774e-175,3.1774e-175,3.1774e-175,3.1774e-175
1.5887e-175,1.5887e-175,1.5887e-175,1.5887e-175,1.5887e-175
7.9436e-176,7.9436e-176,7.9436e-176,7.9436e-176,7.9436e-176
3.9718e-176,3.9718e-176,3.9718e-176,3.9718e-176,3.9718e-176
1.9859e-176,1.9859e-176,1.9859e-176,1.9859e-176,1.9859e-176
9.9295e-177,9.9295e-177,9.9295e-177,9.9295e-177,9.9295e-177
4.9648e-177,4.9648e-177,4.9648e-177,4.9648e-177,4.9648e-177
2.4824e-177,2.4824e-177,2.4824e-177,2.4824e-177,2.4824e-177
1.2412e-177,1.2412e-177,1.2412e-177,1.2412e-177,1.2412e-177
6.206e-178,6.206e-178,6.206e-178,6.206e-178,6.206e-178
3.103e-178,3.103e-178,3.103e-178,3.103e-178,3.103e-178
1.5515e-178,1.5515e-178,1.5515e-178,1.5515e-178,1.5515e-178
7.7574e-179,7.7574e-179,7.7574e-179,7.7574e-179,7.7574e-179
3.8787e-179,3.8787e-179,3.8787e-179,3.8787e-179,3.8787e-179
1.9394e-179,1.9394e-179,1.9394e-179,1.9394e-179,1.9394e-179
9.6968e-180,9.6968e-180,9.6968e-180,9.6968e-180,9.6968e-180
4.8484e-180,4.8484e-180,4.8484e-180,4.8484e-180,4.8484e-180
2.4242e-180,2.4242e-180,2.4242e-180,2.4242e-180,2.4242e-180
1.2121e-180,1.2121e-180,1.2121e-180,1.2121e-180,1.2121e-180
6.0605e-181,6.0605e-181,6.0605e-181,6.0605e-181,6.0605e-181
3.0303e-181,3.0303e-181,3.0303e-181,3.0303e-181,3.0303e-181
1.5151e-181,1.5151e-181,1.5151e-181,1.5151e-181,1.5151e-181
7.5756e-182,7.5756e-182,7.5756e-182,7.5756e-182,7.5756e-182
3.7878e-182,3.7878e-182,3.7878e-182,3.7878e-182,3.7878e-182
1.8939e-182,1.8939e-182,1.8939e-182,1.8939e-182,1.8939e-182
9.4695e-183,9.4695e-183,9.4695e-183,9.4695e-183,9.4695e-183
4.7348e-183,4.7348e-183,4.7348e-183,4.7348e-183,4.7348e-183
2.3674e-183,2.3674e-183,2.3674e-183,2.3674e-183,2.3674e-183
1.1837e-183,1.1837e-183,1.1837e-183,1.1837e-183,1.1837e-183
5.9185e-184,5.9185e-184,5.9185e-184,5.9185e-184,5.9185e-184
2.9592e-184,2.9592e-184,2.9592e-184,2.9592e-184,2.9592e-184
1.4796e-184,1.4796e-184,1.4796e-184,1.4796e-184,1.4796e-184
7.3981e-185,7.3981e-185,7.3981e-185,7.3981e-185,7.3981e-185
3.699e-185,3.699e-185,3.699e-185,3.699e-185,3.699e-185
1.8495e-185,1.8495e-185,1.8495e-185,1.8495e-185,1.8495e-185
9.2476e-186,9.2476e-186,9.2476e-186,9.2476e-186,9.2476e-186
4.6238e-186,4.6238e-186,4.6238e-186,4.6238e-186,4.6238e-186
2.3119e-186,2.3119e-186,2.3119e-186,2.3119e-186,2.3119e-186
1.1559e-186,1.1559e-186,1.1559e-186,1.1559e-186,1.1559e-186
5.7797e-187,5.7797e-187,5.7797e-187,5.7797e-187,5.7797e-187
2.8899e-187,2.8899e-187,2.8899e-187,2.8899e-187,2.8899e-187
1.4449e-187,1.4449e-187,1.4449e-187,1.4449e-187,1.4449e-187
7.2247e-188,7.2247e-188,7.2247e-188,7.2247e-188,7.2247e-188
3.6123e-188,3.6123e-188,3.6123e-188,3.6123e-188,3.6123e-188
1.8062e-188,1.8062e-188,1.8062e-188,1.8062e-188,1.8062e-188
9.0309e-189,9.0309e-189,9.0309e-189,9.0309e-189,9.0309e-189
4.5154e-189,4.5154e-189,4.5154e-189,4.5154e-189,4.5154e-189
2.2577e-189,2.2577e-189,2.2577e-189,2.2577e-189,2.2577e-189
1.1289e-189,1.1289e-189,1.1289e-189,1.1289e-189,1.1289e-189
5.6443e-190,5.6443e-190,5.6443e-190,5.6443e-190,5.6443e-190
2.8221e-190,2.8221e-190,2.8221e-190,2.8221e-190,2.8221e-190
1.4111e-190,1.4111e-190,1.4111e-190,1.4111e-190,1.4111e-190
7.0554e-191,7.0554e-191,7.0554e-191,7.0554e-191,7.0554e-191
3.5277e-191,3.5277e-191,3.5277e-191,3.5277e-191,3.5277e-191
1.7638e-191,1.7638e-191,1.7638e-191,1.7638e-191,1.7638e-191
8.8192e-192,8.8192e-192,8.8192e-192,8.8192e-192,8.8192e-192
4.4096e-192,4.4096e-192,4.4096e-192,4.4096e-192,4.4096e-192
2.2048e-192,2.2048e-192,2.2048e-192,2.2048e-192,2.2048e-192
1.1024e-192,1.1024e-192,1.1024e-192,1.1024e-192,1.1024e-192
5.512e-193,5.512e-193,5.512e-193,5.512e-193,5.512e-193
2.756e-193,2.756e-193,2.756e-193,2.756e-193,2.756e-193
1.378e-193,1.378e-193,1.378e-193,1.378e-193,1.378e-193
6.89e-194,6.89e-194,6.89e-194,6.89e-194,6.89e-194
3.445e-194,3.445e-194,3.445e-194,3.445e-194,3.445e-194
1.7225e-194,1.7225e-194,1.7225e-194,1.7225e-194,1.7225e-194
8.6125e-195,8.6125e-195,8.6125e-195,8.6125e-195,8.6125e-195
4.3062e-195,4.3062e-195,4.3062e-195,4.3062e-195,4.3062e-195
2.1531e-195,2.1531e-195,2.1531e-195,2.1531e-195,2.1531e-195
1.0766e-195,1.0766e-195,1.0766e-195,1.0766e-195,1.0766e-195
5.3828e-196,5.3828e-196,5.3828e-196,5.3828e-196,5.3828e-196
2.6914e-196,2.6914e-196,2.6914e-196,2.6914e-196,2.6914e-196
1.3457e-196,1.3457e-196,1.3457e-196,1.3457e-196,1.3457e-196
6.7285e-197,6.7285e-197,6.7285e-197,6.7285e-197,6.7285e-197
3.3643e-197,3.3643e-197,3.3643e-197,3.3643e-197,3.3643e-197
1.6821e-197,1.6821e-197,1.6821e-197,1.6821e-197,1.6821e-197
8.4106e-198,8.4106e-198,8.4106e-198,8.4106e-198,8.4106e-198
4.2053e-198,4.2053e-198,4.2053e-198,4.2053e-198,4.2053e-198
2.1027e-198,2.1027e-198,2.1027e-198,2.1027e-198,2.1027e-198
1.0513e-198,1.0513e-198,1.0513e-198,1.0513e-198,1.0513e-198
5.2566e-199,5.2566e-199,5.2566e-199,5.2566e-199,5.2566e-199
2.6283e-199,2.6283e-199,2.6283e-199,2.6283e-199,2.6283e-199
1.3142e-199,1.3142e-199,1.3142e-199,1.3142e-199,1.3142e-199
6.5708e-200,6.5708e-200,6.5708e-200,6.5708e-200,6.5708e-200
3.2854e-200,3.2854e-200,3.2854e-200,3.2854e-200,3.2854e-200
1.6427e-200,1.6427e-200,1.6427e-200,1.6427e-200,1.6427e-200
8.2135e-201,8.2135e-201,8.2135e-201,8.2135e-201,8.2135e-201
4.1068e-201,4.1068e-201,4.1068e-201,4.1068e-201,4.1068e-201
2.0534e-201,2.0534e-201,2.0534e-201,2.0534e-201,2.0534e-201
1.0267e-201,1.0267e-201,1.0267e-201,1.0267e-201,1.0267e-201
5.1334e-202,5.1334e-202,5.1334e-202,5.1334e-202,5.1334e-202
2.5667e-202,2.5667e-202,2.5667e-202,2.5667e-202,2.5667e-202
1.2834e-202,1.2834e-202,1.2834e-202,1.2834e-202,1.2834e-202
6.4168e-203,6.4168e-203,6.4168e-203,6.4168e-203,6.4168e-203
3.2084e-203,3.2084e-203,3.2084e-203,3.2084e-203,3.2084e-203
1.6042e-203,1.6042e-203,1.6042e-203,1.6042e-203,1.6042e-203
8.021e-204,8.021e-204,8.021e-204,8.021e-204,8.021e-204
4.0105e-204,4.0105e-204,4.0105e-204,4.0105e-204,4.0105e-204
2.0053e-204,2.0053e-204,2.0053e-204,2.0053e-204,2.0053e-204
1.0026e-204,1.0026e-204,1.0026e-204,1.0026e-204,1.0026e-204
5.0131e-205,5.0131e-205,5.0131e-205,5.0131e-205,5.0131e-205
2.5066e-205,2.5066e-205,2.5066e-205,2.5066e-205,2.5066e-205
1.2533e-205,1.2533e-205,1.2533e-205,1.2533e-205,1.2533e-205
6.2664e-206,6.2664e-206,6.2664e-206,6.2664e-206,6.2664e-206
3.1332e-206,3.1332e-206,3.1332e-206,3.1332e-206,3.1332e-206
1.5666e-206,1.5666e-206,1.5666e-206,1.5666e-206,1.5666e-206
7.833e-207,7.833e-207,7.833e-207,7.833e-207,7.833e-207
3.9165e-207,3.9165e-207,3.9165e-207,3.9165e-207,3.9165e-207
1.9583e-207,1.9583e-207,1.9583e-207,1.9583e-207,1.9583e-207
9.7913e-208,9.7913e-208,9.7913e-208,9.7913e-208,9.7913e-208
4.8956e-208,4.8956e-208,4.8956e-208,4.8956e-208,4.8956e-208
2.4478e-208,2.4478e-208,2.4478e-208,2.4478e-208,2.4478e-208
1.2239e-208,1.2239e-208,1.2239e-208,1.2239e-208,1.2239e-208
6.1195e-209,6.1195e-209,6.1195e-209,6.1195e-209,6.1195e-209
3.0598e-209,3.0598e-209,3.0598e-209,3.0598e-209,3.0598e-209
1.5299e-209,1.5299e-209,1.5299e-209,1.5299e-209,1.5299e-209
7.6494e-210,7.6494e-210,7.6494e-210,7.6494e-210,7.6494e-210
3.8247e-210,3.8247e-210,3.8247e-210,3.8247e-210,3.8247e-210
1.9124e-210,1.9124e-210,1.9124e-210,1.9124e-210,1.9124e-210
9.5618e-211,9.5618e-211,9.5618e-211,9.5618e-211,9.5618e-211
4.7809e-211,4.7809e-211,4.7809e-211,4.7809e-211,4.7809e-211
2.3904e-211,2.3904e-211,2.3904e-211,2.3904e-211,2.3904e-211
1.1952e-211,1.1952e-211,1.1952e-211,1.1952e-211,1.1952e-211
5.9761e-212,5.9761e-212,5.9761e-212,5.9761e-212,5.9761e-212
2.9881e-212,2.9881e-212,2.9881e-212,2.9881e-212,2.9881e-212
1.494e-212,1.494e-212,1.494e-212,1.494e-212,1.494e-212
7.4701e-213,7.4701e-213,7.4701e-213,7.4701e-213,7.4701e-213
3.7351e-213,3.7351e-213,3.7351e-213,3.7351e-213,3.7351e-213
1.8675e-213,1.8675e-213,1.8675e-213,1.8675e-213,1.8675e-213
9.3377e-214,9.3377e-214,9.3377e-214,9.3377e-214,9.3377e-214
4.6688e-214,4.6688e-214,4.6688e-214,4.6688e-214,4.6688e-214
2.3344e-214,2.3344e-214,2.3344e-214,2.3344e-214,2.3344e-214
1.1672e-214,1.1672e-214,1.1672e-214,1.1672e-214,1.1672e-214
5.8361e-215,5.8361e-215,5.8361e-215,5.8361e-215,5.8361e-215
2.918e-215,2.918e-215,2.918e-215,2.918e-215,2.918e-215
1.459e-215,1.459e-215,1.459e-215,1.459e-215,1.459e-215
7.2951e-216,7.2951e-216,7.2951e-216,7.2951e-216,7.2951e-216
3.6475e-216,3.6475e-216,3.6475e-216,3.6475e-216,3.6475e-216
1.8238e-216,1.8238e-216,1.8238e-216,1.8238e-216,1.8238e-216
9.1188e-217,9.1188e-217,9.1188e-217,9.1188e-217,9.1188e-217
4.5594e-217,4.5594e-217,4.5594e-217,4.5594e-217,4.5594e-217
2.2797e-217,2.2797e-217,2.2797e-217,2.2797e-217,2.2797e-217
1.1399e-217,1.1399e-217,1.1399e-217,1.1399e-217,1.1399e-217
5.6993e-218,5.6993e-218,5.6993e-218,5.6993e-218,5.6993e-218
2.8496e-218,2.8496e-218,2.8496e-218,2.8496e-218,2.8496e-218
1.4248e-218,1.4248e-218,1.4248e-218,1.4248e-218,1.4248e-218
7.1241e-219,7.1241e-219,7.1241e-219,7.1241e-219,7.1241e-219
3.562e-219,3.562e-219,3.562e-219,3.562e-219,3.562e-219
1.781e-219,1.781e-219,1.781e-219,1.781e-219,1.781e-219
8.9051e-220,8.9051e-220,8.9051e-220,8.9051e-220,8.9051e-220
4.4526e-220,4.4526e-220,4.4526e-220,4.4526e-220,4.4526e-220
2.2263e-220,2.2263e-220,2.2263e-220,2.2263e-220,2.2263e-220
1.1131e-220,1.1131e-220,1.1131e-220,1.1131e-220,1.1131e-220
5.5657e-221,5.5657e-221,5.5657e-221,5.5657e-221,5.5657e-221
2.7828e-221,2.7828e-221,2.7828e-221,2.7828e-221,2.7828e-221
1.3914e-221,1.3914e-221,1.3914e-221,1.3914e-221,1.3914e-221
6.9571e-222,6.9571e-222,6.9571e-222,6.9571e-222,6.9571e-222
3.4786e-222,3.4786e-222,3.4786e-222,3.4786e-222,3.4786e-222
1.7393e-222,1.7393e-222,1.7393e-222,1.7393e-222,1.7393e-222
8.6964e-223,8.6964e-223,8.6964e-223,8.6964e-223,8.6964e-223
4.3482e-223,4.3482e-223,4.3482e-223,4.3482e-223,4.3482e-223
2.1741e-223,2.1741e-223,2.1741e-223,2.1741e-223,2.1741e-223
1.087e-223,1.087e-223,1.087e-223,1.087e-223,1.087e-223
5.4352e-224,5.4352e-224,5.4352e-224,5.4352e-224,5.4352e-224
2.7176e-224,2.7176e-224,2.7176e-224,2.7176e-224,2.7176e-224
1.3588e-224,1.3588e-224,1.3588e-224,1.3588e-224,1.3588e-224
6.7941e-225,6.7941e-225,6.7941e-225,6.7941e-225,6.7941e-225
3.397e-225,3.397e-225,3.397e-225,3.397e-225,3.397e-225
1.6985e-225,1.6985e-225,1.6985e-225,1.6985e-225,1.6985e-225
8.4926e-226,8.4926e-226,8.4926e-226,8.4926e-226,8.4926e-226
4.2463e-226,4.2463e-226,4.2463e-226,4.2463e-226,4.2463e-226
2.1231e-226,2.1231e-226,2.1231e-226,2.1231e-226,2.1231e-226
1.0616e-226,1.0616e-226,1.0616e-226,1.0616e-226,1.0616e-226
5.3079e-227,5.3079e-227,5.3079e-227,5.3079e-227,5.3079e-227
2.6539e-227,2.6539e-227,2.6539e-227,2.6539e-227,2.6539e-227
1.327e-227,1.327e-227,1.327e-227,1.327e-227,1.327e-227
6.6348e-228,6.6348e-228,6.6348e-228,6.6348e-228,6.6348e-228
3.3174e-228,3.3174e-228,3.3174e-228,3.3174e-228,3.3174e-228
1.6587e-228,1.6587e-228,1.6587e-228,1.6587e-228,1.6587e-228
8.2935e-229,8.2935e-229,8.2935e-229,8.2935e-229,8.2935e-229
4.1468e-229,4.1468e-229,4.1468e-229,4.1468e-229,4.1468e-229
2.0734e-229,2.0734e-229,2.0734e-229,2.0734e-229,2.0734e-229
1.0367e-229,1.0367e-229,1.0367e-229,1.0367e-229,1.0367e-229
5.1835e-230,5.1835e-230,5.1835e-230,5.1835e-230,5.1835e-230
2.5917e-230,2.5917e-230,2.5917e-230,2.5917e-230,2.5917e-230
1.2959e-230,1.2959e-230,1.2959e-230,1.2959e-230,1.2959e-230
6.4793e-231,6.4793e-231,6.4793e-231,6.4793e-231,6.4793e-231
3.2397e-231,3.2397e-231,3.2397e-231,3.2397e-231,3.2397e-231
1.6198e-231,1.6198e-231,1.6198e-231,1.6198e-231,1.6198e-231
8.0992e-232,8.0992e-232,8.0992e-232,8.0992e-232,8.0992e-232
4.0496e-232,4.0496e-232,4.0496e-232,4.0496e-232,4.0496e-232
2.0248e-232,2.0248e-232,2.0248e-232,2.0248e-232,2.0248e-232
1.0124e-232,1.0124e-232,1.0124e-232,1.0124e-232,1.0124e-232
5.062e-233,5.062e-233,5.062e-233,5.062e-233,5.062e-233
2.531e-233,2.531e-233,2.531e-233,2.531e-233,2.531e-233
1.2655e-233,1.2655e-233,1.2655e-233,1.2655e-233,1.2655e-233
6.3275e-234,6.3275e-234,6.3275e-234,6.3275e-234,6.3275e-234
3.1637e-234,3.1637e-234,3.1637e-234,3.1637e-234,3.1637e-234
1.5819e-234,1.5819e-234,1.5819e-234,1.5819e-234,1.5819e-234
7.9093e-235,7.9093e-235,7.9093e-235,7.9093e-235,7.9093e-235
3.9547e-235,3.9547e-235,3.9547e-235,3.9547e-235,3.9547e-235
1.9773e-235,1.9773e-235,1.9773e-235,1.9773e-235,1.9773e-235
9.8867e-236,9.8867e-236,9.8867e-236,9.8867e-236,9.8867e-236
4.9433e-236,4.9433e-236,4.9433e-236,4.9433e-236,4.9433e-236
2.4717e-236,2.4717e-236,2.4717e-236,2.4717e-236,2.4717e-236
1.2358e-236,1.2358e-236,1.2358e-236,1.2358e-236,1.2358e-236
6.1792e-237,6.1792e-237,6.1792e-237,6.1792e-237,6.1792e-237
3.0896e-237,3.0896e-237,3.0896e-237,3.0896e-237,3.0896e-237
1.5448e-237,1.5448e-237,1.5448e-237,1.5448e-237,1.5448e-237
7.724e-238,7.724e-238,7.724e-238,7.724e-238,7.724e-238
3.862e-238,3.862e-238,3.862e-238,3.862e-238,3.862e-238
1.931e-238,1.931e-238,1.931e-238,1.931e-238,1.931e-238
9.6549e-239,9.6549e-239,9.6549e-239,9.6549e-239,9.6549e-239
4.8275e-239,4.8275e-239,4.8275e-239,4.8275e-239,4.8275e-239
2.4137e-239,2.4137e-239,2.4137e-239,2.4137e-239,2.4137e-239
1.2069e-239,1.2069e-239,1.2069e-239,1.2069e-239,1.2069e-239
6.0343e-240,6.0343e-240,6.0343e-240,6.0343e-240,6.0343e-240
3.0172e-240,3.0172e-240,3.0172e-240,3.0172e-240,3.0172e-240
1.5086e-240,1.5086e-240,1.5086e-240,1.5086e-240,1.5086e-240
7.5429e-241,7.5429e-241,7.5429e-241,7.5429e-241,7.5429e-241
3.7715e-241,3.7715e-241,3.7715e-241,3.7715e-241,3.7715e-241
1.8857e-241,1.8857e-241,1.8857e-241,1.8857e-241,1.8857e-241
9.4287e-242,9.4287e-242,9.4287e-242,9.4287e-242,9.4287e-242
4.7143e-242,4.7143e-242,4.7143e-242,4.7143e-242,4.7143e-242
2.3572e-242,2.3572e-242,2.3572e-242,2.3572e-242,2.3572e-242
1.1786e-242,1.1786e-242,1.1786e-242,1.1786e-242,1.1786e-242
5.8929e-243,5.8929e-243,5.8929e-243,5.8929e-243,5.8929e-243
2.9465e-243,2.9465e-243,2.9465e-243,2.9465e-243,2.9465e-243
1.4732e-243,1.4732e-243,1.4732e-243,1.4732e-243,1.4732e-243
7.3661e-244,7.3661e-244,7.3661e-244,7.3661e-244,7.3661e-244
3.6831e-244,3.6831e-244,3.6831e-244,3.6831e-244,3.6831e-244
1.8415e-244,1.8415e-244,1.8415e-244,1.8415e-244,1.8415e-244
9.2077e-245,9.2077e-245,9.2077e-245,9.2077e-245,9.2077e-245
4.6038e-245,4.6038e-245,4.6038e-245,4.6038e-245,4.6038e-245
2.3019e-245,2.3019e-245,2.3019e-245,2.3019e-245,2.3019e-245
1.151e-245,1.151e-245,1.151e-245,1.151e-245,1.151e-245
5.7548e-246,5.7548e-246,5.7548e-246,5.7548e-246,5.7548e-246
2.8774e-246,2.8774e-246,2.8774e-246,2.8774e-246,2.8774e-246
1.4387e-246,1.4387e-246,1.4387e-246,1.4387e-246,1.4387e-246
7.1935e-247,7.1935e-247,7.1935e-247,7.1935e-247,7.1935e-247
3.5967e-247,3.5967e-247,3.5967e-247,3.5967e-247,3.5967e-247
1.7984e-247,1.7984e-247,1.7984e-247,1.7984e-247,1.7984e-247
8.9919e-248,8.9919e-248,8.9919e-248,8.9919e-248,8.9919e-248
4.4959e-248,4.4959e-248,4.4959e-248,4.4959e-248,4.4959e-248
2.248e-248,2.248e-248,2.248e-248,2.248e-248,2.248e-248
1.124e-248,1.124e-248,1.124e-248,1.124e-248,1.124e-248
5.6199e-249,5.6199e-249,5.6199e-249,5.6199e-249,5.6199e-249
2.81e-249,2.81e-249,2.81e-249,2.81e-249,2.81e-249
1.405e-249,1.405e-249,1.405e-249,1.405e-249,1.405e-249
7.0249e-250,7.0249e-250,7.0249e-250,7.0249e-250,7.0249e-250
3.5124e-250,3.5124e-250,3.5124e-250,3.5124e-250,3.5124e-250
1.7562e-250,1.7562e-250,1.7562e-250,1.7562e-250,1.7562e-250
8.7811e-251,8.7811e-251,8.7811e-251,8.7811e-251,8.7811e-251
4.3906e-251,4.3906e-251,4.3906e-251,4.3906e-251,4.3906e-251
2.1953e-251,2.1953e-251,2.1953e-251,2.1953e-251,2.1953e-251
1.0976e-251,1.0976e-251,1.0976e-251,1.0976e-251,1.0976e-251
5.4882e-252,5.4882e-252,5.4882e-252,5.4882e-252,5.4882e-252
2.7441e-252,2.7441e-252,2.7441e-252,2.7441e-252,2.7441e-252
1.372e-252,1.372e-252,1.372e-252,1.372e-252,1.372e-252
6.8602e-253,6.8602e-253,6.8602e-253,6.8602e-253,6.8602e-253
3.4301e-253,3.4301e-253,3.4301e-253,3.4301e-253,3.4301e-253
1.7151e-253,1.7151e-253,1.7151e-253,1.7151e-253,1.7151e-253
8.5753e-254,8.5753e-254,8.5753e-254,8.5753e-254,8.5753e-254
4.2877e-254,4.2877e-254,4.2877e-254,4.2877e-254,4.2877e-254
2.1438e-254,2.1438e-254,2.1438e-254,2.1438e-254,2.1438e-254
1.0719e-254,1.0719e-254,1.0719e-254,1.0719e-254,1.0719e-254
5.3596e-255,5.3596e-255,5.3596e-255,5.3596e-255,5.3596e-255
2.6798e-255,2.6798e-255,2.6798e-255,2.6798e-255,2.6798e-255
1.3399e-255,1.3399e-255,1.3399e-255,1.3399e-255,1.3399e-255
6.6995e-256,6.6995e-256,6.6995e-256,6.6995e-256,6.6995e-256
3.3497e-256,3.3497e-256,3.3497e-256,3.3497e-256,3.3497e-256
1.6749e-256,1.6749e-256,1.6749e-256,1.6749e-256,1.6749e-256
8.3743e-257,8.3743e-257,8.3743e-257,8.3743e-257,8.3743e-257
4.1872e-257,4.1872e-257,4.1872e-257,4.1872e-257,4.1872e-257
2.0936e-257,2.0936e-257,2.0936e-257,2.0936e-257,2.0936e-257
1.0468e-257,1.0468e-257,1.0468e-257,1.0468e-257,1.0468e-257
5.234e-258,5.234e-258,5.234e-258,5.234e-258,5.234e-258
2.617e-258,2.617e-258,2.617e-258,2.617e-258,2.617e-258
1.3085e-258,1.3085e-258,1.3085e-258,1.3085e-258,1.3085e-258
6.5424e-259,6.5424e-259,6.5424e-259,6.5424e-259,6.5424e-259
3.2712e-259,3.2712e-259,3.2712e-259,3.2712e-259,3.2712e-259
1.6356e-259,1.6356e-259,1.6356e-259,1.6356e-259,1.6356e-259
8.1781e-260,8.1781e-260,8.1781e-260,8.1781e-260,8.1781e-260
4.089e-260,4.089e-260,4.089e-260,4.089e-260,4.089e-260
2.0445e-260,2.0445e-260,2.0445e-260,2.0445e-260,2.0445e-260
1.0223e-260,1.0223e-260,1.0223e-260,1.0223e-260,1.0223e-260
5.1113e-261,5.1113e-261,5.1113e-261,5.1113e-261,5.1113e-261
2.5556e-261,2.5556e-261,2.5556e-261,2.5556e-261,2.5556e-261
1.2778e-261,1.2778e-261,1.2778e-261,1.2778e-261,1.2778e-261
6.3891e-262,6.3891e-262,6.3891e-262,6.3891e-262,6.3891e-262
3.1946e-262,3.1946e-262,3.1946e-262,3.1946e-262,3.1946e-262
1.5973e-262,1.5973e-262,1.5973e-262,1.5973e-262,1.5973e-262
7.9864e-263,7.9864e-263,7.9864e-263,7.9864e-263,7.9864e-263
3.9932e-263,3.9932e-263,3.9932e-263,3.9932e-263,3.9932e-263
1.9966e-263,1.9966e-263,1.9966e-263,1.9966e-263,1.9966e-263
9.983e-264,9.983e-264,9.983e-264,9.983e-264,9.983e-264
4.9915e-264,4.9915e-264,4.9915e-264,4.9915e-264,4.9915e-264
2.4957e-264,2.4957e-264,2.4957e-264,2.4957e-264,2.4957e-264
1.2479e-264,1.2479e-264,1.2479e-264,1.2479e-264,1.2479e-264
6.2394e-265,6.2394e-265,6.2394e-265,6.2394e-265,6.2394e-265
3.1197e-265,3.1197e-265,3.1197e-265,3.1197e-265,3.1197e-265
1.5598e-265,1.5598e-265,1.5598e-265,1.5598e-265,1.5598e-265
7.7992e-266,7.7992e-266,7.7992e-266,7.7992e-266,7.7992e-266
3.8996e-266,3.8996e-266,3.8996e-266,3.8996e-266,3.8996e-266
1.9498e-266,1.9498e-266,1.9498e-266,1.9498e-266,1.9498e-266
9.749e-267,9.749e-267,9.749e-267,9.749e-267,9.749e-267
4.8745e-267,4.8745e-267,4.8745e-267,4.8745e-267,4.8745e-267
2.4372e-267,2.4372e-267,2.4372e-267,2.4372e-267,2.4372e-267
1.2186e-267,1.2186e-267,1.2186e-267,1.2186e-267,1.2186e-267
6.0931e-268,6.0931e-268,6.0931e-268,6.0931e-268,6.0931e-268
3.0466e-268,3.0466e-268,3.0466e-268,3.0466e-268,3.0466e-268
1.5233e-268,1.5233e-268,1.5233e-268,1.5233e-268,1.5233e-268
7.6164e-269,7.6164e-269,7.6164e-269,7.6164e-269,7.6164e-269
3.8082e-269,3.8082e-269,3.8082e-269,3.8082e-269,3.8082e-269
1.9041e-269,1.9041e-269,1.9041e-269,1.9041e-269,1.9041e-269
9.5205e-270,9.5205e-270,9.5205e-270,9.5205e-270,9.5205e-270
4.7603e-270,4.7603e-270,4.7603e-270,4.7603e-270,4.7603e-270
2.3801e-270,2.3801e-270,2.3801e-270,2.3801e-270,2.3801e-270
1.1901e-270,1.1901e-270,1.1901e-270,1.1901e-270,1.1901e-270
5.9503e-271,5.9503e-271,5.9503e-271,5.9503e-271,5.9503e-271
2.9752e-271,2.9752e-271,2.9752e-271,2.9752e-271,2.9752e-271
1.4876e-271,1.4876e-271,1.4876e-271,1.4876e-271,1.4876e-271
7.4379e-272,7.4379e-272,7.4379e-272,7.4379e-272,7.4379e-272
3.7189e-272,3.7189e-272,3.7189e-272,3.7189e-272,3.7189e-272
1.8595e-272,1.8595e-272,1.8595e-272,1.8595e-272,1.8595e-272
9.2974e-273,9.2974e-273,9.2974e-273,9.2974e-273,9.2974e-273
4.6487e-273,4.6487e-273,4.6487e-273,4.6487e-273,4.6487e-273
2.3243e-273,2.3243e-273,2.3243e-273,2.3243e-273,2.3243e-273
1.1622e-273,1.1622e-273,1.1622e-273,1.1622e-273,1.1622e-273
5.8109e-274,5.8109e-274,5.8109e-274,5.8109e-274,5.8109e-274
2.9054e-274,2.9054e-274,2.9054e-274,2.9054e-274,2.9054e-274
1.4527e-274,1.4527e-274,1.4527e-274,1.4527e-274,1.4527e-274
7.2636e-275,7.2636e-275,7.2636e-275,7.2636e-275,7.2636e-275
3.6318e-275,3.6318e-275,3.6318e-275,3.6318e-275,3.6318e-275
1.8159e-275,1.8159e-275,1.8159e-275,1.8159e-275,1.8159e-275
9.0795e-276,9.0795e-276,9.0795e-276,9.0795e-276,9.0795e-276
4.5397e-276,4.5397e-276,4.5397e-276,4.5397e-276,4.5397e-276
2.2699e-276,2.2699e-276,2.2699e-276,2.2699e-276,2.2699e-276
1.1349e-276,1.1349e-276,1.1349e-276,1.1349e-276,1.1349e-276
5.6747e-277,5.6747e-277,5.6747e-277,5.6747e-277,5.6747e-277
2.8373e-277,2.8373e-277,2.8373e-277,2.8373e-277,2.8373e-277
1.4187e-277,1.4187e-277,1.4187e-277,1.4187e-277,1.4187e-277
7.0933e-278,7.0933e-278,7.0933e-278,7.0933e-278,7.0933e-278
3.5467e-278,3.5467e-278,3.5467e-278,3.5467e-278,3.5467e-278
1.7733e-278,1.7733e-278,1.7733e-278,1.7733e-278,1.7733e-278
8.8667e-279,8.8667e-279,8.8667e-279,8.8667e-279,8.8667e-279
4.4333e-279,4.4333e-279,4.4333e-279,4.4333e-279,4.4333e-279
2.2167e-279,2.2167e-279,2.2167e-279,2.2167e-279,2.2167e-279
1.1083e-279,1.1083e-279,1.1083e-279,1.1083e-279,1.1083e-279
5.5417e-280,5.5417e-280,5.5417e-280,5.5417e-280,5.5417e-280
2.7708e-280,2.7708e-280,2.7708e-280,2.7708e-280,2.7708e-280
1.3854e-280,1.3854e-280,1.3854e-280,1.3854e-280,1.3854e-280
6.9271e-281,6.9271e-281,6.9271e-281,6.9271e-281,6.9271e-281
3.4635e-281,3.4635e-281,3.4635e-281,3.4635e-281,3.4635e-281
1.7318e-281,1.7318e-281,1.7318e-281,1.7318e-281,1.7318e-281
8.6588e-282,8.6588e-282,8.6588e-282,8.6588e-282,8.6588e-282
4.3294e-282,4.3294e-282,4.3294e-282,4.3294e-282,4.3294e-282
2.1647e-282,2.1647e-282,2.1647e-282,2.1647e-282,2.1647e-282
1.0824e-282,1.0824e-282,1.0824e-282,1.0824e-282,1.0824e-282
5.4118e-283,5.4118e-283,5.4118e-283,5.4118e-283,5.4118e-283
2.7059e-283,2.7059e-283,2.7059e-283,2.7059e-283,2.7059e-283
1.3529e-283,1.3529e-283,1.3529e-283,1.3529e-283,1.3529e-283
6.7647e-284,6.7647e-284,6.7647e-284,6.7647e-284,6.7647e-284
3.3824e-284,3.3824e-284,3.3824e-284,3.3824e-284,3.3824e-284
1.6912e-284,1.6912e-284,1.6912e-284,1.6912e-284,1.6912e-284
8.4559e-285,8.4559e-285,8.4559e-285,8.4559e-285,8.4559e-285
4.228e-285,4.228e-285,4.228e-285,4.228e-285,4.228e-285
2.114e-285,2.114e-285,2.114e-285,2.114e-285,2.114e-285
1.057e-285,1.057e-285,1.057e-285,1.057e-285,1.057e-285
5.2849e-286,5.2849e-286,5.2849e-286,5.2849e-286,5.2849e-286
2.6425e-286,2.6425e-286,2.6425e-286,2.6425e-286,2.6425e-286
1.3212e-286,1.3212e-286,1.3212e-286,1.3212e-286,1.3212e-286
6.6062e-287,6.6062e-287,6.6062e-287,6.6062e-287,6.6062e-287
3.3031e-287,3.3031e-287,3.3031e-287,3.3031e-287,3.3031e-287
1.6515e-287,1.6515e-287,1.6515e-287,1.6515e-287,1.6515e-287
8.2577e-288,8.2577e-288,8.2577e-288,8.2577e-288,8.2577e-288
4.1289e-288,4.1289e-288,4.1289e-288,4.1289e-288,4.1289e-288
2.0644e-288,2.0644e-288,2.0644e-288,2.0644e-288,2.0644e-288
1.0322e-288,1.0322e-288,1.0322e-288,1.0322e-288,1.0322e-288
5.1611e-289,5.1611e-289,5.1611e-289,5.1611e-289,5.1611e-289
2.5805e-289,2.5805e-289,2.5805e-289,2.5805e-289,2.5805e-289
1.2903e-289,1.2903e-289,1.2903e-289,1.2903e-289,1.2903e-289
6.4513e-290,6.4513e-290,6.4513e-290,6.4513e-290,6.4513e-290
3.2257e-290,3.2257e-290,3.2257e-290,3.2257e-290,3.2257e-290
1.6128e-290,1.6128e-290,1.6128e-290,1.6128e-290,1.6128e-290
8.0642e-291,8.0642e-291,8.0642e-291,8.0642e-291,8.0642e-291
4.0321e-291,4.0321e-291,4.0321e-291,4.0321e-291,4.0321e-291
2.016e-291,2.016e-291,2.016e-291,2.016e-291,2.016e-291
1.008e-291,1.008e-291,1.008e-291,1.008e-291,1.008e-291
5.0401e-292,5.0401e-292,5.0401e-292,5.0401e-292,5.0401e-292
2.5201e-292,2.5201e-292,2.5201e-292,2.5201e-292,2.5201e-292
1.26e-292,1.26e-292,1.26e-292,1.26e-292,1.26e-292
6.3001e-293,6.3001e-293,6.3001e-293,6.3001e-293,6.3001e-293
3.1501e-293,3.1501e-293,3.1501e-293,3.1501e-293,3.1501e-293
1.575e-293,1.575e-293,1.575e-293,1.575e-293,1.575e-293
7.8752e-294,7.8752e-294,7.8752e-294,7.8752e-294,7.8752e-294
3.9376e-294,3.9376e-294,3.9376e-294,3.9376e-294,3.9376e-294
1.9688e-294,1.9688e-294,1.9688e-294,1.9688e-294,1.9688e-294
9.844e-295,9.844e-295,9.844e-295,9.844e-295,9.844e-295
4.922e-295,4.922e-295,4.922e-295,4.922e-295,4.922e-295
2.461e-295,2.461e-295,2.461e-295,2.461e-295,2.461e-295
1.2305e-295,1.2305e-295,1.2305e-295,1.2305e-295,1.2305e-295
6.1525e-296,6.1525e-296,6.1525e-296,6.1525e-296,6.1525e-296
3.0762e-296,3.0762e-296,3.0762e-296,3.0762e-296,3.0762e-296
1.5381e-296,1.5381e-296,1.5381e-296,1.5381e-296,1.5381e-296
7.6906e-297,7.6906e-297,7.6906e-297,7.6906e-297,7.6906e-297
3.8453e-297,3.8453e-297,3.8453e-297,3.8453e-297,3.8453e-297
1.9227e-297,1.9227e-297,1.9227e-297,1.9227e-297,1.9227e-297
9.6133e-298,9.6133e-298,9.6133e-298,9.6133e-298,9.6133e-298
4.8066e-298,4.8066e-298,4.8066e-298,4.8066e-298,4.8066e-298
2.4033e-298,2.4033e-298,2.4033e-298,2.4033e-298,2.4033e-298
1.2017e-298,1.2017e-298,1.2017e-298,1.2017e-298,1.2017e-298
6.0083e-299,6.0083e-299,6.0083e-299,6.0083e-299,6.0083e-299
3.0041e-299,3.0041e-299,3.0041e-299,3.0041e-299,3.0041e-299
1.5021e-299,1.5021e-299,1.5021e-299,1.5021e-299,1.5021e-299
7.5104e-300,7.5104e-300,7.5104e-300,7.5104e-300,7.5104e-300
3.7552e-300,3.7552e-300,3.7552e-300,3.7552e-300,3.7552e-300
1.8776e-300,1.8776e-300,1.8776e-300,1.8776e-300,1.8776e-300
9.3879e-301,9.3879e-301,9.3879e-301,9.3879e-301,9.3879e-301
4.694e-301,4.694e-301,4.694e-301,4.694e-301,4.694e-301
2.347e-301,2.347e-301,2.347e-301,2.347e-301,2.347e-301
1.1735e-301,1.1735e-301,1.1735e-301,1.1735e-301,1.1735e-301
5.8675e-302,5.8675e-302,5.8675e-302,5.8675e-302,5.8675e-302
2.9337e-302,2.9337e-302,2.9337e-302,2.9337e-302,2.9337e-302
