0.1,0.2,0.3,0.5,0.6
0.1134,0.0906,0.1233,0.1365,0.1062
0.053907,0.061276,0.060556,0.061887,0.064666
0.034921,0.032582,0.034619,0.035174,0.033075
0.019167,0.020014,0.019679,0.019695,0.020181
0.011763,0.011461,0.011666,0.011706,0.011475
0.0068194,0.0069315,0.0068746,0.00687,0.0069428
0.0041264,0.004085,0.0041103,0.0041143,0.0040845
0.0024433,0.0024589,0.0024503,0.0024494,0.0024599
0.001471,0.0014652,0.0014686,0.0014691,0.001465
0.00087814,0.00088033,0.0008791,0.00087894,0.00088045
0.00052763,0.00052681,0.00052729,0.00052735,0.00052678
0.00031596,0.00031627,0.00031609,0.00031607,0.00031629
0.00018969,0.00018957,0.00018964,0.00018965,0.00018957
0.00011373,0.00011377,0.00011375,0.00011374,0.00011377
6.8253e-05,6.8236e-05,6.8245e-05,6.8247e-05,6.8235e-05
4.094e-05,4.0946e-05,4.0942e-05,4.0942e-05,4.0946e-05
2.4566e-05,2.4564e-05,2.4565e-05,2.4565e-05,2.4564e-05
1.4738e-05,1.4739e-05,1.4738e-05,1.4738e-05,1.4739e-05
8.8432e-06,8.8429e-06,8.843e-06,8.8431e-06,8.8428e-06
5.3057e-06,5.3058e-06,5.3057e-06,5.3057e-06,5.3058e-06
3.1835e-06,3.1834e-06,3.1834e-06,3.1834e-06,3.1834e-06
1.91e-06,1.9101e-06,1.9101e-06,1.9101e-06,1.9101e-06
1.146e-06,1.146e-06,1.146e-06,1.146e-06,1.146e-06
6.8762e-07,6.8762e-07,6.8762e-07,6.8762e-07,6.8762e-07
4.1257e-07,4.1257e-07,4.1257e-07,4.1257e-07,4.1257e-07
2.4754e-07,2.4754e-07,2.4754e-07,2.4754e-07,2.4754e-07
1.4853e-07,1.4853e-07,1.4853e-07,1.4853e-07,1.4853e-07
8.9115e-08,8.9115e-08,8.9115e-08,8.9115e-08,8.9115e-08
5.3469e-08,5.3469e-08,5.3469e-08,5.3469e-08,5.3469e-08
3.2081e-08,3.2081e-08,3.2081e-08,3.2081e-08,3.2081e-08
1.9249e-08,1.9249e-08,1.9249e-08,1.9249e-08,1.9249e-08
1.1549e-08,1.1549e-08,1.1549e-08,1.1549e-08,1.1549e-08
6.9296e-09,6.9296e-09,6.9296e-09,6.9296e-09,6.9296e-09
4.1578e-09,4.1578e-09,4.1578e-09,4.1578e-09,4.1578e-09
2.4947e-09,2.4947e-09,2.4947e-09,2.4947e-09,2.4947e-09
1.4968e-09,1.4968e-09,1.4968e-09,1.4968e-09,1.4968e-09
8.9807e-10,8.9807e-10,8.9807e-10,8.9807e-10,8.9807e-10
5.3884e-10,5.3884e-10,5.3884e-10,5.3884e-10,5.3884e-10
3.2331e-10,3.2331e-10,3.2331e-10,3.2331e-10,3.2331e-10
1.9398e-10,1.9398e-10,1.9398e-10,1.9398e-10,1.9398e-10
1.1639e-10,1.1639e-10,1.1639e-10,1.1639e-10,1.1639e-10
6.9834e-11,6.9834e-11,6.9834e-11,6.9834e-11,6.9834e-11
4.1901e-11,4.1901e-11,4.1901e-11,4.1901e-11,4.1901e-11
2.514e-11,2.514e-11,2.514e-11,2.514e-11,2.514e-11
1.5084e-11,1.5084e-11,1.5084e-11,1.5084e-11,1.5084e-11
9.0505e-12,9.0505e-12,9.0505e-12,9.0505e-12,9.0505e-12
5.4303e-12,5.4303e-12,5.4303e-12,5.4303e-12,5.4303e-12
3.2582e-12,3.2582e-12,3.2582e-12,3.2582e-12,3.2582e-12
1.9549e-12,1.9549e-12,1.9549e-12,1.9549e-12,1.9549e-12
1.1729e-12,1.1729e-12,1.1729e-12,1.1729e-12,1.1729e-12
7.0377e-13,7.0377e-13,7.0377e-13,7.0377e-13,7.0377e-13
4.2226e-13,4.2226e-13,4.2226e-13,4.2226e-13,4.2226e-13
2.5336e-13,2.5336e-13,2.5336e-13,2.5336e-13,2.5336e-13
1.5201e-13,1.5201e-13,1.5201e-13,1.5201e-13,1.5201e-13
9.1208e-14,9.1208e-14,9.1208e-14,9.1208e-14,9.1208e-14
5.4725e-14,5.4725e-14,5.4725e-14,5.4725e-14,5.4725e-14
3.2835e-14,3.2835e-14,3.2835e-14,3.2835e-14,3.2835e-14
1.9701e-14,1.9701e-14,1.9701e-14,1.9701e-14,1.9701e-14
1.1821e-14,1.1821e-14,1.1821e-14,1.1821e-14,1.1821e-14
7.0924e-15,7.0924e-15,7.0924e-15,7.0924e-15,7.0924e-15
4.2554e-15,4.2554e-15,4.2554e-15,4.2554e-15,4.2554e-15
2.5533e-15,2.5533e-15,2.5533e-15,2.5533e-15,2.5533e-15
1.532e-15,1.532e-15,1.532e-15,1.532e-15,1.532e-15
9.1917e-16,9.1917e-16,9.1917e-16,9.1917e-16,9.1917e-16
5.515e-16,5.515e-16,5.515e-16,5.515e-16,5.515e-16
3.309e-16,3.309e-16,3.309e-16,3.309e-16,3.309e-16
1.9854e-16,1.9854e-16,1.9854e-16,1.9854e-16,1.9854e-16
1.1912e-16,1.1912e-16,1.1912e-16,1.1912e-16,1.1912e-16
7.1475e-17,7.1475e-17,7.1475e-17,7.1475e-17,7.1475e-17
4.2885e-17,4.2885e-17,4.2885e-17,4.2885e-17,4.2885e-17
2.5731e-17,2.5731e-17,2.5731e-17,2.5731e-17,2.5731e-17
1.5439e-17,1.5439e-17,1.5439e-17,1.5439e-17,1.5439e-17
9.2631e-18,9.2631e-18,9.2631e-18,9.2631e-18,9.2631e-18
5.5579e-18,5.5579e-18,5.5579e-18,5.5579e-18,5.5579e-18
3.3347e-18,3.3347e-18,3.3347e-18,3.3347e-18,3.3347e-18
2.0008e-18,2.0008e-18,2.0008e-18,2.0008e-18,2.0008e-18
1.2005e-18,1.2005e-18,1.2005e-18,1.2005e-18,1.2005e-18
7.203e-19,7.203e-19,7.203e-19,7.203e-19,7.203e-19
4.3218e-19,4.3218e-19,4.3218e-19,4.3218e-19,4.3218e-19
2.5931e-19,2.5931e-19,2.5931e-19,2.5931e-19,2.5931e-19
1.5558e-19,1.5558e-19,1.5558e-19,1.5558e-19,1.5558e-19
9.3351e-20,9.3351e-20,9.3351e-20,9.3351e-20,9.3351e-20
5.6011e-20,5.6011e-20,5.6011e-20,5.6011e-20,5.6011e-20
3.3606e-20,3.3606e-20,3.3606e-20,3.3606e-20,3.3606e-20
2.0164e-20,2.0164e-20,2.0164e-20,2.0164e-20,2.0164e-20
1.2098e-20,1.2098e-20,1.2098e-20,1.2098e-20,1.2098e-20
7.259e-21,7.259e-21,7.259e-21,7.259e-21,7.259e-21
4.3554e-21,4.3554e-21,4.3554e-21,4.3554e-21,4.3554e-21
2.6132e-21,2.6132e-21,2.6132e-21,2.6132e-21,2.6132e-21
1.5679e-21,1.5679e-21,1.5679e-21,1.5679e-21,1.5679e-21
9.4076e-22,9.4076e-22,9.4076e-22,9.4076e-22,9.4076e-22
5.6446e-22,5.6446e-22,5.6446e-22,5.6446e-22,5.6446e-22
3.3867e-22,3.3867e-22,3.3867e-22,3.3867e-22,3.3867e-22
2.032e-22,2.032e-22,2.032e-22,2.032e-22,2.032e-22
1.2192e-22,1.2192e-22,1.2192e-22,1.2192e-22,1.2192e-22
7.3154e-23,7.3154e-23,7.3154e-23,7.3154e-23,7.3154e-23
4.3892e-23,4.3892e-23,4.3892e-23,4.3892e-23,4.3892e-23
2.6335e-23,2.6335e-23,2.6335e-23,2.6335e-23,2.6335e-23
1.5801e-23,1.5801e-23,1.5801e-23,1.5801e-23,1.5801e-23
9.4807e-24,9.4807e-24,9.4807e-24,9.4807e-24,9.4807e-24
5.6884e-24,5.6884e-24,5.6884e-24,5.6884e-24,5.6884e-24
3.4131e-24,3.4131e-24,3.4131e-24,3.4131e-24,3.4131e-24
2.0478e-24,2.0478e-24,2.0478e-24,2.0478e-24,2.0478e-24
1.2287e-24,1.2287e-24,1.2287e-24,1.2287e-24,1.2287e-24
7.3722e-25,7.3722e-25,7.3722e-25,7.3722e-25,7.3722e-25
4.4233e-25,4.4233e-25,4.4233e-25,4.4233e-25,4.4233e-25
2.654e-25,2.654e-25,2.654e-25,2.654e-25,2.654e-25
1.5924e-25,1.5924e-25,1.5924e-25,1.5924e-25,1.5924e-25
9.5544e-26,9.5544e-26,9.5544e-26,9.5544e-26,9.5544e-26
5.7326e-26,5.7326e-26,5.7326e-26,5.7326e-26,5.7326e-26
3.4396e-26,3.4396e-26,3.4396e-26,3.4396e-26,3.4396e-26
2.0637e-26,2.0637e-26,2.0637e-26,2.0637e-26,2.0637e-26
1.2382e-26,1.2382e-26,1.2382e-26,1.2382e-26,1.2382e-26
7.4295e-27,7.4295e-27,7.4295e-27,7.4295e-27,7.4295e-27
4.4577e-27,4.4577e-27,4.4577e-27,4.4577e-27,4.4577e-27
2.6746e-27,2.6746e-27,2.6746e-27,2.6746e-27,2.6746e-27
1.6048e-27,1.6048e-27,1.6048e-27,1.6048e-27,1.6048e-27
9.6286e-28,9.6286e-28,9.6286e-28,9.6286e-28,9.6286e-28
5.7772e-28,5.7772e-28,5.7772e-28,5.7772e-28,5.7772e-28
3.4663e-28,3.4663e-28,3.4663e-28,3.4663e-28,3.4663e-28
2.0798e-28,2.0798e-28,2.0798e-28,2.0798e-28,2.0798e-28
1.2479e-28,1.2479e-28,1.2479e-28,1.2479e-28,1.2479e-28
7.4872e-29,7.4872e-29,7.4872e-29,7.4872e-29,7.4872e-29
4.4923e-29,4.4923e-29,4.4923e-29,4.4923e-29,4.4923e-29
2.6954e-29,2.6954e-29,2.6954e-29,2.6954e-29,2.6954e-29
1.6172e-29,1.6172e-29,1.6172e-29,1.6172e-29,1.6172e-29
9.7034e-30,9.7034e-30,9.7034e-30,9.7034e-30,9.7034e-30
5.8221e-30,5.8221e-30,5.8221e-30,5.8221e-30,5.8221e-30
3.4932e-30,3.4932e-30,3.4932e-30,3.4932e-30,3.4932e-30
2.0959e-30,2.0959e-30,2.0959e-30,2.0959e-30,2.0959e-30
1.2576e-30,1.2576e-30,1.2576e-30,1.2576e-30,1.2576e-30
7.5454e-31,7.5454e-31,7.5454e-31,7.5454e-31,7.5454e-31
4.5272e-31,4.5272e-31,4.5272e-31,4.5272e-31,4.5272e-31
2.7163e-31,2.7163e-31,2.7163e-31,2.7163e-31,2.7163e-31
1.6298e-31,1.6298e-31,1.6298e-31,1.6298e-31,1.6298e-31
9.7788e-32,9.7788e-32,9.7788e-32,9.7788e-32,9.7788e-32
5.8673e-32,5.8673e-32,5.8673e-32,5.8673e-32,5.8673e-32
3.5204e-32,3.5204e-32,3.5204e-32,3.5204e-32,3.5204e-32
2.1122e-32,2.1122e-32,2.1122e-32,2.1122e-32,2.1122e-32
1.2673e-32,1.2673e-32,1.2673e-32,1.2673e-32,1.2673e-32
7.604e-33,7.604e-33,7.604e-33,7.604e-33,7.604e-33
4.5624e-33,4.5624e-33,4.5624e-33,4.5624e-33,4.5624e-33
2.7374e-33,2.7374e-33,2.7374e-33,2.7374e-33,2.7374e-33
1.6425e-33,1.6425e-33,1.6425e-33,1.6425e-33,1.6425e-33
9.8548e-34,9.8548e-34,9.8548e-34,9.8548e-34,9.8548e-34
5.9129e-34,5.9129e-34,5.9129e-34,5.9129e-34,5.9129e-34
3.5477e-34,3.5477e-34,3.5477e-34,3.5477e-34,3.5477e-34
2.1286e-34,2.1286e-34,2.1286e-34,2.1286e-34,2.1286e-34
1.2772e-34,1.2772e-34,1.2772e-34,1.2772e-34,1.2772e-34
7.6631e-35,7.6631e-35,7.6631e-35,7.6631e-35,7.6631e-35
4.5979e-35,4.5979e-35,4.5979e-35,4.5979e-35,4.5979e-35
2.7587e-35,2.7587e-35,2.7587e-35,2.7587e-35,2.7587e-35
1.6552e-35,1.6552e-35,1.6552e-35,1.6552e-35,1.6552e-35
9.9314e-36,9.9314e-36,9.9314e-36,9.9314e-36,9.9314e-36
5.9588e-36,5.9588e-36,5.9588e-36,5.9588e-36,5.9588e-36
3.5753e-36,3.5753e-36,3.5753e-36,3.5753e-36,3.5753e-36
2.1452e-36,2.1452e-36,2.1452e-36,2.1452e-36,2.1452e-36
1.2871e-36,1.2871e-36,1.2871e-36,1.2871e-36,1.2871e-36
7.7226e-37,7.7226e-37,7.7226e-37,7.7226e-37,7.7226e-37
4.6336e-37,4.6336e-37,4.6336e-37,4.6336e-37,4.6336e-37
2.7801e-37,2.7801e-37,2.7801e-37,2.7801e-37,2.7801e-37
1.6681e-37,1.6681e-37,1.6681e-37,1.6681e-37,1.6681e-37
1.0009e-37,1.0009e-37,1.0009e-37,1.0009e-37,1.0009e-37
6.0051e-38,6.0051e-38,6.0051e-38,6.0051e-38,6.0051e-38
3.6031e-38,3.6031e-38,3.6031e-38,3.6031e-38,3.6031e-38
2.1618e-38,2.1618e-38,2.1618e-38,2.1618e-38,2.1618e-38
1.2971e-38,1.2971e-38,1.2971e-38,1.2971e-38,1.2971e-38
7.7826e-39,7.7826e-39,7.7826e-39,7.7826e-39,7.7826e-39
4.6696e-39,4.6696e-39,4.6696e-39,4.6696e-39,4.6696e-39
2.8017e-39,2.8017e-39,2.8017e-39,2.8017e-39,2.8017e-39
1.681e-39,1.681e-39,1.681e-39,1.681e-39,1.681e-39
1.0086e-39,1.0086e-39,1.0086e-39,1.0086e-39,1.0086e-39
6.0518e-40,6.0518e-40,6.0518e-40,6.0518e-40,6.0518e-40
3.6311e-40,3.6311e-40,3.6311e-40,3.6311e-40,3.6311e-40
2.1786e-40,2.1786e-40,2.1786e-40,2.1786e-40,2.1786e-40
1.3072e-40,1.3072e-40,1.3072e-40,1.3072e-40,1.3072e-40
7.8431e-41,7.8431e-41,7.8431e-41,7.8431e-41,7.8431e-41
4.7059e-41,4.7059e-41,4.7059e-41,4.7059e-41,4.7059e-41
2.8235e-41,2.8235e-41,2.8235e-41,2.8235e-41,2.8235e-41
1.6941e-41,1.6941e-41,1.6941e-41,1.6941e-41,1.6941e-41
1.0165e-41,1.0165e-41,1.0165e-41,1.0165e-41,1.0165e-41
6.0988e-42,6.0988e-42,6.0988e-42,6.0988e-42,6.0988e-42
3.6593e-42,3.6593e-42,3.6593e-42,3.6593e-42,3.6593e-42
2.1956e-42,2.1956e-42,2.1956e-42,2.1956e-42,2.1956e-42
1.3173e-42,1.3173e-42,1.3173e-42,1.3173e-42,1.3173e-42
7.904e-43,7.904e-43,7.904e-43,7.904e-43,7.904e-43
4.7424e-43,4.7424e-43,4.7424e-43,4.7424e-43,4.7424e-43
2.8455e-43,2.8455e-43,2.8455e-43,2.8455e-43,2.8455e-43
1.7073e-43,1.7073e-43,1.7073e-43,1.7073e-43,1.7073e-43
1.0244e-43,1.0244e-43,1.0244e-43,1.0244e-43,1.0244e-43
6.1462e-44,6.1462e-44,6.1462e-44,6.1462e-44,6.1462e-44
3.6877e-44,3.6877e-44,3.6877e-44,3.6877e-44,3.6877e-44
2.2126e-44,2.2126e-44,2.2126e-44,2.2126e-44,2.2126e-44
1.3276e-44,1.3276e-44,1.3276e-44,1.3276e-44,1.3276e-44
7.9654e-45,7.9654e-45,7.9654e-45,7.9654e-45,7.9654e-45
4.7793e-45,4.7793e-45,4.7793e-45,4.7793e-45,4.7793e-45
2.8676e-45,2.8676e-45,2.8676e-45,2.8676e-45,2.8676e-45
1.7205e-45,1.7205e-45,1.7205e-45,1.7205e-45,1.7205e-45
1.0323e-45,1.0323e-45,1.0323e-45,1.0323e-45,1.0323e-45
6.1939e-46,6.1939e-46,6.1939e-46,6.1939e-46,6.1939e-46
3.7164e-46,3.7164e-46,3.7164e-46,3.7164e-46,3.7164e-46
2.2298e-46,2.2298e-46,2.2298e-46,2.2298e-46,2.2298e-46
1.3379e-46,1.3379e-46,1.3379e-46,1.3379e-46,1.3379e-46
8.0273e-47,8.0273e-47,8.0273e-47,8.0273e-47,8.0273e-47
4.8164e-47,4.8164e-47,4.8164e-47,4.8164e-47,4.8164e-47
2.8898e-47,2.8898e-47,2.8898e-47,2.8898e-47,2.8898e-47
1.7339e-47,1.7339e-47,1.7339e-47,1.7339e-47,1.7339e-47
1.0403e-47,1.0403e-47,1.0403e-47,1.0403e-47,1.0403e-47
6.2421e-48,6.2421e-48,6.2421e-48,6.2421e-48,6.2421e-48
3.7452e-48,3.7452e-48,3.7452e-48,3.7452e-48,3.7452e-48
2.2471e-48,2.2471e-48,2.2471e-48,2.2471e-48,2.2471e-48
1.3483e-48,1.3483e-48,1.3483e-48,1.3483e-48,1.3483e-48
8.0897e-49,8.0897e-49,8.0897e-49,8.0897e-49,8.0897e-49
4.8538e-49,4.8538e-49,4.8538e-49,4.8538e-49,4.8538e-49
2.9123e-49,2.9123e-49,2.9123e-49,2.9123e-49,2.9123e-49
1.7474e-49,1.7474e-49,1.7474e-49,1.7474e-49,1.7474e-49
1.0484e-49,1.0484e-49,1.0484e-49,1.0484e-49,1.0484e-49
6.2906e-50,6.2906e-50,6.2906e-50,6.2906e-50,6.2906e-50
3.7743e-50,3.7743e-50,3.7743e-50,3.7743e-50,3.7743e-50
2.2646e-50,2.2646e-50,2.2646e-50,2.2646e-50,2.2646e-50
1.3588e-50,1.3588e-50,1.3588e-50,1.3588e-50,1.3588e-50
8.1526e-51,8.1526e-51,8.1526e-51,8.1526e-51,8.1526e-51
4.8915e-51,4.8915e-51,4.8915e-51,4.8915e-51,4.8915e-51
2.9349e-51,2.9349e-51,2.9349e-51,2.9349e-51,2.9349e-51
1.761e-51,1.761e-51,1.761e-51,1.761e-51,1.761e-51
1.0566e-51,1.0566e-51,1.0566e-51,1.0566e-51,1.0566e-51
6.3394e-52,6.3394e-52,6.3394e-52,6.3394e-52,6.3394e-52
3.8037e-52,3.8037e-52,3.8037e-52,3.8037e-52,3.8037e-52
2.2822e-52,2.2822e-52,2.2822e-52,2.2822e-52,2.2822e-52
1.3693e-52,1.3693e-52,1.3693e-52,1.3693e-52,1.3693e-52
8.2159e-53,8.2159e-53,8.2159e-53,8.2159e-53,8.2159e-53
4.9295e-53,4.9295e-53,4.9295e-53,4.9295e-53,4.9295e-53
2.9577e-53,2.9577e-53,2.9577e-53,2.9577e-53,2.9577e-53
1.7746e-53,1.7746e-53,1.7746e-53,1.7746e-53,1.7746e-53
1.0648e-53,1.0648e-53,1.0648e-53,1.0648e-53,1.0648e-53
6.3887e-54,6.3887e-54,6.3887e-54,6.3887e-54,6.3887e-54
3.8332e-54,3.8332e-54,3.8332e-54,3.8332e-54,3.8332e-54
2.2999e-54,2.2999e-54,2.2999e-54,2.2999e-54,2.2999e-54
1.38e-54,1.38e-54,1.38e-54,1.38e-54,1.38e-54
8.2797e-55,8.2797e-55,8.2797e-55,8.2797e-55,8.2797e-55
4.9678e-55,4.9678e-55,4.9678e-55,4.9678e-55,4.9678e-55
2.9807e-55,2.9807e-55,2.9807e-55,2.9807e-55,2.9807e-55
1.7884e-55,1.7884e-55,1.7884e-55,1.7884e-55,1.7884e-55
1.0731e-55,1.0731e-55,1.0731e-55,1.0731e-55,1.0731e-55
6.4383e-56,6.4383e-56,6.4383e-56,6.4383e-56,6.4383e-56
3.863e-56,3.863e-56,3.863e-56,3.863e-56,3.863e-56
2.3178e-56,2.3178e-56,2.3178e-56,2.3178e-56,2.3178e-56
1.3907e-56,1.3907e-56,1.3907e-56,1.3907e-56,1.3907e-56
8.3441e-57,8.3441e-57,8.3441e-57,8.3441e-57,8.3441e-57
5.0064e-57,5.0064e-57,5.0064e-57,5.0064e-57,5.0064e-57
3.0039e-57,3.0039e-57,3.0039e-57,3.0039e-57,3.0039e-57
1.8023e-57,1.8023e-57,1.8023e-57,1.8023e-57,1.8023e-57
1.0814e-57,1.0814e-57,1.0814e-57,1.0814e-57,1.0814e-57
6.4883e-58,6.4883e-58,6.4883e-58,6.4883e-58,6.4883e-58
3.893e-58,3.893e-58,3.893e-58,3.893e-58,3.893e-58
2.3358e-58,2.3358e-58,2.3358e-58,2.3358e-58,2.3358e-58
1.4015e-58,1.4015e-58,1.4015e-58,1.4015e-58,1.4015e-58
8.4089e-59,8.4089e-59,8.4089e-59,8.4089e-59,8.4089e-59
5.0453e-59,5.0453e-59,5.0453e-59,5.0453e-59,5.0453e-59
3.0272e-59,3.0272e-59,3.0272e-59,3.0272e-59,3.0272e-59
1.8163e-59,1.8163e-59,1.8163e-59,1.8163e-59,1.8163e-59
1.0898e-59,1.0898e-59,1.0898e-59,1.0898e-59,1.0898e-59
6.5388e-60,6.5388e-60,6.5388e-60,6.5388e-60,6.5388e-60
3.9233e-60,3.9233e-60,3.9233e-60,3.9233e-60,3.9233e-60
2.354e-60,2.354e-60,2.354e-60,2.354e-60,2.354e-60
1.4124e-60,1.4124e-60,1.4124e-60,1.4124e-60,1.4124e-60
8.4742e-61,8.4742e-61,8.4742e-61,8.4742e-61,8.4742e-61
5.0845e-61,5.0845e-61,5.0845e-61,5.0845e-61,5.0845e-61
3.0507e-61,3.0507e-61,3.0507e-61,3.0507e-61,3.0507e-61
1.8304e-61,1.8304e-61,1.8304e-61,1.8304e-61,1.8304e-61
1.0983e-61,1.0983e-61,1.0983e-61,1.0983e-61,1.0983e-61
6.5896e-62,6.5896e-62,6.5896e-62,6.5896e-62,6.5896e-62
3.9537e-62,3.9537e-62,3.9537e-62,3.9537e-62,3.9537e-62
2.3722e-62,2.3722e-62,2.3722e-62,2.3722e-62,2.3722e-62
1.4233e-62,1.4233e-62,1.4233e-62,1.4233e-62,1.4233e-62
8.5401e-63,8.5401e-63,8.5401e-63,8.5401e-63,8.5401e-63
5.124e-63,5.124e-63,5.124e-63,5.124e-63,5.124e-63
3.0744e-63,3.0744e-63,3.0744e-63,3.0744e-63,3.0744e-63
1.8447e-63,1.8447e-63,1.8447e-63,1.8447e-63,1.8447e-63
1.1068e-63,1.1068e-63,1.1068e-63,1.1068e-63,1.1068e-63
6.6408e-64,6.6408e-64,6.6408e-64,6.6408e-64,6.6408e-64
3.9845e-64,3.9845e-64,3.9845e-64,3.9845e-64,3.9845e-64
2.3907e-64,2.3907e-64,2.3907e-64,2.3907e-64,2.3907e-64
1.4344e-64,1.4344e-64,1.4344e-64,1.4344e-64,1.4344e-64
8.6064e-65,8.6064e-65,8.6064e-65,8.6064e-65,8.6064e-65
5.1639e-65,5.1639e-65,5.1639e-65,5.1639e-65,5.1639e-65
3.0983e-65,3.0983e-65,3.0983e-65,3.0983e-65,3.0983e-65
1.859e-65,1.859e-65,1.859e-65,1.859e-65,1.859e-65
1.1154e-65,1.1154e-65,1.1154e-65,1.1154e-65,1.1154e-65
6.6924e-66,6.6924e-66,6.6924e-66,6.6924e-66,6.6924e-66
4.0154e-66,4.0154e-66,4.0154e-66,4.0154e-66,4.0154e-66
2.4092e-66,2.4092e-66,2.4092e-66,2.4092e-66,2.4092e-66
1.4455e-66,1.4455e-66,1.4455e-66,1.4455e-66,1.4455e-66
8.6733e-67,8.6733e-67,8.6733e-67,8.6733e-67,8.6733e-67
5.204e-67,5.204e-67,5.204e-67,5.204e-67,5.204e-67
3.1224e-67,3.1224e-67,3.1224e-67,3.1224e-67,3.1224e-67
1.8734e-67,1.8734e-67,1.8734e-67,1.8734e-67,1.8734e-67
1.1241e-67,1.1241e-67,1.1241e-67,1.1241e-67,1.1241e-67
6.7444e-68,6.7444e-68,6.7444e-68,6.7444e-68,6.7444e-68
4.0466e-68,4.0466e-68,4.0466e-68,4.0466e-68,4.0466e-68
2.428e-68,2.428e-68,2.428e-68,2.428e-68,2.428e-68
1.4568e-68,1.4568e-68,1.4568e-68,1.4568e-68,1.4568e-68
8.7407e-69,8.7407e-69,8.7407e-69,8.7407e-69,8.7407e-69
5.2444e-69,5.2444e-69,5.2444e-69,5.2444e-69,5.2444e-69
3.1466e-69,3.1466e-69,3.1466e-69,3.1466e-69,3.1466e-69
1.888e-69,1.888e-69,1.888e-69,1.888e-69,1.888e-69
1.1328e-69,1.1328e-69,1.1328e-69,1.1328e-69,1.1328e-69
6.7968e-70,6.7968e-70,6.7968e-70,6.7968e-70,6.7968e-70
4.0781e-70,4.0781e-70,4.0781e-70,4.0781e-70,4.0781e-70
2.4468e-70,2.4468e-70,2.4468e-70,2.4468e-70,2.4468e-70
1.4681e-70,1.4681e-70,1.4681e-70,1.4681e-70,1.4681e-70
8.8086e-71,8.8086e-71,8.8086e-71,8.8086e-71,8.8086e-71
5.2852e-71,5.2852e-71,5.2852e-71,5.2852e-71,5.2852e-71
3.1711e-71,3.1711e-71,3.1711e-71,3.1711e-71,3.1711e-71
1.9027e-71,1.9027e-71,1.9027e-71,1.9027e-71,1.9027e-71
1.1416e-71,1.1416e-71,1.1416e-71,1.1416e-71,1.1416e-71
6.8496e-72,6.8496e-72,6.8496e-72,6.8496e-72,6.8496e-72
4.1097e-72,4.1097e-72,4.1097e-72,4.1097e-72,4.1097e-72
2.4658e-72,2.4658e-72,2.4658e-72,2.4658e-72,2.4658e-72
1.4795e-72,1.4795e-72,1.4795e-72,1.4795e-72,1.4795e-72
8.877e-73,8.877e-73,8.877e-73,8.877e-73,8.877e-73
5.3262e-73,5.3262e-73,5.3262e-73,5.3262e-73,5.3262e-73
3.1957e-73,3.1957e-73,3.1957e-73,3.1957e-73,3.1957e-73
1.9174e-73,1.9174e-73,1.9174e-73,1.9174e-73,1.9174e-73
1.1505e-73,1.1505e-73,1.1505e-73,1.1505e-73,1.1505e-73
6.9028e-74,6.9028e-74,6.9028e-74,6.9028e-74,6.9028e-74
4.1417e-74,4.1417e-74,4.1417e-74,4.1417e-74,4.1417e-74
2.485e-74,2.485e-74,2.485e-74,2.485e-74,2.485e-74
1.491e-74,1.491e-74,1.491e-74,1.491e-74,1.491e-74
8.946e-75,8.946e-75,8.946e-75,8.946e-75,8.946e-75
5.3676e-75,5.3676e-75,5.3676e-75,5.3676e-75,5.3676e-75
3.2206e-75,3.2206e-75,3.2206e-75,3.2206e-75,3.2206e-75
1.9323e-75,1.9323e-75,1.9323e-75,1.9323e-75,1.9323e-75
1.1594e-75,1.1594e-75,1.1594e-75,1.1594e-75,1.1594e-75
6.9564e-76,6.9564e-76,6.9564e-76,6.9564e-76,6.9564e-76
4.1738e-76,4.1738e-76,4.1738e-76,4.1738e-76,4.1738e-76
2.5043e-76,2.5043e-76,2.5043e-76,2.5043e-76,2.5043e-76
1.5026e-76,1.5026e-76,1.5026e-76,1.5026e-76,1.5026e-76
9.0155e-77,9.0155e-77,9.0155e-77,9.0155e-77,9.0155e-77
5.4093e-77,5.4093e-77,5.4093e-77,5.4093e-77,5.4093e-77
3.2456e-77,3.2456e-77,3.2456e-77,3.2456e-77,3.2456e-77
1.9473e-77,1.9473e-77,1.9473e-77,1.9473e-77,1.9473e-77
1.1684e-77,1.1684e-77,1.1684e-77,1.1684e-77,1.1684e-77
7.0105e-78,7.0105e-78,7.0105e-78,7.0105e-78,7.0105e-78
4.2063e-78,4.2063e-78,4.2063e-78,4.2063e-78,4.2063e-78
2.5238e-78,2.5238e-78,2.5238e-78,2.5238e-78,2.5238e-78
1.5143e-78,1.5143e-78,1.5143e-78,1.5143e-78,1.5143e-78
9.0856e-79,9.0856e-79,9.0856e-79,9.0856e-79,9.0856e-79
5.4513e-79,5.4513e-79,5.4513e-79,5.4513e-79,5.4513e-79
3.2708e-79,3.2708e-79,3.2708e-79,3.2708e-79,3.2708e-79
1.9625e-79,1.9625e-79,1.9625e-79,1.9625e-79,1.9625e-79
1.1775e-79,1.1775e-79,1.1775e-79,1.1775e-79,1.1775e-79
7.0649e-80,7.0649e-80,7.0649e-80,7.0649e-80,7.0649e-80
4.239e-80,4.239e-80,4.239e-80,4.239e-80,4.239e-80
2.5434e-80,2.5434e-80,2.5434e-80,2.5434e-80,2.5434e-80
1.526e-80,1.526e-80,1.526e-80,1.526e-80,1.526e-80
9.1561e-81,9.1561e-81,9.1561e-81,9.1561e-81,9.1561e-81
5.4937e-81,5.4937e-81,5.4937e-81,5.4937e-81,5.4937e-81
3.2962e-81,3.2962e-81,3.2962e-81,3.2962e-81,3.2962e-81
1.9777e-81,1.9777e-81,1.9777e-81,1.9777e-81,1.9777e-81
1.1866e-81,1.1866e-81,1.1866e-81,1.1866e-81,1.1866e-81
7.1198e-82,7.1198e-82,7.1198e-82,7.1198e-82,7.1198e-82
4.2719e-82,4.2719e-82,4.2719e-82,4.2719e-82,4.2719e-82
2.5631e-82,2.5631e-82,2.5631e-82,2.5631e-82,2.5631e-82
1.5379e-82,1.5379e-82,1.5379e-82,1.5379e-82,1.5379e-82
9.2273e-83,9.2273e-83,9.2273e-83,9.2273e-83,9.2273e-83
5.5364e-83,5.5364e-83,5.5364e-83,5.5364e-83,5.5364e-83
3.3218e-83,3.3218e-83,3.3218e-83,3.3218e-83,3.3218e-83
1.9931e-83,1.9931e-83,1.9931e-83,1.9931e-83,1.9931e-83
1.1959e-83,1.1959e-83,1.1959e-83,1.1959e-83,1.1959e-83
7.1751e-84,7.1751e-84,7.1751e-84,7.1751e-84,7.1751e-84
4.3051e-84,4.3051e-84,4.3051e-84,4.3051e-84,4.3051e-84
2.583e-84,2.583e-84,2.583e-84,2.583e-84,2.583e-84
1.5498e-84,1.5498e-84,1.5498e-84,1.5498e-84,1.5498e-84
9.299e-85,9.299e-85,9.299e-85,9.299e-85,9.299e-85
5.5794e-85,5.5794e-85,5.5794e-85,5.5794e-85,5.5794e-85
3.3476e-85,3.3476e-85,3.3476e-85,3.3476e-85,3.3476e-85
2.0086e-85,2.0086e-85,2.0086e-85,2.0086e-85,2.0086e-85
1.2051e-85,1.2051e-85,1.2051e-85,1.2051e-85,1.2051e-85
7.2309e-86,7.2309e-86,7.2309e-86,7.2309e-86,7.2309e-86
4.3385e-86,4.3385e-86,4.3385e-86,4.3385e-86,4.3385e-86
2.6031e-86,2.6031e-86,2.6031e-86,2.6031e-86,2.6031e-86
1.5619e-86,1.5619e-86,1.5619e-86,1.5619e-86,1.5619e-86
9.3712e-87,9.3712e-87,9.3712e-87,9.3712e-87,9.3712e-87
5.6227e-87,5.6227e-87,5.6227e-87,5.6227e-87,5.6227e-87
3.3736e-87,3.3736e-87,3.3736e-87,3.3736e-87,3.3736e-87
2.0242e-87,2.0242e-87,2.0242e-87,2.0242e-87,2.0242e-87
1.2145e-87,1.2145e-87,1.2145e-87,1.2145e-87,1.2145e-87
7.2871e-88,7.2871e-88,7.2871e-88,7.2871e-88,7.2871e-88
4.3722e-88,4.3722e-88,4.3722e-88,4.3722e-88,4.3722e-88
2.6233e-88,2.6233e-88,2.6233e-88,2.6233e-88,2.6233e-88
1.574e-88,1.574e-88,1.574e-88,1.574e-88,1.574e-88
9.444e-89,9.444e-89,9.444e-89,9.444e-89,9.444e-89
5.6664e-89,5.6664e-89,5.6664e-89,5.6664e-89,5.6664e-89
3.3999e-89,3.3999e-89,3.3999e-89,3.3999e-89,3.3999e-89
2.0399e-89,2.0399e-89,2.0399e-89,2.0399e-89,2.0399e-89
1.2239e-89,1.2239e-89,1.2239e-89,1.2239e-89,1.2239e-89
7.3437e-90,7.3437e-90,7.3437e-90,7.3437e-90,7.3437e-90
4.4062e-90,4.4062e-90,4.4062e-90,4.4062e-90,4.4062e-90
2.6437e-90,2.6437e-90,2.6437e-90,2.6437e-90,2.6437e-90
1.5862e-90,1.5862e-90,1.5862e-90,1.5862e-90,1.5862e-90
9.5174e-91,9.5174e-91,9.5174e-91,9.5174e-91,9.5174e-91
5.7104e-91,5.7104e-91,5.7104e-91,5.7104e-91,5.7104e-91
3.4263e-91,3.4263e-91,3.4263e-91,3.4263e-91,3.4263e-91
2.0558e-91,2.0558e-91,2.0558e-91,2.0558e-91,2.0558e-91
1.2335e-91,1.2335e-91,1.2335e-91,1.2335e-91,1.2335e-91
7.4007e-92,7.4007e-92,7.4007e-92,7.4007e-92,7.4007e-92
4.4404e-92,4.4404e-92,4.4404e-92,4.4404e-92,4.4404e-92
2.6643e-92,2.6643e-92,2.6643e-92,2.6643e-92,2.6643e-92
1.5986e-92,1.5986e-92,1.5986e-92,1.5986e-92,1.5986e-92
9.5914e-93,9.5914e-93,9.5914e-93,9.5914e-93,9.5914e-93
5.7548e-93,5.7548e-93,5.7548e-93,5.7548e-93,5.7548e-93
3.4529e-93,3.4529e-93,3.4529e-93,3.4529e-93,3.4529e-93
2.0717e-93,2.0717e-93,2.0717e-93,2.0717e-93,2.0717e-93
1.243e-93,1.243e-93,1.243e-93,1.243e-93,1.243e-93
7.4582e-94,7.4582e-94,7.4582e-94,7.4582e-94,7.4582e-94
4.4749e-94,4.4749e-94,4.4749e-94,4.4749e-94,4.4749e-94
2.685e-94,2.685e-94,2.685e-94,2.685e-94,2.685e-94
1.611e-94,1.611e-94,1.611e-94,1.611e-94,1.611e-94
9.6659e-95,9.6659e-95,9.6659e-95,9.6659e-95,9.6659e-95
5.7995e-95,5.7995e-95,5.7995e-95,5.7995e-95,5.7995e-95
3.4797e-95,3.4797e-95,3.4797e-95,3.4797e-95,3.4797e-95
2.0878e-95,2.0878e-95,2.0878e-95,2.0878e-95,2.0878e-95
1.2527e-95,1.2527e-95,1.2527e-95,1.2527e-95,1.2527e-95
7.5162e-96,7.5162e-96,7.5162e-96,7.5162e-96,7.5162e-96
4.5097e-96,4.5097e-96,4.5097e-96,4.5097e-96,4.5097e-96
2.7058e-96,2.7058e-96,2.7058e-96,2.7058e-96,2.7058e-96
1.6235e-96,1.6235e-96,1.6235e-96,1.6235e-96,1.6235e-96
9.741e-97,9.741e-97,9.741e-97,9.741e-97,9.741e-97
5.8446e-97,5.8446e-97,5.8446e-97,5.8446e-97,5.8446e-97
3.5068e-97,3.5068e-97,3.5068e-97,3.5068e-97,3.5068e-97
2.1041e-97,2.1041e-97,2.1041e-97,2.1041e-97,2.1041e-97
1.2624e-97,1.2624e-97,1.2624e-97,1.2624e-97,1.2624e-97
7.5746e-98,7.5746e-98,7.5746e-98,7.5746e-98,7.5746e-98
4.5448e-98,4.5448e-98,4.5448e-98,4.5448e-98,4.5448e-98
2.7269e-98,2.7269e-98,2.7269e-98,2.7269e-98,2.7269e-98
1.6361e-98,1.6361e-98,1.6361e-98,1.6361e-98,1.6361e-98
9.8167e-99,9.8167e-99,9.8167e-99,9.8167e-99,9.8167e-99
5.89e-99,5.89e-99,5.89e-99,5.89e-99,5.89e-99
3.534e-99,3.534e-99,3.534e-99,3.534e-99,3.534e-99
2.1204e-99,2.1204e-99,2.1204e-99,2.1204e-99,2.1204e-99
1.2722e-99,1.2722e-99,1.2722e-99,1.2722e-99,1.2722e-99
7.6334e-100,7.6334e-100,7.6334e-100,7.6334e-100,7.6334e-100
4.5801e-100,4.5801e-100,4.5801e-100,4.5801e-100,4.5801e-100
2.748e-100,2.748e-100,2.748e-100,2.748e-100,2.748e-100
1.6488e-100,1.6488e-100,1.6488e-100,1.6488e-100,1.6488e-100
9.8929e-101,9.8929e-101,9.8929e-101,9.8929e-101,9.8929e-101
5.9358e-101,5.9358e-101,5.9358e-101,5.9358e-101,5.9358e-101
3.5615e-101,3.5615e-101,3.5615e-101,3.5615e-101,3.5615e-101
2.1369e-101,2.1369e-101,2.1369e-101,2.1369e-101,2.1369e-101
1.2821e-101,1.2821e-101,1.2821e-101,1.2821e-101,1.2821e-101
7.6927e-102,7.6927e-102,7.6927e-102,7.6927e-102,7.6927e-102
4.6156e-102,4.6156e-102,4.6156e-102,4.6156e-102,4.6156e-102
2.7694e-102,2.7694e-102,2.7694e-102,2.7694e-102,2.7694e-102
1.6616e-102,1.6616e-102,1.6616e-102,1.6616e-102,1.6616e-102
9.9698e-103,9.9698e-103,9.9698e-103,9.9698e-103,9.9698e-103
5.9819e-103,5.9819e-103,5.9819e-103,5.9819e-103,5.9819e-103
3.5891e-103,3.5891e-103,3.5891e-103,3.5891e-103,3.5891e-103
2.1535e-103,2.1535e-103,2.1535e-103,2.1535e-103,2.1535e-103
1.2921e-103,1.2921e-103,1.2921e-103,1.2921e-103,1.2921e-103
7.7525e-104,7.7525e-104,7.7525e-104,7.7525e-104,7.7525e-104
4.6515e-104,4.6515e-104,4.6515e-104,4.6515e-104,4.6515e-104
2.7909e-104,2.7909e-104,2.7909e-104,2.7909e-104,2.7909e-104
1.6745e-104,1.6745e-104,1.6745e-104,1.6745e-104,1.6745e-104
1.0047e-104,1.0047e-104,1.0047e-104,1.0047e-104,1.0047e-104
6.0284e-105,6.0284e-105,6.0284e-105,6.0284e-105,6.0284e-105
3.617e-105,3.617e-105,3.617e-105,3.617e-105,3.617e-105
2.1702e-105,2.1702e-105,2.1702e-105,2.1702e-105,2.1702e-105
1.3021e-105,1.3021e-105,1.3021e-105,1.3021e-105,1.3021e-105
7.8128e-106,7.8128e-106,7.8128e-106,7.8128e-106,7.8128e-106
4.6877e-106,4.6877e-106,4.6877e-106,4.6877e-106,4.6877e-106
2.8126e-106,2.8126e-106,2.8126e-106,2.8126e-106,2.8126e-106
1.6876e-106,1.6876e-106,1.6876e-106,1.6876e-106,1.6876e-106
1.0125e-106,1.0125e-106,1.0125e-106,1.0125e-106,1.0125e-106
6.0752e-107,6.0752e-107,6.0752e-107,6.0752e-107,6.0752e-107
3.6451e-107,3.6451e-107,3.6451e-107,3.6451e-107,3.6451e-107
2.1871e-107,2.1871e-107,2.1871e-107,2.1871e-107,2.1871e-107
1.3122e-107,1.3122e-107,1.3122e-107,1.3122e-107,1.3122e-107
7.8735e-108,7.8735e-108,7.8735e-108,7.8735e-108,7.8735e-108
4.7241e-108,4.7241e-108,4.7241e-108,4.7241e-108,4.7241e-108
2.8344e-108,2.8344e-108,2.8344e-108,2.8344e-108,2.8344e-108
1.7007e-108,1.7007e-108,1.7007e-108,1.7007e-108,1.7007e-108
1.0204e-108,1.0204e-108,1.0204e-108,1.0204e-108,1.0204e-108
6.1224e-109,6.1224e-109,6.1224e-109,6.1224e-109,6.1224e-109
3.6734e-109,3.6734e-109,3.6734e-109,3.6734e-109,3.6734e-109
2.2041e-109,2.2041e-109,2.2041e-109,2.2041e-109,2.2041e-109
1.3224e-109,1.3224e-109,1.3224e-109,1.3224e-109,1.3224e-109
7.9346e-110,7.9346e-110,7.9346e-110,7.9346e-110,7.9346e-110
4.7608e-110,4.7608e-110,4.7608e-110,4.7608e-110,4.7608e-110
2.8565e-110,2.8565e-110,2.8565e-110,2.8565e-110,2.8565e-110
1.7139e-110,1.7139e-110,1.7139e-110,1.7139e-110,1.7139e-110
1.0283e-110,1.0283e-110,1.0283e-110,1.0283e-110,1.0283e-110
6.17e-111,6.17e-111,6.17e-111,6.17e-111,6.17e-111
3.702e-111,3.702e-111,3.702e-111,3.702e-111,3.702e-111
2.2212e-111,2.2212e-111,2.2212e-111,2.2212e-111,2.2212e-111
1.3327e-111,1.3327e-111,1.3327e-111,1.3327e-111,1.3327e-111
7.9963e-112,7.9963e-112,7.9963e-112,7.9963e-112,7.9963e-112
4.7978e-112,4.7978e-112,4.7978e-112,4.7978e-112,4.7978e-112
2.8787e-112,2.8787e-112,2.8787e-112,2.8787e-112,2.8787e-112
1.7272e-112,1.7272e-112,1.7272e-112,1.7272e-112,1.7272e-112
1.0363e-112,1.0363e-112,1.0363e-112,1.0363e-112,1.0363e-112
6.2179e-113,6.2179e-113,6.2179e-113,6.2179e-113,6.2179e-113
3.7307e-113,3.7307e-113,3.7307e-113,3.7307e-113,3.7307e-113
2.2384e-113,2.2384e-113,2.2384e-113,2.2384e-113,2.2384e-113
1.3431e-113,1.3431e-113,1.3431e-113,1.3431e-113,1.3431e-113
8.0584e-114,8.0584e-114,8.0584e-114,8.0584e-114,8.0584e-114
4.835e-114,4.835e-114,4.835e-114,4.835e-114,4.835e-114
2.901e-114,2.901e-114,2.901e-114,2.901e-114,2.901e-114
1.7406e-114,1.7406e-114,1.7406e-114,1.7406e-114,1.7406e-114
1.0444e-114,1.0444e-114,1.0444e-114,1.0444e-114,1.0444e-114
6.2662e-115,6.2662e-115,6.2662e-115,6.2662e-115,6.2662e-115
3.7597e-115,3.7597e-115,3.7597e-115,3.7597e-115,3.7597e-115
2.2558e-115,2.2558e-115,2.2558e-115,2.2558e-115,2.2558e-115
1.3535e-115,1.3535e-115,1.3535e-115,1.3535e-115,1.3535e-115
8.121e-116,8.121e-116,8.121e-116,8.121e-116,8.121e-116
4.8726e-116,4.8726e-116,4.8726e-116,4.8726e-116,4.8726e-116
2.9236e-116,2.9236e-116,2.9236e-116,2.9236e-116,2.9236e-116
1.7541e-116,1.7541e-116,1.7541e-116,1.7541e-116,1.7541e-116
1.0525e-116,1.0525e-116,1.0525e-116,1.0525e-116,1.0525e-116
6.3149e-117,6.3149e-117,6.3149e-117,6.3149e-117,6.3149e-117
3.7889e-117,3.7889e-117,3.7889e-117,3.7889e-117,3.7889e-117
2.2734e-117,2.2734e-117,2.2734e-117,2.2734e-117,2.2734e-117
1.364e-117,1.364e-117,1.364e-117,1.364e-117,1.364e-117
8.1841e-118,8.1841e-118,8.1841e-118,8.1841e-118,8.1841e-118
4.9105e-118,4.9105e-118,4.9105e-118,4.9105e-118,4.9105e-118
2.9463e-118,2.9463e-118,2.9463e-118,2.9463e-118,2.9463e-118
1.7678e-118,1.7678e-118,1.7678e-118,1.7678e-118,1.7678e-118
1.0607e-118,1.0607e-118,1.0607e-118,1.0607e-118,1.0607e-118
6.364e-119,6.364e-119,6.364e-119,6.364e-119,6.364e-119
3.8184e-119,3.8184e-119,3.8184e-119,3.8184e-119,3.8184e-119
2.291e-119,2.291e-119,2.291e-119,2.291e-119,2.291e-119
1.3746e-119,1.3746e-119,1.3746e-119,1.3746e-119,1.3746e-119
8.2477e-120,8.2477e-120,8.2477e-120,8.2477e-120,8.2477e-120
4.9486e-120,4.9486e-120,4.9486e-120,4.9486e-120,4.9486e-120
2.9692e-120,2.9692e-120,2.9692e-120,2.9692e-120,2.9692e-120
1.7815e-120,1.7815e-120,1.7815e-120,1.7815e-120,1.7815e-120
1.0689e-120,1.0689e-120,1.0689e-120,1.0689e-120,1.0689e-120
6.4134e-121,6.4134e-121,6.4134e-121,6.4134e-121,6.4134e-121
3.848e-121,3.848e-121,3.848e-121,3.848e-121,3.848e-121
2.3088e-121,2.3088e-121,2.3088e-121,2.3088e-121,2.3088e-121
1.3853e-121,1.3853e-121,1.3853e-121,1.3853e-121,1.3853e-121
8.3118e-122,8.3118e-122,8.3118e-122,8.3118e-122,8.3118e-122
4.9871e-122,4.9871e-122,4.9871e-122,4.9871e-122,4.9871e-122
2.9922e-122,2.9922e-122,2.9922e-122,2.9922e-122,2.9922e-122
1.7953e-122,1.7953e-122,1.7953e-122,1.7953e-122,1.7953e-122
1.0772e-122,1.0772e-122,1.0772e-122,1.0772e-122,1.0772e-122
6.4632e-123,6.4632e-123,6.4632e-123,6.4632e-123,6.4632e-123
3.8779e-123,3.8779e-123,3.8779e-123,3.8779e-123,3.8779e-123
2.3268e-123,2.3268e-123,2.3268e-123,2.3268e-123,2.3268e-123
1.3961e-123,1.3961e-123,1.3961e-123,1.3961e-123,1.3961e-123
8.3764e-124,8.3764e-124,8.3764e-124,8.3764e-124,8.3764e-124
5.0258e-124,5.0258e-124,5.0258e-124,5.0258e-124,5.0258e-124
3.0155e-124,3.0155e-124,3.0155e-124,3.0155e-124,3.0155e-124
1.8093e-124,1.8093e-124,1.8093e-124,1.8093e-124,1.8093e-124
1.0856e-124,1.0856e-124,1.0856e-124,1.0856e-124,1.0856e-124
6.5135e-125,6.5135e-125,6.5135e-125,6.5135e-125,6.5135e-125
3.9081e-125,3.9081e-125,3.9081e-125,3.9081e-125,3.9081e-125
2.3448e-125,2.3448e-125,2.3448e-125,2.3448e-125,2.3448e-125
1.4069e-125,1.4069e-125,1.4069e-125,1.4069e-125,1.4069e-125
8.4414e-126,8.4414e-126,8.4414e-126,8.4414e-126,8.4414e-126
5.0649e-126,5.0649e-126,5.0649e-126,5.0649e-126,5.0649e-126
3.0389e-126,3.0389e-126,3.0389e-126,3.0389e-126,3.0389e-126
1.8234e-126,1.8234e-126,1.8234e-126,1.8234e-126,1.8234e-126
1.094e-126,1.094e-126,1.094e-126,1.094e-126,1.094e-126
6.5641e-127,6.5641e-127,6.5641e-127,6.5641e-127,6.5641e-127
3.9384e-127,3.9384e-127,3.9384e-127,3.9384e-127,3.9384e-127
2.3631e-127,2.3631e-127,2.3631e-127,2.3631e-127,2.3631e-127
1.4178e-127,1.4178e-127,1.4178e-127,1.4178e-127,1.4178e-127
8.507e-128,8.507e-128,8.507e-128,8.507e-128,8.507e-128
5.1042e-128,5.1042e-128,5.1042e-128,5.1042e-128,5.1042e-128
3.0625e-128,3.0625e-128,3.0625e-128,3.0625e-128,3.0625e-128
1.8375e-128,1.8375e-128,1.8375e-128,1.8375e-128,1.8375e-128
1.1025e-128,1.1025e-128,1.1025e-128,1.1025e-128,1.1025e-128
6.6151e-129,6.6151e-129,6.6151e-129,6.6151e-129,6.6151e-129
3.969e-129,3.969e-129,3.969e-129,3.969e-129,3.969e-129
2.3814e-129,2.3814e-129,2.3814e-129,2.3814e-129,2.3814e-129
1.4289e-129,1.4289e-129,1.4289e-129,1.4289e-129,1.4289e-129
8.5731e-130,8.5731e-130,8.5731e-130,8.5731e-130,8.5731e-130
5.1439e-130,5.1439e-130,5.1439e-130,5.1439e-130,5.1439e-130
3.0863e-130,3.0863e-130,3.0863e-130,3.0863e-130,3.0863e-130
1.8518e-130,1.8518e-130,1.8518e-130,1.8518e-130,1.8518e-130
1.1111e-130,1.1111e-130,1.1111e-130,1.1111e-130,1.1111e-130
6.6665e-131,6.6665e-131,6.6665e-131,6.6665e-131,6.6665e-131
3.9999e-131,3.9999e-131,3.9999e-131,3.9999e-131,3.9999e-131
2.3999e-131,2.3999e-131,2.3999e-131,2.3999e-131,2.3999e-131
1.44e-131,1.44e-131,1.44e-131,1.44e-131,1.44e-131
8.6397e-132,8.6397e-132,8.6397e-132,8.6397e-132,8.6397e-132
5.1838e-132,5.1838e-132,5.1838e-132,5.1838e-132,5.1838e-132
3.1103e-132,3.1103e-132,3.1103e-132,3.1103e-132,3.1103e-132
1.8662e-132,1.8662e-132,1.8662e-132,1.8662e-132,1.8662e-132
1.1197e-132,1.1197e-132,1.1197e-132,1.1197e-132,1.1197e-132
6.7183e-133,6.7183e-133,6.7183e-133,6.7183e-133,6.7183e-133
4.031e-133,4.031e-133,4.031e-133,4.031e-133,4.031e-133
2.4186e-133,2.4186e-133,2.4186e-133,2.4186e-133,2.4186e-133
1.4511e-133,1.4511e-133,1.4511e-133,1.4511e-133,1.4511e-133
8.7069e-134,8.7069e-134,8.7069e-134,8.7069e-134,8.7069e-134
5.2241e-134,5.2241e-134,5.2241e-134,5.2241e-134,5.2241e-134
3.1345e-134,3.1345e-134,3.1345e-134,3.1345e-134,3.1345e-134
1.8807e-134,1.8807e-134,1.8807e-134,1.8807e-134,1.8807e-134
1.1284e-134,1.1284e-134,1.1284e-134,1.1284e-134,1.1284e-134
6.7705e-135,6.7705e-135,6.7705e-135,6.7705e-135,6.7705e-135
4.0623e-135,4.0623e-135,4.0623e-135,4.0623e-135,4.0623e-135
2.4374e-135,2.4374e-135,2.4374e-135,2.4374e-135,2.4374e-135
1.4624e-135,1.4624e-135,1.4624e-135,1.4624e-135,1.4624e-135
8.7745e-136,8.7745e-136,8.7745e-136,8.7745e-136,8.7745e-136
5.2647e-136,5.2647e-136,5.2647e-136,5.2647e-136,5.2647e-136
3.1588e-136,3.1588e-136,3.1588e-136,3.1588e-136,3.1588e-136
1.8953e-136,1.8953e-136,1.8953e-136,1.8953e-136,1.8953e-136
1.1372e-136,1.1372e-136,1.1372e-136,1.1372e-136,1.1372e-136
6.8231e-137,6.8231e-137,6.8231e-137,6.8231e-137,6.8231e-137
4.0938e-137,4.0938e-137,4.0938e-137,4.0938e-137,4.0938e-137
2.4563e-137,2.4563e-137,2.4563e-137,2.4563e-137,2.4563e-137
1.4738e-137,1.4738e-137,1.4738e-137,1.4738e-137,1.4738e-137
8.8427e-138,8.8427e-138,8.8427e-138,8.8427e-138,8.8427e-138
5.3056e-138,5.3056e-138,5.3056e-138,5.3056e-138,5.3056e-138
3.1834e-138,3.1834e-138,3.1834e-138,3.1834e-138,3.1834e-138
1.91e-138,1.91e-138,1.91e-138,1.91e-138,1.91e-138
1.146e-138,1.146e-138,1.146e-138,1.146e-138,1.146e-138
6.8761e-139,6.8761e-139,6.8761e-139,6.8761e-139,6.8761e-139
4.1256e-139,4.1256e-139,4.1256e-139,4.1256e-139,4.1256e-139
2.4754e-139,2.4754e-139,2.4754e-139,2.4754e-139,2.4754e-139
1.4852e-139,1.4852e-139,1.4852e-139,1.4852e-139,1.4852e-139
8.9114e-140,8.9114e-140,8.9114e-140,8.9114e-140,8.9114e-140
5.3468e-140,5.3468e-140,5.3468e-140,5.3468e-140,5.3468e-140
3.2081e-140,3.2081e-140,3.2081e-140,3.2081e-140,3.2081e-140
1.9249e-140,1.9249e-140,1.9249e-140,1.9249e-140,1.9249e-140
1.1549e-140,1.1549e-140,1.1549e-140,1.1549e-140,1.1549e-140
6.9295e-141,6.9295e-141,6.9295e-141,6.9295e-141,6.9295e-141
4.1577e-141,4.1577e-141,4.1577e-141,4.1577e-141,4.1577e-141
2.4946e-141,2.4946e-141,2.4946e-141,2.4946e-141,2.4946e-141
1.4968e-141,1.4968e-141,1.4968e-141,1.4968e-141,1.4968e-141
8.9806e-142,8.9806e-142,8.9806e-142,8.9806e-142,8.9806e-142
5.3884e-142,5.3884e-142,5.3884e-142,5.3884e-142,5.3884e-142
3.233e-142,3.233e-142,3.233e-142,3.233e-142,3.233e-142
1.9398e-142,1.9398e-142,1.9398e-142,1.9398e-142,1.9398e-142
1.1639e-142,1.1639e-142,1.1639e-142,1.1639e-142,1.1639e-142
6.9833e-143,6.9833e-143,6.9833e-143,6.9833e-143,6.9833e-143
4.19e-143,4.19e-143,4.19e-143,4.19e-143,4.19e-143
2.514e-143,2.514e-143,2.514e-143,2.514e-143,2.514e-143
1.5084e-143,1.5084e-143,1.5084e-143,1.5084e-143,1.5084e-143
9.0504e-144,9.0504e-144,9.0504e-144,9.0504e-144,9.0504e-144
5.4302e-144,5.4302e-144,5.4302e-144,5.4302e-144,5.4302e-144
3.2581e-144,3.2581e-144,3.2581e-144,3.2581e-144,3.2581e-144
1.9549e-144,1.9549e-144,1.9549e-144,1.9549e-144,1.9549e-144
1.1729e-144,1.1729e-144,1.1729e-144,1.1729e-144,1.1729e-144
7.0376e-145,7.0376e-145,7.0376e-145,7.0376e-145,7.0376e-145
4.2226e-145,4.2226e-145,4.2226e-145,4.2226e-145,4.2226e-145
2.5335e-145,2.5335e-145,2.5335e-145,2.5335e-145,2.5335e-145
1.5201e-145,1.5201e-145,1.5201e-145,1.5201e-145,1.5201e-145
9.1207e-146,9.1207e-146,9.1207e-146,9.1207e-146,9.1207e-146
5.4724e-146,5.4724e-146,5.4724e-146,5.4724e-146,5.4724e-146
3.2835e-146,3.2835e-146,3.2835e-146,3.2835e-146,3.2835e-146
1.9701e-146,1.9701e-146,1.9701e-146,1.9701e-146,1.9701e-146
1.182e-146,1.182e-146,1.182e-146,1.182e-146,1.182e-146
7.0923e-147,7.0923e-147,7.0923e-147,7.0923e-147,7.0923e-147
4.2554e-147,4.2554e-147,4.2554e-147,4.2554e-147,4.2554e-147
2.5532e-147,2.5532e-147,2.5532e-147,2.5532e-147,2.5532e-147
1.5319e-147,1.5319e-147,1.5319e-147,1.5319e-147,1.5319e-147
9.1916e-148,9.1916e-148,9.1916e-148,9.1916e-148,9.1916e-148
5.5149e-148,5.5149e-148,5.5149e-148,5.5149e-148,5.5149e-148
3.309e-148,3.309e-148,3.309e-148,3.309e-148,3.309e-148
1.9854e-148,1.9854e-148,1.9854e-148,1.9854e-148,1.9854e-148
1.1912e-148,1.1912e-148,1.1912e-148,1.1912e-148,1.1912e-148
7.1474e-149,7.1474e-149,7.1474e-149,7.1474e-149,7.1474e-149
4.2884e-149,4.2884e-149,4.2884e-149,4.2884e-149,4.2884e-149
2.5731e-149,2.5731e-149,2.5731e-149,2.5731e-149,2.5731e-149
1.5438e-149,1.5438e-149,1.5438e-149,1.5438e-149,1.5438e-149
9.263e-150,9.263e-150,9.263e-150,9.263e-150,9.263e-150
5.5578e-150,5.5578e-150,5.5578e-150,5.5578e-150,5.5578e-150
3.3347e-150,3.3347e-150,3.3347e-150,3.3347e-150,3.3347e-150
2.0008e-150,2.0008e-150,2.0008e-150,2.0008e-150,2.0008e-150
1.2005e-150,1.2005e-150,1.2005e-150,1.2005e-150,1.2005e-150
7.2029e-151,7.2029e-151,7.2029e-151,7.2029e-151,7.2029e-151
4.3217e-151,4.3217e-151,4.3217e-151,4.3217e-151,4.3217e-151
2.593e-151,2.593e-151,2.593e-151,2.593e-151,2.593e-151
1.5558e-151,1.5558e-151,1.5558e-151,1.5558e-151,1.5558e-151
9.335e-152,9.335e-152,9.335e-152,9.335e-152,9.335e-152
5.601e-152,5.601e-152,5.601e-152,5.601e-152,5.601e-152
3.3606e-152,3.3606e-152,3.3606e-152,3.3606e-152,3.3606e-152
2.0164e-152,2.0164e-152,2.0164e-152,2.0164e-152,2.0164e-152
1.2098e-152,1.2098e-152,1.2098e-152,1.2098e-152,1.2098e-152
7.2589e-153,7.2589e-153,7.2589e-153,7.2589e-153,7.2589e-153
4.3553e-153,4.3553e-153,4.3553e-153,4.3553e-153,4.3553e-153
2.6132e-153,2.6132e-153,2.6132e-153,2.6132e-153,2.6132e-153
1.5679e-153,1.5679e-153,1.5679e-153,1.5679e-153,1.5679e-153
9.4075e-154,9.4075e-154,9.4075e-154,9.4075e-154,9.4075e-154
5.6445e-154,5.6445e-154,5.6445e-154,5.6445e-154,5.6445e-154
3.3867e-154,3.3867e-154,3.3867e-154,3.3867e-154,3.3867e-154
2.032e-154,2.032e-154,2.032e-154,2.032e-154,2.032e-154
1.2192e-154,1.2192e-154,1.2192e-154,1.2192e-154,1.2192e-154
7.3153e-155,7.3153e-155,7.3153e-155,7.3153e-155,7.3153e-155
4.3892e-155,4.3892e-155,4.3892e-155,4.3892e-155,4.3892e-155
2.6335e-155,2.6335e-155,2.6335e-155,2.6335e-155,2.6335e-155
1.5801e-155,1.5801e-155,1.5801e-155,1.5801e-155,1.5801e-155
9.4806e-156,9.4806e-156,9.4806e-156,9.4806e-156,9.4806e-156
5.6884e-156,5.6884e-156,5.6884e-156,5.6884e-156,5.6884e-156
3.413e-156,3.413e-156,3.413e-156,3.413e-156,3.413e-156
2.0478e-156,2.0478e-156,2.0478e-156,2.0478e-156,2.0478e-156
1.2287e-156,1.2287e-156,1.2287e-156,1.2287e-156,1.2287e-156
7.3721e-157,7.3721e-157,7.3721e-157,7.3721e-157,7.3721e-157
4.4233e-157,4.4233e-157,4.4233e-157,4.4233e-157,4.4233e-157
2.654e-157,2.654e-157,2.654e-157,2.654e-157,2.654e-157
1.5924e-157,1.5924e-157,1.5924e-157,1.5924e-157,1.5924e-157
9.5542e-158,9.5542e-158,9.5542e-158,9.5542e-158,9.5542e-158
5.7325e-158,5.7325e-158,5.7325e-158,5.7325e-158,5.7325e-158
3.4395e-158,3.4395e-158,3.4395e-158,3.4395e-158,3.4395e-158
2.0637e-158,2.0637e-158,2.0637e-158,2.0637e-158,2.0637e-158
1.2382e-158,1.2382e-158,1.2382e-158,1.2382e-158,1.2382e-158
7.4294e-159,7.4294e-159,7.4294e-159,7.4294e-159,7.4294e-159
4.4576e-159,4.4576e-159,4.4576e-159,4.4576e-159,4.4576e-159
2.6746e-159,2.6746e-159,2.6746e-159,2.6746e-159,2.6746e-159
1.6047e-159,1.6047e-159,1.6047e-159,1.6047e-159,1.6047e-159
9.6285e-160,9.6285e-160,9.6285e-160,9.6285e-160,9.6285e-160
5.7771e-160,5.7771e-160,5.7771e-160,5.7771e-160,5.7771e-160
3.4663e-160,3.4663e-160,3.4663e-160,3.4663e-160,3.4663e-160
2.0798e-160,2.0798e-160,2.0798e-160,2.0798e-160,2.0798e-160
1.2479e-160,1.2479e-160,1.2479e-160,1.2479e-160,1.2479e-160
7.4871e-161,7.4871e-161,7.4871e-161,7.4871e-161,7.4871e-161
4.4923e-161,4.4923e-161,4.4923e-161,4.4923e-161,4.4923e-161
2.6954e-161,2.6954e-161,2.6954e-161,2.6954e-161,2.6954e-161
1.6172e-161,1.6172e-161,1.6172e-161,1.6172e-161,1.6172e-161
9.7033e-162,9.7033e-162,9.7033e-162,9.7033e-162,9.7033e-162
5.822e-162,5.822e-162,5.822e-162,5.822e-162,5.822e-162
3.4932e-162,3.4932e-162,3.4932e-162,3.4932e-162,3.4932e-162
2.0959e-162,2.0959e-162,2.0959e-162,2.0959e-162,2.0959e-162
1.2575e-162,1.2575e-162,1.2575e-162,1.2575e-162,1.2575e-162
7.5453e-163,7.5453e-163,7.5453e-163,7.5453e-163,7.5453e-163
4.5272e-163,4.5272e-163,4.5272e-163,4.5272e-163,4.5272e-163
2.7163e-163,2.7163e-163,2.7163e-163,2.7163e-163,2.7163e-163
1.6298e-163,1.6298e-163,1.6298e-163,1.6298e-163,1.6298e-163
9.7787e-164,9.7787e-164,9.7787e-164,9.7787e-164,9.7787e-164
5.8672e-164,5.8672e-164,5.8672e-164,5.8672e-164,5.8672e-164
3.5203e-164,3.5203e-164,3.5203e-164,3.5203e-164,3.5203e-164
2.1122e-164,2.1122e-164,2.1122e-164,2.1122e-164,2.1122e-164
1.2673e-164,1.2673e-164,1.2673e-164,1.2673e-164,1.2673e-164
7.6039e-165,7.6039e-165,7.6039e-165,7.6039e-165,7.6039e-165
4.5623e-165,4.5623e-165,4.5623e-165,4.5623e-165,4.5623e-165
2.7374e-165,2.7374e-165,2.7374e-165,2.7374e-165,2.7374e-165
1.6424e-165,1.6424e-165,1.6424e-165,1.6424e-165,1.6424e-165
9.8547e-166,9.8547e-166,9.8547e-166,9.8547e-166,9.8547e-166
5.9128e-166,5.9128e-166,5.9128e-166,5.9128e-166,5.9128e-166
3.5477e-166,3.5477e-166,3.5477e-166,3.5477e-166,3.5477e-166
2.1286e-166,2.1286e-166,2.1286e-166,2.1286e-166,2.1286e-166
1.2772e-166,1.2772e-166,1.2772e-166,1.2772e-166,1.2772e-166
7.663e-167,7.663e-167,7.663e-167,7.663e-167,7.663e-167
4.5978e-167,4.5978e-167,4.5978e-167,4.5978e-167,4.5978e-167
2.7587e-167,2.7587e-167,2.7587e-167,2.7587e-167,2.7587e-167
1.6552e-167,1.6552e-167,1.6552e-167,1.6552e-167,1.6552e-167
9.9312e-168,9.9312e-168,9.9312e-168,9.9312e-168,9.9312e-168
5.9587e-168,5.9587e-168,5.9587e-168,5.9587e-168,5.9587e-168
3.5752e-168,3.5752e-168,3.5752e-168,3.5752e-168,3.5752e-168
2.1451e-168,2.1451e-168,2.1451e-168,2.1451e-168,2.1451e-168
1.2871e-168,1.2871e-168,1.2871e-168,1.2871e-168,1.2871e-168
7.7225e-169,7.7225e-169,7.7225e-169,7.7225e-169,7.7225e-169
4.6335e-169,4.6335e-169,4.6335e-169,4.6335e-169,4.6335e-169
2.7801e-169,2.7801e-169,2.7801e-169,2.7801e-169,2.7801e-169
1.6681e-169,1.6681e-169,1.6681e-169,1.6681e-169,1.6681e-169
1.0008e-169,1.0008e-169,1.0008e-169,1.0008e-169,1.0008e-169
6.005e-170,6.005e-170,6.005e-170,6.005e-170,6.005e-170
3.603e-170,3.603e-170,3.603e-170,3.603e-170,3.603e-170
2.1618e-170,2.1618e-170,2.1618e-170,2.1618e-170,2.1618e-170
1.2971e-170,1.2971e-170,1.2971e-170,1.2971e-170,1.2971e-170
7.7825e-171,7.7825e-171,7.7825e-171,7.7825e-171,7.7825e-171
4.6695e-171,4.6695e-171,4.6695e-171,4.6695e-171,4.6695e-171
2.8017e-171,2.8017e-171,2.8017e-171,2.8017e-171,2.8017e-171
1.681e-171,1.681e-171,1.681e-171,1.681e-171,1.681e-171
1.0086e-171,1.0086e-171,1.0086e-171,1.0086e-171,1.0086e-171
6.0517e-172,6.0517e-172,6.0517e-172,6.0517e-172,6.0517e-172
3.631e-172,3.631e-172,3.631e-172,3.631e-172,3.631e-172
2.1786e-172,2.1786e-172,2.1786e-172,2.1786e-172,2.1786e-172
1.3072e-172,1.3072e-172,1.3072e-172,1.3072e-172,1.3072e-172
7.843e-173,7.843e-173,7.843e-173,7.843e-173,7.843e-173
4.7058e-173,4.7058e-173,4.7058e-173,4.7058e-173,4.7058e-173
2.8235e-173,2.8235e-173,2.8235e-173,2.8235e-173,2.8235e-173
1.6941e-173,1.6941e-173,1.6941e-173,1.6941e-173,1.6941e-173
1.0165e-173,1.0165e-173,1.0165e-173,1.0165e-173,1.0165e-173
6.0987e-174,6.0987e-174,6.0987e-174,6.0987e-174,6.0987e-174
3.6592e-174,3.6592e-174,3.6592e-174,3.6592e-174,3.6592e-174
2.1955e-174,2.1955e-174,2.1955e-174,2.1955e-174,2.1955e-174
1.3173e-174,1.3173e-174,1.3173e-174,1.3173e-174,1.3173e-174
7.9039e-175,7.9039e-175,7.9039e-175,7.9039e-175,7.9039e-175
4.7424e-175,4.7424e-175,4.7424e-175,4.7424e-175,4.7424e-175
2.8454e-175,2.8454e-175,2.8454e-175,2.8454e-175,2.8454e-175
1.7072e-175,1.7072e-175,1.7072e-175,1.7072e-175,1.7072e-175
1.0243e-175,1.0243e-175,1.0243e-175,1.0243e-175,1.0243e-175
6.1461e-176,6.1461e-176,6.1461e-176,6.1461e-176,6.1461e-176
3.6877e-176,3.6877e-176,3.6877e-176,3.6877e-176,3.6877e-176
2.2126e-176,2.2126e-176,2.2126e-176,2.2126e-176,2.2126e-176
1.3276e-176,1.3276e-176,1.3276e-176,1.3276e-176,1.3276e-176
7.9653e-177,7.9653e-177,7.9653e-177,7.9653e-177,7.9653e-177
4.7792e-177,4.7792e-177,4.7792e-177,4.7792e-177,4.7792e-177
2.8675e-177,2.8675e-177,2.8675e-177,2.8675e-177,2.8675e-177
1.7205e-177,1.7205e-177,1.7205e-177,1.7205e-177,1.7205e-177
1.0323e-177,1.0323e-177,1.0323e-177,1.0323e-177,1.0323e-177
6.1938e-178,6.1938e-178,6.1938e-178,6.1938e-178,6.1938e-178
3.7163e-178,3.7163e-178,3.7163e-178,3.7163e-178,3.7163e-178
2.2298e-178,2.2298e-178,2.2298e-178,2.2298e-178,2.2298e-178
1.3379e-178,1.3379e-178,1.3379e-178,1.3379e-178,1.3379e-178
8.0272e-179,8.0272e-179,8.0272e-179,8.0272e-179,8.0272e-179
4.8163e-179,4.8163e-179,4.8163e-179,4.8163e-179,4.8163e-179
2.8898e-179,2.8898e-179,2.8898e-179,2.8898e-179,2.8898e-179
1.7339e-179,1.7339e-179,1.7339e-179,1.7339e-179,1.7339e-179
1.0403e-179,1.0403e-179,1.0403e-179,1.0403e-179,1.0403e-179
6.242e-180,6.242e-180,6.242e-180,6.242e-180,6.242e-180
3.7452e-180,3.7452e-180,3.7452e-180,3.7452e-180,3.7452e-180
2.2471e-180,2.2471e-180,2.2471e-180,2.2471e-180,2.2471e-180
1.3483e-180,1.3483e-180,1.3483e-180,1.3483e-180,1.3483e-180
8.0896e-181,8.0896e-181,8.0896e-181,8.0896e-181,8.0896e-181
4.8538e-181,4.8538e-181,4.8538e-181,4.8538e-181,4.8538e-181
2.9123e-181,2.9123e-181,2.9123e-181,2.9123e-181,2.9123e-181
1.7474e-181,1.7474e-181,1.7474e-181,1.7474e-181,1.7474e-181
1.0484e-181,1.0484e-181,1.0484e-181,1.0484e-181,1.0484e-181
6.2905e-182,6.2905e-182,6.2905e-182,6.2905e-182,6.2905e-182
3.7743e-182,3.7743e-182,3.7743e-182,3.7743e-182,3.7743e-182
2.2646e-182,2.2646e-182,2.2646e-182,2.2646e-182,2.2646e-182
1.3587e-182,1.3587e-182,1.3587e-182,1.3587e-182,1.3587e-182
8.1524e-183,8.1524e-183,8.1524e-183,8.1524e-183,8.1524e-183
4.8915e-183,4.8915e-183,4.8915e-183,4.8915e-183,4.8915e-183
2.9349e-183,2.9349e-183,2.9349e-183,2.9349e-183,2.9349e-183
1.7609e-183,1.7609e-183,1.7609e-183,1.7609e-183,1.7609e-183
1.0566e-183,1.0566e-183,1.0566e-183,1.0566e-183,1.0566e-183
6.3393e-184,6.3393e-184,6.3393e-184,6.3393e-184,6.3393e-184
3.8036e-184,3.8036e-184,3.8036e-184,3.8036e-184,3.8036e-184
2.2822e-184,2.2822e-184,2.2822e-184,2.2822e-184,2.2822e-184
1.3693e-184,1.3693e-184,1.3693e-184,1.3693e-184,1.3693e-184
8.2158e-185,8.2158e-185,8.2158e-185,8.2158e-185,8.2158e-185
4.9295e-185,4.9295e-185,4.9295e-185,4.9295e-185,4.9295e-185
2.9577e-185,2.9577e-185,2.9577e-185,2.9577e-185,2.9577e-185
1.7746e-185,1.7746e-185,1.7746e-185,1.7746e-185,1.7746e-185
1.0648e-185,1.0648e-185,1.0648e-185,1.0648e-185,1.0648e-185
6.3886e-186,6.3886e-186,6.3886e-186,6.3886e-186,6.3886e-186
3.8332e-186,3.8332e-186,3.8332e-186,3.8332e-186,3.8332e-186
2.2999e-186,2.2999e-186,2.2999e-186,2.2999e-186,2.2999e-186
1.3799e-186,1.3799e-186,1.3799e-186,1.3799e-186,1.3799e-186
8.2796e-187,8.2796e-187,8.2796e-187,8.2796e-187,8.2796e-187
4.9678e-187,4.9678e-187,4.9678e-187,4.9678e-187,4.9678e-187
2.9807e-187,2.9807e-187,2.9807e-187,2.9807e-187,2.9807e-187
1.7884e-187,1.7884e-187,1.7884e-187,1.7884e-187,1.7884e-187
1.073e-187,1.073e-187,1.073e-187,1.073e-187,1.073e-187
6.4382e-188,6.4382e-188,6.4382e-188,6.4382e-188,6.4382e-188
3.8629e-188,3.8629e-188,3.8629e-188,3.8629e-188,3.8629e-188
2.3178e-188,2.3178e-188,2.3178e-188,2.3178e-188,2.3178e-188
1.3907e-188,1.3907e-188,1.3907e-188,1.3907e-188,1.3907e-188
8.3439e-189,8.3439e-189,8.3439e-189,8.3439e-189,8.3439e-189
5.0064e-189,5.0064e-189,5.0064e-189,5.0064e-189,5.0064e-189
3.0038e-189,3.0038e-189,3.0038e-189,3.0038e-189,3.0038e-189
1.8023e-189,1.8023e-189,1.8023e-189,1.8023e-189,1.8023e-189
1.0814e-189,1.0814e-189,1.0814e-189,1.0814e-189,1.0814e-189
6.4883e-190,6.4883e-190,6.4883e-190,6.4883e-190,6.4883e-190
3.893e-190,3.893e-190,3.893e-190,3.893e-190,3.893e-190
2.3358e-190,2.3358e-190,2.3358e-190,2.3358e-190,2.3358e-190
1.4015e-190,1.4015e-190,1.4015e-190,1.4015e-190,1.4015e-190
8.4088e-191,8.4088e-191,8.4088e-191,8.4088e-191,8.4088e-191
5.0453e-191,5.0453e-191,5.0453e-191,5.0453e-191,5.0453e-191
3.0272e-191,3.0272e-191,3.0272e-191,3.0272e-191,3.0272e-191
1.8163e-191,1.8163e-191,1.8163e-191,1.8163e-191,1.8163e-191
1.0898e-191,1.0898e-191,1.0898e-191,1.0898e-191,1.0898e-191
6.5387e-192,6.5387e-192,6.5387e-192,6.5387e-192,6.5387e-192
3.9232e-192,3.9232e-192,3.9232e-192,3.9232e-192,3.9232e-192
2.3539e-192,2.3539e-192,2.3539e-192,2.3539e-192,2.3539e-192
1.4124e-192,1.4124e-192,1.4124e-192,1.4124e-192,1.4124e-192
8.4741e-193,8.4741e-193,8.4741e-193,8.4741e-193,8.4741e-193
5.0845e-193,5.0845e-193,5.0845e-193,5.0845e-193,5.0845e-193
3.0507e-193,3.0507e-193,3.0507e-193,3.0507e-193,3.0507e-193
1.8304e-193,1.8304e-193,1.8304e-193,1.8304e-193,1.8304e-193
1.0982e-193,1.0982e-193,1.0982e-193,1.0982e-193,1.0982e-193
6.5895e-194,6.5895e-194,6.5895e-194,6.5895e-194,6.5895e-194
3.9537e-194,3.9537e-194,3.9537e-194,3.9537e-194,3.9537e-194
2.3722e-194,2.3722e-194,2.3722e-194,2.3722e-194,2.3722e-194
1.4233e-194,1.4233e-194,1.4233e-194,1.4233e-194,1.4233e-194
8.54e-195,8.54e-195,8.54e-195,8.54e-195,8.54e-195
5.124e-195,5.124e-195,5.124e-195,5.124e-195,5.124e-195
3.0744e-195,3.0744e-195,3.0744e-195,3.0744e-195,3.0744e-195
1.8446e-195,1.8446e-195,1.8446e-195,1.8446e-195,1.8446e-195
1.1068e-195,1.1068e-195,1.1068e-195,1.1068e-195,1.1068e-195
6.6407e-196,6.6407e-196,6.6407e-196,6.6407e-196,6.6407e-196
3.9844e-196,3.9844e-196,3.9844e-196,3.9844e-196,3.9844e-196
2.3906e-196,2.3906e-196,2.3906e-196,2.3906e-196,2.3906e-196
1.4344e-196,1.4344e-196,1.4344e-196,1.4344e-196,1.4344e-196
8.6063e-197,8.6063e-197,8.6063e-197,8.6063e-197,8.6063e-197
5.1638e-197,5.1638e-197,5.1638e-197,5.1638e-197,5.1638e-197
3.0983e-197,3.0983e-197,3.0983e-197,3.0983e-197,3.0983e-197
1.859e-197,1.859e-197,1.859e-197,1.859e-197,1.859e-197
1.1154e-197,1.1154e-197,1.1154e-197,1.1154e-197,1.1154e-197
6.6923e-198,6.6923e-198,6.6923e-198,6.6923e-198,6.6923e-198
4.0154e-198,4.0154e-198,4.0154e-198,4.0154e-198,4.0154e-198
2.4092e-198,2.4092e-198,2.4092e-198,2.4092e-198,2.4092e-198
1.4455e-198,1.4455e-198,1.4455e-198,1.4455e-198,1.4455e-198
8.6732e-199,8.6732e-199,8.6732e-199,8.6732e-199,8.6732e-199
5.2039e-199,5.2039e-199,5.2039e-199,5.2039e-199,5.2039e-199
3.1223e-199,3.1223e-199,3.1223e-199,3.1223e-199,3.1223e-199
1.8734e-199,1.8734e-199,1.8734e-199,1.8734e-199,1.8734e-199
1.124e-199,1.124e-199,1.124e-199,1.124e-199,1.124e-199
6.7443e-200,6.7443e-200,6.7443e-200,6.7443e-200,6.7443e-200
4.0466e-200,4.0466e-200,4.0466e-200,4.0466e-200,4.0466e-200
2.4279e-200,2.4279e-200,2.4279e-200,2.4279e-200,2.4279e-200
1.4568e-200,1.4568e-200,1.4568e-200,1.4568e-200,1.4568e-200
8.7406e-201,8.7406e-201,8.7406e-201,8.7406e-201,8.7406e-201
5.2443e-201,5.2443e-201,5.2443e-201,5.2443e-201,5.2443e-201
3.1466e-201,3.1466e-201,3.1466e-201,3.1466e-201,3.1466e-201
1.888e-201,1.888e-201,1.888e-201,1.888e-201,1.888e-201
1.1328e-201,1.1328e-201,1.1328e-201,1.1328e-201,1.1328e-201
6.7967e-202,6.7967e-202,6.7967e-202,6.7967e-202,6.7967e-202
4.078e-202,4.078e-202,4.078e-202,4.078e-202,4.078e-202
2.4468e-202,2.4468e-202,2.4468e-202,2.4468e-202,2.4468e-202
1.4681e-202,1.4681e-202,1.4681e-202,1.4681e-202,1.4681e-202
8.8085e-203,8.8085e-203,8.8085e-203,8.8085e-203,8.8085e-203
5.2851e-203,5.2851e-203,5.2851e-203,5.2851e-203,5.2851e-203
3.171e-203,3.171e-203,3.171e-203,3.171e-203,3.171e-203
1.9026e-203,1.9026e-203,1.9026e-203,1.9026e-203,1.9026e-203
1.1416e-203,1.1416e-203,1.1416e-203,1.1416e-203,1.1416e-203
6.8495e-204,6.8495e-204,6.8495e-204,6.8495e-204,6.8495e-204
4.1097e-204,4.1097e-204,4.1097e-204,4.1097e-204,4.1097e-204
2.4658e-204,2.4658e-204,2.4658e-204,2.4658e-204,2.4658e-204
1.4795e-204,1.4795e-204,1.4795e-204,1.4795e-204,1.4795e-204
8.8769e-205,8.8769e-205,8.8769e-205,8.8769e-205,8.8769e-205
5.3261e-205,5.3261e-205,5.3261e-205,5.3261e-205,5.3261e-205
3.1957e-205,3.1957e-205,3.1957e-205,3.1957e-205,3.1957e-205
1.9174e-205,1.9174e-205,1.9174e-205,1.9174e-205,1.9174e-205
1.1504e-205,1.1504e-205,1.1504e-205,1.1504e-205,1.1504e-205
6.9027e-206,6.9027e-206,6.9027e-206,6.9027e-206,6.9027e-206
4.1416e-206,4.1416e-206,4.1416e-206,4.1416e-206,4.1416e-206
2.485e-206,2.485e-206,2.485e-206,2.485e-206,2.485e-206
1.491e-206,1.491e-206,1.491e-206,1.491e-206,1.491e-206
8.9459e-207,8.9459e-207,8.9459e-207,8.9459e-207,8.9459e-207
5.3675e-207,5.3675e-207,5.3675e-207,5.3675e-207,5.3675e-207
3.2205e-207,3.2205e-207,3.2205e-207,3.2205e-207,3.2205e-207
1.9323e-207,1.9323e-207,1.9323e-207,1.9323e-207,1.9323e-207
1.1594e-207,1.1594e-207,1.1594e-207,1.1594e-207,1.1594e-207
6.9563e-208,6.9563e-208,6.9563e-208,6.9563e-208,6.9563e-208
4.1738e-208,4.1738e-208,4.1738e-208,4.1738e-208,4.1738e-208
2.5043e-208,2.5043e-208,2.5043e-208,2.5043e-208,2.5043e-208
1.5026e-208,1.5026e-208,1.5026e-208,1.5026e-208,1.5026e-208
9.0154e-209,9.0154e-209,9.0154e-209,9.0154e-209,9.0154e-209
5.4092e-209,5.4092e-209,5.4092e-209,5.4092e-209,5.4092e-209
3.2455e-209,3.2455e-209,3.2455e-209,3.2455e-209,3.2455e-209
1.9473e-209,1.9473e-209,1.9473e-209,1.9473e-209,1.9473e-209
1.1684e-209,1.1684e-209,1.1684e-209,1.1684e-209,1.1684e-209
7.0104e-210,7.0104e-210,7.0104e-210,7.0104e-210,7.0104e-210
4.2062e-210,4.2062e-210,4.2062e-210,4.2062e-210,4.2062e-210
2.5237e-210,2.5237e-210,2.5237e-210,2.5237e-210,2.5237e-210
1.5142e-210,1.5142e-210,1.5142e-210,1.5142e-210,1.5142e-210
9.0854e-211,9.0854e-211,9.0854e-211,9.0854e-211,9.0854e-211
5.4513e-211,5.4513e-211,5.4513e-211,5.4513e-211,5.4513e-211
3.2708e-211,3.2708e-211,3.2708e-211,3.2708e-211,3.2708e-211
1.9625e-211,1.9625e-211,1.9625e-211,1.9625e-211,1.9625e-211
1.1775e-211,1.1775e-211,1.1775e-211,1.1775e-211,1.1775e-211
7.0648e-212,7.0648e-212,7.0648e-212,7.0648e-212,7.0648e-212
4.2389e-212,4.2389e-212,4.2389e-212,4.2389e-212,4.2389e-212
2.5433e-212,2.5433e-212,2.5433e-212,2.5433e-212,2.5433e-212
1.526e-212,1.526e-212,1.526e-212,1.526e-212,1.526e-212
9.156e-213,9.156e-213,9.156e-213,9.156e-213,9.156e-213
5.4936e-213,5.4936e-213,5.4936e-213,5.4936e-213,5.4936e-213
3.2962e-213,3.2962e-213,3.2962e-213,3.2962e-213,3.2962e-213
1.9777e-213,1.9777e-213,1.9777e-213,1.9777e-213,1.9777e-213
1.1866e-213,1.1866e-213,1.1866e-213,1.1866e-213,1.1866e-213
7.1197e-214,7.1197e-214,7.1197e-214,7.1197e-214,7.1197e-214
4.2718e-214,4.2718e-214,4.2718e-214,4.2718e-214,4.2718e-214
2.5631e-214,2.5631e-214,2.5631e-214,2.5631e-214,2.5631e-214
1.5379e-214,1.5379e-214,1.5379e-214,1.5379e-214,1.5379e-214
9.2272e-215,9.2272e-215,9.2272e-215,9.2272e-215,9.2272e-215
5.5363e-215,5.5363e-215,5.5363e-215,5.5363e-215,5.5363e-215
3.3218e-215,3.3218e-215,3.3218e-215,3.3218e-215,3.3218e-215
1.9931e-215,1.9931e-215,1.9931e-215,1.9931e-215,1.9931e-215
1.1958e-215,1.1958e-215,1.1958e-215,1.1958e-215,1.1958e-215
7.175e-216,7.175e-216,7.175e-216,7.175e-216,7.175e-216
4.305e-216,4.305e-216,4.305e-216,4.305e-216,4.305e-216
2.583e-216,2.583e-216,2.583e-216,2.583e-216,2.583e-216
1.5498e-216,1.5498e-216,1.5498e-216,1.5498e-216,1.5498e-216
9.2988e-217,9.2988e-217,9.2988e-217,9.2988e-217,9.2988e-217
5.5793e-217,5.5793e-217,5.5793e-217,5.5793e-217,5.5793e-217
3.3476e-217,3.3476e-217,3.3476e-217,3.3476e-217,3.3476e-217
2.0086e-217,2.0086e-217,2.0086e-217,2.0086e-217,2.0086e-217
1.2051e-217,1.2051e-217,1.2051e-217,1.2051e-217,1.2051e-217
7.2308e-218,7.2308e-218,7.2308e-218,7.2308e-218,7.2308e-218
4.3385e-218,4.3385e-218,4.3385e-218,4.3385e-218,4.3385e-218
2.6031e-218,2.6031e-218,2.6031e-218,2.6031e-218,2.6031e-218
1.5618e-218,1.5618e-218,1.5618e-218,1.5618e-218,1.5618e-218
9.3711e-219,9.3711e-219,9.3711e-219,9.3711e-219,9.3711e-219
5.6227e-219,5.6227e-219,5.6227e-219,5.6227e-219,5.6227e-219
3.3736e-219,3.3736e-219,3.3736e-219,3.3736e-219,3.3736e-219
2.0242e-219,2.0242e-219,2.0242e-219,2.0242e-219,2.0242e-219
1.2145e-219,1.2145e-219,1.2145e-219,1.2145e-219,1.2145e-219
7.287e-220,7.287e-220,7.287e-220,7.287e-220,7.287e-220
4.3722e-220,4.3722e-220,4.3722e-220,4.3722e-220,4.3722e-220
2.6233e-220,2.6233e-220,2.6233e-220,2.6233e-220,2.6233e-220
1.574e-220,1.574e-220,1.574e-220,1.574e-220,1.574e-220
9.4439e-221,9.4439e-221,9.4439e-221,9.4439e-221,9.4439e-221
5.6663e-221,5.6663e-221,5.6663e-221,5.6663e-221,5.6663e-221
3.3998e-221,3.3998e-221,3.3998e-221,3.3998e-221,3.3998e-221
2.0399e-221,2.0399e-221,2.0399e-221,2.0399e-221,2.0399e-221
1.2239e-221,1.2239e-221,1.2239e-221,1.2239e-221,1.2239e-221
7.3436e-222,7.3436e-222,7.3436e-222,7.3436e-222,7.3436e-222
4.4061e-222,4.4061e-222,4.4061e-222,4.4061e-222,4.4061e-222
2.6437e-222,2.6437e-222,2.6437e-222,2.6437e-222,2.6437e-222
1.5862e-222,1.5862e-222,1.5862e-222,1.5862e-222,1.5862e-222
9.5173e-223,9.5173e-223,9.5173e-223,9.5173e-223,9.5173e-223
5.7104e-223,5.7104e-223,5.7104e-223,5.7104e-223,5.7104e-223
3.4262e-223,3.4262e-223,3.4262e-223,3.4262e-223,3.4262e-223
