0.1,0.2,0.3,0.5,0.6
0.336,0.474,0.627,0.735,0.678
0.67574,0.73547,0.69452,0.60312,0.64932
0.65255,0.59631,0.63936,0.70644,0.68403
0.6812,0.71493,0.68782,0.63173,0.64895
0.65068,0.6187,0.64627,0.69111,0.6817
0.68138,0.70295,0.68346,0.64602,0.653
0.65167,0.63118,0.65046,0.68171,0.67755
0.68017,0.69501,0.6806,0.65451,0.65753
0.65324,0.63921,0.65315,0.67548,0.67354
0.6788,0.68941,0.67866,0.66003,0.66144
0.65469,0.64473,0.65495,0.67114,0.67018
0.67759,0.68534,0.6773,0.66381,0.66453
0.65588,0.64866,0.6562,0.66805,0.66752
0.67664,0.68235,0.67635,0.66649,0.66689
0.65679,0.65151,0.65707,0.66579,0.66548
0.6759,0.68013,0.67565,0.66841,0.66866
0.65747,0.65359,0.65771,0.66414,0.66394
0.67535,0.67849,0.67515,0.66982,0.66998
0.65798,0.65511,0.65817,0.66292,0.66278
0.67493,0.67726,0.67478,0.67084,0.67095
0.65836,0.65624,0.6585,0.66202,0.66192
0.67462,0.67635,0.67451,0.6716,0.67167
0.65865,0.65708,0.65875,0.66135,0.66129
0.67439,0.67567,0.6743,0.67215,0.67221
0.65886,0.6577,0.65893,0.66086,0.66081
0.67422,0.67517,0.67415,0.67256,0.6726
0.65901,0.65815,0.65907,0.6605,0.66046
0.67409,0.67479,0.67404,0.67286,0.67289
0.65913,0.6585,0.65918,0.66023,0.66021
0.67399,0.67451,0.67395,0.67308,0.6731
0.65922,0.65875,0.65925,0.66004,0.66002
0.67391,0.6743,0.67389,0.67324,0.67326
0.65929,0.65894,0.65931,0.65989,0.65988
0.67386,0.67415,0.67384,0.67336,0.67337
0.65934,0.65908,0.65936,0.65979,0.65978
0.67381,0.67403,0.6738,0.67345,0.67345
0.65938,0.65919,0.65939,0.65971,0.6597
0.67378,0.67394,0.67377,0.67351,0.67351
0.65941,0.65927,0.65942,0.65966,0.65965
0.67375,0.67387,0.67375,0.67355,0.67356
0.65944,0.65933,0.65944,0.65962,0.65961
0.67373,0.67382,0.67373,0.67358,0.67359
0.65946,0.65938,0.65946,0.65959,0.65959
0.67371,0.67378,0.67371,0.6736,0.67361
0.65947,0.65942,0.65948,0.65957,0.65957
0.6737,0.67375,0.6737,0.67362,0.67362
0.65949,0.65945,0.65949,0.65956,0.65956
0.67369,0.67372,0.67369,0.67363,0.67363
0.6595,0.65947,0.6595,0.65955,0.65955
0.67368,0.6737,0.67368,0.67363,0.67363
0.65951,0.65949,0.65951,0.65955,0.65955
0.67367,0.67369,0.67367,0.67363,0.67364
0.65952,0.6595,0.65952,0.65955,0.65955
0.67366,0.67367,0.67366,0.67363,0.67363
0.65953,0.65952,0.65953,0.65955,0.65955
0.67365,0.67366,0.67365,0.67363,0.67363
0.65954,0.65953,0.65954,0.65955,0.65955
0.67364,0.67365,0.67364,0.67363,0.67363
0.65954,0.65954,0.65954,0.65956,0.65956
0.67364,0.67364,0.67364,0.67363,0.67363
0.65955,0.65955,0.65955,0.65956,0.65956
0.67363,0.67363,0.67363,0.67362,0.67362
0.65956,0.65955,0.65956,0.65957,0.65957
0.67362,0.67363,0.67362,0.67362,0.67362
0.65957,0.65956,0.65957,0.65957,0.65957
0.67362,0.67362,0.67362,0.67361,0.67361
0.65957,0.65957,0.65957,0.65958,0.65958
0.67361,0.67361,0.67361,0.67361,0.67361
0.65958,0.65958,0.65958,0.65958,0.65958
0.6736,0.6736,0.6736,0.6736,0.6736
0.65959,0.65958,0.65959,0.65959,0.65959
0.6736,0.6736,0.6736,0.6736,0.6736
0.65959,0.65959,0.65959,0.65959,0.65959
0.67359,0.67359,0.67359,0.67359,0.67359
0.6596,0.6596,0.6596,0.6596,0.6596
0.67358,0.67359,0.67358,0.67358,0.67358
0.6596,0.6596,0.6596,0.65961,0.65961
0.67358,0.67358,0.67358,0.67358,0.67358
0.65961,0.65961,0.65961,0.65961,0.65961
0.67357,0.67357,0.67357,0.67357,0.67357
0.65962,0.65962,0.65962,0.65962,0.65962
0.67357,0.67357,0.67357,0.67357,0.67357
0.65962,0.65962,0.65962,0.65962,0.65962
0.67356,0.67356,0.67356,0.67356,0.67356
0.65963,0.65963,0.65963,0.65963,0.65963
0.67355,0.67355,0.67355,0.67355,0.67355
0.65964,0.65964,0.65964,0.65964,0.65964
0.67355,0.67355,0.67355,0.67355,0.67355
0.65964,0.65964,0.65964,0.65964,0.65964
0.67354,0.67354,0.67354,0.67354,0.67354
0.65965,0.65965,0.65965,0.65965,0.65965
0.67354,0.67354,0.67354,0.67354,0.67354
0.65965,0.65965,0.65965,0.65965,0.65965
0.67353,0.67353,0.67353,0.67353,0.67353
0.65966,0.65966,0.65966,0.65966,0.65966
0.67353,0.67353,0.67353,0.67353,0.67353
0.65967,0.65967,0.65967,0.65967,0.65967
0.67352,0.67352,0.67352,0.67352,0.67352
0.65967,0.65967,0.65967,0.65967,0.65967
0.67351,0.67351,0.67351,0.67351,0.67351
0.65968,0.65968,0.65968,0.65968,0.65968
0.67351,0.67351,0.67351,0.67351,0.67351
0.65969,0.65969,0.65969,0.65969,0.65969
0.6735,0.6735,0.6735,0.6735,0.6735
0.65969,0.65969,0.65969,0.65969,0.65969
0.6735,0.6735,0.6735,0.6735,0.6735
0.6597,0.6597,0.6597,0.6597,0.6597
0.67349,0.67349,0.67349,0.67349,0.67349
0.6597,0.6597,0.6597,0.6597,0.6597
0.67348,0.67348,0.67348,0.67348,0.67348
0.65971,0.65971,0.65971,0.65971,0.65971
0.67348,0.67348,0.67348,0.67348,0.67348
0.65972,0.65972,0.65972,0.65972,0.65972
0.67347,0.67347,0.67347,0.67347,0.67347
0.65972,0.65972,0.65972,0.65972,0.65972
0.67347,0.67347,0.67347,0.67347,0.67347
0.65973,0.65973,0.65973,0.65973,0.65973
0.67346,0.67346,0.67346,0.67346,0.67346
0.65973,0.65973,0.65973,0.65973,0.65973
0.67346,0.67346,0.67346,0.67346,0.67346
0.65974,0.65974,0.65974,0.65974,0.65974
0.67345,0.67345,0.67345,0.67345,0.67345
0.65975,0.65975,0.65975,0.65975,0.65975
0.67344,0.67344,0.67344,0.67344,0.67344
0.65975,0.65975,0.65975,0.65975,0.65975
0.67344,0.67344,0.67344,0.67344,0.67344
0.65976,0.65976,0.65976,0.65976,0.65976
0.67343,0.67343,0.67343,0.67343,0.67343
0.65976,0.65976,0.65976,0.65976,0.65976
0.67343,0.67343,0.67343,0.67343,0.67343
0.65977,0.65977,0.65977,0.65977,0.65977
0.67342,0.67342,0.67342,0.67342,0.67342
0.65977,0.65977,0.65977,0.65977,0.65977
0.67342,0.67342,0.67342,0.67342,0.67342
0.65978,0.65978,0.65978,0.65978,0.65978
0.67341,0.67341,0.67341,0.67341,0.67341
0.65979,0.65979,0.65979,0.65979,0.65979
0.67341,0.67341,0.67341,0.67341,0.67341
0.65979,0.65979,0.65979,0.65979,0.65979
0.6734,0.6734,0.6734,0.6734,0.6734
0.6598,0.6598,0.6598,0.6598,0.6598
0.67339,0.67339,0.67339,0.67339,0.67339
0.6598,0.6598,0.6598,0.6598,0.6598
0.67339,0.67339,0.67339,0.67339,0.67339
0.65981,0.65981,0.65981,0.65981,0.65981
0.67338,0.67338,0.67338,0.67338,0.67338
0.65982,0.65982,0.65982,0.65982,0.65982
0.67338,0.67338,0.67338,0.67338,0.67338
0.65982,0.65982,0.65982,0.65982,0.65982
0.67337,0.67337,0.67337,0.67337,0.67337
0.65983,0.65983,0.65983,0.65983,0.65983
0.67337,0.67337,0.67337,0.67337,0.67337
0.65983,0.65983,0.65983,0.65983,0.65983
0.67336,0.67336,0.67336,0.67336,0.67336
0.65984,0.65984,0.65984,0.65984,0.65984
0.67336,0.67336,0.67336,0.67336,0.67336
0.65984,0.65984,0.65984,0.65984,0.65984
0.67335,0.67335,0.67335,0.67335,0.67335
0.65985,0.65985,0.65985,0.65985,0.65985
0.67334,0.67334,0.67334,0.67334,0.67334
0.65985,0.65985,0.65985,0.65985,0.65985
0.67334,0.67334,0.67334,0.67334,0.67334
0.65986,0.65986,0.65986,0.65986,0.65986
0.67333,0.67333,0.67333,0.67333,0.67333
0.65987,0.65987,0.65987,0.65987,0.65987
0.67333,0.67333,0.67333,0.67333,0.67333
0.65987,0.65987,0.65987,0.65987,0.65987
0.67332,0.67332,0.67332,0.67332,0.67332
0.65988,0.65988,0.65988,0.65988,0.65988
0.67332,0.67332,0.67332,0.67332,0.67332
0.65988,0.65988,0.65988,0.65988,0.65988
0.67331,0.67331,0.67331,0.67331,0.67331
0.65989,0.65989,0.65989,0.65989,0.65989
0.67331,0.67331,0.67331,0.67331,0.67331
0.65989,0.65989,0.65989,0.65989,0.65989
0.6733,0.6733,0.6733,0.6733,0.6733
0.6599,0.6599,0.6599,0.6599,0.6599
0.6733,0.6733,0.6733,0.6733,0.6733
0.65991,0.65991,0.65991,0.65991,0.65991
0.67329,0.67329,0.67329,0.67329,0.67329
0.65991,0.65991,0.65991,0.65991,0.65991
0.67329,0.67329,0.67329,0.67329,0.67329
0.65992,0.65992,0.65992,0.65992,0.65992
0.67328,0.67328,0.67328,0.67328,0.67328
0.65992,0.65992,0.65992,0.65992,0.65992
0.67328,0.67328,0.67328,0.67328,0.67328
0.65993,0.65993,0.65993,0.65993,0.65993
0.67327,0.67327,0.67327,0.67327,0.67327
0.65993,0.65993,0.65993,0.65993,0.65993
0.67326,0.67326,0.67326,0.67326,0.67326
0.65994,0.65994,0.65994,0.65994,0.65994
0.67326,0.67326,0.67326,0.67326,0.67326
0.65994,0.65994,0.65994,0.65994,0.65994
0.67325,0.67325,0.67325,0.67325,0.67325
0.65995,0.65995,0.65995,0.65995,0.65995
0.67325,0.67325,0.67325,0.67325,0.67325
0.65995,0.65995,0.65995,0.65995,0.65995
0.67324,0.67324,0.67324,0.67324,0.67324
0.65996,0.65996,0.65996,0.65996,0.65996
0.67324,0.67324,0.67324,0.67324,0.67324
0.65997,0.65997,0.65997,0.65997,0.65997
0.67323,0.67323,0.67323,0.67323,0.67323
0.65997,0.65997,0.65997,0.65997,0.65997
0.67323,0.67323,0.67323,0.67323,0.67323
0.65998,0.65998,0.65998,0.65998,0.65998
0.67322,0.67322,0.67322,0.67322,0.67322
0.65998,0.65998,0.65998,0.65998,0.65998
0.67322,0.67322,0.67322,0.67322,0.67322
0.65999,0.65999,0.65999,0.65999,0.65999
0.67321,0.67321,0.67321,0.67321,0.67321
0.65999,0.65999,0.65999,0.65999,0.65999
0.67321,0.67321,0.67321,0.67321,0.67321
0.66,0.66,0.66,0.66,0.66
0.6732,0.6732,0.6732,0.6732,0.6732
0.66,0.66,0.66,0.66,0.66
0.6732,0.6732,0.6732,0.6732,0.6732
0.66001,0.66001,0.66001,0.66001,0.66001
0.67319,0.67319,0.67319,0.67319,0.67319
0.66001,0.66001,0.66001,0.66001,0.66001
0.67319,0.67319,0.67319,0.67319,0.67319
0.66002,0.66002,0.66002,0.66002,0.66002
0.67318,0.67318,0.67318,0.67318,0.67318
0.66002,0.66002,0.66002,0.66002,0.66002
0.67318,0.67318,0.67318,0.67318,0.67318
0.66003,0.66003,0.66003,0.66003,0.66003
0.67317,0.67317,0.67317,0.67317,0.67317
0.66003,0.66003,0.66003,0.66003,0.66003
0.67317,0.67317,0.67317,0.67317,0.67317
0.66004,0.66004,0.66004,0.66004,0.66004
0.67316,0.67316,0.67316,0.67316,0.67316
0.66004,0.66004,0.66004,0.66004,0.66004
0.67316,0.67316,0.67316,0.67316,0.67316
0.66005,0.66005,0.66005,0.66005,0.66005
0.67315,0.67315,0.67315,0.67315,0.67315
0.66005,0.66005,0.66005,0.66005,0.66005
0.67315,0.67315,0.67315,0.67315,0.67315
0.66006,0.66006,0.66006,0.66006,0.66006
0.67314,0.67314,0.67314,0.67314,0.67314
0.66006,0.66006,0.66006,0.66006,0.66006
0.67314,0.67314,0.67314,0.67314,0.67314
0.66007,0.66007,0.66007,0.66007,0.66007
0.67313,0.67313,0.67313,0.67313,0.67313
0.66008,0.66008,0.66008,0.66008,0.66008
0.67313,0.67313,0.67313,0.67313,0.67313
0.66008,0.66008,0.66008,0.66008,0.66008
0.67312,0.67312,0.67312,0.67312,0.67312
0.66009,0.66009,0.66009,0.66009,0.66009
0.67312,0.67312,0.67312,0.67312,0.67312
0.66009,0.66009,0.66009,0.66009,0.66009
0.67311,0.67311,0.67311,0.67311,0.67311
0.6601,0.6601,0.6601,0.6601,0.6601
0.67311,0.67311,0.67311,0.67311,0.67311
0.6601,0.6601,0.6601,0.6601,0.6601
0.6731,0.6731,0.6731,0.6731,0.6731
0.66011,0.66011,0.66011,0.66011,0.66011
0.6731,0.6731,0.6731,0.6731,0.6731
0.66011,0.66011,0.66011,0.66011,0.66011
0.67309,0.67309,0.67309,0.67309,0.67309
0.66012,0.66012,0.66012,0.66012,0.66012
0.67309,0.67309,0.67309,0.67309,0.67309
0.66012,0.66012,0.66012,0.66012,0.66012
0.67308,0.67308,0.67308,0.67308,0.67308
0.66013,0.66013,0.66013,0.66013,0.66013
0.67308,0.67308,0.67308,0.67308,0.67308
0.66013,0.66013,0.66013,0.66013,0.66013
0.67307,0.67307,0.67307,0.67307,0.67307
0.66014,0.66014,0.66014,0.66014,0.66014
0.67307,0.67307,0.67307,0.67307,0.67307
0.66014,0.66014,0.66014,0.66014,0.66014
0.67307,0.67307,0.67307,0.67307,0.67307
0.66015,0.66015,0.66015,0.66015,0.66015
0.67306,0.67306,0.67306,0.67306,0.67306
0.66015,0.66015,0.66015,0.66015,0.66015
0.67306,0.67306,0.67306,0.67306,0.67306
0.66016,0.66016,0.66016,0.66016,0.66016
0.67305,0.67305,0.67305,0.67305,0.67305
0.66016,0.66016,0.66016,0.66016,0.66016
0.67305,0.67305,0.67305,0.67305,0.67305
0.66017,0.66017,0.66017,0.66017,0.66017
0.67304,0.67304,0.67304,0.67304,0.67304
0.66017,0.66017,0.66017,0.66017,0.66017
0.67304,0.67304,0.67304,0.67304,0.67304
0.66017,0.66017,0.66017,0.66017,0.66017
0.67303,0.67303,0.67303,0.67303,0.67303
0.66018,0.66018,0.66018,0.66018,0.66018
0.67303,0.67303,0.67303,0.67303,0.67303
0.66018,0.66018,0.66018,0.66018,0.66018
0.67302,0.67302,0.67302,0.67302,0.67302
0.66019,0.66019,0.66019,0.66019,0.66019
0.67302,0.67302,0.67302,0.67302,0.67302
0.66019,0.66019,0.66019,0.66019,0.66019
0.67301,0.67301,0.67301,0.67301,0.67301
0.6602,0.6602,0.6602,0.6602,0.6602
0.67301,0.67301,0.67301,0.67301,0.67301
0.6602,0.6602,0.6602,0.6602,0.6602
0.673,0.673,0.673,0.673,0.673
0.66021,0.66021,0.66021,0.66021,0.66021
0.673,0.673,0.673,0.673,0.673
0.66021,0.66021,0.66021,0.66021,0.66021
0.67299,0.67299,0.67299,0.67299,0.67299
0.66022,0.66022,0.66022,0.66022,0.66022
0.67299,0.67299,0.67299,0.67299,0.67299
0.66022,0.66022,0.66022,0.66022,0.66022
0.67299,0.67299,0.67299,0.67299,0.67299
0.66023,0.66023,0.66023,0.66023,0.66023
0.67298,0.67298,0.67298,0.67298,0.67298
0.66023,0.66023,0.66023,0.66023,0.66023
0.67298,0.67298,0.67298,0.67298,0.67298
0.66024,0.66024,0.66024,0.66024,0.66024
0.67297,0.67297,0.67297,0.67297,0.67297
0.66024,0.66024,0.66024,0.66024,0.66024
0.67297,0.67297,0.67297,0.67297,0.67297
0.66025,0.66025,0.66025,0.66025,0.66025
0.67296,0.67296,0.67296,0.67296,0.67296
0.66025,0.66025,0.66025,0.66025,0.66025
0.67296,0.67296,0.67296,0.67296,0.67296
0.66026,0.66026,0.66026,0.66026,0.66026
0.67295,0.67295,0.67295,0.67295,0.67295
0.66026,0.66026,0.66026,0.66026,0.66026
0.67295,0.67295,0.67295,0.67295,0.67295
0.66027,0.66027,0.66027,0.66027,0.66027
0.67294,0.67294,0.67294,0.67294,0.67294
0.66027,0.66027,0.66027,0.66027,0.66027
0.67294,0.67294,0.67294,0.67294,0.67294
0.66028,0.66028,0.66028,0.66028,0.66028
0.67294,0.67294,0.67294,0.67294,0.67294
0.66028,0.66028,0.66028,0.66028,0.66028
0.67293,0.67293,0.67293,0.67293,0.67293
0.66028,0.66028,0.66028,0.66028,0.66028
0.67293,0.67293,0.67293,0.67293,0.67293
0.66029,0.66029,0.66029,0.66029,0.66029
0.67292,0.67292,0.67292,0.67292,0.67292
0.66029,0.66029,0.66029,0.66029,0.66029
0.67292,0.67292,0.67292,0.67292,0.67292
0.6603,0.6603,0.6603,0.6603,0.6603
0.67291,0.67291,0.67291,0.67291,0.67291
0.6603,0.6603,0.6603,0.6603,0.6603
0.67291,0.67291,0.67291,0.67291,0.67291
0.66031,0.66031,0.66031,0.66031,0.66031
0.6729,0.6729,0.6729,0.6729,0.6729
0.66031,0.66031,0.66031,0.66031,0.66031
0.6729,0.6729,0.6729,0.6729,0.6729
0.66032,0.66032,0.66032,0.66032,0.66032
0.6729,0.6729,0.6729,0.6729,0.6729
0.66032,0.66032,0.66032,0.66032,0.66032
0.67289,0.67289,0.67289,0.67289,0.67289
0.66033,0.66033,0.66033,0.66033,0.66033
0.67289,0.67289,0.67289,0.67289,0.67289
0.66033,0.66033,0.66033,0.66033,0.66033
0.67288,0.67288,0.67288,0.67288,0.67288
0.66033,0.66033,0.66033,0.66033,0.66033
0.67288,0.67288,0.67288,0.67288,0.67288
0.66034,0.66034,0.66034,0.66034,0.66034
0.67287,0.67287,0.67287,0.67287,0.67287
0.66034,0.66034,0.66034,0.66034,0.66034
0.67287,0.67287,0.67287,0.67287,0.67287
0.66035,0.66035,0.66035,0.66035,0.66035
0.67287,0.67287,0.67287,0.67287,0.67287
0.66035,0.66035,0.66035,0.66035,0.66035
0.67286,0.67286,0.67286,0.67286,0.67286
0.66036,0.66036,0.66036,0.66036,0.66036
0.67286,0.67286,0.67286,0.67286,0.67286
0.66036,0.66036,0.66036,0.66036,0.66036
0.67285,0.67285,0.67285,0.67285,0.67285
0.66037,0.66037,0.66037,0.66037,0.66037
0.67285,0.67285,0.67285,0.67285,0.67285
0.66037,0.66037,0.66037,0.66037,0.66037
0.67284,0.67284,0.67284,0.67284,0.67284
0.66038,0.66038,0.66038,0.66038,0.66038
0.67284,0.67284,0.67284,0.67284,0.67284
0.66038,0.66038,0.66038,0.66038,0.66038
0.67284,0.67284,0.67284,0.67284,0.67284
0.66038,0.66038,0.66038,0.66038,0.66038
0.67283,0.67283,0.67283,0.67283,0.67283
0.66039,0.66039,0.66039,0.66039,0.66039
0.67283,0.67283,0.67283,0.67283,0.67283
0.66039,0.66039,0.66039,0.66039,0.66039
0.67282,0.67282,0.67282,0.67282,0.67282
0.6604,0.6604,0.6604,0.6604,0.6604
0.67282,0.67282,0.67282,0.67282,0.67282
0.6604,0.6604,0.6604,0.6604,0.6604
0.67281,0.67281,0.67281,0.67281,0.67281
0.66041,0.66041,0.66041,0.66041,0.66041
0.67281,0.67281,0.67281,0.67281,0.67281
0.66041,0.66041,0.66041,0.66041,0.66041
0.67281,0.67281,0.67281,0.67281,0.67281
0.66041,0.66041,0.66041,0.66041,0.66041
0.6728,0.6728,0.6728,0.6728,0.6728
0.66042,0.66042,0.66042,0.66042,0.66042
0.6728,0.6728,0.6728,0.6728,0.6728
0.66042,0.66042,0.66042,0.66042,0.66042
0.67279,0.67279,0.67279,0.67279,0.67279
0.66043,0.66043,0.66043,0.66043,0.66043
0.67279,0.67279,0.67279,0.67279,0.67279
0.66043,0.66043,0.66043,0.66043,0.66043
0.67278,0.67278,0.67278,0.67278,0.67278
0.66044,0.66044,0.66044,0.66044,0.66044
0.67278,0.67278,0.67278,0.67278,0.67278
0.66044,0.66044,0.66044,0.66044,0.66044
0.67278,0.67278,0.67278,0.67278,0.67278
0.66045,0.66045,0.66045,0.66045,0.66045
0.67277,0.67277,0.67277,0.67277,0.67277
0.66045,0.66045,0.66045,0.66045,0.66045
0.67277,0.67277,0.67277,0.67277,0.67277
0.66045,0.66045,0.66045,0.66045,0.66045
0.67276,0.67276,0.67276,0.67276,0.67276
0.66046,0.66046,0.66046,0.66046,0.66046
0.67276,0.67276,0.67276,0.67276,0.67276
0.66046,0.66046,0.66046,0.66046,0.66046
0.67276,0.67276,0.67276,0.67276,0.67276
0.66047,0.66047,0.66047,0.66047,0.66047
0.67275,0.67275,0.67275,0.67275,0.67275
0.66047,0.66047,0.66047,0.66047,0.66047
0.67275,0.67275,0.67275,0.67275,0.67275
0.66048,0.66048,0.66048,0.66048,0.66048
0.67274,0.67274,0.67274,0.67274,0.67274
0.66048,0.66048,0.66048,0.66048,0.66048
0.67274,0.67274,0.67274,0.67274,0.67274
0.66048,0.66048,0.66048,0.66048,0.66048
0.67274,0.67274,0.67274,0.67274,0.67274
0.66049,0.66049,0.66049,0.66049,0.66049
0.67273,0.67273,0.67273,0.67273,0.67273
0.66049,0.66049,0.66049,0.66049,0.66049
0.67273,0.67273,0.67273,0.67273,0.67273
0.6605,0.6605,0.6605,0.6605,0.6605
0.67272,0.67272,0.67272,0.67272,0.67272
0.6605,0.6605,0.6605,0.6605,0.6605
0.67272,0.67272,0.67272,0.67272,0.67272
0.6605,0.6605,0.6605,0.6605,0.6605
0.67271,0.67271,0.67271,0.67271,0.67271
0.66051,0.66051,0.66051,0.66051,0.66051
0.67271,0.67271,0.67271,0.67271,0.67271
0.66051,0.66051,0.66051,0.66051,0.66051
0.67271,0.67271,0.67271,0.67271,0.67271
0.66052,0.66052,0.66052,0.66052,0.66052
0.6727,0.6727,0.6727,0.6727,0.6727
0.66052,0.66052,0.66052,0.66052,0.66052
0.6727,0.6727,0.6727,0.6727,0.6727
0.66053,0.66053,0.66053,0.66053,0.66053
0.67269,0.67269,0.67269,0.67269,0.67269
0.66053,0.66053,0.66053,0.66053,0.66053
0.67269,0.67269,0.67269,0.67269,0.67269
0.66053,0.66053,0.66053,0.66053,0.66053
0.67269,0.67269,0.67269,0.67269,0.67269
0.66054,0.66054,0.66054,0.66054,0.66054
0.67268,0.67268,0.67268,0.67268,0.67268
0.66054,0.66054,0.66054,0.66054,0.66054
0.67268,0.67268,0.67268,0.67268,0.67268
0.66055,0.66055,0.66055,0.66055,0.66055
0.67268,0.67268,0.67268,0.67268,0.67268
0.66055,0.66055,0.66055,0.66055,0.66055
0.67267,0.67267,0.67267,0.67267,0.67267
0.66055,0.66055,0.66055,0.66055,0.66055
0.67267,0.67267,0.67267,0.67267,0.67267
0.66056,0.66056,0.66056,0.66056,0.66056
0.67266,0.67266,0.67266,0.67266,0.67266
0.66056,0.66056,0.66056,0.66056,0.66056
0.67266,0.67266,0.67266,0.67266,0.67266
0.66057,0.66057,0.66057,0.66057,0.66057
0.67266,0.67266,0.67266,0.67266,0.67266
0.66057,0.66057,0.66057,0.66057,0.66057
0.67265,0.67265,0.67265,0.67265,0.67265
0.66057,0.66057,0.66057,0.66057,0.66057
0.67265,0.67265,0.67265,0.67265,0.67265
0.66058,0.66058,0.66058,0.66058,0.66058
0.67264,0.67264,0.67264,0.67264,0.67264
0.66058,0.66058,0.66058,0.66058,0.66058
0.67264,0.67264,0.67264,0.67264,0.67264
0.66059,0.66059,0.66059,0.66059,0.66059
0.67264,0.67264,0.67264,0.67264,0.67264
0.66059,0.66059,0.66059,0.66059,0.66059
0.67263,0.67263,0.67263,0.67263,0.67263
0.66059,0.66059,0.66059,0.66059,0.66059
0.67263,0.67263,0.67263,0.67263,0.67263
0.6606,0.6606,0.6606,0.6606,0.6606
0.67262,0.67262,0.67262,0.67262,0.67262
0.6606,0.6606,0.6606,0.6606,0.6606
0.67262,0.67262,0.67262,0.67262,0.67262
0.66061,0.66061,0.66061,0.66061,0.66061
0.67262,0.67262,0.67262,0.67262,0.67262
0.66061,0.66061,0.66061,0.66061,0.66061
0.67261,0.67261,0.67261,0.67261,0.67261
0.66061,0.66061,0.66061,0.66061,0.66061
0.67261,0.67261,0.67261,0.67261,0.67261
0.66062,0.66062,0.66062,0.66062,0.66062
0.67261,0.67261,0.67261,0.67261,0.67261
0.66062,0.66062,0.66062,0.66062,0.66062
0.6726,0.6726,0.6726,0.6726,0.6726
0.66063,0.66063,0.66063,0.66063,0.66063
0.6726,0.6726,0.6726,0.6726,0.6726
0.66063,0.66063,0.66063,0.66063,0.66063
0.67259,0.67259,0.67259,0.67259,0.67259
0.66063,0.66063,0.66063,0.66063,0.66063
0.67259,0.67259,0.67259,0.67259,0.67259
0.66064,0.66064,0.66064,0.66064,0.66064
0.67259,0.67259,0.67259,0.67259,0.67259
0.66064,0.66064,0.66064,0.66064,0.66064
0.67258,0.67258,0.67258,0.67258,0.67258
0.66065,0.66065,0.66065,0.66065,0.66065
0.67258,0.67258,0.67258,0.67258,0.67258
0.66065,0.66065,0.66065,0.66065,0.66065
0.67258,0.67258,0.67258,0.67258,0.67258
0.66065,0.66065,0.66065,0.66065,0.66065
0.67257,0.67257,0.67257,0.67257,0.67257
0.66066,0.66066,0.66066,0.66066,0.66066
0.67257,0.67257,0.67257,0.67257,0.67257
0.66066,0.66066,0.66066,0.66066,0.66066
0.67256,0.67256,0.67256,0.67256,0.67256
0.66067,0.66067,0.66067,0.66067,0.66067
0.67256,0.67256,0.67256,0.67256,0.67256
0.66067,0.66067,0.66067,0.66067,0.66067
0.67256,0.67256,0.67256,0.67256,0.67256
0.66067,0.66067,0.66067,0.66067,0.66067
0.67255,0.67255,0.67255,0.67255,0.67255
0.66068,0.66068,0.66068,0.66068,0.66068
0.67255,0.67255,0.67255,0.67255,0.67255
0.66068,0.66068,0.66068,0.66068,0.66068
0.67255,0.67255,0.67255,0.67255,0.67255
0.66068,0.66068,0.66068,0.66068,0.66068
0.67254,0.67254,0.67254,0.67254,0.67254
0.66069,0.66069,0.66069,0.66069,0.66069
0.67254,0.67254,0.67254,0.67254,0.67254
0.66069,0.66069,0.66069,0.66069,0.66069
0.67253,0.67253,0.67253,0.67253,0.67253
0.6607,0.6607,0.6607,0.6607,0.6607
0.67253,0.67253,0.67253,0.67253,0.67253
0.6607,0.6607,0.6607,0.6607,0.6607
0.67253,0.67253,0.67253,0.67253,0.67253
0.6607,0.6607,0.6607,0.6607,0.6607
0.67252,0.67252,0.67252,0.67252,0.67252
0.66071,0.66071,0.66071,0.66071,0.66071
0.67252,0.67252,0.67252,0.67252,0.67252
0.66071,0.66071,0.66071,0.66071,0.66071
0.67252,0.67252,0.67252,0.67252,0.67252
0.66071,0.66071,0.66071,0.66071,0.66071
0.67251,0.67251,0.67251,0.67251,0.67251
0.66072,0.66072,0.66072,0.66072,0.66072
0.67251,0.67251,0.67251,0.67251,0.67251
0.66072,0.66072,0.66072,0.66072,0.66072
0.67251,0.67251,0.67251,0.67251,0.67251
0.66073,0.66073,0.66073,0.66073,0.66073
0.6725,0.6725,0.6725,0.6725,0.6725
0.66073,0.66073,0.66073,0.66073,0.66073
0.6725,0.6725,0.6725,0.6725,0.6725
0.66073,0.66073,0.66073,0.66073,0.66073
0.67249,0.67249,0.67249,0.67249,0.67249
0.66074,0.66074,0.66074,0.66074,0.66074
0.67249,0.67249,0.67249,0.67249,0.67249
0.66074,0.66074,0.66074,0.66074,0.66074
0.67249,0.67249,0.67249,0.67249,0.67249
0.66074,0.66074,0.66074,0.66074,0.66074
0.67248,0.67248,0.67248,0.67248,0.67248
0.66075,0.66075,0.66075,0.66075,0.66075
0.67248,0.67248,0.67248,0.67248,0.67248
0.66075,0.66075,0.66075,0.66075,0.66075
0.67248,0.67248,0.67248,0.67248,0.67248
0.66076,0.66076,0.66076,0.66076,0.66076
0.67247,0.67247,0.67247,0.67247,0.67247
0.66076,0.66076,0.66076,0.66076,0.66076
0.67247,0.67247,0.67247,0.67247,0.67247
0.66076,0.66076,0.66076,0.66076,0.66076
0.67247,0.67247,0.67247,0.67247,0.67247
0.66077,0.66077,0.66077,0.66077,0.66077
0.67246,0.67246,0.67246,0.67246,0.67246
0.66077,0.66077,0.66077,0.66077,0.66077
0.67246,0.67246,0.67246,0.67246,0.67246
0.66077,0.66077,0.66077,0.66077,0.66077
0.67246,0.67246,0.67246,0.67246,0.67246
0.66078,0.66078,0.66078,0.66078,0.66078
0.67245,0.67245,0.67245,0.67245,0.67245
0.66078,0.66078,0.66078,0.66078,0.66078
0.67245,0.67245,0.67245,0.67245,0.67245
0.66078,0.66078,0.66078,0.66078,0.66078
0.67244,0.67244,0.67244,0.67244,0.67244
0.66079,0.66079,0.66079,0.66079,0.66079
0.67244,0.67244,0.67244,0.67244,0.67244
0.66079,0.66079,0.66079,0.66079,0.66079
0.67244,0.67244,0.67244,0.67244,0.67244
0.6608,0.6608,0.6608,0.6608,0.6608
0.67243,0.67243,0.67243,0.67243,0.67243
0.6608,0.6608,0.6608,0.6608,0.6608
0.67243,0.67243,0.67243,0.67243,0.67243
0.6608,0.6608,0.6608,0.6608,0.6608
0.67243,0.67243,0.67243,0.67243,0.67243
0.66081,0.66081,0.66081,0.66081,0.66081
0.67242,0.67242,0.67242,0.67242,0.67242
0.66081,0.66081,0.66081,0.66081,0.66081
0.67242,0.67242,0.67242,0.67242,0.67242
0.66081,0.66081,0.66081,0.66081,0.66081
0.67242,0.67242,0.67242,0.67242,0.67242
0.66082,0.66082,0.66082,0.66082,0.66082
0.67241,0.67241,0.67241,0.67241,0.67241
0.66082,0.66082,0.66082,0.66082,0.66082
0.67241,0.67241,0.67241,0.67241,0.67241
0.66082,0.66082,0.66082,0.66082,0.66082
0.67241,0.67241,0.67241,0.67241,0.67241
0.66083,0.66083,0.66083,0.66083,0.66083
0.6724,0.6724,0.6724,0.6724,0.6724
0.66083,0.66083,0.66083,0.66083,0.66083
0.6724,0.6724,0.6724,0.6724,0.6724
0.66084,0.66084,0.66084,0.66084,0.66084
0.6724,0.6724,0.6724,0.6724,0.6724
0.66084,0.66084,0.66084,0.66084,0.66084
0.67239,0.67239,0.67239,0.67239,0.67239
0.66084,0.66084,0.66084,0.66084,0.66084
0.67239,0.67239,0.67239,0.67239,0.67239
0.66085,0.66085,0.66085,0.66085,0.66085
0.67239,0.67239,0.67239,0.67239,0.67239
0.66085,0.66085,0.66085,0.66085,0.66085
0.67238,0.67238,0.67238,0.67238,0.67238
0.66085,0.66085,0.66085,0.66085,0.66085
0.67238,0.67238,0.67238,0.67238,0.67238
0.66086,0.66086,0.66086,0.66086,0.66086
0.67238,0.67238,0.67238,0.67238,0.67238
0.66086,0.66086,0.66086,0.66086,0.66086
0.67237,0.67237,0.67237,0.67237,0.67237
0.66086,0.66086,0.66086,0.66086,0.66086
0.67237,0.67237,0.67237,0.67237,0.67237
0.66087,0.66087,0.66087,0.66087,0.66087
0.67237,0.67237,0.67237,0.67237,0.67237
0.66087,0.66087,0.66087,0.66087,0.66087
0.67236,0.67236,0.67236,0.67236,0.67236
0.66087,0.66087,0.66087,0.66087,0.66087
0.67236,0.67236,0.67236,0.67236,0.67236
0.66088,0.66088,0.66088,0.66088,0.66088
0.67236,0.67236,0.67236,0.67236,0.67236
0.66088,0.66088,0.66088,0.66088,0.66088
0.67235,0.67235,0.67235,0.67235,0.67235
0.66088,0.66088,0.66088,0.66088,0.66088
0.67235,0.67235,0.67235,0.67235,0.67235
0.66089,0.66089,0.66089,0.66089,0.66089
0.67235,0.67235,0.67235,0.67235,0.67235
0.66089,0.66089,0.66089,0.66089,0.66089
0.67234,0.67234,0.67234,0.67234,0.67234
0.66089,0.66089,0.66089,0.66089,0.66089
0.67234,0.67234,0.67234,0.67234,0.67234
0.6609,0.6609,0.6609,0.6609,0.6609
0.67234,0.67234,0.67234,0.67234,0.67234
0.6609,0.6609,0.6609,0.6609,0.6609
0.67233,0.67233,0.67233,0.67233,0.67233
0.6609,0.6609,0.6609,0.6609,0.6609
0.67233,0.67233,0.67233,0.67233,0.67233
0.66091,0.66091,0.66091,0.66091,0.66091
0.67233,0.67233,0.67233,0.67233,0.67233
0.66091,0.66091,0.66091,0.66091,0.66091
0.67232,0.67232,0.67232,0.67232,0.67232
0.66091,0.66091,0.66091,0.66091,0.66091
0.67232,0.67232,0.67232,0.67232,0.67232
0.66092,0.66092,0.66092,0.66092,0.66092
0.67232,0.67232,0.67232,0.67232,0.67232
0.66092,0.66092,0.66092,0.66092,0.66092
0.67231,0.67231,0.67231,0.67231,0.67231
0.66093,0.66093,0.66093,0.66093,0.66093
0.67231,0.67231,0.67231,0.67231,0.67231
0.66093,0.66093,0.66093,0.66093,0.66093
0.67231,0.67231,0.67231,0.67231,0.67231
0.66093,0.66093,0.66093,0.66093,0.66093
0.6723,0.6723,0.6723,0.6723,0.6723
0.66094,0.66094,0.66094,0.66094,0.66094
0.6723,0.6723,0.6723,0.6723,0.6723
0.66094,0.66094,0.66094,0.66094,0.66094
0.6723,0.6723,0.6723,0.6723,0.6723
0.66094,0.66094,0.66094,0.66094,0.66094
0.67229,0.67229,0.67229,0.67229,0.67229
0.66095,0.66095,0.66095,0.66095,0.66095
0.67229,0.67229,0.67229,0.67229,0.67229
0.66095,0.66095,0.66095,0.66095,0.66095
0.67229,0.67229,0.67229,0.67229,0.67229
0.66095,0.66095,0.66095,0.66095,0.66095
0.67228,0.67228,0.67228,0.67228,0.67228
0.66096,0.66096,0.66096,0.66096,0.66096
0.67228,0.67228,0.67228,0.67228,0.67228
0.66096,0.66096,0.66096,0.66096,0.66096
0.67228,0.67228,0.67228,0.67228,0.67228
0.66096,0.66096,0.66096,0.66096,0.66096
0.67227,0.67227,0.67227,0.67227,0.67227
0.66097,0.66097,0.66097,0.66097,0.66097
0.67227,0.67227,0.67227,0.67227,0.67227
0.66097,0.66097,0.66097,0.66097,0.66097
0.67227,0.67227,0.67227,0.67227,0.67227
0.66097,0.66097,0.66097,0.66097,0.66097
0.67226,0.67226,0.67226,0.67226,0.67226
0.66098,0.66098,0.66098,0.66098,0.66098
0.67226,0.67226,0.67226,0.67226,0.67226
0.66098,0.66098,0.66098,0.66098,0.66098
0.67226,0.67226,0.67226,0.67226,0.67226
0.66098,0.66098,0.66098,0.66098,0.66098
0.67225,0.67225,0.67225,0.67225,0.67225
0.66098,0.66098,0.66098,0.66098,0.66098
0.67225,0.67225,0.67225,0.67225,0.67225
0.66099,0.66099,0.66099,0.66099,0.66099
0.67225,0.67225,0.67225,0.67225,0.67225
0.66099,0.66099,0.66099,0.66099,0.66099
0.67225,0.67225,0.67225,0.67225,0.67225
0.66099,0.66099,0.66099,0.66099,0.66099
0.67224,0.67224,0.67224,0.67224,0.67224
0.661,0.661,0.661,0.661,0.661
0.67224,0.67224,0.67224,0.67224,0.67224
0.661,0.661,0.661,0.661,0.661
0.67224,0.67224,0.67224,0.67224,0.67224
0.661,0.661,0.661,0.661,0.661
0.67223,0.67223,0.67223,0.67223,0.67223
0.66101,0.66101,0.66101,0.66101,0.66101
0.67223,0.67223,0.67223,0.67223,0.67223
0.66101,0.66101,0.66101,0.66101,0.66101
0.67223,0.67223,0.67223,0.67223,0.67223
0.66101,0.66101,0.66101,0.66101,0.66101
0.67222,0.67222,0.67222,0.67222,0.67222
0.66102,0.66102,0.66102,0.66102,0.66102
0.67222,0.67222,0.67222,0.67222,0.67222
0.66102,0.66102,0.66102,0.66102,0.66102
0.67222,0.67222,0.67222,0.67222,0.67222
0.66102,0.66102,0.66102,0.66102,0.66102
0.67221,0.67221,0.67221,0.67221,0.67221
0.66103,0.66103,0.66103,0.66103,0.66103
0.67221,0.67221,0.67221,0.67221,0.67221
0.66103,0.66103,0.66103,0.66103,0.66103
0.67221,0.67221,0.67221,0.67221,0.67221
0.66103,0.66103,0.66103,0.66103,0.66103
0.6722,0.6722,0.6722,0.6722,0.6722
0.66104,0.66104,0.66104,0.66104,0.66104
0.6722,0.6722,0.6722,0.6722,0.6722
0.66104,0.66104,0.66104,0.66104,0.66104
0.6722,0.6722,0.6722,0.6722,0.6722
0.66104,0.66104,0.66104,0.66104,0.66104
0.6722,0.6722,0.6722,0.6722,0.6722
0.66105,0.66105,0.66105,0.66105,0.66105
0.67219,0.67219,0.67219,0.67219,0.67219
0.66105,0.66105,0.66105,0.66105,0.66105
0.67219,0.67219,0.67219,0.67219,0.67219
0.66105,0.66105,0.66105,0.66105,0.66105
0.67219,0.67219,0.67219,0.67219,0.67219
0.66106,0.66106,0.66106,0.66106,0.66106
0.67218,0.67218,0.67218,0.67218,0.67218
0.66106,0.66106,0.66106,0.66106,0.66106
0.67218,0.67218,0.67218,0.67218,0.67218
0.66106,0.66106,0.66106,0.66106,0.66106
0.67218,0.67218,0.67218,0.67218,0.67218
0.66107,0.66107,0.66107,0.66107,0.66107
0.67217,0.67217,0.67217,0.67217,0.67217
0.66107,0.66107,0.66107,0.66107,0.66107
0.67217,0.67217,0.67217,0.67217,0.67217
0.66107,0.66107,0.66107,0.66107,0.66107
0.67217,0.67217,0.67217,0.67217,0.67217
0.66107,0.66107,0.66107,0.66107,0.66107
0.67216,0.67216,0.67216,0.67216,0.67216
0.66108,0.66108,0.66108,0.66108,0.66108
0.67216,0.67216,0.67216,0.67216,0.67216
0.66108,0.66108,0.66108,0.66108,0.66108
0.67216,0.67216,0.67216,0.67216,0.67216
0.66108,0.66108,0.66108,0.66108,0.66108
0.67216,0.67216,0.67216,0.67216,0.67216
0.66109,0.66109,0.66109,0.66109,0.66109
0.67215,0.67215,0.67215,0.67215,0.67215
0.66109,0.66109,0.66109,0.66109,0.66109
0.67215,0.67215,0.67215,0.67215,0.67215
0.66109,0.66109,0.66109,0.66109,0.66109
0.67215,0.67215,0.67215,0.67215,0.67215
0.6611,0.6611,0.6611,0.6611,0.6611
0.67214,0.67214,0.67214,0.67214,0.67214
0.6611,0.6611,0.6611,0.6611,0.6611
0.67214,0.67214,0.67214,0.67214,0.67214
0.6611,0.6611,0.6611,0.6611,0.6611
0.67214,0.67214,0.67214,0.67214,0.67214
0.66111,0.66111,0.66111,0.66111,0.66111
0.67214,0.67214,0.67214,0.67214,0.67214
0.66111,0.66111,0.66111,0.66111,0.66111
0.67213,0.67213,0.67213,0.67213,0.67213
0.66111,0.66111,0.66111,0.66111,0.66111
0.67213,0.67213,0.67213,0.67213,0.67213
0.66111,0.66111,0.66111,0.66111,0.66111
0.67213,0.67213,0.67213,0.67213,0.67213
0.66112,0.66112,0.66112,0.66112,0.66112
0.67212,0.67212,0.67212,0.67212,0.67212
0.66112,0.66112,0.66112,0.66112,0.66112
0.67212,0.67212,0.67212,0.67212,0.67212
0.66112,0.66112,0.66112,0.66112,0.66112
0.67212,0.67212,0.67212,0.67212,0.67212
0.66113,0.66113,0.66113,0.66113,0.66113
0.67211,0.67211,0.67211,0.67211,0.67211
0.66113,0.66113,0.66113,0.66113,0.66113
0.67211,0.67211,0.67211,0.67211,0.67211
0.66113,0.66113,0.66113,0.66113,0.66113
0.67211,0.67211,0.67211,0.67211,0.67211
0.66114,0.66114,0.66114,0.66114,0.66114
0.67211,0.67211,0.67211,0.67211,0.67211
0.66114,0.66114,0.66114,0.66114,0.66114
0.6721,0.6721,0.6721,0.6721,0.6721
0.66114,0.66114,0.66114,0.66114,0.66114
0.6721,0.6721,0.6721,0.6721,0.6721
0.66115,0.66115,0.66115,0.66115,0.66115
0.6721,0.6721,0.6721,0.6721,0.6721
0.66115,0.66115,0.66115,0.66115,0.66115
0.67209,0.67209,0.67209,0.67209,0.67209
0.66115,0.66115,0.66115,0.66115,0.66115
0.67209,0.67209,0.67209,0.67209,0.67209
0.66115,0.66115,0.66115,0.66115,0.66115
0.67209,0.67209,0.67209,0.67209,0.67209
0.66116,0.66116,0.66116,0.66116,0.66116
0.67209,0.67209,0.67209,0.67209,0.67209
0.66116,0.66116,0.66116,0.66116,0.66116
0.67208,0.67208,0.67208,0.67208,0.67208
0.66116,0.66116,0.66116,0.66116,0.66116
0.67208,0.67208,0.67208,0.67208,0.67208
0.66117,0.66117,0.66117,0.66117,0.66117
0.67208,0.67208,0.67208,0.67208,0.67208
0.66117,0.66117,0.66117,0.66117,0.66117
0.67207,0.67207,0.67207,0.67207,0.67207
0.66117,0.66117,0.66117,0.66117,0.66117
0.67207,0.67207,0.67207,0.67207,0.67207
0.66117,0.66117,0.66117,0.66117,0.66117
0.67207,0.67207,0.67207,0.67207,0.67207
0.66118,0.66118,0.66118,0.66118,0.66118
0.67207,0.67207,0.67207,0.67207,0.67207
0.66118,0.66118,0.66118,0.66118,0.66118
0.67206,0.67206,0.67206,0.67206,0.67206
0.66118,0.66118,0.66118,0.66118,0.66118
0.67206,0.67206,0.67206,0.67206,0.67206
0.66119,0.66119,0.66119,0.66119,0.66119
0.67206,0.67206,0.67206,0.67206,0.67206
0.66119,0.66119,0.66119,0.66119,0.66119
0.67205,0.67205,0.67205,0.67205,0.67205
0.66119,0.66119,0.66119,0.66119,0.66119
0.67205,0.67205,0.67205,0.67205,0.67205
0.6612,0.6612,0.6612,0.6612,0.6612
0.67205,0.67205,0.67205,0.67205,0.67205
0.6612,0.6612,0.6612,0.6612,0.6612
0.67205,0.67205,0.67205,0.67205,0.67205
0.6612,0.6612,0.6612,0.6612,0.6612
0.67204,0.67204,0.67204,0.67204,0.67204
0.6612,0.6612,0.6612,0.6612,0.6612
0.67204,0.67204,0.67204,0.67204,0.67204
0.66121,0.66121,0.66121,0.66121,0.66121
0.67204,0.67204,0.67204,0.67204,0.67204
0.66121,0.66121,0.66121,0.66121,0.66121
0.67203,0.67203,0.67203,0.67203,0.67203
0.66121,0.66121,0.66121,0.66121,0.66121
0.67203,0.67203,0.67203,0.67203,0.67203
0.66122,0.66122,0.66122,0.66122,0.66122
0.67203,0.67203,0.67203,0.67203,0.67203
0.66122,0.66122,0.66122,0.66122,0.66122
0.67203,0.67203,0.67203,0.67203,0.67203
0.66122,0.66122,0.66122,0.66122,0.66122
0.67202,0.67202,0.67202,0.67202,0.67202
0.66122,0.66122,0.66122,0.66122,0.66122
0.67202,0.67202,0.67202,0.67202,0.67202
0.66123,0.66123,0.66123,0.66123,0.66123
0.67202,0.67202,0.67202,0.67202,0.67202
0.66123,0.66123,0.66123,0.66123,0.66123
0.67201,0.67201,0.67201,0.67201,0.67201
0.66123,0.66123,0.66123,0.66123,0.66123
0.67201,0.67201,0.67201,0.67201,0.67201
0.66124,0.66124,0.66124,0.66124,0.66124
0.67201,0.67201,0.67201,0.67201,0.67201
0.66124,0.66124,0.66124,0.66124,0.66124
0.67201,0.67201,0.67201,0.67201,0.67201
0.66124,0.66124,0.66124,0.66124,0.66124
0.672,0.672,0.672,0.672,0.672
0.66124,0.66124,0.66124,0.66124,0.66124
0.672,0.672,0.672,0.672,0.672
0.66125,0.66125,0.66125,0.66125,0.66125
0.672,0.672,0.672,0.672,0.672
0.66125,0.66125,0.66125,0.66125,0.66125
0.672,0.672,0.672,0.672,0.672
0.66125,0.66125,0.66125,0.66125,0.66125
0.67199,0.67199,0.67199,0.67199,0.67199
0.66126,0.66126,0.66126,0.66126,0.66126
0.67199,0.67199,0.67199,0.67199,0.67199
0.66126,0.66126,0.66126,0.66126,0.66126
0.67199,0.67199,0.67199,0.67199,0.67199
0.66126,0.66126,0.66126,0.66126,0.66126
0.67198,0.67198,0.67198,0.67198,0.67198
0.66126,0.66126,0.66126,0.66126,0.66126
0.67198,0.67198,0.67198,0.67198,0.67198
0.66127,0.66127,0.66127,0.66127,0.66127
0.67198,0.67198,0.67198,0.67198,0.67198
0.66127,0.66127,0.66127,0.66127,0.66127
0.67198,0.67198,0.67198,0.67198,0.67198
0.66127,0.66127,0.66127,0.66127,0.66127
0.67197,0.67197,0.67197,0.67197,0.67197
0.66128,0.66128,0.66128,0.66128,0.66128
0.67197,0.67197,0.67197,0.67197,0.67197
0.66128,0.66128,0.66128,0.66128,0.66128
0.67197,0.67197,0.67197,0.67197,0.67197
0.66128,0.66128,0.66128,0.66128,0.66128
0.67197,0.67197,0.67197,0.67197,0.67197
0.66128,0.66128,0.66128,0.66128,0.66128
0.67196,0.67196,0.67196,0.67196,0.67196
0.66129,0.66129,0.66129,0.66129,0.66129
0.67196,0.67196,0.67196,0.67196,0.67196
0.66129,0.66129,0.66129,0.66129,0.66129
0.67196,0.67196,0.67196,0.67196,0.67196
0.66129,0.66129,0.66129,0.66129,0.66129
0.67195,0.67195,0.67195,0.67195,0.67195
0.6613,0.6613,0.6613,0.6613,0.6613
0.67195,0.67195,0.67195,0.67195,0.67195
0.6613,0.6613,0.6613,0.6613,0.6613
0.67195,0.67195,0.67195,0.67195,0.67195
0.6613,0.6613,0.6613,0.6613,0.6613
0.67195,0.67195,0.67195,0.67195,0.67195
0.6613,0.6613,0.6613,0.6613,0.6613
0.67194,0.67194,0.67194,0.67194,0.67194
0.66131,0.66131,0.66131,0.66131,0.66131
0.67194,0.67194,0.67194,0.67194,0.67194
0.66131,0.66131,0.66131,0.66131,0.66131
0.67194,0.67194,0.67194,0.67194,0.67194
0.66131,0.66131,0.66131,0.66131,0.66131
0.67194,0.67194,0.67194,0.67194,0.67194
0.66131,0.66131,0.66131,0.66131,0.66131
0.67193,0.67193,0.67193,0.67193,0.67193
0.66132,0.66132,0.66132,0.66132,0.66132
0.67193,0.67193,0.67193,0.67193,0.67193
0.66132,0.66132,0.66132,0.66132,0.66132
0.67193,0.67193,0.67193,0.67193,0.67193
0.66132,0.66132,0.66132,0.66132,0.66132
0.67193,0.67193,0.67193,0.67193,0.67193
0.66133,0.66133,0.66133,0.66133,0.66133
0.67192,0.67192,0.67192,0.67192,0.67192
0.66133,0.66133,0.66133,0.66133,0.66133
0.67192,0.67192,0.67192,0.67192,0.67192
0.66133,0.66133,0.66133,0.66133,0.66133
0.67192,0.67192,0.67192,0.67192,0.67192
0.66133,0.66133,0.66133,0.66133,0.66133
0.67191,0.67191,0.67191,0.67191,0.67191
0.66134,0.66134,0.66134,0.66134,0.66134
0.67191,0.67191,0.67191,0.67191,0.67191
0.66134,0.66134,0.66134,0.66134,0.66134
0.67191,0.67191,0.67191,0.67191,0.67191
0.66134,0.66134,0.66134,0.66134,0.66134
0.67191,0.67191,0.67191,0.67191,0.67191
0.66134,0.66134,0.66134,0.66134,0.66134
0.6719,0.6719,0.6719,0.6719,0.6719
0.66135,0.66135,0.66135,0.66135,0.66135
0.6719,0.6719,0.6719,0.6719,0.6719
0.66135,0.66135,0.66135,0.66135,0.66135
0.6719,0.6719,0.6719,0.6719,0.6719
0.66135,0.66135,0.66135,0.66135,0.66135
0.6719,0.6719,0.6719,0.6719,0.6719
0.66136,0.66136,0.66136,0.66136,0.66136
0.67189,0.67189,0.67189,0.67189,0.67189
0.66136,0.66136,0.66136,0.66136,0.66136
0.67189,0.67189,0.67189,0.67189,0.67189
0.66136,0.66136,0.66136,0.66136,0.66136
0.67189,0.67189,0.67189,0.67189,0.67189
0.66136,0.66136,0.66136,0.66136,0.66136
0.67189,0.67189,0.67189,0.67189,0.67189
0.66137,0.66137,0.66137,0.66137,0.66137
0.67188,0.67188,0.67188,0.67188,0.67188
0.66137,0.66137,0.66137,0.66137,0.66137
0.67188,0.67188,0.67188,0.67188,0.67188
0.66137,0.66137,0.66137,0.66137,0.66137
0.67188,0.67188,0.67188,0.67188,0.67188
0.66137,0.66137,0.66137,0.66137,0.66137
0.67188,0.67188,0.67188,0.67188,0.67188
0.66138,0.66138,0.66138,0.66138,0.66138
0.67187,0.67187,0.67187,0.67187,0.67187
0.66138,0.66138,0.66138,0.66138,0.66138
0.67187,0.67187,0.67187,0.67187,0.67187
0.66138,0.66138,0.66138,0.66138,0.66138
0.67187,0.67187,0.67187,0.67187,0.67187
0.66138,0.66138,0.66138,0.66138,0.66138
0.67187,0.67187,0.67187,0.67187,0.67187
0.66139,0.66139,0.66139,0.66139,0.66139
0.67186,0.67186,0.67186,0.67186,0.67186
0.66139,0.66139,0.66139,0.66139,0.66139
0.67186,0.67186,0.67186,0.67186,0.67186
0.66139,0.66139,0.66139,0.66139,0.66139
0.67186,0.67186,0.67186,0.67186,0.67186
0.66139,0.66139,0.66139,0.66139,0.66139
0.67186,0.67186,0.67186,0.67186,0.67186
0.6614,0.6614,0.6614,0.6614,0.6614
0.67185,0.67185,0.67185,0.67185,0.67185
0.6614,0.6614,0.6614,0.6614,0.6614
0.67185,0.67185,0.67185,0.67185,0.67185
0.6614,0.6614,0.6614,0.6614,0.6614
0.67185,0.67185,0.67185,0.67185,0.67185
0.66141,0.66141,0.66141,0.66141,0.66141
0.67185,0.67185,0.67185,0.67185,0.67185
0.66141,0.66141,0.66141,0.66141,0.66141
0.67184,0.67184,0.67184,0.67184,0.67184
0.66141,0.66141,0.66141,0.66141,0.66141
0.67184,0.67184,0.67184,0.67184,0.67184
0.66141,0.66141,0.66141,0.66141,0.66141
0.67184,0.67184,0.67184,0.67184,0.67184
0.66142,0.66142,0.66142,0.66142,0.66142
0.67184,0.67184,0.67184,0.67184,0.67184
0.66142,0.66142,0.66142,0.66142,0.66142
0.67183,0.67183,0.67183,0.67183,0.67183
0.66142,0.66142,0.66142,0.66142,0.66142
0.67183,0.67183,0.67183,0.67183,0.67183
0.66142,0.66142,0.66142,0.66142,0.66142
0.67183,0.67183,0.67183,0.67183,0.67183
0.66143,0.66143,0.66143,0.66143,0.66143
0.67183,0.67183,0.67183,0.67183,0.67183
0.66143,0.66143,0.66143,0.66143,0.66143
0.67182,0.67182,0.67182,0.67182,0.67182
0.66143,0.66143,0.66143,0.66143,0.66143
0.67182,0.67182,0.67182,0.67182,0.67182
0.66143,0.66143,0.66143,0.66143,0.66143
