0.1,0.2,0.3,0.5,0.6
0.12,0.09,0.123,0.135,0.102
0.052049,0.064041,0.059603,0.05984,0.066713
0.036661,0.031617,0.03486,0.035494,0.03168
0.018388,0.020688,0.019455,0.019296,0.020865
0.012207,0.011138,0.011755,0.011852,0.011092
0.0065949,0.0071025,0.0068176,0.0067758,0.0071309
0.0042396,0.0039968,0.0041346,0.0041554,0.0039844
0.0023848,0.0025017,0.0024357,0.0024258,0.0025079
0.0014991,0.0014427,0.0014746,0.0014794,0.0014397
0.00086346,0.0008908,0.00087534,0.00087303,0.00089223
0.00053443,0.00052119,0.00052868,0.0005298,0.00052049
0.00031234,0.00031877,0.00031513,0.00031459,0.0003191
0.0001913,0.00018818,0.00018995,0.00019021,0.00018802
0.00011284,0.00011435,0.0001135,0.00011337,0.00011443
6.8627e-05,6.7893e-05,6.8308e-05,6.837e-05,6.7855e-05
4.0722e-05,4.1078e-05,4.0876e-05,4.0846e-05,4.1096e-05
2.4651e-05,2.4478e-05,2.4576e-05,2.4591e-05,2.4469e-05
1.4684e-05,1.4768e-05,1.472e-05,1.4713e-05,1.4772e-05
8.8619e-06,8.8212e-06,8.8442e-06,8.8476e-06,8.819e-06
5.292e-06,5.3118e-06,5.3006e-06,5.2989e-06,5.3128e-06
3.1874e-06,3.1778e-06,3.1832e-06,3.184e-06,3.1773e-06
1.9065e-06,1.9112e-06,1.9085e-06,1.9081e-06,1.9114e-06
1.1468e-06,1.1445e-06,1.1458e-06,1.146e-06,1.1444e-06
6.8667e-07,6.8776e-07,6.8714e-07,6.8705e-07,6.8782e-07
4.1268e-07,4.1214e-07,4.1244e-07,4.1249e-07,4.1212e-07
2.4728e-07,2.4754e-07,2.4739e-07,2.4737e-07,2.4755e-07
1.4853e-07,1.484e-07,1.4847e-07,1.4848e-07,1.4839e-07
8.9038e-08,8.9099e-08,8.9064e-08,8.9059e-08,8.9102e-08
5.346e-08,5.3431e-08,5.3447e-08,5.345e-08,5.3429e-08
3.2058e-08,3.2072e-08,3.2064e-08,3.2063e-08,3.2073e-08
1.9244e-08,1.9237e-08,1.9241e-08,1.9241e-08,1.9236e-08
1.1542e-08,1.1545e-08,1.1543e-08,1.1543e-08,1.1545e-08
6.9272e-09,6.9256e-09,6.9265e-09,6.9266e-09,6.9255e-09
4.1553e-09,4.1561e-09,4.1557e-09,4.1556e-09,4.1562e-09
2.4937e-09,2.4933e-09,2.4935e-09,2.4935e-09,2.4933e-09
1.496e-09,1.4962e-09,1.4961e-09,1.496e-09,1.4962e-09
8.977e-10,8.9761e-10,8.9766e-10,8.9767e-10,8.976e-10
5.3856e-10,5.3861e-10,5.3858e-10,5.3858e-10,5.3861e-10
3.2316e-10,3.2314e-10,3.2316e-10,3.2316e-10,3.2314e-10
1.9389e-10,1.939e-10,1.9389e-10,1.9389e-10,1.939e-10
1.1634e-10,1.1633e-10,1.1634e-10,1.1634e-10,1.1633e-10
6.98e-11,6.9802e-11,6.9801e-11,6.98e-11,6.9802e-11
4.1881e-11,4.188e-11,4.1881e-11,4.1881e-11,4.188e-11
2.5128e-11,2.5129e-11,2.5128e-11,2.5128e-11,2.5129e-11
1.5077e-11,1.5077e-11,1.5077e-11,1.5077e-11,1.5077e-11
9.0461e-12,9.0463e-12,9.0462e-12,9.0462e-12,9.0463e-12
5.4278e-12,5.4277e-12,5.4277e-12,5.4277e-12,5.4277e-12
3.2566e-12,3.2566e-12,3.2566e-12,3.2566e-12,3.2566e-12
1.954e-12,1.954e-12,1.954e-12,1.954e-12,1.954e-12
1.1724e-12,1.1724e-12,1.1724e-12,1.1724e-12,1.1724e-12
7.0344e-13,7.0343e-13,7.0343e-13,7.0343e-13,7.0343e-13
4.2206e-13,4.2206e-13,4.2206e-13,4.2206e-13,4.2206e-13
2.5324e-13,2.5324e-13,2.5324e-13,2.5324e-13,2.5324e-13
1.5194e-13,1.5194e-13,1.5194e-13,1.5194e-13,1.5194e-13
9.1165e-14,9.1165e-14,9.1165e-14,9.1165e-14,9.1165e-14
5.4699e-14,5.4699e-14,5.4699e-14,5.4699e-14,5.4699e-14
3.2819e-14,3.2819e-14,3.2819e-14,3.2819e-14,3.2819e-14
1.9692e-14,1.9692e-14,1.9692e-14,1.9692e-14,1.9692e-14
1.1815e-14,1.1815e-14,1.1815e-14,1.1815e-14,1.1815e-14
7.089e-15,7.089e-15,7.089e-15,7.089e-15,7.089e-15
4.2534e-15,4.2534e-15,4.2534e-15,4.2534e-15,4.2534e-15
2.552e-15,2.552e-15,2.552e-15,2.552e-15,2.552e-15
1.5312e-15,1.5312e-15,1.5312e-15,1.5312e-15,1.5312e-15
9.1873e-16,9.1873e-16,9.1873e-16,9.1873e-16,9.1873e-16
5.5124e-16,5.5124e-16,5.5124e-16,5.5124e-16,5.5124e-16
3.3074e-16,3.3074e-16,3.3074e-16,3.3074e-16,3.3074e-16
1.9845e-16,1.9845e-16,1.9845e-16,1.9845e-16,1.9845e-16
1.1907e-16,1.1907e-16,1.1907e-16,1.1907e-16,1.1907e-16
7.1441e-17,7.1441e-17,7.1441e-17,7.1441e-17,7.1441e-17
4.2864e-17,4.2864e-17,4.2864e-17,4.2864e-17,4.2864e-17
2.5719e-17,2.5719e-17,2.5719e-17,2.5719e-17,2.5719e-17
1.5431e-17,1.5431e-17,1.5431e-17,1.5431e-17,1.5431e-17
9.2587e-18,9.2587e-18,9.2587e-18,9.2587e-18,9.2587e-18
5.5552e-18,5.5552e-18,5.5552e-18,5.5552e-18,5.5552e-18
3.3331e-18,3.3331e-18,3.3331e-18,3.3331e-18,3.3331e-18
1.9999e-18,1.9999e-18,1.9999e-18,1.9999e-18,1.9999e-18
1.1999e-18,1.1999e-18,1.1999e-18,1.1999e-18,1.1999e-18
7.1996e-19,7.1996e-19,7.1996e-19,7.1996e-19,7.1996e-19
4.3197e-19,4.3197e-19,4.3197e-19,4.3197e-19,4.3197e-19
2.5918e-19,2.5918e-19,2.5918e-19,2.5918e-19,2.5918e-19
1.5551e-19,1.5551e-19,1.5551e-19,1.5551e-19,1.5551e-19
9.3306e-20,9.3306e-20,9.3306e-20,9.3306e-20,9.3306e-20
5.5984e-20,5.5984e-20,5.5984e-20,5.5984e-20,5.5984e-20
3.359e-20,3.359e-20,3.359e-20,3.359e-20,3.359e-20
2.0154e-20,2.0154e-20,2.0154e-20,2.0154e-20,2.0154e-20
1.2093e-20,1.2093e-20,1.2093e-20,1.2093e-20,1.2093e-20
7.2555e-21,7.2555e-21,7.2555e-21,7.2555e-21,7.2555e-21
4.3533e-21,4.3533e-21,4.3533e-21,4.3533e-21,4.3533e-21
2.612e-21,2.612e-21,2.612e-21,2.612e-21,2.612e-21
1.5672e-21,1.5672e-21,1.5672e-21,1.5672e-21,1.5672e-21
9.4031e-22,9.4031e-22,9.4031e-22,9.4031e-22,9.4031e-22
5.6419e-22,5.6419e-22,5.6419e-22,5.6419e-22,5.6419e-22
3.3851e-22,3.3851e-22,3.3851e-22,3.3851e-22,3.3851e-22
2.0311e-22,2.0311e-22,2.0311e-22,2.0311e-22,2.0311e-22
1.2186e-22,1.2186e-22,1.2186e-22,1.2186e-22,1.2186e-22
7.3119e-23,7.3119e-23,7.3119e-23,7.3119e-23,7.3119e-23
4.3871e-23,4.3871e-23,4.3871e-23,4.3871e-23,4.3871e-23
2.6323e-23,2.6323e-23,2.6323e-23,2.6323e-23,2.6323e-23
1.5794e-23,1.5794e-23,1.5794e-23,1.5794e-23,1.5794e-23
9.4762e-24,9.4762e-24,9.4762e-24,9.4762e-24,9.4762e-24
5.6857e-24,5.6857e-24,5.6857e-24,5.6857e-24,5.6857e-24
3.4114e-24,3.4114e-24,3.4114e-24,3.4114e-24,3.4114e-24
2.0469e-24,2.0469e-24,2.0469e-24,2.0469e-24,2.0469e-24
1.2281e-24,1.2281e-24,1.2281e-24,1.2281e-24,1.2281e-24
7.3687e-25,7.3687e-25,7.3687e-25,7.3687e-25,7.3687e-25
4.4212e-25,4.4212e-25,4.4212e-25,4.4212e-25,4.4212e-25
2.6527e-25,2.6527e-25,2.6527e-25,2.6527e-25,2.6527e-25
1.5916e-25,1.5916e-25,1.5916e-25,1.5916e-25,1.5916e-25
9.5498e-26,9.5498e-26,9.5498e-26,9.5498e-26,9.5498e-26
5.7299e-26,5.7299e-26,5.7299e-26,5.7299e-26,5.7299e-26
3.4379e-26,3.4379e-26,3.4379e-26,3.4379e-26,3.4379e-26
2.0628e-26,2.0628e-26,2.0628e-26,2.0628e-26,2.0628e-26
1.2377e-26,1.2377e-26,1.2377e-26,1.2377e-26,1.2377e-26
7.4259e-27,7.4259e-27,7.4259e-27,7.4259e-27,7.4259e-27
4.4556e-27,4.4556e-27,4.4556e-27,4.4556e-27,4.4556e-27
2.6733e-27,2.6733e-27,2.6733e-27,2.6733e-27,2.6733e-27
1.604e-27,1.604e-27,1.604e-27,1.604e-27,1.604e-27
9.624e-28,9.624e-28,9.624e-28,9.624e-28,9.624e-28
5.7744e-28,5.7744e-28,5.7744e-28,5.7744e-28,5.7744e-28
3.4646e-28,3.4646e-28,3.4646e-28,3.4646e-28,3.4646e-28
2.0788e-28,2.0788e-28,2.0788e-28,2.0788e-28,2.0788e-28
1.2473e-28,1.2473e-28,1.2473e-28,1.2473e-28,1.2473e-28
7.4836e-29,7.4836e-29,7.4836e-29,7.4836e-29,7.4836e-29
4.4902e-29,4.4902e-29,4.4902e-29,4.4902e-29,4.4902e-29
2.6941e-29,2.6941e-29,2.6941e-29,2.6941e-29,2.6941e-29
1.6165e-29,1.6165e-29,1.6165e-29,1.6165e-29,1.6165e-29
9.6988e-30,9.6988e-30,9.6988e-30,9.6988e-30,9.6988e-30
5.8193e-30,5.8193e-30,5.8193e-30,5.8193e-30,5.8193e-30
3.4916e-30,3.4916e-30,3.4916e-30,3.4916e-30,3.4916e-30
2.0949e-30,2.0949e-30,2.0949e-30,2.0949e-30,2.0949e-30
1.257e-30,1.257e-30,1.257e-30,1.257e-30,1.257e-30
7.5418e-31,7.5418e-31,7.5418e-31,7.5418e-31,7.5418e-31
4.5251e-31,4.5251e-31,4.5251e-31,4.5251e-31,4.5251e-31
2.715e-31,2.715e-31,2.715e-31,2.715e-31,2.715e-31
1.629e-31,1.629e-31,1.629e-31,1.629e-31,1.629e-31
9.7742e-32,9.7742e-32,9.7742e-32,9.7742e-32,9.7742e-32
5.8645e-32,5.8645e-32,5.8645e-32,5.8645e-32,5.8645e-32
3.5187e-32,3.5187e-32,3.5187e-32,3.5187e-32,3.5187e-32
2.1112e-32,2.1112e-32,2.1112e-32,2.1112e-32,2.1112e-32
1.2667e-32,1.2667e-32,1.2667e-32,1.2667e-32,1.2667e-32
7.6004e-33,7.6004e-33,7.6004e-33,7.6004e-33,7.6004e-33
4.5602e-33,4.5602e-33,4.5602e-33,4.5602e-33,4.5602e-33
2.7361e-33,2.7361e-33,2.7361e-33,2.7361e-33,2.7361e-33
1.6417e-33,1.6417e-33,1.6417e-33,1.6417e-33,1.6417e-33
9.8501e-34,9.8501e-34,9.8501e-34,9.8501e-34,9.8501e-34
5.9101e-34,5.9101e-34,5.9101e-34,5.9101e-34,5.9101e-34
3.546e-34,3.546e-34,3.546e-34,3.546e-34,3.546e-34
2.1276e-34,2.1276e-34,2.1276e-34,2.1276e-34,2.1276e-34
1.2766e-34,1.2766e-34,1.2766e-34,1.2766e-34,1.2766e-34
7.6594e-35,7.6594e-35,7.6594e-35,7.6594e-35,7.6594e-35
4.5957e-35,4.5957e-35,4.5957e-35,4.5957e-35,4.5957e-35
2.7574e-35,2.7574e-35,2.7574e-35,2.7574e-35,2.7574e-35
1.6544e-35,1.6544e-35,1.6544e-35,1.6544e-35,1.6544e-35
9.9266e-36,9.9266e-36,9.9266e-36,9.9266e-36,9.9266e-36
5.956e-36,5.956e-36,5.956e-36,5.956e-36,5.956e-36
3.5736e-36,3.5736e-36,3.5736e-36,3.5736e-36,3.5736e-36
2.1442e-36,2.1442e-36,2.1442e-36,2.1442e-36,2.1442e-36
1.2865e-36,1.2865e-36,1.2865e-36,1.2865e-36,1.2865e-36
7.7189e-37,7.7189e-37,7.7189e-37,7.7189e-37,7.7189e-37
4.6314e-37,4.6314e-37,4.6314e-37,4.6314e-37,4.6314e-37
2.7788e-37,2.7788e-37,2.7788e-37,2.7788e-37,2.7788e-37
1.6673e-37,1.6673e-37,1.6673e-37,1.6673e-37,1.6673e-37
1.0004e-37,1.0004e-37,1.0004e-37,1.0004e-37,1.0004e-37
6.0022e-38,6.0022e-38,6.0022e-38,6.0022e-38,6.0022e-38
3.6013e-38,3.6013e-38,3.6013e-38,3.6013e-38,3.6013e-38
2.1608e-38,2.1608e-38,2.1608e-38,2.1608e-38,2.1608e-38
1.2965e-38,1.2965e-38,1.2965e-38,1.2965e-38,1.2965e-38
7.7789e-39,7.7789e-39,7.7789e-39,7.7789e-39,7.7789e-39
4.6673e-39,4.6673e-39,4.6673e-39,4.6673e-39,4.6673e-39
2.8004e-39,2.8004e-39,2.8004e-39,2.8004e-39,2.8004e-39
1.6802e-39,1.6802e-39,1.6802e-39,1.6802e-39,1.6802e-39
1.0081e-39,1.0081e-39,1.0081e-39,1.0081e-39,1.0081e-39
6.0489e-40,6.0489e-40,6.0489e-40,6.0489e-40,6.0489e-40
3.6293e-40,3.6293e-40,3.6293e-40,3.6293e-40,3.6293e-40
2.1776e-40,2.1776e-40,2.1776e-40,2.1776e-40,2.1776e-40
1.3066e-40,1.3066e-40,1.3066e-40,1.3066e-40,1.3066e-40
7.8394e-41,7.8394e-41,7.8394e-41,7.8394e-41,7.8394e-41
4.7036e-41,4.7036e-41,4.7036e-41,4.7036e-41,4.7036e-41
2.8222e-41,2.8222e-41,2.8222e-41,2.8222e-41,2.8222e-41
1.6933e-41,1.6933e-41,1.6933e-41,1.6933e-41,1.6933e-41
1.016e-41,1.016e-41,1.016e-41,1.016e-41,1.016e-41
6.0959e-42,6.0959e-42,6.0959e-42,6.0959e-42,6.0959e-42
3.6575e-42,3.6575e-42,3.6575e-42,3.6575e-42,3.6575e-42
2.1945e-42,2.1945e-42,2.1945e-42,2.1945e-42,2.1945e-42
1.3167e-42,1.3167e-42,1.3167e-42,1.3167e-42,1.3167e-42
7.9003e-43,7.9003e-43,7.9003e-43,7.9003e-43,7.9003e-43
4.7402e-43,4.7402e-43,4.7402e-43,4.7402e-43,4.7402e-43
2.8441e-43,2.8441e-43,2.8441e-43,2.8441e-43,2.8441e-43
1.7065e-43,1.7065e-43,1.7065e-43,1.7065e-43,1.7065e-43
1.0239e-43,1.0239e-43,1.0239e-43,1.0239e-43,1.0239e-43
6.1432e-44,6.1432e-44,6.1432e-44,6.1432e-44,6.1432e-44
3.6859e-44,3.6859e-44,3.6859e-44,3.6859e-44,3.6859e-44
2.2116e-44,2.2116e-44,2.2116e-44,2.2116e-44,2.2116e-44
1.3269e-44,1.3269e-44,1.3269e-44,1.3269e-44,1.3269e-44
7.9616e-45,7.9616e-45,7.9616e-45,7.9616e-45,7.9616e-45
4.777e-45,4.777e-45,4.777e-45,4.777e-45,4.777e-45
2.8662e-45,2.8662e-45,2.8662e-45,2.8662e-45,2.8662e-45
1.7197e-45,1.7197e-45,1.7197e-45,1.7197e-45,1.7197e-45
1.0318e-45,1.0318e-45,1.0318e-45,1.0318e-45,1.0318e-45
6.191e-46,6.191e-46,6.191e-46,6.191e-46,6.191e-46
3.7146e-46,3.7146e-46,3.7146e-46,3.7146e-46,3.7146e-46
2.2288e-46,2.2288e-46,2.2288e-46,2.2288e-46,2.2288e-46
1.3373e-46,1.3373e-46,1.3373e-46,1.3373e-46,1.3373e-46
8.0235e-47,8.0235e-47,8.0235e-47,8.0235e-47,8.0235e-47
4.8141e-47,4.8141e-47,4.8141e-47,4.8141e-47,4.8141e-47
2.8885e-47,2.8885e-47,2.8885e-47,2.8885e-47,2.8885e-47
1.7331e-47,1.7331e-47,1.7331e-47,1.7331e-47,1.7331e-47
1.0398e-47,1.0398e-47,1.0398e-47,1.0398e-47,1.0398e-47
6.2391e-48,6.2391e-48,6.2391e-48,6.2391e-48,6.2391e-48
3.7434e-48,3.7434e-48,3.7434e-48,3.7434e-48,3.7434e-48
2.2461e-48,2.2461e-48,2.2461e-48,2.2461e-48,2.2461e-48
1.3476e-48,1.3476e-48,1.3476e-48,1.3476e-48,1.3476e-48
8.0858e-49,8.0858e-49,8.0858e-49,8.0858e-49,8.0858e-49
4.8515e-49,4.8515e-49,4.8515e-49,4.8515e-49,4.8515e-49
2.9109e-49,2.9109e-49,2.9109e-49,2.9109e-49,2.9109e-49
1.7465e-49,1.7465e-49,1.7465e-49,1.7465e-49,1.7465e-49
1.0479e-49,1.0479e-49,1.0479e-49,1.0479e-49,1.0479e-49
6.2876e-50,6.2876e-50,6.2876e-50,6.2876e-50,6.2876e-50
3.7725e-50,3.7725e-50,3.7725e-50,3.7725e-50,3.7725e-50
2.2635e-50,2.2635e-50,2.2635e-50,2.2635e-50,2.2635e-50
1.3581e-50,1.3581e-50,1.3581e-50,1.3581e-50,1.3581e-50
8.1487e-51,8.1487e-51,8.1487e-51,8.1487e-51,8.1487e-51
4.8892e-51,4.8892e-51,4.8892e-51,4.8892e-51,4.8892e-51
2.9335e-51,2.9335e-51,2.9335e-51,2.9335e-51,2.9335e-51
1.7601e-51,1.7601e-51,1.7601e-51,1.7601e-51,1.7601e-51
1.0561e-51,1.0561e-51,1.0561e-51,1.0561e-51,1.0561e-51
6.3364e-52,6.3364e-52,6.3364e-52,6.3364e-52,6.3364e-52
3.8018e-52,3.8018e-52,3.8018e-52,3.8018e-52,3.8018e-52
2.2811e-52,2.2811e-52,2.2811e-52,2.2811e-52,2.2811e-52
1.3687e-52,1.3687e-52,1.3687e-52,1.3687e-52,1.3687e-52
8.212e-53,8.212e-53,8.212e-53,8.212e-53,8.212e-53
4.9272e-53,4.9272e-53,4.9272e-53,4.9272e-53,4.9272e-53
2.9563e-53,2.9563e-53,2.9563e-53,2.9563e-53,2.9563e-53
1.7738e-53,1.7738e-53,1.7738e-53,1.7738e-53,1.7738e-53
1.0643e-53,1.0643e-53,1.0643e-53,1.0643e-53,1.0643e-53
6.3856e-54,6.3856e-54,6.3856e-54,6.3856e-54,6.3856e-54
3.8314e-54,3.8314e-54,3.8314e-54,3.8314e-54,3.8314e-54
2.2988e-54,2.2988e-54,2.2988e-54,2.2988e-54,2.2988e-54
1.3793e-54,1.3793e-54,1.3793e-54,1.3793e-54,1.3793e-54
8.2758e-55,8.2758e-55,8.2758e-55,8.2758e-55,8.2758e-55
4.9655e-55,4.9655e-55,4.9655e-55,4.9655e-55,4.9655e-55
2.9793e-55,2.9793e-55,2.9793e-55,2.9793e-55,2.9793e-55
1.7876e-55,1.7876e-55,1.7876e-55,1.7876e-55,1.7876e-55
1.0725e-55,1.0725e-55,1.0725e-55,1.0725e-55,1.0725e-55
6.4352e-56,6.4352e-56,6.4352e-56,6.4352e-56,6.4352e-56
3.8611e-56,3.8611e-56,3.8611e-56,3.8611e-56,3.8611e-56
2.3167e-56,2.3167e-56,2.3167e-56,2.3167e-56,2.3167e-56
1.39e-56,1.39e-56,1.39e-56,1.39e-56,1.39e-56
8.3401e-57,8.3401e-57,8.3401e-57,8.3401e-57,8.3401e-57
5.004e-57,5.004e-57,5.004e-57,5.004e-57,5.004e-57
3.0024e-57,3.0024e-57,3.0024e-57,3.0024e-57,3.0024e-57
1.8015e-57,1.8015e-57,1.8015e-57,1.8015e-57,1.8015e-57
1.0809e-57,1.0809e-57,1.0809e-57,1.0809e-57,1.0809e-57
6.4852e-58,6.4852e-58,6.4852e-58,6.4852e-58,6.4852e-58
3.8911e-58,3.8911e-58,3.8911e-58,3.8911e-58,3.8911e-58
2.3347e-58,2.3347e-58,2.3347e-58,2.3347e-58,2.3347e-58
1.4008e-58,1.4008e-58,1.4008e-58,1.4008e-58,1.4008e-58
8.4049e-59,8.4049e-59,8.4049e-59,8.4049e-59,8.4049e-59
5.0429e-59,5.0429e-59,5.0429e-59,5.0429e-59,5.0429e-59
3.0258e-59,3.0258e-59,3.0258e-59,3.0258e-59,3.0258e-59
1.8155e-59,1.8155e-59,1.8155e-59,1.8155e-59,1.8155e-59
1.0893e-59,1.0893e-59,1.0893e-59,1.0893e-59,1.0893e-59
6.5356e-60,6.5356e-60,6.5356e-60,6.5356e-60,6.5356e-60
3.9214e-60,3.9214e-60,3.9214e-60,3.9214e-60,3.9214e-60
2.3528e-60,2.3528e-60,2.3528e-60,2.3528e-60,2.3528e-60
1.4117e-60,1.4117e-60,1.4117e-60,1.4117e-60,1.4117e-60
8.4702e-61,8.4702e-61,8.4702e-61,8.4702e-61,8.4702e-61
5.0821e-61,5.0821e-61,5.0821e-61,5.0821e-61,5.0821e-61
3.0493e-61,3.0493e-61,3.0493e-61,3.0493e-61,3.0493e-61
1.8296e-61,1.8296e-61,1.8296e-61,1.8296e-61,1.8296e-61
1.0977e-61,1.0977e-61,1.0977e-61,1.0977e-61,1.0977e-61
6.5864e-62,6.5864e-62,6.5864e-62,6.5864e-62,6.5864e-62
3.9518e-62,3.9518e-62,3.9518e-62,3.9518e-62,3.9518e-62
2.3711e-62,2.3711e-62,2.3711e-62,2.3711e-62,2.3711e-62
1.4227e-62,1.4227e-62,1.4227e-62,1.4227e-62,1.4227e-62
8.536e-63,8.536e-63,8.536e-63,8.536e-63,8.536e-63
5.1216e-63,5.1216e-63,5.1216e-63,5.1216e-63,5.1216e-63
3.073e-63,3.073e-63,3.073e-63,3.073e-63,3.073e-63
1.8438e-63,1.8438e-63,1.8438e-63,1.8438e-63,1.8438e-63
1.1063e-63,1.1063e-63,1.1063e-63,1.1063e-63,1.1063e-63
6.6376e-64,6.6376e-64,6.6376e-64,6.6376e-64,6.6376e-64
3.9826e-64,3.9826e-64,3.9826e-64,3.9826e-64,3.9826e-64
2.3895e-64,2.3895e-64,2.3895e-64,2.3895e-64,2.3895e-64
1.4337e-64,1.4337e-64,1.4337e-64,1.4337e-64,1.4337e-64
8.6023e-65,8.6023e-65,8.6023e-65,8.6023e-65,8.6023e-65
5.1614e-65,5.1614e-65,5.1614e-65,5.1614e-65,5.1614e-65
3.0968e-65,3.0968e-65,3.0968e-65,3.0968e-65,3.0968e-65
1.8581e-65,1.8581e-65,1.8581e-65,1.8581e-65,1.8581e-65
1.1149e-65,1.1149e-65,1.1149e-65,1.1149e-65,1.1149e-65
6.6892e-66,6.6892e-66,6.6892e-66,6.6892e-66,6.6892e-66
4.0135e-66,4.0135e-66,4.0135e-66,4.0135e-66,4.0135e-66
2.4081e-66,2.4081e-66,2.4081e-66,2.4081e-66,2.4081e-66
1.4449e-66,1.4449e-66,1.4449e-66,1.4449e-66,1.4449e-66
8.6692e-67,8.6692e-67,8.6692e-67,8.6692e-67,8.6692e-67
5.2015e-67,5.2015e-67,5.2015e-67,5.2015e-67,5.2015e-67
3.1209e-67,3.1209e-67,3.1209e-67,3.1209e-67,3.1209e-67
1.8725e-67,1.8725e-67,1.8725e-67,1.8725e-67,1.8725e-67
1.1235e-67,1.1235e-67,1.1235e-67,1.1235e-67,1.1235e-67
6.7411e-68,6.7411e-68,6.7411e-68,6.7411e-68,6.7411e-68
4.0447e-68,4.0447e-68,4.0447e-68,4.0447e-68,4.0447e-68
2.4268e-68,2.4268e-68,2.4268e-68,2.4268e-68,2.4268e-68
1.4561e-68,1.4561e-68,1.4561e-68,1.4561e-68,1.4561e-68
8.7365e-69,8.7365e-69,8.7365e-69,8.7365e-69,8.7365e-69
5.2419e-69,5.2419e-69,5.2419e-69,5.2419e-69,5.2419e-69
3.1451e-69,3.1451e-69,3.1451e-69,3.1451e-69,3.1451e-69
1.8871e-69,1.8871e-69,1.8871e-69,1.8871e-69,1.8871e-69
1.1323e-69,1.1323e-69,1.1323e-69,1.1323e-69,1.1323e-69
6.7935e-70,6.7935e-70,6.7935e-70,6.7935e-70,6.7935e-70
4.0761e-70,4.0761e-70,4.0761e-70,4.0761e-70,4.0761e-70
2.4457e-70,2.4457e-70,2.4457e-70,2.4457e-70,2.4457e-70
1.4674e-70,1.4674e-70,1.4674e-70,1.4674e-70,1.4674e-70
8.8044e-71,8.8044e-71,8.8044e-71,8.8044e-71,8.8044e-71
5.2826e-71,5.2826e-71,5.2826e-71,5.2826e-71,5.2826e-71
3.1696e-71,3.1696e-71,3.1696e-71,3.1696e-71,3.1696e-71
1.9017e-71,1.9017e-71,1.9017e-71,1.9017e-71,1.9017e-71
1.141e-71,1.141e-71,1.141e-71,1.141e-71,1.141e-71
6.8463e-72,6.8463e-72,6.8463e-72,6.8463e-72,6.8463e-72
4.1078e-72,4.1078e-72,4.1078e-72,4.1078e-72,4.1078e-72
2.4647e-72,2.4647e-72,2.4647e-72,2.4647e-72,2.4647e-72
1.4788e-72,1.4788e-72,1.4788e-72,1.4788e-72,1.4788e-72
8.8728e-73,8.8728e-73,8.8728e-73,8.8728e-73,8.8728e-73
5.3237e-73,5.3237e-73,5.3237e-73,5.3237e-73,5.3237e-73
3.1942e-73,3.1942e-73,3.1942e-73,3.1942e-73,3.1942e-73
1.9165e-73,1.9165e-73,1.9165e-73,1.9165e-73,1.9165e-73
1.1499e-73,1.1499e-73,1.1499e-73,1.1499e-73,1.1499e-73
6.8995e-74,6.8995e-74,6.8995e-74,6.8995e-74,6.8995e-74
4.1397e-74,4.1397e-74,4.1397e-74,4.1397e-74,4.1397e-74
2.4838e-74,2.4838e-74,2.4838e-74,2.4838e-74,2.4838e-74
1.4903e-74,1.4903e-74,1.4903e-74,1.4903e-74,1.4903e-74
8.9417e-75,8.9417e-75,8.9417e-75,8.9417e-75,8.9417e-75
5.365e-75,5.365e-75,5.365e-75,5.365e-75,5.365e-75
3.219e-75,3.219e-75,3.219e-75,3.219e-75,3.219e-75
1.9314e-75,1.9314e-75,1.9314e-75,1.9314e-75,1.9314e-75
1.1588e-75,1.1588e-75,1.1588e-75,1.1588e-75,1.1588e-75
6.9531e-76,6.9531e-76,6.9531e-76,6.9531e-76,6.9531e-76
4.1719e-76,4.1719e-76,4.1719e-76,4.1719e-76,4.1719e-76
2.5031e-76,2.5031e-76,2.5031e-76,2.5031e-76,2.5031e-76
1.5019e-76,1.5019e-76,1.5019e-76,1.5019e-76,1.5019e-76
9.0112e-77,9.0112e-77,9.0112e-77,9.0112e-77,9.0112e-77
5.4067e-77,5.4067e-77,5.4067e-77,5.4067e-77,5.4067e-77
3.244e-77,3.244e-77,3.244e-77,3.244e-77,3.244e-77
1.9464e-77,1.9464e-77,1.9464e-77,1.9464e-77,1.9464e-77
1.1679e-77,1.1679e-77,1.1679e-77,1.1679e-77,1.1679e-77
7.0071e-78,7.0071e-78,7.0071e-78,7.0071e-78,7.0071e-78
4.2043e-78,4.2043e-78,4.2043e-78,4.2043e-78,4.2043e-78
2.5226e-78,2.5226e-78,2.5226e-78,2.5226e-78,2.5226e-78
1.5135e-78,1.5135e-78,1.5135e-78,1.5135e-78,1.5135e-78
9.0812e-79,9.0812e-79,9.0812e-79,9.0812e-79,9.0812e-79
5.4487e-79,5.4487e-79,5.4487e-79,5.4487e-79,5.4487e-79
3.2692e-79,3.2692e-79,3.2692e-79,3.2692e-79,3.2692e-79
1.9615e-79,1.9615e-79,1.9615e-79,1.9615e-79,1.9615e-79
1.1769e-79,1.1769e-79,1.1769e-79,1.1769e-79,1.1769e-79
7.0616e-80,7.0616e-80,7.0616e-80,7.0616e-80,7.0616e-80
4.2369e-80,4.2369e-80,4.2369e-80,4.2369e-80,4.2369e-80
2.5422e-80,2.5422e-80,2.5422e-80,2.5422e-80,2.5422e-80
1.5253e-80,1.5253e-80,1.5253e-80,1.5253e-80,1.5253e-80
9.1518e-81,9.1518e-81,9.1518e-81,9.1518e-81,9.1518e-81
5.4911e-81,5.4911e-81,5.4911e-81,5.4911e-81,5.4911e-81
3.2946e-81,3.2946e-81,3.2946e-81,3.2946e-81,3.2946e-81
1.9768e-81,1.9768e-81,1.9768e-81,1.9768e-81,1.9768e-81
1.1861e-81,1.1861e-81,1.1861e-81,1.1861e-81,1.1861e-81
7.1164e-82,7.1164e-82,7.1164e-82,7.1164e-82,7.1164e-82
4.2699e-82,4.2699e-82,4.2699e-82,4.2699e-82,4.2699e-82
2.5619e-82,2.5619e-82,2.5619e-82,2.5619e-82,2.5619e-82
1.5371e-82,1.5371e-82,1.5371e-82,1.5371e-82,1.5371e-82
9.2229e-83,9.2229e-83,9.2229e-83,9.2229e-83,9.2229e-83
5.5337e-83,5.5337e-83,5.5337e-83,5.5337e-83,5.5337e-83
3.3202e-83,3.3202e-83,3.3202e-83,3.3202e-83,3.3202e-83
1.9921e-83,1.9921e-83,1.9921e-83,1.9921e-83,1.9921e-83
1.1953e-83,1.1953e-83,1.1953e-83,1.1953e-83,1.1953e-83
7.1717e-84,7.1717e-84,7.1717e-84,7.1717e-84,7.1717e-84
4.303e-84,4.303e-84,4.303e-84,4.303e-84,4.303e-84
2.5818e-84,2.5818e-84,2.5818e-84,2.5818e-84,2.5818e-84
1.5491e-84,1.5491e-84,1.5491e-84,1.5491e-84,1.5491e-84
9.2945e-85,9.2945e-85,9.2945e-85,9.2945e-85,9.2945e-85
5.5767e-85,5.5767e-85,5.5767e-85,5.5767e-85,5.5767e-85
3.346e-85,3.346e-85,3.346e-85,3.346e-85,3.346e-85
2.0076e-85,2.0076e-85,2.0076e-85,2.0076e-85,2.0076e-85
1.2046e-85,1.2046e-85,1.2046e-85,1.2046e-85,1.2046e-85
7.2274e-86,7.2274e-86,7.2274e-86,7.2274e-86,7.2274e-86
4.3365e-86,4.3365e-86,4.3365e-86,4.3365e-86,4.3365e-86
2.6019e-86,2.6019e-86,2.6019e-86,2.6019e-86,2.6019e-86
1.5611e-86,1.5611e-86,1.5611e-86,1.5611e-86,1.5611e-86
9.3668e-87,9.3668e-87,9.3668e-87,9.3668e-87,9.3668e-87
5.6201e-87,5.6201e-87,5.6201e-87,5.6201e-87,5.6201e-87
3.372e-87,3.372e-87,3.372e-87,3.372e-87,3.372e-87
2.0232e-87,2.0232e-87,2.0232e-87,2.0232e-87,2.0232e-87
1.2139e-87,1.2139e-87,1.2139e-87,1.2139e-87,1.2139e-87
7.2836e-88,7.2836e-88,7.2836e-88,7.2836e-88,7.2836e-88
4.3702e-88,4.3702e-88,4.3702e-88,4.3702e-88,4.3702e-88
2.6221e-88,2.6221e-88,2.6221e-88,2.6221e-88,2.6221e-88
1.5733e-88,1.5733e-88,1.5733e-88,1.5733e-88,1.5733e-88
9.4395e-89,9.4395e-89,9.4395e-89,9.4395e-89,9.4395e-89
5.6637e-89,5.6637e-89,5.6637e-89,5.6637e-89,5.6637e-89
3.3982e-89,3.3982e-89,3.3982e-89,3.3982e-89,3.3982e-89
2.0389e-89,2.0389e-89,2.0389e-89,2.0389e-89,2.0389e-89
1.2234e-89,1.2234e-89,1.2234e-89,1.2234e-89,1.2234e-89
7.3402e-90,7.3402e-90,7.3402e-90,7.3402e-90,7.3402e-90
4.4041e-90,4.4041e-90,4.4041e-90,4.4041e-90,4.4041e-90
2.6425e-90,2.6425e-90,2.6425e-90,2.6425e-90,2.6425e-90
1.5855e-90,1.5855e-90,1.5855e-90,1.5855e-90,1.5855e-90
9.5129e-91,9.5129e-91,9.5129e-91,9.5129e-91,9.5129e-91
5.7077e-91,5.7077e-91,5.7077e-91,5.7077e-91,5.7077e-91
3.4246e-91,3.4246e-91,3.4246e-91,3.4246e-91,3.4246e-91
2.0548e-91,2.0548e-91,2.0548e-91,2.0548e-91,2.0548e-91
1.2329e-91,1.2329e-91,1.2329e-91,1.2329e-91,1.2329e-91
7.3972e-92,7.3972e-92,7.3972e-92,7.3972e-92,7.3972e-92
4.4383e-92,4.4383e-92,4.4383e-92,4.4383e-92,4.4383e-92
2.663e-92,2.663e-92,2.663e-92,2.663e-92,2.663e-92
1.5978e-92,1.5978e-92,1.5978e-92,1.5978e-92,1.5978e-92
9.5868e-93,9.5868e-93,9.5868e-93,9.5868e-93,9.5868e-93
5.7521e-93,5.7521e-93,5.7521e-93,5.7521e-93,5.7521e-93
3.4512e-93,3.4512e-93,3.4512e-93,3.4512e-93,3.4512e-93
2.0707e-93,2.0707e-93,2.0707e-93,2.0707e-93,2.0707e-93
1.2424e-93,1.2424e-93,1.2424e-93,1.2424e-93,1.2424e-93
7.4547e-94,7.4547e-94,7.4547e-94,7.4547e-94,7.4547e-94
4.4728e-94,4.4728e-94,4.4728e-94,4.4728e-94,4.4728e-94
2.6837e-94,2.6837e-94,2.6837e-94,2.6837e-94,2.6837e-94
1.6102e-94,1.6102e-94,1.6102e-94,1.6102e-94,1.6102e-94
9.6613e-95,9.6613e-95,9.6613e-95,9.6613e-95,9.6613e-95
5.7968e-95,5.7968e-95,5.7968e-95,5.7968e-95,5.7968e-95
3.4781e-95,3.4781e-95,3.4781e-95,3.4781e-95,3.4781e-95
2.0868e-95,2.0868e-95,2.0868e-95,2.0868e-95,2.0868e-95
1.2521e-95,1.2521e-95,1.2521e-95,1.2521e-95,1.2521e-95
7.5126e-96,7.5126e-96,7.5126e-96,7.5126e-96,7.5126e-96
4.5076e-96,4.5076e-96,4.5076e-96,4.5076e-96,4.5076e-96
2.7045e-96,2.7045e-96,2.7045e-96,2.7045e-96,2.7045e-96
1.6227e-96,1.6227e-96,1.6227e-96,1.6227e-96,1.6227e-96
9.7363e-97,9.7363e-97,9.7363e-97,9.7363e-97,9.7363e-97
5.8418e-97,5.8418e-97,5.8418e-97,5.8418e-97,5.8418e-97
3.5051e-97,3.5051e-97,3.5051e-97,3.5051e-97,3.5051e-97
2.103e-97,2.103e-97,2.103e-97,2.103e-97,2.103e-97
1.2618e-97,1.2618e-97,1.2618e-97,1.2618e-97,1.2618e-97
7.571e-98,7.571e-98,7.571e-98,7.571e-98,7.571e-98
4.5426e-98,4.5426e-98,4.5426e-98,4.5426e-98,4.5426e-98
2.7255e-98,2.7255e-98,2.7255e-98,2.7255e-98,2.7255e-98
1.6353e-98,1.6353e-98,1.6353e-98,1.6353e-98,1.6353e-98
9.812e-99,9.812e-99,9.812e-99,9.812e-99,9.812e-99
5.8872e-99,5.8872e-99,5.8872e-99,5.8872e-99,5.8872e-99
3.5323e-99,3.5323e-99,3.5323e-99,3.5323e-99,3.5323e-99
2.1194e-99,2.1194e-99,2.1194e-99,2.1194e-99,2.1194e-99
1.2716e-99,1.2716e-99,1.2716e-99,1.2716e-99,1.2716e-99
7.6298e-100,7.6298e-100,7.6298e-100,7.6298e-100,7.6298e-100
4.5779e-100,4.5779e-100,4.5779e-100,4.5779e-100,4.5779e-100
2.7467e-100,2.7467e-100,2.7467e-100,2.7467e-100,2.7467e-100
1.648e-100,1.648e-100,1.648e-100,1.648e-100,1.648e-100
9.8882e-101,9.8882e-101,9.8882e-101,9.8882e-101,9.8882e-101
5.9329e-101,5.9329e-101,5.9329e-101,5.9329e-101,5.9329e-101
3.5598e-101,3.5598e-101,3.5598e-101,3.5598e-101,3.5598e-101
2.1359e-101,2.1359e-101,2.1359e-101,2.1359e-101,2.1359e-101
1.2815e-101,1.2815e-101,1.2815e-101,1.2815e-101,1.2815e-101
7.6891e-102,7.6891e-102,7.6891e-102,7.6891e-102,7.6891e-102
4.6134e-102,4.6134e-102,4.6134e-102,4.6134e-102,4.6134e-102
2.7681e-102,2.7681e-102,2.7681e-102,2.7681e-102,2.7681e-102
1.6608e-102,1.6608e-102,1.6608e-102,1.6608e-102,1.6608e-102
9.965e-103,9.965e-103,9.965e-103,9.965e-103,9.965e-103
5.979e-103,5.979e-103,5.979e-103,5.979e-103,5.979e-103
3.5874e-103,3.5874e-103,3.5874e-103,3.5874e-103,3.5874e-103
2.1524e-103,2.1524e-103,2.1524e-103,2.1524e-103,2.1524e-103
1.2915e-103,1.2915e-103,1.2915e-103,1.2915e-103,1.2915e-103
7.7488e-104,7.7488e-104,7.7488e-104,7.7488e-104,7.7488e-104
4.6493e-104,4.6493e-104,4.6493e-104,4.6493e-104,4.6493e-104
2.7896e-104,2.7896e-104,2.7896e-104,2.7896e-104,2.7896e-104
1.6737e-104,1.6737e-104,1.6737e-104,1.6737e-104,1.6737e-104
1.0042e-104,1.0042e-104,1.0042e-104,1.0042e-104,1.0042e-104
6.0255e-105,6.0255e-105,6.0255e-105,6.0255e-105,6.0255e-105
3.6153e-105,3.6153e-105,3.6153e-105,3.6153e-105,3.6153e-105
2.1692e-105,2.1692e-105,2.1692e-105,2.1692e-105,2.1692e-105
1.3015e-105,1.3015e-105,1.3015e-105,1.3015e-105,1.3015e-105
7.809e-106,7.809e-106,7.809e-106,7.809e-106,7.809e-106
4.6854e-106,4.6854e-106,4.6854e-106,4.6854e-106,4.6854e-106
2.8112e-106,2.8112e-106,2.8112e-106,2.8112e-106,2.8112e-106
1.6867e-106,1.6867e-106,1.6867e-106,1.6867e-106,1.6867e-106
1.012e-106,1.012e-106,1.012e-106,1.012e-106,1.012e-106
6.0723e-107,6.0723e-107,6.0723e-107,6.0723e-107,6.0723e-107
3.6434e-107,3.6434e-107,3.6434e-107,3.6434e-107,3.6434e-107
2.186e-107,2.186e-107,2.186e-107,2.186e-107,2.186e-107
1.3116e-107,1.3116e-107,1.3116e-107,1.3116e-107,1.3116e-107
7.8697e-108,7.8697e-108,7.8697e-108,7.8697e-108,7.8697e-108
4.7218e-108,4.7218e-108,4.7218e-108,4.7218e-108,4.7218e-108
2.8331e-108,2.8331e-108,2.8331e-108,2.8331e-108,2.8331e-108
1.6999e-108,1.6999e-108,1.6999e-108,1.6999e-108,1.6999e-108
1.0199e-108,1.0199e-108,1.0199e-108,1.0199e-108,1.0199e-108
6.1195e-109,6.1195e-109,6.1195e-109,6.1195e-109,6.1195e-109
3.6717e-109,3.6717e-109,3.6717e-109,3.6717e-109,3.6717e-109
2.203e-109,2.203e-109,2.203e-109,2.203e-109,2.203e-109
1.3218e-109,1.3218e-109,1.3218e-109,1.3218e-109,1.3218e-109
7.9308e-110,7.9308e-110,7.9308e-110,7.9308e-110,7.9308e-110
4.7585e-110,4.7585e-110,4.7585e-110,4.7585e-110,4.7585e-110
2.8551e-110,2.8551e-110,2.8551e-110,2.8551e-110,2.8551e-110
1.7131e-110,1.7131e-110,1.7131e-110,1.7131e-110,1.7131e-110
1.0278e-110,1.0278e-110,1.0278e-110,1.0278e-110,1.0278e-110
6.167e-111,6.167e-111,6.167e-111,6.167e-111,6.167e-111
3.7002e-111,3.7002e-111,3.7002e-111,3.7002e-111,3.7002e-111
2.2201e-111,2.2201e-111,2.2201e-111,2.2201e-111,2.2201e-111
1.3321e-111,1.3321e-111,1.3321e-111,1.3321e-111,1.3321e-111
7.9925e-112,7.9925e-112,7.9925e-112,7.9925e-112,7.9925e-112
4.7955e-112,4.7955e-112,4.7955e-112,4.7955e-112,4.7955e-112
2.8773e-112,2.8773e-112,2.8773e-112,2.8773e-112,2.8773e-112
1.7264e-112,1.7264e-112,1.7264e-112,1.7264e-112,1.7264e-112
1.0358e-112,1.0358e-112,1.0358e-112,1.0358e-112,1.0358e-112
6.2149e-113,6.2149e-113,6.2149e-113,6.2149e-113,6.2149e-113
3.729e-113,3.729e-113,3.729e-113,3.729e-113,3.729e-113
2.2374e-113,2.2374e-113,2.2374e-113,2.2374e-113,2.2374e-113
1.3424e-113,1.3424e-113,1.3424e-113,1.3424e-113,1.3424e-113
8.0546e-114,8.0546e-114,8.0546e-114,8.0546e-114,8.0546e-114
4.8327e-114,4.8327e-114,4.8327e-114,4.8327e-114,4.8327e-114
2.8996e-114,2.8996e-114,2.8996e-114,2.8996e-114,2.8996e-114
1.7398e-114,1.7398e-114,1.7398e-114,1.7398e-114,1.7398e-114
1.0439e-114,1.0439e-114,1.0439e-114,1.0439e-114,1.0439e-114
6.2632e-115,6.2632e-115,6.2632e-115,6.2632e-115,6.2632e-115
3.7579e-115,3.7579e-115,3.7579e-115,3.7579e-115,3.7579e-115
2.2548e-115,2.2548e-115,2.2548e-115,2.2548e-115,2.2548e-115
1.3529e-115,1.3529e-115,1.3529e-115,1.3529e-115,1.3529e-115
8.1171e-116,8.1171e-116,8.1171e-116,8.1171e-116,8.1171e-116
4.8703e-116,4.8703e-116,4.8703e-116,4.8703e-116,4.8703e-116
2.9222e-116,2.9222e-116,2.9222e-116,2.9222e-116,2.9222e-116
1.7533e-116,1.7533e-116,1.7533e-116,1.7533e-116,1.7533e-116
1.052e-116,1.052e-116,1.052e-116,1.052e-116,1.052e-116
6.3119e-117,6.3119e-117,6.3119e-117,6.3119e-117,6.3119e-117
3.7871e-117,3.7871e-117,3.7871e-117,3.7871e-117,3.7871e-117
2.2723e-117,2.2723e-117,2.2723e-117,2.2723e-117,2.2723e-117
1.3634e-117,1.3634e-117,1.3634e-117,1.3634e-117,1.3634e-117
8.1802e-118,8.1802e-118,8.1802e-118,8.1802e-118,8.1802e-118
4.9081e-118,4.9081e-118,4.9081e-118,4.9081e-118,4.9081e-118
2.9449e-118,2.9449e-118,2.9449e-118,2.9449e-118,2.9449e-118
1.7669e-118,1.7669e-118,1.7669e-118,1.7669e-118,1.7669e-118
1.0602e-118,1.0602e-118,1.0602e-118,1.0602e-118,1.0602e-118
6.3609e-119,6.3609e-119,6.3609e-119,6.3609e-119,6.3609e-119
3.8166e-119,3.8166e-119,3.8166e-119,3.8166e-119,3.8166e-119
2.2899e-119,2.2899e-119,2.2899e-119,2.2899e-119,2.2899e-119
1.374e-119,1.374e-119,1.374e-119,1.374e-119,1.374e-119
8.2438e-120,8.2438e-120,8.2438e-120,8.2438e-120,8.2438e-120
4.9463e-120,4.9463e-120,4.9463e-120,4.9463e-120,4.9463e-120
2.9678e-120,2.9678e-120,2.9678e-120,2.9678e-120,2.9678e-120
1.7807e-120,1.7807e-120,1.7807e-120,1.7807e-120,1.7807e-120
1.0684e-120,1.0684e-120,1.0684e-120,1.0684e-120,1.0684e-120
6.4103e-121,6.4103e-121,6.4103e-121,6.4103e-121,6.4103e-121
3.8462e-121,3.8462e-121,3.8462e-121,3.8462e-121,3.8462e-121
2.3077e-121,2.3077e-121,2.3077e-121,2.3077e-121,2.3077e-121
1.3846e-121,1.3846e-121,1.3846e-121,1.3846e-121,1.3846e-121
8.3078e-122,8.3078e-122,8.3078e-122,8.3078e-122,8.3078e-122
4.9847e-122,4.9847e-122,4.9847e-122,4.9847e-122,4.9847e-122
2.9908e-122,2.9908e-122,2.9908e-122,2.9908e-122,2.9908e-122
1.7945e-122,1.7945e-122,1.7945e-122,1.7945e-122,1.7945e-122
1.0767e-122,1.0767e-122,1.0767e-122,1.0767e-122,1.0767e-122
6.4602e-123,6.4602e-123,6.4602e-123,6.4602e-123,6.4602e-123
3.8761e-123,3.8761e-123,3.8761e-123,3.8761e-123,3.8761e-123
2.3257e-123,2.3257e-123,2.3257e-123,2.3257e-123,2.3257e-123
1.3954e-123,1.3954e-123,1.3954e-123,1.3954e-123,1.3954e-123
8.3724e-124,8.3724e-124,8.3724e-124,8.3724e-124,8.3724e-124
5.0234e-124,5.0234e-124,5.0234e-124,5.0234e-124,5.0234e-124
3.014e-124,3.014e-124,3.014e-124,3.014e-124,3.014e-124
1.8084e-124,1.8084e-124,1.8084e-124,1.8084e-124,1.8084e-124
1.0851e-124,1.0851e-124,1.0851e-124,1.0851e-124,1.0851e-124
6.5103e-125,6.5103e-125,6.5103e-125,6.5103e-125,6.5103e-125
3.9062e-125,3.9062e-125,3.9062e-125,3.9062e-125,3.9062e-125
2.3437e-125,2.3437e-125,2.3437e-125,2.3437e-125,2.3437e-125
1.4062e-125,1.4062e-125,1.4062e-125,1.4062e-125,1.4062e-125
8.4374e-126,8.4374e-126,8.4374e-126,8.4374e-126,8.4374e-126
5.0624e-126,5.0624e-126,5.0624e-126,5.0624e-126,5.0624e-126
3.0375e-126,3.0375e-126,3.0375e-126,3.0375e-126,3.0375e-126
1.8225e-126,1.8225e-126,1.8225e-126,1.8225e-126,1.8225e-126
1.0935e-126,1.0935e-126,1.0935e-126,1.0935e-126,1.0935e-126
6.5609e-127,6.5609e-127,6.5609e-127,6.5609e-127,6.5609e-127
3.9366e-127,3.9366e-127,3.9366e-127,3.9366e-127,3.9366e-127
2.3619e-127,2.3619e-127,2.3619e-127,2.3619e-127,2.3619e-127
1.4172e-127,1.4172e-127,1.4172e-127,1.4172e-127,1.4172e-127
8.503e-128,8.503e-128,8.503e-128,8.503e-128,8.503e-128
5.1018e-128,5.1018e-128,5.1018e-128,5.1018e-128,5.1018e-128
3.0611e-128,3.0611e-128,3.0611e-128,3.0611e-128,3.0611e-128
1.8366e-128,1.8366e-128,1.8366e-128,1.8366e-128,1.8366e-128
1.102e-128,1.102e-128,1.102e-128,1.102e-128,1.102e-128
6.6119e-129,6.6119e-129,6.6119e-129,6.6119e-129,6.6119e-129
3.9671e-129,3.9671e-129,3.9671e-129,3.9671e-129,3.9671e-129
2.3803e-129,2.3803e-129,2.3803e-129,2.3803e-129,2.3803e-129
1.4282e-129,1.4282e-129,1.4282e-129,1.4282e-129,1.4282e-129
8.569e-130,8.569e-130,8.569e-130,8.569e-130,8.569e-130
5.1414e-130,5.1414e-130,5.1414e-130,5.1414e-130,5.1414e-130
3.0849e-130,3.0849e-130,3.0849e-130,3.0849e-130,3.0849e-130
1.8509e-130,1.8509e-130,1.8509e-130,1.8509e-130,1.8509e-130
1.1105e-130,1.1105e-130,1.1105e-130,1.1105e-130,1.1105e-130
6.6633e-131,6.6633e-131,6.6633e-131,6.6633e-131,6.6633e-131
3.998e-131,3.998e-131,3.998e-131,3.998e-131,3.998e-131
2.3988e-131,2.3988e-131,2.3988e-131,2.3988e-131,2.3988e-131
1.4393e-131,1.4393e-131,1.4393e-131,1.4393e-131,1.4393e-131
8.6356e-132,8.6356e-132,8.6356e-132,8.6356e-132,8.6356e-132
5.1814e-132,5.1814e-132,5.1814e-132,5.1814e-132,5.1814e-132
3.1088e-132,3.1088e-132,3.1088e-132,3.1088e-132,3.1088e-132
1.8653e-132,1.8653e-132,1.8653e-132,1.8653e-132,1.8653e-132
1.1192e-132,1.1192e-132,1.1192e-132,1.1192e-132,1.1192e-132
6.715e-133,6.715e-133,6.715e-133,6.715e-133,6.715e-133
4.029e-133,4.029e-133,4.029e-133,4.029e-133,4.029e-133
2.4174e-133,2.4174e-133,2.4174e-133,2.4174e-133,2.4174e-133
1.4505e-133,1.4505e-133,1.4505e-133,1.4505e-133,1.4505e-133
8.7027e-134,8.7027e-134,8.7027e-134,8.7027e-134,8.7027e-134
5.2216e-134,5.2216e-134,5.2216e-134,5.2216e-134,5.2216e-134
3.133e-134,3.133e-134,3.133e-134,3.133e-134,3.133e-134
1.8798e-134,1.8798e-134,1.8798e-134,1.8798e-134,1.8798e-134
1.1279e-134,1.1279e-134,1.1279e-134,1.1279e-134,1.1279e-134
6.7672e-135,6.7672e-135,6.7672e-135,6.7672e-135,6.7672e-135
4.0603e-135,4.0603e-135,4.0603e-135,4.0603e-135,4.0603e-135
2.4362e-135,2.4362e-135,2.4362e-135,2.4362e-135,2.4362e-135
1.4617e-135,1.4617e-135,1.4617e-135,1.4617e-135,1.4617e-135
8.7703e-136,8.7703e-136,8.7703e-136,8.7703e-136,8.7703e-136
5.2622e-136,5.2622e-136,5.2622e-136,5.2622e-136,5.2622e-136
3.1573e-136,3.1573e-136,3.1573e-136,3.1573e-136,3.1573e-136
1.8944e-136,1.8944e-136,1.8944e-136,1.8944e-136,1.8944e-136
1.1366e-136,1.1366e-136,1.1366e-136,1.1366e-136,1.1366e-136
6.8198e-137,6.8198e-137,6.8198e-137,6.8198e-137,6.8198e-137
4.0919e-137,4.0919e-137,4.0919e-137,4.0919e-137,4.0919e-137
2.4551e-137,2.4551e-137,2.4551e-137,2.4551e-137,2.4551e-137
1.4731e-137,1.4731e-137,1.4731e-137,1.4731e-137,1.4731e-137
8.8385e-138,8.8385e-138,8.8385e-138,8.8385e-138,8.8385e-138
5.3031e-138,5.3031e-138,5.3031e-138,5.3031e-138,5.3031e-138
3.1818e-138,3.1818e-138,3.1818e-138,3.1818e-138,3.1818e-138
1.9091e-138,1.9091e-138,1.9091e-138,1.9091e-138,1.9091e-138
1.1455e-138,1.1455e-138,1.1455e-138,1.1455e-138,1.1455e-138
6.8728e-139,6.8728e-139,6.8728e-139,6.8728e-139,6.8728e-139
4.1237e-139,4.1237e-139,4.1237e-139,4.1237e-139,4.1237e-139
2.4742e-139,2.4742e-139,2.4742e-139,2.4742e-139,2.4742e-139
1.4845e-139,1.4845e-139,1.4845e-139,1.4845e-139,1.4845e-139
8.9071e-140,8.9071e-140,8.9071e-140,8.9071e-140,8.9071e-140
5.3443e-140,5.3443e-140,5.3443e-140,5.3443e-140,5.3443e-140
3.2066e-140,3.2066e-140,3.2066e-140,3.2066e-140,3.2066e-140
1.9239e-140,1.9239e-140,1.9239e-140,1.9239e-140,1.9239e-140
1.1544e-140,1.1544e-140,1.1544e-140,1.1544e-140,1.1544e-140
6.9262e-141,6.9262e-141,6.9262e-141,6.9262e-141,6.9262e-141
4.1557e-141,4.1557e-141,4.1557e-141,4.1557e-141,4.1557e-141
2.4934e-141,2.4934e-141,2.4934e-141,2.4934e-141,2.4934e-141
1.4961e-141,1.4961e-141,1.4961e-141,1.4961e-141,1.4961e-141
8.9763e-142,8.9763e-142,8.9763e-142,8.9763e-142,8.9763e-142
5.3858e-142,5.3858e-142,5.3858e-142,5.3858e-142,5.3858e-142
3.2315e-142,3.2315e-142,3.2315e-142,3.2315e-142,3.2315e-142
1.9389e-142,1.9389e-142,1.9389e-142,1.9389e-142,1.9389e-142
1.1633e-142,1.1633e-142,1.1633e-142,1.1633e-142,1.1633e-142
6.98e-143,6.98e-143,6.98e-143,6.98e-143,6.98e-143
4.188e-143,4.188e-143,4.188e-143,4.188e-143,4.188e-143
2.5128e-143,2.5128e-143,2.5128e-143,2.5128e-143,2.5128e-143
1.5077e-143,1.5077e-143,1.5077e-143,1.5077e-143,1.5077e-143
9.0461e-144,9.0461e-144,9.0461e-144,9.0461e-144,9.0461e-144
5.4276e-144,5.4276e-144,5.4276e-144,5.4276e-144,5.4276e-144
3.2566e-144,3.2566e-144,3.2566e-144,3.2566e-144,3.2566e-144
1.954e-144,1.954e-144,1.954e-144,1.954e-144,1.954e-144
1.1724e-144,1.1724e-144,1.1724e-144,1.1724e-144,1.1724e-144
7.0342e-145,7.0342e-145,7.0342e-145,7.0342e-145,7.0342e-145
4.2205e-145,4.2205e-145,4.2205e-145,4.2205e-145,4.2205e-145
2.5323e-145,2.5323e-145,2.5323e-145,2.5323e-145,2.5323e-145
1.5194e-145,1.5194e-145,1.5194e-145,1.5194e-145,1.5194e-145
9.1164e-146,9.1164e-146,9.1164e-146,9.1164e-146,9.1164e-146
5.4698e-146,5.4698e-146,5.4698e-146,5.4698e-146,5.4698e-146
3.2819e-146,3.2819e-146,3.2819e-146,3.2819e-146,3.2819e-146
1.9691e-146,1.9691e-146,1.9691e-146,1.9691e-146,1.9691e-146
1.1815e-146,1.1815e-146,1.1815e-146,1.1815e-146,1.1815e-146
7.0889e-147,7.0889e-147,7.0889e-147,7.0889e-147,7.0889e-147
4.2533e-147,4.2533e-147,4.2533e-147,4.2533e-147,4.2533e-147
2.552e-147,2.552e-147,2.552e-147,2.552e-147,2.552e-147
1.5312e-147,1.5312e-147,1.5312e-147,1.5312e-147,1.5312e-147
9.1872e-148,9.1872e-148,9.1872e-148,9.1872e-148,9.1872e-148
5.5123e-148,5.5123e-148,5.5123e-148,5.5123e-148,5.5123e-148
3.3074e-148,3.3074e-148,3.3074e-148,3.3074e-148,3.3074e-148
1.9844e-148,1.9844e-148,1.9844e-148,1.9844e-148,1.9844e-148
1.1907e-148,1.1907e-148,1.1907e-148,1.1907e-148,1.1907e-148
7.144e-149,7.144e-149,7.144e-149,7.144e-149,7.144e-149
4.2864e-149,4.2864e-149,4.2864e-149,4.2864e-149,4.2864e-149
2.5718e-149,2.5718e-149,2.5718e-149,2.5718e-149,2.5718e-149
1.5431e-149,1.5431e-149,1.5431e-149,1.5431e-149,1.5431e-149
9.2586e-150,9.2586e-150,9.2586e-150,9.2586e-150,9.2586e-150
5.5551e-150,5.5551e-150,5.5551e-150,5.5551e-150,5.5551e-150
3.3331e-150,3.3331e-150,3.3331e-150,3.3331e-150,3.3331e-150
1.9999e-150,1.9999e-150,1.9999e-150,1.9999e-150,1.9999e-150
1.1999e-150,1.1999e-150,1.1999e-150,1.1999e-150,1.1999e-150
7.1995e-151,7.1995e-151,7.1995e-151,7.1995e-151,7.1995e-151
4.3197e-151,4.3197e-151,4.3197e-151,4.3197e-151,4.3197e-151
2.5918e-151,2.5918e-151,2.5918e-151,2.5918e-151,2.5918e-151
1.5551e-151,1.5551e-151,1.5551e-151,1.5551e-151,1.5551e-151
9.3305e-152,9.3305e-152,9.3305e-152,9.3305e-152,9.3305e-152
5.5983e-152,5.5983e-152,5.5983e-152,5.5983e-152,5.5983e-152
3.359e-152,3.359e-152,3.359e-152,3.359e-152,3.359e-152
2.0154e-152,2.0154e-152,2.0154e-152,2.0154e-152,2.0154e-152
1.2092e-152,1.2092e-152,1.2092e-152,1.2092e-152,1.2092e-152
7.2554e-153,7.2554e-153,7.2554e-153,7.2554e-153,7.2554e-153
4.3532e-153,4.3532e-153,4.3532e-153,4.3532e-153,4.3532e-153
2.6119e-153,2.6119e-153,2.6119e-153,2.6119e-153,2.6119e-153
1.5672e-153,1.5672e-153,1.5672e-153,1.5672e-153,1.5672e-153
9.403e-154,9.403e-154,9.403e-154,9.403e-154,9.403e-154
5.6418e-154,5.6418e-154,5.6418e-154,5.6418e-154,5.6418e-154
3.3851e-154,3.3851e-154,3.3851e-154,3.3851e-154,3.3851e-154
2.031e-154,2.031e-154,2.031e-154,2.031e-154,2.031e-154
1.2186e-154,1.2186e-154,1.2186e-154,1.2186e-154,1.2186e-154
7.3118e-155,7.3118e-155,7.3118e-155,7.3118e-155,7.3118e-155
4.3871e-155,4.3871e-155,4.3871e-155,4.3871e-155,4.3871e-155
2.6322e-155,2.6322e-155,2.6322e-155,2.6322e-155,2.6322e-155
1.5793e-155,1.5793e-155,1.5793e-155,1.5793e-155,1.5793e-155
9.4761e-156,9.4761e-156,9.4761e-156,9.4761e-156,9.4761e-156
5.6856e-156,5.6856e-156,5.6856e-156,5.6856e-156,5.6856e-156
3.4114e-156,3.4114e-156,3.4114e-156,3.4114e-156,3.4114e-156
2.0468e-156,2.0468e-156,2.0468e-156,2.0468e-156,2.0468e-156
1.2281e-156,1.2281e-156,1.2281e-156,1.2281e-156,1.2281e-156
7.3686e-157,7.3686e-157,7.3686e-157,7.3686e-157,7.3686e-157
4.4212e-157,4.4212e-157,4.4212e-157,4.4212e-157,4.4212e-157
2.6527e-157,2.6527e-157,2.6527e-157,2.6527e-157,2.6527e-157
1.5916e-157,1.5916e-157,1.5916e-157,1.5916e-157,1.5916e-157
9.5497e-158,9.5497e-158,9.5497e-158,9.5497e-158,9.5497e-158
5.7298e-158,5.7298e-158,5.7298e-158,5.7298e-158,5.7298e-158
3.4379e-158,3.4379e-158,3.4379e-158,3.4379e-158,3.4379e-158
2.0627e-158,2.0627e-158,2.0627e-158,2.0627e-158,2.0627e-158
1.2376e-158,1.2376e-158,1.2376e-158,1.2376e-158,1.2376e-158
7.4258e-159,7.4258e-159,7.4258e-159,7.4258e-159,7.4258e-159
4.4555e-159,4.4555e-159,4.4555e-159,4.4555e-159,4.4555e-159
2.6733e-159,2.6733e-159,2.6733e-159,2.6733e-159,2.6733e-159
1.604e-159,1.604e-159,1.604e-159,1.604e-159,1.604e-159
9.6239e-160,9.6239e-160,9.6239e-160,9.6239e-160,9.6239e-160
5.7743e-160,5.7743e-160,5.7743e-160,5.7743e-160,5.7743e-160
3.4646e-160,3.4646e-160,3.4646e-160,3.4646e-160,3.4646e-160
2.0788e-160,2.0788e-160,2.0788e-160,2.0788e-160,2.0788e-160
1.2473e-160,1.2473e-160,1.2473e-160,1.2473e-160,1.2473e-160
7.4835e-161,7.4835e-161,7.4835e-161,7.4835e-161,7.4835e-161
4.4901e-161,4.4901e-161,4.4901e-161,4.4901e-161,4.4901e-161
2.6941e-161,2.6941e-161,2.6941e-161,2.6941e-161,2.6941e-161
1.6164e-161,1.6164e-161,1.6164e-161,1.6164e-161,1.6164e-161
9.6987e-162,9.6987e-162,9.6987e-162,9.6987e-162,9.6987e-162
5.8192e-162,5.8192e-162,5.8192e-162,5.8192e-162,5.8192e-162
3.4915e-162,3.4915e-162,3.4915e-162,3.4915e-162,3.4915e-162
2.0949e-162,2.0949e-162,2.0949e-162,2.0949e-162,2.0949e-162
1.2569e-162,1.2569e-162,1.2569e-162,1.2569e-162,1.2569e-162
7.5417e-163,7.5417e-163,7.5417e-163,7.5417e-163,7.5417e-163
4.525e-163,4.525e-163,4.525e-163,4.525e-163,4.525e-163
2.715e-163,2.715e-163,2.715e-163,2.715e-163,2.715e-163
1.629e-163,1.629e-163,1.629e-163,1.629e-163,1.629e-163
9.774e-164,9.774e-164,9.774e-164,9.774e-164,9.774e-164
5.8644e-164,5.8644e-164,5.8644e-164,5.8644e-164,5.8644e-164
3.5186e-164,3.5186e-164,3.5186e-164,3.5186e-164,3.5186e-164
2.1112e-164,2.1112e-164,2.1112e-164,2.1112e-164,2.1112e-164
1.2667e-164,1.2667e-164,1.2667e-164,1.2667e-164,1.2667e-164
7.6003e-165,7.6003e-165,7.6003e-165,7.6003e-165,7.6003e-165
4.5602e-165,4.5602e-165,4.5602e-165,4.5602e-165,4.5602e-165
2.7361e-165,2.7361e-165,2.7361e-165,2.7361e-165,2.7361e-165
1.6417e-165,1.6417e-165,1.6417e-165,1.6417e-165,1.6417e-165
9.85e-166,9.85e-166,9.85e-166,9.85e-166,9.85e-166
5.91e-166,5.91e-166,5.91e-166,5.91e-166,5.91e-166
3.546e-166,3.546e-166,3.546e-166,3.546e-166,3.546e-166
2.1276e-166,2.1276e-166,2.1276e-166,2.1276e-166,2.1276e-166
1.2766e-166,1.2766e-166,1.2766e-166,1.2766e-166,1.2766e-166
7.6593e-167,7.6593e-167,7.6593e-167,7.6593e-167,7.6593e-167
4.5956e-167,4.5956e-167,4.5956e-167,4.5956e-167,4.5956e-167
2.7574e-167,2.7574e-167,2.7574e-167,2.7574e-167,2.7574e-167
1.6544e-167,1.6544e-167,1.6544e-167,1.6544e-167,1.6544e-167
9.9265e-168,9.9265e-168,9.9265e-168,9.9265e-168,9.9265e-168
5.9559e-168,5.9559e-168,5.9559e-168,5.9559e-168,5.9559e-168
3.5735e-168,3.5735e-168,3.5735e-168,3.5735e-168,3.5735e-168
2.1441e-168,2.1441e-168,2.1441e-168,2.1441e-168,2.1441e-168
1.2865e-168,1.2865e-168,1.2865e-168,1.2865e-168,1.2865e-168
7.7188e-169,7.7188e-169,7.7188e-169,7.7188e-169,7.7188e-169
4.6313e-169,4.6313e-169,4.6313e-169,4.6313e-169,4.6313e-169
2.7788e-169,2.7788e-169,2.7788e-169,2.7788e-169,2.7788e-169
1.6673e-169,1.6673e-169,1.6673e-169,1.6673e-169,1.6673e-169
1.0004e-169,1.0004e-169,1.0004e-169,1.0004e-169,1.0004e-169
6.0022e-170,6.0022e-170,6.0022e-170,6.0022e-170,6.0022e-170
3.6013e-170,3.6013e-170,3.6013e-170,3.6013e-170,3.6013e-170
2.1608e-170,2.1608e-170,2.1608e-170,2.1608e-170,2.1608e-170
1.2965e-170,1.2965e-170,1.2965e-170,1.2965e-170,1.2965e-170
7.7788e-171,7.7788e-171,7.7788e-171,7.7788e-171,7.7788e-171
4.6673e-171,4.6673e-171,4.6673e-171,4.6673e-171,4.6673e-171
2.8004e-171,2.8004e-171,2.8004e-171,2.8004e-171,2.8004e-171
1.6802e-171,1.6802e-171,1.6802e-171,1.6802e-171,1.6802e-171
1.0081e-171,1.0081e-171,1.0081e-171,1.0081e-171,1.0081e-171
6.0488e-172,6.0488e-172,6.0488e-172,6.0488e-172,6.0488e-172
3.6293e-172,3.6293e-172,3.6293e-172,3.6293e-172,3.6293e-172
2.1776e-172,2.1776e-172,2.1776e-172,2.1776e-172,2.1776e-172
1.3065e-172,1.3065e-172,1.3065e-172,1.3065e-172,1.3065e-172
7.8392e-173,7.8392e-173,7.8392e-173,7.8392e-173,7.8392e-173
4.7035e-173,4.7035e-173,4.7035e-173,4.7035e-173,4.7035e-173
2.8221e-173,2.8221e-173,2.8221e-173,2.8221e-173,2.8221e-173
1.6933e-173,1.6933e-173,1.6933e-173,1.6933e-173,1.6933e-173
1.016e-173,1.016e-173,1.016e-173,1.016e-173,1.016e-173
6.0958e-174,6.0958e-174,6.0958e-174,6.0958e-174,6.0958e-174
3.6575e-174,3.6575e-174,3.6575e-174,3.6575e-174,3.6575e-174
2.1945e-174,2.1945e-174,2.1945e-174,2.1945e-174,2.1945e-174
1.3167e-174,1.3167e-174,1.3167e-174,1.3167e-174,1.3167e-174
7.9002e-175,7.9002e-175,7.9002e-175,7.9002e-175,7.9002e-175
4.7401e-175,4.7401e-175,4.7401e-175,4.7401e-175,4.7401e-175
2.8441e-175,2.8441e-175,2.8441e-175,2.8441e-175,2.8441e-175
1.7064e-175,1.7064e-175,1.7064e-175,1.7064e-175,1.7064e-175
1.0239e-175,1.0239e-175,1.0239e-175,1.0239e-175,1.0239e-175
6.1432e-176,6.1432e-176,6.1432e-176,6.1432e-176,6.1432e-176
3.6859e-176,3.6859e-176,3.6859e-176,3.6859e-176,3.6859e-176
2.2115e-176,2.2115e-176,2.2115e-176,2.2115e-176,2.2115e-176
1.3269e-176,1.3269e-176,1.3269e-176,1.3269e-176,1.3269e-176
7.9615e-177,7.9615e-177,7.9615e-177,7.9615e-177,7.9615e-177
4.7769e-177,4.7769e-177,4.7769e-177,4.7769e-177,4.7769e-177
2.8662e-177,2.8662e-177,2.8662e-177,2.8662e-177,2.8662e-177
1.7197e-177,1.7197e-177,1.7197e-177,1.7197e-177,1.7197e-177
1.0318e-177,1.0318e-177,1.0318e-177,1.0318e-177,1.0318e-177
6.1909e-178,6.1909e-178,6.1909e-178,6.1909e-178,6.1909e-178
3.7145e-178,3.7145e-178,3.7145e-178,3.7145e-178,3.7145e-178
2.2287e-178,2.2287e-178,2.2287e-178,2.2287e-178,2.2287e-178
1.3372e-178,1.3372e-178,1.3372e-178,1.3372e-178,1.3372e-178
8.0234e-179,8.0234e-179,8.0234e-179,8.0234e-179,8.0234e-179
4.814e-179,4.814e-179,4.814e-179,4.814e-179,4.814e-179
2.8884e-179,2.8884e-179,2.8884e-179,2.8884e-179,2.8884e-179
1.7331e-179,1.7331e-179,1.7331e-179,1.7331e-179,1.7331e-179
1.0398e-179,1.0398e-179,1.0398e-179,1.0398e-179,1.0398e-179
6.239e-180,6.239e-180,6.239e-180,6.239e-180,6.239e-180
3.7434e-180,3.7434e-180,3.7434e-180,3.7434e-180,3.7434e-180
2.246e-180,2.246e-180,2.246e-180,2.246e-180,2.246e-180
1.3476e-180,1.3476e-180,1.3476e-180,1.3476e-180,1.3476e-180
8.0857e-181,8.0857e-181,8.0857e-181,8.0857e-181,8.0857e-181
4.8514e-181,4.8514e-181,4.8514e-181,4.8514e-181,4.8514e-181
2.9109e-181,2.9109e-181,2.9109e-181,2.9109e-181,2.9109e-181
1.7465e-181,1.7465e-181,1.7465e-181,1.7465e-181,1.7465e-181
1.0479e-181,1.0479e-181,1.0479e-181,1.0479e-181,1.0479e-181
6.2875e-182,6.2875e-182,6.2875e-182,6.2875e-182,6.2875e-182
3.7725e-182,3.7725e-182,3.7725e-182,3.7725e-182,3.7725e-182
2.2635e-182,2.2635e-182,2.2635e-182,2.2635e-182,2.2635e-182
1.3581e-182,1.3581e-182,1.3581e-182,1.3581e-182,1.3581e-182
8.1486e-183,8.1486e-183,8.1486e-183,8.1486e-183,8.1486e-183
4.8891e-183,4.8891e-183,4.8891e-183,4.8891e-183,4.8891e-183
2.9335e-183,2.9335e-183,2.9335e-183,2.9335e-183,2.9335e-183
1.7601e-183,1.7601e-183,1.7601e-183,1.7601e-183,1.7601e-183
1.0561e-183,1.0561e-183,1.0561e-183,1.0561e-183,1.0561e-183
6.3363e-184,6.3363e-184,6.3363e-184,6.3363e-184,6.3363e-184
3.8018e-184,3.8018e-184,3.8018e-184,3.8018e-184,3.8018e-184
2.2811e-184,2.2811e-184,2.2811e-184,2.2811e-184,2.2811e-184
1.3686e-184,1.3686e-184,1.3686e-184,1.3686e-184,1.3686e-184
8.2119e-185,8.2119e-185,8.2119e-185,8.2119e-185,8.2119e-185
4.9271e-185,4.9271e-185,4.9271e-185,4.9271e-185,4.9271e-185
2.9563e-185,2.9563e-185,2.9563e-185,2.9563e-185,2.9563e-185
1.7738e-185,1.7738e-185,1.7738e-185,1.7738e-185,1.7738e-185
1.0643e-185,1.0643e-185,1.0643e-185,1.0643e-185,1.0643e-185
6.3855e-186,6.3855e-186,6.3855e-186,6.3855e-186,6.3855e-186
3.8313e-186,3.8313e-186,3.8313e-186,3.8313e-186,3.8313e-186
2.2988e-186,2.2988e-186,2.2988e-186,2.2988e-186,2.2988e-186
1.3793e-186,1.3793e-186,1.3793e-186,1.3793e-186,1.3793e-186
8.2757e-187,8.2757e-187,8.2757e-187,8.2757e-187,8.2757e-187
4.9654e-187,4.9654e-187,4.9654e-187,4.9654e-187,4.9654e-187
2.9792e-187,2.9792e-187,2.9792e-187,2.9792e-187,2.9792e-187
1.7875e-187,1.7875e-187,1.7875e-187,1.7875e-187,1.7875e-187
1.0725e-187,1.0725e-187,1.0725e-187,1.0725e-187,1.0725e-187
6.4352e-188,6.4352e-188,6.4352e-188,6.4352e-188,6.4352e-188
3.8611e-188,3.8611e-188,3.8611e-188,3.8611e-188,3.8611e-188
2.3167e-188,2.3167e-188,2.3167e-188,2.3167e-188,2.3167e-188
1.39e-188,1.39e-188,1.39e-188,1.39e-188,1.39e-188
8.34e-189,8.34e-189,8.34e-189,8.34e-189,8.34e-189
5.004e-189,5.004e-189,5.004e-189,5.004e-189,5.004e-189
3.0024e-189,3.0024e-189,3.0024e-189,3.0024e-189,3.0024e-189
1.8014e-189,1.8014e-189,1.8014e-189,1.8014e-189,1.8014e-189
1.0809e-189,1.0809e-189,1.0809e-189,1.0809e-189,1.0809e-189
6.4852e-190,6.4852e-190,6.4852e-190,6.4852e-190,6.4852e-190
3.8911e-190,3.8911e-190,3.8911e-190,3.8911e-190,3.8911e-190
2.3347e-190,2.3347e-190,2.3347e-190,2.3347e-190,2.3347e-190
1.4008e-190,1.4008e-190,1.4008e-190,1.4008e-190,1.4008e-190
8.4048e-191,8.4048e-191,8.4048e-191,8.4048e-191,8.4048e-191
5.0429e-191,5.0429e-191,5.0429e-191,5.0429e-191,5.0429e-191
3.0257e-191,3.0257e-191,3.0257e-191,3.0257e-191,3.0257e-191
1.8154e-191,1.8154e-191,1.8154e-191,1.8154e-191,1.8154e-191
1.0893e-191,1.0893e-191,1.0893e-191,1.0893e-191,1.0893e-191
6.5355e-192,6.5355e-192,6.5355e-192,6.5355e-192,6.5355e-192
3.9213e-192,3.9213e-192,3.9213e-192,3.9213e-192,3.9213e-192
2.3528e-192,2.3528e-192,2.3528e-192,2.3528e-192,2.3528e-192
1.4117e-192,1.4117e-192,1.4117e-192,1.4117e-192,1.4117e-192
8.4701e-193,8.4701e-193,8.4701e-193,8.4701e-193,8.4701e-193
5.082e-193,5.082e-193,5.082e-193,5.082e-193,5.082e-193
3.0492e-193,3.0492e-193,3.0492e-193,3.0492e-193,3.0492e-193
1.8295e-193,1.8295e-193,1.8295e-193,1.8295e-193,1.8295e-193
1.0977e-193,1.0977e-193,1.0977e-193,1.0977e-193,1.0977e-193
6.5863e-194,6.5863e-194,6.5863e-194,6.5863e-194,6.5863e-194
3.9518e-194,3.9518e-194,3.9518e-194,3.9518e-194,3.9518e-194
2.3711e-194,2.3711e-194,2.3711e-194,2.3711e-194,2.3711e-194
1.4226e-194,1.4226e-194,1.4226e-194,1.4226e-194,1.4226e-194
8.5359e-195,8.5359e-195,8.5359e-195,8.5359e-195,8.5359e-195
5.1215e-195,5.1215e-195,5.1215e-195,5.1215e-195,5.1215e-195
3.0729e-195,3.0729e-195,3.0729e-195,3.0729e-195,3.0729e-195
1.8437e-195,1.8437e-195,1.8437e-195,1.8437e-195,1.8437e-195
1.1062e-195,1.1062e-195,1.1062e-195,1.1062e-195,1.1062e-195
6.6375e-196,6.6375e-196,6.6375e-196,6.6375e-196,6.6375e-196
3.9825e-196,3.9825e-196,3.9825e-196,3.9825e-196,3.9825e-196
2.3895e-196,2.3895e-196,2.3895e-196,2.3895e-196,2.3895e-196
1.4337e-196,1.4337e-196,1.4337e-196,1.4337e-196,1.4337e-196
8.6022e-197,8.6022e-197,8.6022e-197,8.6022e-197,8.6022e-197
5.1613e-197,5.1613e-197,5.1613e-197,5.1613e-197,5.1613e-197
3.0968e-197,3.0968e-197,3.0968e-197,3.0968e-197,3.0968e-197
1.8581e-197,1.8581e-197,1.8581e-197,1.8581e-197,1.8581e-197
1.1148e-197,1.1148e-197,1.1148e-197,1.1148e-197,1.1148e-197
6.6891e-198,6.6891e-198,6.6891e-198,6.6891e-198,6.6891e-198
4.0134e-198,4.0134e-198,4.0134e-198,4.0134e-198,4.0134e-198
2.4081e-198,2.4081e-198,2.4081e-198,2.4081e-198,2.4081e-198
1.4448e-198,1.4448e-198,1.4448e-198,1.4448e-198,1.4448e-198
8.669e-199,8.669e-199,8.669e-199,8.669e-199,8.669e-199
5.2014e-199,5.2014e-199,5.2014e-199,5.2014e-199,5.2014e-199
3.1209e-199,3.1209e-199,3.1209e-199,3.1209e-199,3.1209e-199
1.8725e-199,1.8725e-199,1.8725e-199,1.8725e-199,1.8725e-199
1.1235e-199,1.1235e-199,1.1235e-199,1.1235e-199,1.1235e-199
6.741e-200,6.741e-200,6.741e-200,6.741e-200,6.741e-200
4.0446e-200,4.0446e-200,4.0446e-200,4.0446e-200,4.0446e-200
2.4268e-200,2.4268e-200,2.4268e-200,2.4268e-200,2.4268e-200
1.4561e-200,1.4561e-200,1.4561e-200,1.4561e-200,1.4561e-200
8.7364e-201,8.7364e-201,8.7364e-201,8.7364e-201,8.7364e-201
5.2418e-201,5.2418e-201,5.2418e-201,5.2418e-201,5.2418e-201
3.1451e-201,3.1451e-201,3.1451e-201,3.1451e-201,3.1451e-201
1.8871e-201,1.8871e-201,1.8871e-201,1.8871e-201,1.8871e-201
1.1322e-201,1.1322e-201,1.1322e-201,1.1322e-201,1.1322e-201
6.7934e-202,6.7934e-202,6.7934e-202,6.7934e-202,6.7934e-202
4.076e-202,4.076e-202,4.076e-202,4.076e-202,4.076e-202
2.4456e-202,2.4456e-202,2.4456e-202,2.4456e-202,2.4456e-202
1.4674e-202,1.4674e-202,1.4674e-202,1.4674e-202,1.4674e-202
8.8043e-203,8.8043e-203,8.8043e-203,8.8043e-203,8.8043e-203
5.2826e-203,5.2826e-203,5.2826e-203,5.2826e-203,5.2826e-203
3.1695e-203,3.1695e-203,3.1695e-203,3.1695e-203,3.1695e-203
1.9017e-203,1.9017e-203,1.9017e-203,1.9017e-203,1.9017e-203
1.141e-203,1.141e-203,1.141e-203,1.141e-203,1.141e-203
6.8462e-204,6.8462e-204,6.8462e-204,6.8462e-204,6.8462e-204
4.1077e-204,4.1077e-204,4.1077e-204,4.1077e-204,4.1077e-204
2.4646e-204,2.4646e-204,2.4646e-204,2.4646e-204,2.4646e-204
1.4788e-204,1.4788e-204,1.4788e-204,1.4788e-204,1.4788e-204
8.8727e-205,8.8727e-205,8.8727e-205,8.8727e-205,8.8727e-205
5.3236e-205,5.3236e-205,5.3236e-205,5.3236e-205,5.3236e-205
3.1942e-205,3.1942e-205,3.1942e-205,3.1942e-205,3.1942e-205
1.9165e-205,1.9165e-205,1.9165e-205,1.9165e-205,1.9165e-205
1.1499e-205,1.1499e-205,1.1499e-205,1.1499e-205,1.1499e-205
6.8994e-206,6.8994e-206,6.8994e-206,6.8994e-206,6.8994e-206
4.1396e-206,4.1396e-206,4.1396e-206,4.1396e-206,4.1396e-206
2.4838e-206,2.4838e-206,2.4838e-206,2.4838e-206,2.4838e-206
1.4903e-206,1.4903e-206,1.4903e-206,1.4903e-206,1.4903e-206
8.9416e-207,8.9416e-207,8.9416e-207,8.9416e-207,8.9416e-207
5.365e-207,5.365e-207,5.365e-207,5.365e-207,5.365e-207
3.219e-207,3.219e-207,3.219e-207,3.219e-207,3.219e-207
1.9314e-207,1.9314e-207,1.9314e-207,1.9314e-207,1.9314e-207
1.1588e-207,1.1588e-207,1.1588e-207,1.1588e-207,1.1588e-207
6.953e-208,6.953e-208,6.953e-208,6.953e-208,6.953e-208
4.1718e-208,4.1718e-208,4.1718e-208,4.1718e-208,4.1718e-208
2.5031e-208,2.5031e-208,2.5031e-208,2.5031e-208,2.5031e-208
1.5018e-208,1.5018e-208,1.5018e-208,1.5018e-208,1.5018e-208
9.0111e-209,9.0111e-209,9.0111e-209,9.0111e-209,9.0111e-209
5.4066e-209,5.4066e-209,5.4066e-209,5.4066e-209,5.4066e-209
3.244e-209,3.244e-209,3.244e-209,3.244e-209,3.244e-209
1.9464e-209,1.9464e-209,1.9464e-209,1.9464e-209,1.9464e-209
1.1678e-209,1.1678e-209,1.1678e-209,1.1678e-209,1.1678e-209
7.007e-210,7.007e-210,7.007e-210,7.007e-210,7.007e-210
4.2042e-210,4.2042e-210,4.2042e-210,4.2042e-210,4.2042e-210
2.5225e-210,2.5225e-210,2.5225e-210,2.5225e-210,2.5225e-210
1.5135e-210,1.5135e-210,1.5135e-210,1.5135e-210,1.5135e-210
9.0811e-211,9.0811e-211,9.0811e-211,9.0811e-211,9.0811e-211
5.4487e-211,5.4487e-211,5.4487e-211,5.4487e-211,5.4487e-211
3.2692e-211,3.2692e-211,3.2692e-211,3.2692e-211,3.2692e-211
1.9615e-211,1.9615e-211,1.9615e-211,1.9615e-211,1.9615e-211
1.1769e-211,1.1769e-211,1.1769e-211,1.1769e-211,1.1769e-211
7.0615e-212,7.0615e-212,7.0615e-212,7.0615e-212,7.0615e-212
4.2369e-212,4.2369e-212,4.2369e-212,4.2369e-212,4.2369e-212
2.5421e-212,2.5421e-212,2.5421e-212,2.5421e-212,2.5421e-212
1.5253e-212,1.5253e-212,1.5253e-212,1.5253e-212,1.5253e-212
9.1516e-213,9.1516e-213,9.1516e-213,9.1516e-213,9.1516e-213
5.491e-213,5.491e-213,5.491e-213,5.491e-213,5.491e-213
3.2946e-213,3.2946e-213,3.2946e-213,3.2946e-213,3.2946e-213
1.9768e-213,1.9768e-213,1.9768e-213,1.9768e-213,1.9768e-213
1.1861e-213,1.1861e-213,1.1861e-213,1.1861e-213,1.1861e-213
7.1163e-214,7.1163e-214,7.1163e-214,7.1163e-214,7.1163e-214
4.2698e-214,4.2698e-214,4.2698e-214,4.2698e-214,4.2698e-214
2.5619e-214,2.5619e-214,2.5619e-214,2.5619e-214,2.5619e-214
1.5371e-214,1.5371e-214,1.5371e-214,1.5371e-214,1.5371e-214
9.2228e-215,9.2228e-215,9.2228e-215,9.2228e-215,9.2228e-215
5.5337e-215,5.5337e-215,5.5337e-215,5.5337e-215,5.5337e-215
3.3202e-215,3.3202e-215,3.3202e-215,3.3202e-215,3.3202e-215
1.9921e-215,1.9921e-215,1.9921e-215,1.9921e-215,1.9921e-215
1.1953e-215,1.1953e-215,1.1953e-215,1.1953e-215,1.1953e-215
7.1716e-216,7.1716e-216,7.1716e-216,7.1716e-216,7.1716e-216
4.303e-216,4.303e-216,4.303e-216,4.303e-216,4.303e-216
2.5818e-216,2.5818e-216,2.5818e-216,2.5818e-216,2.5818e-216
1.5491e-216,1.5491e-216,1.5491e-216,1.5491e-216,1.5491e-216
9.2944e-217,9.2944e-217,9.2944e-217,9.2944e-217,9.2944e-217
5.5766e-217,5.5766e-217,5.5766e-217,5.5766e-217,5.5766e-217
3.346e-217,3.346e-217,3.346e-217,3.346e-217,3.346e-217
2.0076e-217,2.0076e-217,2.0076e-217,2.0076e-217,2.0076e-217
1.2046e-217,1.2046e-217,1.2046e-217,1.2046e-217,1.2046e-217
7.2273e-218,7.2273e-218,7.2273e-218,7.2273e-218,7.2273e-218
4.3364e-218,4.3364e-218,4.3364e-218,4.3364e-218,4.3364e-218
2.6018e-218,2.6018e-218,2.6018e-218,2.6018e-218,2.6018e-218
1.5611e-218,1.5611e-218,1.5611e-218,1.5611e-218,1.5611e-218
9.3666e-219,9.3666e-219,9.3666e-219,9.3666e-219,9.3666e-219
5.62e-219,5.62e-219,5.62e-219,5.62e-219,5.62e-219
3.372e-219,3.372e-219,3.372e-219,3.372e-219,3.372e-219
2.0232e-219,2.0232e-219,2.0232e-219,2.0232e-219,2.0232e-219
1.2139e-219,1.2139e-219,1.2139e-219,1.2139e-219,1.2139e-219
7.2835e-220,7.2835e-220,7.2835e-220,7.2835e-220,7.2835e-220
4.3701e-220,4.3701e-220,4.3701e-220,4.3701e-220,4.3701e-220
2.6221e-220,2.6221e-220,2.6221e-220,2.6221e-220,2.6221e-220
1.5732e-220,1.5732e-220,1.5732e-220,1.5732e-220,1.5732e-220
9.4394e-221,9.4394e-221,9.4394e-221,9.4394e-221,9.4394e-221
5.6636e-221,5.6636e-221,5.6636e-221,5.6636e-221,5.6636e-221
3.3982e-221,3.3982e-221,3.3982e-221,3.3982e-221,3.3982e-221
2.0389e-221,2.0389e-221,2.0389e-221,2.0389e-221,2.0389e-221
1.2233e-221,1.2233e-221,1.2233e-221,1.2233e-221,1.2233e-221
7.3401e-222,7.3401e-222,7.3401e-222,7.3401e-222,7.3401e-222
4.404e-222,4.404e-222,4.404e-222,4.404e-222,4.404e-222
2.6424e-222,2.6424e-222,2.6424e-222,2.6424e-222,2.6424e-222
1.5855e-222,1.5855e-222,1.5855e-222,1.5855e-222,1.5855e-222
9.5127e-223,9.5127e-223,9.5127e-223,9.5127e-223,9.5127e-223
5.7076e-223,5.7076e-223,5.7076e-223,5.7076e-223,5.7076e-223
3.4246e-223,3.4246e-223,3.4246e-223,3.4246e-223,3.4246e-223
