0.1,0.2,0.3,0.5,0.6
0.0835,0.0765,0.10325,0.11625,0.0955
0.038959,0.040193,0.044231,0.04673,0.044328
0.019781,0.019737,0.020888,0.021493,0.020702
0.0098421,0.0098742,0.010134,0.010282,0.010115
0.0049249,0.0049274,0.0049964,0.005034,0.0049881
0.0024617,0.0024631,0.0024803,0.0024899,0.0024786
0.001231,0.0012313,0.0012357,0.0012382,0.0012352
0.00061553,0.00061561,0.00061675,0.00061739,0.00061664
0.00030778,0.0003078,0.0003081,0.00030826,0.00030807
0.0001539,0.0001539,0.00015398,0.00015402,0.00015397
7.695e-05,7.6952e-05,7.6971e-05,7.6982e-05,7.6969e-05
3.8476e-05,3.8476e-05,3.8481e-05,3.8484e-05,3.8481e-05
1.9238e-05,1.9238e-05,1.9239e-05,1.924e-05,1.9239e-05
9.6191e-06,9.6191e-06,9.6194e-06,9.6196e-06,9.6194e-06
4.8096e-06,4.8096e-06,4.8096e-06,4.8097e-06,4.8096e-06
2.4048e-06,2.4048e-06,2.4048e-06,2.4048e-06,2.4048e-06
1.2024e-06,1.2024e-06,1.2024e-06,1.2024e-06,1.2024e-06
6.012e-07,6.012e-07,6.012e-07,6.012e-07,6.012e-07
3.006e-07,3.006e-07,3.006e-07,3.006e-07,3.006e-07
1.503e-07,1.503e-07,1.503e-07,1.503e-07,1.503e-07
7.515e-08,7.515e-08,7.515e-08,7.515e-08,7.515e-08
3.7575e-08,3.7575e-08,3.7575e-08,3.7575e-08,3.7575e-08
1.8787e-08,1.8787e-08,1.8787e-08,1.8787e-08,1.8787e-08
9.3937e-09,9.3937e-09,9.3937e-09,9.3937e-09,9.3937e-09
4.6968e-09,4.6968e-09,4.6968e-09,4.6968e-09,4.6968e-09
2.3484e-09,2.3484e-09,2.3484e-09,2.3484e-09,2.3484e-09
1.1742e-09,1.1742e-09,1.1742e-09,1.1742e-09,1.1742e-09
5.8711e-10,5.8711e-10,5.8711e-10,5.8711e-10,5.8711e-10
2.9355e-10,2.9355e-10,2.9355e-10,2.9355e-10,2.9355e-10
1.4678e-10,1.4678e-10,1.4678e-10,1.4678e-10,1.4678e-10
7.3388e-11,7.3388e-11,7.3388e-11,7.3388e-11,7.3388e-11
3.6694e-11,3.6694e-11,3.6694e-11,3.6694e-11,3.6694e-11
1.8347e-11,1.8347e-11,1.8347e-11,1.8347e-11,1.8347e-11
9.1735e-12,9.1735e-12,9.1735e-12,9.1735e-12,9.1735e-12
4.5868e-12,4.5868e-12,4.5868e-12,4.5868e-12,4.5868e-12
2.2934e-12,2.2934e-12,2.2934e-12,2.2934e-12,2.2934e-12
1.1467e-12,1.1467e-12,1.1467e-12,1.1467e-12,1.1467e-12
5.7335e-13,5.7335e-13,5.7335e-13,5.7335e-13,5.7335e-13
2.8667e-13,2.8667e-13,2.8667e-13,2.8667e-13,2.8667e-13
1.4334e-13,1.4334e-13,1.4334e-13,1.4334e-13,1.4334e-13
7.1668e-14,7.1668e-14,7.1668e-14,7.1668e-14,7.1668e-14
3.5834e-14,3.5834e-14,3.5834e-14,3.5834e-14,3.5834e-14
1.7917e-14,1.7917e-14,1.7917e-14,1.7917e-14,1.7917e-14
8.9585e-15,8.9585e-15,8.9585e-15,8.9585e-15,8.9585e-15
4.4793e-15,4.4793e-15,4.4793e-15,4.4793e-15,4.4793e-15
2.2396e-15,2.2396e-15,2.2396e-15,2.2396e-15,2.2396e-15
1.1198e-15,1.1198e-15,1.1198e-15,1.1198e-15,1.1198e-15
5.5991e-16,5.5991e-16,5.5991e-16,5.5991e-16,5.5991e-16
2.7995e-16,2.7995e-16,2.7995e-16,2.7995e-16,2.7995e-16
1.3998e-16,1.3998e-16,1.3998e-16,1.3998e-16,1.3998e-16
6.9988e-17,6.9988e-17,6.9988e-17,6.9988e-17,6.9988e-17
3.4994e-17,3.4994e-17,3.4994e-17,3.4994e-17,3.4994e-17
1.7497e-17,1.7497e-17,1.7497e-17,1.7497e-17,1.7497e-17
8.7486e-18,8.7486e-18,8.7486e-18,8.7486e-18,8.7486e-18
4.3743e-18,4.3743e-18,4.3743e-18,4.3743e-18,4.3743e-18
2.1871e-18,2.1871e-18,2.1871e-18,2.1871e-18,2.1871e-18
1.0936e-18,1.0936e-18,1.0936e-18,1.0936e-18,1.0936e-18
5.4678e-19,5.4678e-19,5.4678e-19,5.4678e-19,5.4678e-19
2.7339e-19,2.7339e-19,2.7339e-19,2.7339e-19,2.7339e-19
1.367e-19,1.367e-19,1.367e-19,1.367e-19,1.367e-19
6.8348e-20,6.8348e-20,6.8348e-20,6.8348e-20,6.8348e-20
3.4174e-20,3.4174e-20,3.4174e-20,3.4174e-20,3.4174e-20
1.7087e-20,1.7087e-20,1.7087e-20,1.7087e-20,1.7087e-20
8.5435e-21,8.5435e-21,8.5435e-21,8.5435e-21,8.5435e-21
4.2718e-21,4.2718e-21,4.2718e-21,4.2718e-21,4.2718e-21
2.1359e-21,2.1359e-21,2.1359e-21,2.1359e-21,2.1359e-21
1.0679e-21,1.0679e-21,1.0679e-21,1.0679e-21,1.0679e-21
5.3397e-22,5.3397e-22,5.3397e-22,5.3397e-22,5.3397e-22
2.6698e-22,2.6698e-22,2.6698e-22,2.6698e-22,2.6698e-22
1.3349e-22,1.3349e-22,1.3349e-22,1.3349e-22,1.3349e-22
6.6746e-23,6.6746e-23,6.6746e-23,6.6746e-23,6.6746e-23
3.3373e-23,3.3373e-23,3.3373e-23,3.3373e-23,3.3373e-23
1.6687e-23,1.6687e-23,1.6687e-23,1.6687e-23,1.6687e-23
8.3433e-24,8.3433e-24,8.3433e-24,8.3433e-24,8.3433e-24
4.1716e-24,4.1716e-24,4.1716e-24,4.1716e-24,4.1716e-24
2.0858e-24,2.0858e-24,2.0858e-24,2.0858e-24,2.0858e-24
1.0429e-24,1.0429e-24,1.0429e-24,1.0429e-24,1.0429e-24
5.2145e-25,5.2145e-25,5.2145e-25,5.2145e-25,5.2145e-25
2.6073e-25,2.6073e-25,2.6073e-25,2.6073e-25,2.6073e-25
1.3036e-25,1.3036e-25,1.3036e-25,1.3036e-25,1.3036e-25
6.5182e-26,6.5182e-26,6.5182e-26,6.5182e-26,6.5182e-26
3.2591e-26,3.2591e-26,3.2591e-26,3.2591e-26,3.2591e-26
1.6295e-26,1.6295e-26,1.6295e-26,1.6295e-26,1.6295e-26
8.1477e-27,8.1477e-27,8.1477e-27,8.1477e-27,8.1477e-27
4.0739e-27,4.0739e-27,4.0739e-27,4.0739e-27,4.0739e-27
2.0369e-27,2.0369e-27,2.0369e-27,2.0369e-27,2.0369e-27
1.0185e-27,1.0185e-27,1.0185e-27,1.0185e-27,1.0185e-27
5.0923e-28,5.0923e-28,5.0923e-28,5.0923e-28,5.0923e-28
2.5462e-28,2.5462e-28,2.5462e-28,2.5462e-28,2.5462e-28
1.2731e-28,1.2731e-28,1.2731e-28,1.2731e-28,1.2731e-28
6.3654e-29,6.3654e-29,6.3654e-29,6.3654e-29,6.3654e-29
3.1827e-29,3.1827e-29,3.1827e-29,3.1827e-29,3.1827e-29
1.5914e-29,1.5914e-29,1.5914e-29,1.5914e-29,1.5914e-29
7.9568e-30,7.9568e-30,7.9568e-30,7.9568e-30,7.9568e-30
3.9784e-30,3.9784e-30,3.9784e-30,3.9784e-30,3.9784e-30
1.9892e-30,1.9892e-30,1.9892e-30,1.9892e-30,1.9892e-30
9.946e-31,9.946e-31,9.946e-31,9.946e-31,9.946e-31
4.973e-31,4.973e-31,4.973e-31,4.973e-31,4.973e-31
2.4865e-31,2.4865e-31,2.4865e-31,2.4865e-31,2.4865e-31
1.2432e-31,1.2432e-31,1.2432e-31,1.2432e-31,1.2432e-31
6.2162e-32,6.2162e-32,6.2162e-32,6.2162e-32,6.2162e-32
3.1081e-32,3.1081e-32,3.1081e-32,3.1081e-32,3.1081e-32
1.5541e-32,1.5541e-32,1.5541e-32,1.5541e-32,1.5541e-32
7.7703e-33,7.7703e-33,7.7703e-33,7.7703e-33,7.7703e-33
3.8851e-33,3.8851e-33,3.8851e-33,3.8851e-33,3.8851e-33
1.9426e-33,1.9426e-33,1.9426e-33,1.9426e-33,1.9426e-33
9.7128e-34,9.7128e-34,9.7128e-34,9.7128e-34,9.7128e-34
4.8564e-34,4.8564e-34,4.8564e-34,4.8564e-34,4.8564e-34
2.4282e-34,2.4282e-34,2.4282e-34,2.4282e-34,2.4282e-34
1.2141e-34,1.2141e-34,1.2141e-34,1.2141e-34,1.2141e-34
6.0705e-35,6.0705e-35,6.0705e-35,6.0705e-35,6.0705e-35
3.0353e-35,3.0353e-35,3.0353e-35,3.0353e-35,3.0353e-35
1.5176e-35,1.5176e-35,1.5176e-35,1.5176e-35,1.5176e-35
7.5882e-36,7.5882e-36,7.5882e-36,7.5882e-36,7.5882e-36
3.7941e-36,3.7941e-36,3.7941e-36,3.7941e-36,3.7941e-36
1.897e-36,1.897e-36,1.897e-36,1.897e-36,1.897e-36
9.4852e-37,9.4852e-37,9.4852e-37,9.4852e-37,9.4852e-37
4.7426e-37,4.7426e-37,4.7426e-37,4.7426e-37,4.7426e-37
2.3713e-37,2.3713e-37,2.3713e-37,2.3713e-37,2.3713e-37
1.1857e-37,1.1857e-37,1.1857e-37,1.1857e-37,1.1857e-37
5.9283e-38,5.9283e-38,5.9283e-38,5.9283e-38,5.9283e-38
2.9641e-38,2.9641e-38,2.9641e-38,2.9641e-38,2.9641e-38
1.4821e-38,1.4821e-38,1.4821e-38,1.4821e-38,1.4821e-38
7.4103e-39,7.4103e-39,7.4103e-39,7.4103e-39,7.4103e-39
3.7052e-39,3.7052e-39,3.7052e-39,3.7052e-39,3.7052e-39
1.8526e-39,1.8526e-39,1.8526e-39,1.8526e-39,1.8526e-39
9.2629e-40,9.2629e-40,9.2629e-40,9.2629e-40,9.2629e-40
4.6314e-40,4.6314e-40,4.6314e-40,4.6314e-40,4.6314e-40
2.3157e-40,2.3157e-40,2.3157e-40,2.3157e-40,2.3157e-40
1.1579e-40,1.1579e-40,1.1579e-40,1.1579e-40,1.1579e-40
5.7893e-41,5.7893e-41,5.7893e-41,5.7893e-41,5.7893e-41
2.8947e-41,2.8947e-41,2.8947e-41,2.8947e-41,2.8947e-41
1.4473e-41,1.4473e-41,1.4473e-41,1.4473e-41,1.4473e-41
7.2366e-42,7.2366e-42,7.2366e-42,7.2366e-42,7.2366e-42
3.6183e-42,3.6183e-42,3.6183e-42,3.6183e-42,3.6183e-42
1.8092e-42,1.8092e-42,1.8092e-42,1.8092e-42,1.8092e-42
9.0458e-43,9.0458e-43,9.0458e-43,9.0458e-43,9.0458e-43
4.5229e-43,4.5229e-43,4.5229e-43,4.5229e-43,4.5229e-43
2.2614e-43,2.2614e-43,2.2614e-43,2.2614e-43,2.2614e-43
1.1307e-43,1.1307e-43,1.1307e-43,1.1307e-43,1.1307e-43
5.6536e-44,5.6536e-44,5.6536e-44,5.6536e-44,5.6536e-44
2.8268e-44,2.8268e-44,2.8268e-44,2.8268e-44,2.8268e-44
1.4134e-44,1.4134e-44,1.4134e-44,1.4134e-44,1.4134e-44
7.067e-45,7.067e-45,7.067e-45,7.067e-45,7.067e-45
3.5335e-45,3.5335e-45,3.5335e-45,3.5335e-45,3.5335e-45
1.7668e-45,1.7668e-45,1.7668e-45,1.7668e-45,1.7668e-45
8.8338e-46,8.8338e-46,8.8338e-46,8.8338e-46,8.8338e-46
4.4169e-46,4.4169e-46,4.4169e-46,4.4169e-46,4.4169e-46
2.2084e-46,2.2084e-46,2.2084e-46,2.2084e-46,2.2084e-46
1.1042e-46,1.1042e-46,1.1042e-46,1.1042e-46,1.1042e-46
5.5211e-47,5.5211e-47,5.5211e-47,5.5211e-47,5.5211e-47
2.7606e-47,2.7606e-47,2.7606e-47,2.7606e-47,2.7606e-47
1.3803e-47,1.3803e-47,1.3803e-47,1.3803e-47,1.3803e-47
6.9014e-48,6.9014e-48,6.9014e-48,6.9014e-48,6.9014e-48
3.4507e-48,3.4507e-48,3.4507e-48,3.4507e-48,3.4507e-48
1.7253e-48,1.7253e-48,1.7253e-48,1.7253e-48,1.7253e-48
8.6267e-49,8.6267e-49,8.6267e-49,8.6267e-49,8.6267e-49
4.3134e-49,4.3134e-49,4.3134e-49,4.3134e-49,4.3134e-49
2.1567e-49,2.1567e-49,2.1567e-49,2.1567e-49,2.1567e-49
1.0783e-49,1.0783e-49,1.0783e-49,1.0783e-49,1.0783e-49
5.3917e-50,5.3917e-50,5.3917e-50,5.3917e-50,5.3917e-50
2.6959e-50,2.6959e-50,2.6959e-50,2.6959e-50,2.6959e-50
1.3479e-50,1.3479e-50,1.3479e-50,1.3479e-50,1.3479e-50
6.7396e-51,6.7396e-51,6.7396e-51,6.7396e-51,6.7396e-51
3.3698e-51,3.3698e-51,3.3698e-51,3.3698e-51,3.3698e-51
1.6849e-51,1.6849e-51,1.6849e-51,1.6849e-51,1.6849e-51
8.4246e-52,8.4246e-52,8.4246e-52,8.4246e-52,8.4246e-52
4.2123e-52,4.2123e-52,4.2123e-52,4.2123e-52,4.2123e-52
2.1061e-52,2.1061e-52,2.1061e-52,2.1061e-52,2.1061e-52
1.0531e-52,1.0531e-52,1.0531e-52,1.0531e-52,1.0531e-52
5.2653e-53,5.2653e-53,5.2653e-53,5.2653e-53,5.2653e-53
2.6327e-53,2.6327e-53,2.6327e-53,2.6327e-53,2.6327e-53
1.3163e-53,1.3163e-53,1.3163e-53,1.3163e-53,1.3163e-53
6.5817e-54,6.5817e-54,6.5817e-54,6.5817e-54,6.5817e-54
3.2908e-54,3.2908e-54,3.2908e-54,3.2908e-54,3.2908e-54
1.6454e-54,1.6454e-54,1.6454e-54,1.6454e-54,1.6454e-54
8.2271e-55,8.2271e-55,8.2271e-55,8.2271e-55,8.2271e-55
4.1136e-55,4.1136e-55,4.1136e-55,4.1136e-55,4.1136e-55
2.0568e-55,2.0568e-55,2.0568e-55,2.0568e-55,2.0568e-55
1.0284e-55,1.0284e-55,1.0284e-55,1.0284e-55,1.0284e-55
5.1419e-56,5.1419e-56,5.1419e-56,5.1419e-56,5.1419e-56
2.571e-56,2.571e-56,2.571e-56,2.571e-56,2.571e-56
1.2855e-56,1.2855e-56,1.2855e-56,1.2855e-56,1.2855e-56
6.4274e-57,6.4274e-57,6.4274e-57,6.4274e-57,6.4274e-57
3.2137e-57,3.2137e-57,3.2137e-57,3.2137e-57,3.2137e-57
1.6069e-57,1.6069e-57,1.6069e-57,1.6069e-57,1.6069e-57
8.0343e-58,8.0343e-58,8.0343e-58,8.0343e-58,8.0343e-58
4.0171e-58,4.0171e-58,4.0171e-58,4.0171e-58,4.0171e-58
2.0086e-58,2.0086e-58,2.0086e-58,2.0086e-58,2.0086e-58
1.0043e-58,1.0043e-58,1.0043e-58,1.0043e-58,1.0043e-58
5.0214e-59,5.0214e-59,5.0214e-59,5.0214e-59,5.0214e-59
2.5107e-59,2.5107e-59,2.5107e-59,2.5107e-59,2.5107e-59
1.2554e-59,1.2554e-59,1.2554e-59,1.2554e-59,1.2554e-59
6.2768e-60,6.2768e-60,6.2768e-60,6.2768e-60,6.2768e-60
3.1384e-60,3.1384e-60,3.1384e-60,3.1384e-60,3.1384e-60
1.5692e-60,1.5692e-60,1.5692e-60,1.5692e-60,1.5692e-60
7.846e-61,7.846e-61,7.846e-61,7.846e-61,7.846e-61
3.923e-61,3.923e-61,3.923e-61,3.923e-61,3.923e-61
1.9615e-61,1.9615e-61,1.9615e-61,1.9615e-61,1.9615e-61
9.8075e-62,9.8075e-62,9.8075e-62,9.8075e-62,9.8075e-62
4.9037e-62,4.9037e-62,4.9037e-62,4.9037e-62,4.9037e-62
2.4519e-62,2.4519e-62,2.4519e-62,2.4519e-62,2.4519e-62
1.2259e-62,1.2259e-62,1.2259e-62,1.2259e-62,1.2259e-62
6.1297e-63,6.1297e-63,6.1297e-63,6.1297e-63,6.1297e-63
3.0648e-63,3.0648e-63,3.0648e-63,3.0648e-63,3.0648e-63
1.5324e-63,1.5324e-63,1.5324e-63,1.5324e-63,1.5324e-63
7.6621e-64,7.6621e-64,7.6621e-64,7.6621e-64,7.6621e-64
3.831e-64,3.831e-64,3.831e-64,3.831e-64,3.831e-64
1.9155e-64,1.9155e-64,1.9155e-64,1.9155e-64,1.9155e-64
9.5776e-65,9.5776e-65,9.5776e-65,9.5776e-65,9.5776e-65
4.7888e-65,4.7888e-65,4.7888e-65,4.7888e-65,4.7888e-65
2.3944e-65,2.3944e-65,2.3944e-65,2.3944e-65,2.3944e-65
1.1972e-65,1.1972e-65,1.1972e-65,1.1972e-65,1.1972e-65
5.986e-66,5.986e-66,5.986e-66,5.986e-66,5.986e-66
2.993e-66,2.993e-66,2.993e-66,2.993e-66,2.993e-66
1.4965e-66,1.4965e-66,1.4965e-66,1.4965e-66,1.4965e-66
7.4825e-67,7.4825e-67,7.4825e-67,7.4825e-67,7.4825e-67
3.7413e-67,3.7413e-67,3.7413e-67,3.7413e-67,3.7413e-67
1.8706e-67,1.8706e-67,1.8706e-67,1.8706e-67,1.8706e-67
9.3531e-68,9.3531e-68,9.3531e-68,9.3531e-68,9.3531e-68
4.6766e-68,4.6766e-68,4.6766e-68,4.6766e-68,4.6766e-68
2.3383e-68,2.3383e-68,2.3383e-68,2.3383e-68,2.3383e-68
1.1691e-68,1.1691e-68,1.1691e-68,1.1691e-68,1.1691e-68
5.8457e-69,5.8457e-69,5.8457e-69,5.8457e-69,5.8457e-69
2.9229e-69,2.9229e-69,2.9229e-69,2.9229e-69,2.9229e-69
1.4614e-69,1.4614e-69,1.4614e-69,1.4614e-69,1.4614e-69
7.3071e-70,7.3071e-70,7.3071e-70,7.3071e-70,7.3071e-70
3.6536e-70,3.6536e-70,3.6536e-70,3.6536e-70,3.6536e-70
1.8268e-70,1.8268e-70,1.8268e-70,1.8268e-70,1.8268e-70
9.1339e-71,9.1339e-71,9.1339e-71,9.1339e-71,9.1339e-71
4.567e-71,4.567e-71,4.567e-71,4.567e-71,4.567e-71
2.2835e-71,2.2835e-71,2.2835e-71,2.2835e-71,2.2835e-71
1.1417e-71,1.1417e-71,1.1417e-71,1.1417e-71,1.1417e-71
5.7087e-72,5.7087e-72,5.7087e-72,5.7087e-72,5.7087e-72
2.8543e-72,2.8543e-72,2.8543e-72,2.8543e-72,2.8543e-72
1.4272e-72,1.4272e-72,1.4272e-72,1.4272e-72,1.4272e-72
7.1359e-73,7.1359e-73,7.1359e-73,7.1359e-73,7.1359e-73
3.5679e-73,3.5679e-73,3.5679e-73,3.5679e-73,3.5679e-73
1.784e-73,1.784e-73,1.784e-73,1.784e-73,1.784e-73
8.9198e-74,8.9198e-74,8.9198e-74,8.9198e-74,8.9198e-74
4.4599e-74,4.4599e-74,4.4599e-74,4.4599e-74,4.4599e-74
2.23e-74,2.23e-74,2.23e-74,2.23e-74,2.23e-74
1.115e-74,1.115e-74,1.115e-74,1.115e-74,1.115e-74
5.5749e-75,5.5749e-75,5.5749e-75,5.5749e-75,5.5749e-75
2.7875e-75,2.7875e-75,2.7875e-75,2.7875e-75,2.7875e-75
1.3937e-75,1.3937e-75,1.3937e-75,1.3937e-75,1.3937e-75
6.9686e-76,6.9686e-76,6.9686e-76,6.9686e-76,6.9686e-76
3.4843e-76,3.4843e-76,3.4843e-76,3.4843e-76,3.4843e-76
1.7422e-76,1.7422e-76,1.7422e-76,1.7422e-76,1.7422e-76
8.7108e-77,8.7108e-77,8.7108e-77,8.7108e-77,8.7108e-77
4.3554e-77,4.3554e-77,4.3554e-77,4.3554e-77,4.3554e-77
2.1777e-77,2.1777e-77,2.1777e-77,2.1777e-77,2.1777e-77
1.0888e-77,1.0888e-77,1.0888e-77,1.0888e-77,1.0888e-77
5.4442e-78,5.4442e-78,5.4442e-78,5.4442e-78,5.4442e-78
2.7221e-78,2.7221e-78,2.7221e-78,2.7221e-78,2.7221e-78
1.3611e-78,1.3611e-78,1.3611e-78,1.3611e-78,1.3611e-78
6.8053e-79,6.8053e-79,6.8053e-79,6.8053e-79,6.8053e-79
3.4026e-79,3.4026e-79,3.4026e-79,3.4026e-79,3.4026e-79
1.7013e-79,1.7013e-79,1.7013e-79,1.7013e-79,1.7013e-79
8.5066e-80,8.5066e-80,8.5066e-80,8.5066e-80,8.5066e-80
4.2533e-80,4.2533e-80,4.2533e-80,4.2533e-80,4.2533e-80
2.1267e-80,2.1267e-80,2.1267e-80,2.1267e-80,2.1267e-80
1.0633e-80,1.0633e-80,1.0633e-80,1.0633e-80,1.0633e-80
5.3166e-81,5.3166e-81,5.3166e-81,5.3166e-81,5.3166e-81
2.6583e-81,2.6583e-81,2.6583e-81,2.6583e-81,2.6583e-81
1.3292e-81,1.3292e-81,1.3292e-81,1.3292e-81,1.3292e-81
6.6458e-82,6.6458e-82,6.6458e-82,6.6458e-82,6.6458e-82
3.3229e-82,3.3229e-82,3.3229e-82,3.3229e-82,3.3229e-82
1.6614e-82,1.6614e-82,1.6614e-82,1.6614e-82,1.6614e-82
8.3072e-83,8.3072e-83,8.3072e-83,8.3072e-83,8.3072e-83
4.1536e-83,4.1536e-83,4.1536e-83,4.1536e-83,4.1536e-83
2.0768e-83,2.0768e-83,2.0768e-83,2.0768e-83,2.0768e-83
1.0384e-83,1.0384e-83,1.0384e-83,1.0384e-83,1.0384e-83
5.192e-84,5.192e-84,5.192e-84,5.192e-84,5.192e-84
2.596e-84,2.596e-84,2.596e-84,2.596e-84,2.596e-84
1.298e-84,1.298e-84,1.298e-84,1.298e-84,1.298e-84
6.49e-85,6.49e-85,6.49e-85,6.49e-85,6.49e-85
3.245e-85,3.245e-85,3.245e-85,3.245e-85,3.245e-85
1.6225e-85,1.6225e-85,1.6225e-85,1.6225e-85,1.6225e-85
8.1125e-86,8.1125e-86,8.1125e-86,8.1125e-86,8.1125e-86
4.0563e-86,4.0563e-86,4.0563e-86,4.0563e-86,4.0563e-86
2.0281e-86,2.0281e-86,2.0281e-86,2.0281e-86,2.0281e-86
1.0141e-86,1.0141e-86,1.0141e-86,1.0141e-86,1.0141e-86
5.0703e-87,5.0703e-87,5.0703e-87,5.0703e-87,5.0703e-87
2.5352e-87,2.5352e-87,2.5352e-87,2.5352e-87,2.5352e-87
1.2676e-87,1.2676e-87,1.2676e-87,1.2676e-87,1.2676e-87
6.3379e-88,6.3379e-88,6.3379e-88,6.3379e-88,6.3379e-88
3.169e-88,3.169e-88,3.169e-88,3.169e-88,3.169e-88
1.5845e-88,1.5845e-88,1.5845e-88,1.5845e-88,1.5845e-88
7.9224e-89,7.9224e-89,7.9224e-89,7.9224e-89,7.9224e-89
3.9612e-89,3.9612e-89,3.9612e-89,3.9612e-89,3.9612e-89
1.9806e-89,1.9806e-89,1.9806e-89,1.9806e-89,1.9806e-89
9.903e-90,9.903e-90,9.903e-90,9.903e-90,9.903e-90
4.9515e-90,4.9515e-90,4.9515e-90,4.9515e-90,4.9515e-90
2.4758e-90,2.4758e-90,2.4758e-90,2.4758e-90,2.4758e-90
1.2379e-90,1.2379e-90,1.2379e-90,1.2379e-90,1.2379e-90
6.1894e-91,6.1894e-91,6.1894e-91,6.1894e-91,6.1894e-91
3.0947e-91,3.0947e-91,3.0947e-91,3.0947e-91,3.0947e-91
1.5473e-91,1.5473e-91,1.5473e-91,1.5473e-91,1.5473e-91
7.7367e-92,7.7367e-92,7.7367e-92,7.7367e-92,7.7367e-92
3.8684e-92,3.8684e-92,3.8684e-92,3.8684e-92,3.8684e-92
1.9342e-92,1.9342e-92,1.9342e-92,1.9342e-92,1.9342e-92
9.6709e-93,9.6709e-93,9.6709e-93,9.6709e-93,9.6709e-93
4.8355e-93,4.8355e-93,4.8355e-93,4.8355e-93,4.8355e-93
2.4177e-93,2.4177e-93,2.4177e-93,2.4177e-93,2.4177e-93
1.2089e-93,1.2089e-93,1.2089e-93,1.2089e-93,1.2089e-93
6.0443e-94,6.0443e-94,6.0443e-94,6.0443e-94,6.0443e-94
3.0222e-94,3.0222e-94,3.0222e-94,3.0222e-94,3.0222e-94
1.5111e-94,1.5111e-94,1.5111e-94,1.5111e-94,1.5111e-94
7.5554e-95,7.5554e-95,7.5554e-95,7.5554e-95,7.5554e-95
3.7777e-95,3.7777e-95,3.7777e-95,3.7777e-95,3.7777e-95
1.8888e-95,1.8888e-95,1.8888e-95,1.8888e-95,1.8888e-95
9.4442e-96,9.4442e-96,9.4442e-96,9.4442e-96,9.4442e-96
4.7221e-96,4.7221e-96,4.7221e-96,4.7221e-96,4.7221e-96
2.3611e-96,2.3611e-96,2.3611e-96,2.3611e-96,2.3611e-96
1.1805e-96,1.1805e-96,1.1805e-96,1.1805e-96,1.1805e-96
5.9027e-97,5.9027e-97,5.9027e-97,5.9027e-97,5.9027e-97
2.9513e-97,2.9513e-97,2.9513e-97,2.9513e-97,2.9513e-97
1.4757e-97,1.4757e-97,1.4757e-97,1.4757e-97,1.4757e-97
7.3783e-98,7.3783e-98,7.3783e-98,7.3783e-98,7.3783e-98
3.6892e-98,3.6892e-98,3.6892e-98,3.6892e-98,3.6892e-98
1.8446e-98,1.8446e-98,1.8446e-98,1.8446e-98,1.8446e-98
9.2229e-99,9.2229e-99,9.2229e-99,9.2229e-99,9.2229e-99
4.6114e-99,4.6114e-99,4.6114e-99,4.6114e-99,4.6114e-99
2.3057e-99,2.3057e-99,2.3057e-99,2.3057e-99,2.3057e-99
1.1529e-99,1.1529e-99,1.1529e-99,1.1529e-99,1.1529e-99
5.7643e-100,5.7643e-100,5.7643e-100,5.7643e-100,5.7643e-100
2.8822e-100,2.8822e-100,2.8822e-100,2.8822e-100,2.8822e-100
1.4411e-100,1.4411e-100,1.4411e-100,1.4411e-100,1.4411e-100
7.2054e-101,7.2054e-101,7.2054e-101,7.2054e-101,7.2054e-101
3.6027e-101,3.6027e-101,3.6027e-101,3.6027e-101,3.6027e-101
1.8013e-101,1.8013e-101,1.8013e-101,1.8013e-101,1.8013e-101
9.0067e-102,9.0067e-102,9.0067e-102,9.0067e-102,9.0067e-102
4.5034e-102,4.5034e-102,4.5034e-102,4.5034e-102,4.5034e-102
2.2517e-102,2.2517e-102,2.2517e-102,2.2517e-102,2.2517e-102
1.1258e-102,1.1258e-102,1.1258e-102,1.1258e-102,1.1258e-102
5.6292e-103,5.6292e-103,5.6292e-103,5.6292e-103,5.6292e-103
2.8146e-103,2.8146e-103,2.8146e-103,2.8146e-103,2.8146e-103
1.4073e-103,1.4073e-103,1.4073e-103,1.4073e-103,1.4073e-103
7.0365e-104,7.0365e-104,7.0365e-104,7.0365e-104,7.0365e-104
3.5183e-104,3.5183e-104,3.5183e-104,3.5183e-104,3.5183e-104
1.7591e-104,1.7591e-104,1.7591e-104,1.7591e-104,1.7591e-104
8.7956e-105,8.7956e-105,8.7956e-105,8.7956e-105,8.7956e-105
4.3978e-105,4.3978e-105,4.3978e-105,4.3978e-105,4.3978e-105
2.1989e-105,2.1989e-105,2.1989e-105,2.1989e-105,2.1989e-105
1.0995e-105,1.0995e-105,1.0995e-105,1.0995e-105,1.0995e-105
5.4973e-106,5.4973e-106,5.4973e-106,5.4973e-106,5.4973e-106
2.7486e-106,2.7486e-106,2.7486e-106,2.7486e-106,2.7486e-106
1.3743e-106,1.3743e-106,1.3743e-106,1.3743e-106,1.3743e-106
6.8716e-107,6.8716e-107,6.8716e-107,6.8716e-107,6.8716e-107
3.4358e-107,3.4358e-107,3.4358e-107,3.4358e-107,3.4358e-107
1.7179e-107,1.7179e-107,1.7179e-107,1.7179e-107,1.7179e-107
8.5895e-108,8.5895e-108,8.5895e-108,8.5895e-108,8.5895e-108
4.2947e-108,4.2947e-108,4.2947e-108,4.2947e-108,4.2947e-108
2.1474e-108,2.1474e-108,2.1474e-108,2.1474e-108,2.1474e-108
1.0737e-108,1.0737e-108,1.0737e-108,1.0737e-108,1.0737e-108
5.3684e-109,5.3684e-109,5.3684e-109,5.3684e-109,5.3684e-109
2.6842e-109,2.6842e-109,2.6842e-109,2.6842e-109,2.6842e-109
1.3421e-109,1.3421e-109,1.3421e-109,1.3421e-109,1.3421e-109
6.7105e-110,6.7105e-110,6.7105e-110,6.7105e-110,6.7105e-110
3.3553e-110,3.3553e-110,3.3553e-110,3.3553e-110,3.3553e-110
1.6776e-110,1.6776e-110,1.6776e-110,1.6776e-110,1.6776e-110
8.3882e-111,8.3882e-111,8.3882e-111,8.3882e-111,8.3882e-111
4.1941e-111,4.1941e-111,4.1941e-111,4.1941e-111,4.1941e-111
2.097e-111,2.097e-111,2.097e-111,2.097e-111,2.097e-111
1.0485e-111,1.0485e-111,1.0485e-111,1.0485e-111,1.0485e-111
5.2426e-112,5.2426e-112,5.2426e-112,5.2426e-112,5.2426e-112
2.6213e-112,2.6213e-112,2.6213e-112,2.6213e-112,2.6213e-112
1.3107e-112,1.3107e-112,1.3107e-112,1.3107e-112,1.3107e-112
6.5533e-113,6.5533e-113,6.5533e-113,6.5533e-113,6.5533e-113
3.2766e-113,3.2766e-113,3.2766e-113,3.2766e-113,3.2766e-113
1.6383e-113,1.6383e-113,1.6383e-113,1.6383e-113,1.6383e-113
8.1916e-114,8.1916e-114,8.1916e-114,8.1916e-114,8.1916e-114
4.0958e-114,4.0958e-114,4.0958e-114,4.0958e-114,4.0958e-114
2.0479e-114,2.0479e-114,2.0479e-114,2.0479e-114,2.0479e-114
1.0239e-114,1.0239e-114,1.0239e-114,1.0239e-114,1.0239e-114
5.1197e-115,5.1197e-115,5.1197e-115,5.1197e-115,5.1197e-115
2.5599e-115,2.5599e-115,2.5599e-115,2.5599e-115,2.5599e-115
1.2799e-115,1.2799e-115,1.2799e-115,1.2799e-115,1.2799e-115
6.3997e-116,6.3997e-116,6.3997e-116,6.3997e-116,6.3997e-116
3.1998e-116,3.1998e-116,3.1998e-116,3.1998e-116,3.1998e-116
1.5999e-116,1.5999e-116,1.5999e-116,1.5999e-116,1.5999e-116
7.9996e-117,7.9996e-117,7.9996e-117,7.9996e-117,7.9996e-117
3.9998e-117,3.9998e-117,3.9998e-117,3.9998e-117,3.9998e-117
1.9999e-117,1.9999e-117,1.9999e-117,1.9999e-117,1.9999e-117
9.9995e-118,9.9995e-118,9.9995e-118,9.9995e-118,9.9995e-118
4.9997e-118,4.9997e-118,4.9997e-118,4.9997e-118,4.9997e-118
2.4999e-118,2.4999e-118,2.4999e-118,2.4999e-118,2.4999e-118
1.2499e-118,1.2499e-118,1.2499e-118,1.2499e-118,1.2499e-118
6.2497e-119,6.2497e-119,6.2497e-119,6.2497e-119,6.2497e-119
3.1248e-119,3.1248e-119,3.1248e-119,3.1248e-119,3.1248e-119
1.5624e-119,1.5624e-119,1.5624e-119,1.5624e-119,1.5624e-119
7.8121e-120,7.8121e-120,7.8121e-120,7.8121e-120,7.8121e-120
3.9061e-120,3.9061e-120,3.9061e-120,3.9061e-120,3.9061e-120
1.953e-120,1.953e-120,1.953e-120,1.953e-120,1.953e-120
9.7651e-121,9.7651e-121,9.7651e-121,9.7651e-121,9.7651e-121
4.8826e-121,4.8826e-121,4.8826e-121,4.8826e-121,4.8826e-121
2.4413e-121,2.4413e-121,2.4413e-121,2.4413e-121,2.4413e-121
1.2206e-121,1.2206e-121,1.2206e-121,1.2206e-121,1.2206e-121
6.1032e-122,6.1032e-122,6.1032e-122,6.1032e-122,6.1032e-122
3.0516e-122,3.0516e-122,3.0516e-122,3.0516e-122,3.0516e-122
1.5258e-122,1.5258e-122,1.5258e-122,1.5258e-122,1.5258e-122
7.629e-123,7.629e-123,7.629e-123,7.629e-123,7.629e-123
3.8145e-123,3.8145e-123,3.8145e-123,3.8145e-123,3.8145e-123
1.9073e-123,1.9073e-123,1.9073e-123,1.9073e-123,1.9073e-123
9.5363e-124,9.5363e-124,9.5363e-124,9.5363e-124,9.5363e-124
4.7681e-124,4.7681e-124,4.7681e-124,4.7681e-124,4.7681e-124
2.3841e-124,2.3841e-124,2.3841e-124,2.3841e-124,2.3841e-124
1.192e-124,1.192e-124,1.192e-124,1.192e-124,1.192e-124
5.9602e-125,5.9602e-125,5.9602e-125,5.9602e-125,5.9602e-125
2.9801e-125,2.9801e-125,2.9801e-125,2.9801e-125,2.9801e-125
1.49e-125,1.49e-125,1.49e-125,1.49e-125,1.49e-125
7.4502e-126,7.4502e-126,7.4502e-126,7.4502e-126,7.4502e-126
3.7251e-126,3.7251e-126,3.7251e-126,3.7251e-126,3.7251e-126
1.8625e-126,1.8625e-126,1.8625e-126,1.8625e-126,1.8625e-126
9.3127e-127,9.3127e-127,9.3127e-127,9.3127e-127,9.3127e-127
4.6564e-127,4.6564e-127,4.6564e-127,4.6564e-127,4.6564e-127
2.3282e-127,2.3282e-127,2.3282e-127,2.3282e-127,2.3282e-127
1.1641e-127,1.1641e-127,1.1641e-127,1.1641e-127,1.1641e-127
5.8205e-128,5.8205e-128,5.8205e-128,5.8205e-128,5.8205e-128
2.9102e-128,2.9102e-128,2.9102e-128,2.9102e-128,2.9102e-128
1.4551e-128,1.4551e-128,1.4551e-128,1.4551e-128,1.4551e-128
7.2756e-129,7.2756e-129,7.2756e-129,7.2756e-129,7.2756e-129
3.6378e-129,3.6378e-129,3.6378e-129,3.6378e-129,3.6378e-129
1.8189e-129,1.8189e-129,1.8189e-129,1.8189e-129,1.8189e-129
9.0945e-130,9.0945e-130,9.0945e-130,9.0945e-130,9.0945e-130
4.5472e-130,4.5472e-130,4.5472e-130,4.5472e-130,4.5472e-130
2.2736e-130,2.2736e-130,2.2736e-130,2.2736e-130,2.2736e-130
1.1368e-130,1.1368e-130,1.1368e-130,1.1368e-130,1.1368e-130
5.6841e-131,5.6841e-131,5.6841e-131,5.6841e-131,5.6841e-131
2.842e-131,2.842e-131,2.842e-131,2.842e-131,2.842e-131
1.421e-131,1.421e-131,1.421e-131,1.421e-131,1.421e-131
7.1051e-132,7.1051e-132,7.1051e-132,7.1051e-132,7.1051e-132
3.5525e-132,3.5525e-132,3.5525e-132,3.5525e-132,3.5525e-132
1.7763e-132,1.7763e-132,1.7763e-132,1.7763e-132,1.7763e-132
8.8813e-133,8.8813e-133,8.8813e-133,8.8813e-133,8.8813e-133
4.4407e-133,4.4407e-133,4.4407e-133,4.4407e-133,4.4407e-133
2.2203e-133,2.2203e-133,2.2203e-133,2.2203e-133,2.2203e-133
1.1102e-133,1.1102e-133,1.1102e-133,1.1102e-133,1.1102e-133
5.5508e-134,5.5508e-134,5.5508e-134,5.5508e-134,5.5508e-134
2.7754e-134,2.7754e-134,2.7754e-134,2.7754e-134,2.7754e-134
1.3877e-134,1.3877e-134,1.3877e-134,1.3877e-134,1.3877e-134
6.9385e-135,6.9385e-135,6.9385e-135,6.9385e-135,6.9385e-135
3.4693e-135,3.4693e-135,3.4693e-135,3.4693e-135,3.4693e-135
1.7346e-135,1.7346e-135,1.7346e-135,1.7346e-135,1.7346e-135
8.6732e-136,8.6732e-136,8.6732e-136,8.6732e-136,8.6732e-136
4.3366e-136,4.3366e-136,4.3366e-136,4.3366e-136,4.3366e-136
2.1683e-136,2.1683e-136,2.1683e-136,2.1683e-136,2.1683e-136
1.0841e-136,1.0841e-136,1.0841e-136,1.0841e-136,1.0841e-136
5.4207e-137,5.4207e-137,5.4207e-137,5.4207e-137,5.4207e-137
2.7104e-137,2.7104e-137,2.7104e-137,2.7104e-137,2.7104e-137
1.3552e-137,1.3552e-137,1.3552e-137,1.3552e-137,1.3552e-137
6.7759e-138,6.7759e-138,6.7759e-138,6.7759e-138,6.7759e-138
3.388e-138,3.388e-138,3.388e-138,3.388e-138,3.388e-138
1.694e-138,1.694e-138,1.694e-138,1.694e-138,1.694e-138
8.4699e-139,8.4699e-139,8.4699e-139,8.4699e-139,8.4699e-139
4.2349e-139,4.2349e-139,4.2349e-139,4.2349e-139,4.2349e-139
2.1175e-139,2.1175e-139,2.1175e-139,2.1175e-139,2.1175e-139
1.0587e-139,1.0587e-139,1.0587e-139,1.0587e-139,1.0587e-139
5.2937e-140,5.2937e-140,5.2937e-140,5.2937e-140,5.2937e-140
2.6468e-140,2.6468e-140,2.6468e-140,2.6468e-140,2.6468e-140
1.3234e-140,1.3234e-140,1.3234e-140,1.3234e-140,1.3234e-140
6.6171e-141,6.6171e-141,6.6171e-141,6.6171e-141,6.6171e-141
3.3086e-141,3.3086e-141,3.3086e-141,3.3086e-141,3.3086e-141
1.6543e-141,1.6543e-141,1.6543e-141,1.6543e-141,1.6543e-141
8.2714e-142,8.2714e-142,8.2714e-142,8.2714e-142,8.2714e-142
4.1357e-142,4.1357e-142,4.1357e-142,4.1357e-142,4.1357e-142
2.0678e-142,2.0678e-142,2.0678e-142,2.0678e-142,2.0678e-142
1.0339e-142,1.0339e-142,1.0339e-142,1.0339e-142,1.0339e-142
5.1696e-143,5.1696e-143,5.1696e-143,5.1696e-143,5.1696e-143
2.5848e-143,2.5848e-143,2.5848e-143,2.5848e-143,2.5848e-143
1.2924e-143,1.2924e-143,1.2924e-143,1.2924e-143,1.2924e-143
6.462e-144,6.462e-144,6.462e-144,6.462e-144,6.462e-144
3.231e-144,3.231e-144,3.231e-144,3.231e-144,3.231e-144
1.6155e-144,1.6155e-144,1.6155e-144,1.6155e-144,1.6155e-144
8.0775e-145,8.0775e-145,8.0775e-145,8.0775e-145,8.0775e-145
4.0388e-145,4.0388e-145,4.0388e-145,4.0388e-145,4.0388e-145
2.0194e-145,2.0194e-145,2.0194e-145,2.0194e-145,2.0194e-145
1.0097e-145,1.0097e-145,1.0097e-145,1.0097e-145,1.0097e-145
5.0485e-146,5.0485e-146,5.0485e-146,5.0485e-146,5.0485e-146
2.5242e-146,2.5242e-146,2.5242e-146,2.5242e-146,2.5242e-146
1.2621e-146,1.2621e-146,1.2621e-146,1.2621e-146,1.2621e-146
6.3106e-147,6.3106e-147,6.3106e-147,6.3106e-147,6.3106e-147
3.1553e-147,3.1553e-147,3.1553e-147,3.1553e-147,3.1553e-147
1.5776e-147,1.5776e-147,1.5776e-147,1.5776e-147,1.5776e-147
7.8882e-148,7.8882e-148,7.8882e-148,7.8882e-148,7.8882e-148
3.9441e-148,3.9441e-148,3.9441e-148,3.9441e-148,3.9441e-148
1.9721e-148,1.9721e-148,1.9721e-148,1.9721e-148,1.9721e-148
9.8603e-149,9.8603e-149,9.8603e-149,9.8603e-149,9.8603e-149
4.9301e-149,4.9301e-149,4.9301e-149,4.9301e-149,4.9301e-149
2.4651e-149,2.4651e-149,2.4651e-149,2.4651e-149,2.4651e-149
1.2325e-149,1.2325e-149,1.2325e-149,1.2325e-149,1.2325e-149
6.1627e-150,6.1627e-150,6.1627e-150,6.1627e-150,6.1627e-150
3.0813e-150,3.0813e-150,3.0813e-150,3.0813e-150,3.0813e-150
1.5407e-150,1.5407e-150,1.5407e-150,1.5407e-150,1.5407e-150
7.7033e-151,7.7033e-151,7.7033e-151,7.7033e-151,7.7033e-151
3.8517e-151,3.8517e-151,3.8517e-151,3.8517e-151,3.8517e-151
1.9258e-151,1.9258e-151,1.9258e-151,1.9258e-151,1.9258e-151
9.6292e-152,9.6292e-152,9.6292e-152,9.6292e-152,9.6292e-152
4.8146e-152,4.8146e-152,4.8146e-152,4.8146e-152,4.8146e-152
2.4073e-152,2.4073e-152,2.4073e-152,2.4073e-152,2.4073e-152
1.2036e-152,1.2036e-152,1.2036e-152,1.2036e-152,1.2036e-152
6.0182e-153,6.0182e-153,6.0182e-153,6.0182e-153,6.0182e-153
3.0091e-153,3.0091e-153,3.0091e-153,3.0091e-153,3.0091e-153
1.5046e-153,1.5046e-153,1.5046e-153,1.5046e-153,1.5046e-153
7.5228e-154,7.5228e-154,7.5228e-154,7.5228e-154,7.5228e-154
3.7614e-154,3.7614e-154,3.7614e-154,3.7614e-154,3.7614e-154
1.8807e-154,1.8807e-154,1.8807e-154,1.8807e-154,1.8807e-154
9.4035e-155,9.4035e-155,9.4035e-155,9.4035e-155,9.4035e-155
4.7017e-155,4.7017e-155,4.7017e-155,4.7017e-155,4.7017e-155
2.3509e-155,2.3509e-155,2.3509e-155,2.3509e-155,2.3509e-155
1.1754e-155,1.1754e-155,1.1754e-155,1.1754e-155,1.1754e-155
5.8772e-156,5.8772e-156,5.8772e-156,5.8772e-156,5.8772e-156
2.9386e-156,2.9386e-156,2.9386e-156,2.9386e-156,2.9386e-156
1.4693e-156,1.4693e-156,1.4693e-156,1.4693e-156,1.4693e-156
7.3465e-157,7.3465e-157,7.3465e-157,7.3465e-157,7.3465e-157
3.6732e-157,3.6732e-157,3.6732e-157,3.6732e-157,3.6732e-157
1.8366e-157,1.8366e-157,1.8366e-157,1.8366e-157,1.8366e-157
9.1831e-158,9.1831e-158,9.1831e-158,9.1831e-158,9.1831e-158
4.5915e-158,4.5915e-158,4.5915e-158,4.5915e-158,4.5915e-158
2.2958e-158,2.2958e-158,2.2958e-158,2.2958e-158,2.2958e-158
1.1479e-158,1.1479e-158,1.1479e-158,1.1479e-158,1.1479e-158
5.7394e-159,5.7394e-159,5.7394e-159,5.7394e-159,5.7394e-159
2.8697e-159,2.8697e-159,2.8697e-159,2.8697e-159,2.8697e-159
1.4349e-159,1.4349e-159,1.4349e-159,1.4349e-159,1.4349e-159
7.1743e-160,7.1743e-160,7.1743e-160,7.1743e-160,7.1743e-160
3.5871e-160,3.5871e-160,3.5871e-160,3.5871e-160,3.5871e-160
1.7936e-160,1.7936e-160,1.7936e-160,1.7936e-160,1.7936e-160
8.9679e-161,8.9679e-161,8.9679e-161,8.9679e-161,8.9679e-161
4.4839e-161,4.4839e-161,4.4839e-161,4.4839e-161,4.4839e-161
2.242e-161,2.242e-161,2.242e-161,2.242e-161,2.242e-161
1.121e-161,1.121e-161,1.121e-161,1.121e-161,1.121e-161
5.6049e-162,5.6049e-162,5.6049e-162,5.6049e-162,5.6049e-162
2.8025e-162,2.8025e-162,2.8025e-162,2.8025e-162,2.8025e-162
1.4012e-162,1.4012e-162,1.4012e-162,1.4012e-162,1.4012e-162
7.0061e-163,7.0061e-163,7.0061e-163,7.0061e-163,7.0061e-163
3.5031e-163,3.5031e-163,3.5031e-163,3.5031e-163,3.5031e-163
1.7515e-163,1.7515e-163,1.7515e-163,1.7515e-163,1.7515e-163
8.7577e-164,8.7577e-164,8.7577e-164,8.7577e-164,8.7577e-164
4.3788e-164,4.3788e-164,4.3788e-164,4.3788e-164,4.3788e-164
2.1894e-164,2.1894e-164,2.1894e-164,2.1894e-164,2.1894e-164
1.0947e-164,1.0947e-164,1.0947e-164,1.0947e-164,1.0947e-164
5.4735e-165,5.4735e-165,5.4735e-165,5.4735e-165,5.4735e-165
2.7368e-165,2.7368e-165,2.7368e-165,2.7368e-165,2.7368e-165
1.3684e-165,1.3684e-165,1.3684e-165,1.3684e-165,1.3684e-165
6.8419e-166,6.8419e-166,6.8419e-166,6.8419e-166,6.8419e-166
3.421e-166,3.421e-166,3.421e-166,3.421e-166,3.421e-166
1.7105e-166,1.7105e-166,1.7105e-166,1.7105e-166,1.7105e-166
8.5524e-167,8.5524e-167,8.5524e-167,8.5524e-167,8.5524e-167
4.2762e-167,4.2762e-167,4.2762e-167,4.2762e-167,4.2762e-167
2.1381e-167,2.1381e-167,2.1381e-167,2.1381e-167,2.1381e-167
1.0691e-167,1.0691e-167,1.0691e-167,1.0691e-167,1.0691e-167
5.3453e-168,5.3453e-168,5.3453e-168,5.3453e-168,5.3453e-168
2.6726e-168,2.6726e-168,2.6726e-168,2.6726e-168,2.6726e-168
1.3363e-168,1.3363e-168,1.3363e-168,1.3363e-168,1.3363e-168
6.6816e-169,6.6816e-169,6.6816e-169,6.6816e-169,6.6816e-169
3.3408e-169,3.3408e-169,3.3408e-169,3.3408e-169,3.3408e-169
1.6704e-169,1.6704e-169,1.6704e-169,1.6704e-169,1.6704e-169
8.352e-170,8.352e-170,8.352e-170,8.352e-170,8.352e-170
4.176e-170,4.176e-170,4.176e-170,4.176e-170,4.176e-170
2.088e-170,2.088e-170,2.088e-170,2.088e-170,2.088e-170
1.044e-170,1.044e-170,1.044e-170,1.044e-170,1.044e-170
5.22e-171,5.22e-171,5.22e-171,5.22e-171,5.22e-171
2.61e-171,2.61e-171,2.61e-171,2.61e-171,2.61e-171
1.305e-171,1.305e-171,1.305e-171,1.305e-171,1.305e-171
6.525e-172,6.525e-172,6.525e-172,6.525e-172,6.525e-172
3.2625e-172,3.2625e-172,3.2625e-172,3.2625e-172,3.2625e-172
1.6312e-172,1.6312e-172,1.6312e-172,1.6312e-172,1.6312e-172
8.1562e-173,8.1562e-173,8.1562e-173,8.1562e-173,8.1562e-173
4.0781e-173,4.0781e-173,4.0781e-173,4.0781e-173,4.0781e-173
2.0391e-173,2.0391e-173,2.0391e-173,2.0391e-173,2.0391e-173
1.0195e-173,1.0195e-173,1.0195e-173,1.0195e-173,1.0195e-173
5.0976e-174,5.0976e-174,5.0976e-174,5.0976e-174,5.0976e-174
2.5488e-174,2.5488e-174,2.5488e-174,2.5488e-174,2.5488e-174
1.2744e-174,1.2744e-174,1.2744e-174,1.2744e-174,1.2744e-174
6.372e-175,6.372e-175,6.372e-175,6.372e-175,6.372e-175
3.186e-175,3.186e-175,3.186e-175,3.186e-175,3.186e-175
1.593e-175,1.593e-175,1.593e-175,1.593e-175,1.593e-175
7.9651e-176,7.9651e-176,7.9651e-176,7.9651e-176,7.9651e-176
3.9825e-176,3.9825e-176,3.9825e-176,3.9825e-176,3.9825e-176
1.9913e-176,1.9913e-176,1.9913e-176,1.9913e-176,1.9913e-176
9.9563e-177,9.9563e-177,9.9563e-177,9.9563e-177,9.9563e-177
4.9782e-177,4.9782e-177,4.9782e-177,4.9782e-177,4.9782e-177
2.4891e-177,2.4891e-177,2.4891e-177,2.4891e-177,2.4891e-177
1.2445e-177,1.2445e-177,1.2445e-177,1.2445e-177,1.2445e-177
6.2227e-178,6.2227e-178,6.2227e-178,6.2227e-178,6.2227e-178
3.1113e-178,3.1113e-178,3.1113e-178,3.1113e-178,3.1113e-178
1.5557e-178,1.5557e-178,1.5557e-178,1.5557e-178,1.5557e-178
7.7784e-179,7.7784e-179,7.7784e-179,7.7784e-179,7.7784e-179
3.8892e-179,3.8892e-179,3.8892e-179,3.8892e-179,3.8892e-179
1.9446e-179,1.9446e-179,1.9446e-179,1.9446e-179,1.9446e-179
9.723e-180,9.723e-180,9.723e-180,9.723e-180,9.723e-180
4.8615e-180,4.8615e-180,4.8615e-180,4.8615e-180,4.8615e-180
2.4307e-180,2.4307e-180,2.4307e-180,2.4307e-180,2.4307e-180
1.2154e-180,1.2154e-180,1.2154e-180,1.2154e-180,1.2154e-180
6.0769e-181,6.0769e-181,6.0769e-181,6.0769e-181,6.0769e-181
3.0384e-181,3.0384e-181,3.0384e-181,3.0384e-181,3.0384e-181
1.5192e-181,1.5192e-181,1.5192e-181,1.5192e-181,1.5192e-181
7.5961e-182,7.5961e-182,7.5961e-182,7.5961e-182,7.5961e-182
3.798e-182,3.798e-182,3.798e-182,3.798e-182,3.798e-182
1.899e-182,1.899e-182,1.899e-182,1.899e-182,1.899e-182
9.4951e-183,9.4951e-183,9.4951e-183,9.4951e-183,9.4951e-183
4.7475e-183,4.7475e-183,4.7475e-183,4.7475e-183,4.7475e-183
2.3738e-183,2.3738e-183,2.3738e-183,2.3738e-183,2.3738e-183
1.1869e-183,1.1869e-183,1.1869e-183,1.1869e-183,1.1869e-183
5.9344e-184,5.9344e-184,5.9344e-184,5.9344e-184,5.9344e-184
2.9672e-184,2.9672e-184,2.9672e-184,2.9672e-184,2.9672e-184
1.4836e-184,1.4836e-184,1.4836e-184,1.4836e-184,1.4836e-184
7.418e-185,7.418e-185,7.418e-185,7.418e-185,7.418e-185
3.709e-185,3.709e-185,3.709e-185,3.709e-185,3.709e-185
1.8545e-185,1.8545e-185,1.8545e-185,1.8545e-185,1.8545e-185
9.2725e-186,9.2725e-186,9.2725e-186,9.2725e-186,9.2725e-186
4.6363e-186,4.6363e-186,4.6363e-186,4.6363e-186,4.6363e-186
2.3181e-186,2.3181e-186,2.3181e-186,2.3181e-186,2.3181e-186
1.1591e-186,1.1591e-186,1.1591e-186,1.1591e-186,1.1591e-186
5.7953e-187,5.7953e-187,5.7953e-187,5.7953e-187,5.7953e-187
2.8977e-187,2.8977e-187,2.8977e-187,2.8977e-187,2.8977e-187
1.4488e-187,1.4488e-187,1.4488e-187,1.4488e-187,1.4488e-187
7.2442e-188,7.2442e-188,7.2442e-188,7.2442e-188,7.2442e-188
3.6221e-188,3.6221e-188,3.6221e-188,3.6221e-188,3.6221e-188
1.811e-188,1.811e-188,1.811e-188,1.811e-188,1.811e-188
9.0552e-189,9.0552e-189,9.0552e-189,9.0552e-189,9.0552e-189
4.5276e-189,4.5276e-189,4.5276e-189,4.5276e-189,4.5276e-189
2.2638e-189,2.2638e-189,2.2638e-189,2.2638e-189,2.2638e-189
1.1319e-189,1.1319e-189,1.1319e-189,1.1319e-189,1.1319e-189
5.6595e-190,5.6595e-190,5.6595e-190,5.6595e-190,5.6595e-190
2.8298e-190,2.8298e-190,2.8298e-190,2.8298e-190,2.8298e-190
1.4149e-190,1.4149e-190,1.4149e-190,1.4149e-190,1.4149e-190
7.0744e-191,7.0744e-191,7.0744e-191,7.0744e-191,7.0744e-191
3.5372e-191,3.5372e-191,3.5372e-191,3.5372e-191,3.5372e-191
1.7686e-191,1.7686e-191,1.7686e-191,1.7686e-191,1.7686e-191
8.843e-192,8.843e-192,8.843e-192,8.843e-192,8.843e-192
4.4215e-192,4.4215e-192,4.4215e-192,4.4215e-192,4.4215e-192
2.2107e-192,2.2107e-192,2.2107e-192,2.2107e-192,2.2107e-192
1.1054e-192,1.1054e-192,1.1054e-192,1.1054e-192,1.1054e-192
5.5269e-193,5.5269e-193,5.5269e-193,5.5269e-193,5.5269e-193
2.7634e-193,2.7634e-193,2.7634e-193,2.7634e-193,2.7634e-193
1.3817e-193,1.3817e-193,1.3817e-193,1.3817e-193,1.3817e-193
6.9086e-194,6.9086e-194,6.9086e-194,6.9086e-194,6.9086e-194
3.4543e-194,3.4543e-194,3.4543e-194,3.4543e-194,3.4543e-194
1.7271e-194,1.7271e-194,1.7271e-194,1.7271e-194,1.7271e-194
8.6357e-195,8.6357e-195,8.6357e-195,8.6357e-195,8.6357e-195
4.3179e-195,4.3179e-195,4.3179e-195,4.3179e-195,4.3179e-195
2.1589e-195,2.1589e-195,2.1589e-195,2.1589e-195,2.1589e-195
1.0795e-195,1.0795e-195,1.0795e-195,1.0795e-195,1.0795e-195
5.3973e-196,5.3973e-196,5.3973e-196,5.3973e-196,5.3973e-196
2.6987e-196,2.6987e-196,2.6987e-196,2.6987e-196,2.6987e-196
1.3493e-196,1.3493e-196,1.3493e-196,1.3493e-196,1.3493e-196
6.7467e-197,6.7467e-197,6.7467e-197,6.7467e-197,6.7467e-197
3.3733e-197,3.3733e-197,3.3733e-197,3.3733e-197,3.3733e-197
1.6867e-197,1.6867e-197,1.6867e-197,1.6867e-197,1.6867e-197
8.4333e-198,8.4333e-198,8.4333e-198,8.4333e-198,8.4333e-198
4.2167e-198,4.2167e-198,4.2167e-198,4.2167e-198,4.2167e-198
2.1083e-198,2.1083e-198,2.1083e-198,2.1083e-198,2.1083e-198
1.0542e-198,1.0542e-198,1.0542e-198,1.0542e-198,1.0542e-198
5.2708e-199,5.2708e-199,5.2708e-199,5.2708e-199,5.2708e-199
2.6354e-199,2.6354e-199,2.6354e-199,2.6354e-199,2.6354e-199
1.3177e-199,1.3177e-199,1.3177e-199,1.3177e-199,1.3177e-199
6.5885e-200,6.5885e-200,6.5885e-200,6.5885e-200,6.5885e-200
3.2943e-200,3.2943e-200,3.2943e-200,3.2943e-200,3.2943e-200
1.6471e-200,1.6471e-200,1.6471e-200,1.6471e-200,1.6471e-200
8.2357e-201,8.2357e-201,8.2357e-201,8.2357e-201,8.2357e-201
4.1178e-201,4.1178e-201,4.1178e-201,4.1178e-201,4.1178e-201
2.0589e-201,2.0589e-201,2.0589e-201,2.0589e-201,2.0589e-201
1.0295e-201,1.0295e-201,1.0295e-201,1.0295e-201,1.0295e-201
5.1473e-202,5.1473e-202,5.1473e-202,5.1473e-202,5.1473e-202
2.5736e-202,2.5736e-202,2.5736e-202,2.5736e-202,2.5736e-202
1.2868e-202,1.2868e-202,1.2868e-202,1.2868e-202,1.2868e-202
6.4341e-203,6.4341e-203,6.4341e-203,6.4341e-203,6.4341e-203
3.2171e-203,3.2171e-203,3.2171e-203,3.2171e-203,3.2171e-203
1.6085e-203,1.6085e-203,1.6085e-203,1.6085e-203,1.6085e-203
8.0426e-204,8.0426e-204,8.0426e-204,8.0426e-204,8.0426e-204
4.0213e-204,4.0213e-204,4.0213e-204,4.0213e-204,4.0213e-204
2.0107e-204,2.0107e-204,2.0107e-204,2.0107e-204,2.0107e-204
1.0053e-204,1.0053e-204,1.0053e-204,1.0053e-204,1.0053e-204
5.0267e-205,5.0267e-205,5.0267e-205,5.0267e-205,5.0267e-205
2.5133e-205,2.5133e-205,2.5133e-205,2.5133e-205,2.5133e-205
1.2567e-205,1.2567e-205,1.2567e-205,1.2567e-205,1.2567e-205
6.2833e-206,6.2833e-206,6.2833e-206,6.2833e-206,6.2833e-206
3.1417e-206,3.1417e-206,3.1417e-206,3.1417e-206,3.1417e-206
1.5708e-206,1.5708e-206,1.5708e-206,1.5708e-206,1.5708e-206
7.8541e-207,7.8541e-207,7.8541e-207,7.8541e-207,7.8541e-207
3.9271e-207,3.9271e-207,3.9271e-207,3.9271e-207,3.9271e-207
1.9635e-207,1.9635e-207,1.9635e-207,1.9635e-207,1.9635e-207
9.8177e-208,9.8177e-208,9.8177e-208,9.8177e-208,9.8177e-208
4.9088e-208,4.9088e-208,4.9088e-208,4.9088e-208,4.9088e-208
2.4544e-208,2.4544e-208,2.4544e-208,2.4544e-208,2.4544e-208
1.2272e-208,1.2272e-208,1.2272e-208,1.2272e-208,1.2272e-208
6.1361e-209,6.1361e-209,6.1361e-209,6.1361e-209,6.1361e-209
3.068e-209,3.068e-209,3.068e-209,3.068e-209,3.068e-209
1.534e-209,1.534e-209,1.534e-209,1.534e-209,1.534e-209
7.6701e-210,7.6701e-210,7.6701e-210,7.6701e-210,7.6701e-210
3.835e-210,3.835e-210,3.835e-210,3.835e-210,3.835e-210
1.9175e-210,1.9175e-210,1.9175e-210,1.9175e-210,1.9175e-210
9.5876e-211,9.5876e-211,9.5876e-211,9.5876e-211,9.5876e-211
4.7938e-211,4.7938e-211,4.7938e-211,4.7938e-211,4.7938e-211
2.3969e-211,2.3969e-211,2.3969e-211,2.3969e-211,2.3969e-211
1.1984e-211,1.1984e-211,1.1984e-211,1.1984e-211,1.1984e-211
5.9922e-212,5.9922e-212,5.9922e-212,5.9922e-212,5.9922e-212
2.9961e-212,2.9961e-212,2.9961e-212,2.9961e-212,2.9961e-212
1.4981e-212,1.4981e-212,1.4981e-212,1.4981e-212,1.4981e-212
7.4903e-213,7.4903e-213,7.4903e-213,7.4903e-213,7.4903e-213
3.7451e-213,3.7451e-213,3.7451e-213,3.7451e-213,3.7451e-213
1.8726e-213,1.8726e-213,1.8726e-213,1.8726e-213,1.8726e-213
9.3629e-214,9.3629e-214,9.3629e-214,9.3629e-214,9.3629e-214
4.6814e-214,4.6814e-214,4.6814e-214,4.6814e-214,4.6814e-214
2.3407e-214,2.3407e-214,2.3407e-214,2.3407e-214,2.3407e-214
1.1704e-214,1.1704e-214,1.1704e-214,1.1704e-214,1.1704e-214
5.8518e-215,5.8518e-215,5.8518e-215,5.8518e-215,5.8518e-215
2.9259e-215,2.9259e-215,2.9259e-215,2.9259e-215,2.9259e-215
1.4629e-215,1.4629e-215,1.4629e-215,1.4629e-215,1.4629e-215
7.3147e-216,7.3147e-216,7.3147e-216,7.3147e-216,7.3147e-216
3.6574e-216,3.6574e-216,3.6574e-216,3.6574e-216,3.6574e-216
1.8287e-216,1.8287e-216,1.8287e-216,1.8287e-216,1.8287e-216
9.1434e-217,9.1434e-217,9.1434e-217,9.1434e-217,9.1434e-217
4.5717e-217,4.5717e-217,4.5717e-217,4.5717e-217,4.5717e-217
2.2859e-217,2.2859e-217,2.2859e-217,2.2859e-217,2.2859e-217
1.1429e-217,1.1429e-217,1.1429e-217,1.1429e-217,1.1429e-217
5.7146e-218,5.7146e-218,5.7146e-218,5.7146e-218,5.7146e-218
2.8573e-218,2.8573e-218,2.8573e-218,2.8573e-218,2.8573e-218
1.4287e-218,1.4287e-218,1.4287e-218,1.4287e-218,1.4287e-218
7.1433e-219,7.1433e-219,7.1433e-219,7.1433e-219,7.1433e-219
3.5717e-219,3.5717e-219,3.5717e-219,3.5717e-219,3.5717e-219
1.7858e-219,1.7858e-219,1.7858e-219,1.7858e-219,1.7858e-219
8.9291e-220,8.9291e-220,8.9291e-220,8.9291e-220,8.9291e-220
4.4646e-220,4.4646e-220,4.4646e-220,4.4646e-220,4.4646e-220
2.2323e-220,2.2323e-220,2.2323e-220,2.2323e-220,2.2323e-220
1.1161e-220,1.1161e-220,1.1161e-220,1.1161e-220,1.1161e-220
5.5807e-221,5.5807e-221,5.5807e-221,5.5807e-221,5.5807e-221
2.7904e-221,2.7904e-221,2.7904e-221,2.7904e-221,2.7904e-221
1.3952e-221,1.3952e-221,1.3952e-221,1.3952e-221,1.3952e-221
6.9759e-222,6.9759e-222,6.9759e-222,6.9759e-222,6.9759e-222
3.4879e-222,3.4879e-222,3.4879e-222,3.4879e-222,3.4879e-222
1.744e-222,1.744e-222,1.744e-222,1.744e-222,1.744e-222
8.7199e-223,8.7199e-223,8.7199e-223,8.7199e-223,8.7199e-223
4.3599e-223,4.3599e-223,4.3599e-223,4.3599e-223,4.3599e-223
2.18e-223,2.18e-223,2.18e-223,2.18e-223,2.18e-223
1.09e-223,1.09e-223,1.09e-223,1.09e-223,1.09e-223
5.4499e-224,5.4499e-224,5.4499e-224,5.4499e-224,5.4499e-224
2.725e-224,2.725e-224,2.725e-224,2.725e-224,2.725e-224
1.3625e-224,1.3625e-224,1.3625e-224,1.3625e-224,1.3625e-224
6.8124e-225,6.8124e-225,6.8124e-225,6.8124e-225,6.8124e-225
3.4062e-225,3.4062e-225,3.4062e-225,3.4062e-225,3.4062e-225
1.7031e-225,1.7031e-225,1.7031e-225,1.7031e-225,1.7031e-225
8.5155e-226,8.5155e-226,8.5155e-226,8.5155e-226,8.5155e-226
4.2577e-226,4.2577e-226,4.2577e-226,4.2577e-226,4.2577e-226
2.1289e-226,2.1289e-226,2.1289e-226,2.1289e-226,2.1289e-226
1.0644e-226,1.0644e-226,1.0644e-226,1.0644e-226,1.0644e-226
5.3222e-227,5.3222e-227,5.3222e-227,5.3222e-227,5.3222e-227
2.6611e-227,2.6611e-227,2.6611e-227,2.6611e-227,2.6611e-227
1.3305e-227,1.3305e-227,1.3305e-227,1.3305e-227,1.3305e-227
6.6527e-228,6.6527e-228,6.6527e-228,6.6527e-228,6.6527e-228
3.3264e-228,3.3264e-228,3.3264e-228,3.3264e-228,3.3264e-228
1.6632e-228,1.6632e-228,1.6632e-228,1.6632e-228,1.6632e-228
8.3159e-229,8.3159e-229,8.3159e-229,8.3159e-229,8.3159e-229
4.158e-229,4.158e-229,4.158e-229,4.158e-229,4.158e-229
2.079e-229,2.079e-229,2.079e-229,2.079e-229,2.079e-229
1.0395e-229,1.0395e-229,1.0395e-229,1.0395e-229,1.0395e-229
5.1974e-230,5.1974e-230,5.1974e-230,5.1974e-230,5.1974e-230
2.5987e-230,2.5987e-230,2.5987e-230,2.5987e-230,2.5987e-230
1.2994e-230,1.2994e-230,1.2994e-230,1.2994e-230,1.2994e-230
6.4968e-231,6.4968e-231,6.4968e-231,6.4968e-231,6.4968e-231
3.2484e-231,3.2484e-231,3.2484e-231,3.2484e-231,3.2484e-231
1.6242e-231,1.6242e-231,1.6242e-231,1.6242e-231,1.6242e-231
8.121e-232,8.121e-232,8.121e-232,8.121e-232,8.121e-232
4.0605e-232,4.0605e-232,4.0605e-232,4.0605e-232,4.0605e-232
2.0302e-232,2.0302e-232,2.0302e-232,2.0302e-232,2.0302e-232
1.0151e-232,1.0151e-232,1.0151e-232,1.0151e-232,1.0151e-232
5.0756e-233,5.0756e-233,5.0756e-233,5.0756e-233,5.0756e-233
2.5378e-233,2.5378e-233,2.5378e-233,2.5378e-233,2.5378e-233
1.2689e-233,1.2689e-233,1.2689e-233,1.2689e-233,1.2689e-233
6.3445e-234,6.3445e-234,6.3445e-234,6.3445e-234,6.3445e-234
3.1723e-234,3.1723e-234,3.1723e-234,3.1723e-234,3.1723e-234
1.5861e-234,1.5861e-234,1.5861e-234,1.5861e-234,1.5861e-234
7.9307e-235,7.9307e-235,7.9307e-235,7.9307e-235,7.9307e-235
3.9653e-235,3.9653e-235,3.9653e-235,3.9653e-235,3.9653e-235
1.9827e-235,1.9827e-235,1.9827e-235,1.9827e-235,1.9827e-235
9.9133e-236,9.9133e-236,9.9133e-236,9.9133e-236,9.9133e-236
4.9567e-236,4.9567e-236,4.9567e-236,4.9567e-236,4.9567e-236
2.4783e-236,2.4783e-236,2.4783e-236,2.4783e-236,2.4783e-236
1.2392e-236,1.2392e-236,1.2392e-236,1.2392e-236,1.2392e-236
6.1958e-237,6.1958e-237,6.1958e-237,6.1958e-237,6.1958e-237
3.0979e-237,3.0979e-237,3.0979e-237,3.0979e-237,3.0979e-237
1.549e-237,1.549e-237,1.549e-237,1.549e-237,1.549e-237
7.7448e-238,7.7448e-238,7.7448e-238,7.7448e-238,7.7448e-238
3.8724e-238,3.8724e-238,3.8724e-238,3.8724e-238,3.8724e-238
1.9362e-238,1.9362e-238,1.9362e-238,1.9362e-238,1.9362e-238
9.681e-239,9.681e-239,9.681e-239,9.681e-239,9.681e-239
4.8405e-239,4.8405e-239,4.8405e-239,4.8405e-239,4.8405e-239
2.4202e-239,2.4202e-239,2.4202e-239,2.4202e-239,2.4202e-239
1.2101e-239,1.2101e-239,1.2101e-239,1.2101e-239,1.2101e-239
6.0506e-240,6.0506e-240,6.0506e-240,6.0506e-240,6.0506e-240
3.0253e-240,3.0253e-240,3.0253e-240,3.0253e-240,3.0253e-240
1.5127e-240,1.5127e-240,1.5127e-240,1.5127e-240,1.5127e-240
7.5633e-241,7.5633e-241,7.5633e-241,7.5633e-241,7.5633e-241
3.7816e-241,3.7816e-241,3.7816e-241,3.7816e-241,3.7816e-241
1.8908e-241,1.8908e-241,1.8908e-241,1.8908e-241,1.8908e-241
9.4541e-242,9.4541e-242,9.4541e-242,9.4541e-242,9.4541e-242
4.727e-242,4.727e-242,4.727e-242,4.727e-242,4.727e-242
2.3635e-242,2.3635e-242,2.3635e-242,2.3635e-242,2.3635e-242
1.1818e-242,1.1818e-242,1.1818e-242,1.1818e-242,1.1818e-242
5.9088e-243,5.9088e-243,5.9088e-243,5.9088e-243,5.9088e-243
2.9544e-243,2.9544e-243,2.9544e-243,2.9544e-243,2.9544e-243
1.4772e-243,1.4772e-243,1.4772e-243,1.4772e-243,1.4772e-243
7.386e-244,7.386e-244,7.386e-244,7.386e-244,7.386e-244
3.693e-244,3.693e-244,3.693e-244,3.693e-244,3.693e-244
1.8465e-244,1.8465e-244,1.8465e-244,1.8465e-244,1.8465e-244
9.2325e-245,9.2325e-245,9.2325e-245,9.2325e-245,9.2325e-245
4.6163e-245,4.6163e-245,4.6163e-245,4.6163e-245,4.6163e-245
2.3081e-245,2.3081e-245,2.3081e-245,2.3081e-245,2.3081e-245
1.1541e-245,1.1541e-245,1.1541e-245,1.1541e-245,1.1541e-245
5.7703e-246,5.7703e-246,5.7703e-246,5.7703e-246,5.7703e-246
2.8852e-246,2.8852e-246,2.8852e-246,2.8852e-246,2.8852e-246
1.4426e-246,1.4426e-246,1.4426e-246,1.4426e-246,1.4426e-246
7.2129e-247,7.2129e-247,7.2129e-247,7.2129e-247,7.2129e-247
3.6064e-247,3.6064e-247,3.6064e-247,3.6064e-247,3.6064e-247
1.8032e-247,1.8032e-247,1.8032e-247,1.8032e-247,1.8032e-247
9.0161e-248,9.0161e-248,9.0161e-248,9.0161e-248,9.0161e-248
4.5081e-248,4.5081e-248,4.5081e-248,4.5081e-248,4.5081e-248
2.254e-248,2.254e-248,2.254e-248,2.254e-248,2.254e-248
1.127e-248,1.127e-248,1.127e-248,1.127e-248,1.127e-248
5.6351e-249,5.6351e-249,5.6351e-249,5.6351e-249,5.6351e-249
2.8175e-249,2.8175e-249,2.8175e-249,2.8175e-249,2.8175e-249
1.4088e-249,1.4088e-249,1.4088e-249,1.4088e-249,1.4088e-249
7.0438e-250,7.0438e-250,7.0438e-250,7.0438e-250,7.0438e-250
3.5219e-250,3.5219e-250,3.5219e-250,3.5219e-250,3.5219e-250
1.761e-250,1.761e-250,1.761e-250,1.761e-250,1.761e-250
8.8048e-251,8.8048e-251,8.8048e-251,8.8048e-251,8.8048e-251
4.4024e-251,4.4024e-251,4.4024e-251,4.4024e-251,4.4024e-251
2.2012e-251,2.2012e-251,2.2012e-251,2.2012e-251,2.2012e-251
1.1006e-251,1.1006e-251,1.1006e-251,1.1006e-251,1.1006e-251
5.503e-252,5.503e-252,5.503e-252,5.503e-252,5.503e-252
2.7515e-252,2.7515e-252,2.7515e-252,2.7515e-252,2.7515e-252
1.3758e-252,1.3758e-252,1.3758e-252,1.3758e-252,1.3758e-252
6.8788e-253,6.8788e-253,6.8788e-253,6.8788e-253,6.8788e-253
3.4394e-253,3.4394e-253,3.4394e-253,3.4394e-253,3.4394e-253
1.7197e-253,1.7197e-253,1.7197e-253,1.7197e-253,1.7197e-253
8.5984e-254,8.5984e-254,8.5984e-254,8.5984e-254,8.5984e-254
4.2992e-254,4.2992e-254,4.2992e-254,4.2992e-254,4.2992e-254
2.1496e-254,2.1496e-254,2.1496e-254,2.1496e-254,2.1496e-254
1.0748e-254,1.0748e-254,1.0748e-254,1.0748e-254,1.0748e-254
5.374e-255,5.374e-255,5.374e-255,5.374e-255,5.374e-255
2.687e-255,2.687e-255,2.687e-255,2.687e-255,2.687e-255
1.3435e-255,1.3435e-255,1.3435e-255,1.3435e-255,1.3435e-255
6.7175e-256,6.7175e-256,6.7175e-256,6.7175e-256,6.7175e-256
3.3588e-256,3.3588e-256,3.3588e-256,3.3588e-256,3.3588e-256
1.6794e-256,1.6794e-256,1.6794e-256,1.6794e-256,1.6794e-256
8.3969e-257,8.3969e-257,8.3969e-257,8.3969e-257,8.3969e-257
4.1985e-257,4.1985e-257,4.1985e-257,4.1985e-257,4.1985e-257
2.0992e-257,2.0992e-257,2.0992e-257,2.0992e-257,2.0992e-257
1.0496e-257,1.0496e-257,1.0496e-257,1.0496e-257,1.0496e-257
5.2481e-258,5.2481e-258,5.2481e-258,5.2481e-258,5.2481e-258
2.624e-258,2.624e-258,2.624e-258,2.624e-258,2.624e-258
1.312e-258,1.312e-258,1.312e-258,1.312e-258,1.312e-258
6.5601e-259,6.5601e-259,6.5601e-259,6.5601e-259,6.5601e-259
3.28e-259,3.28e-259,3.28e-259,3.28e-259,3.28e-259
1.64e-259,1.64e-259,1.64e-259,1.64e-259,1.64e-259
8.2001e-260,8.2001e-260,8.2001e-260,8.2001e-260,8.2001e-260
4.1001e-260,4.1001e-260,4.1001e-260,4.1001e-260,4.1001e-260
2.05e-260,2.05e-260,2.05e-260,2.05e-260,2.05e-260
1.025e-260,1.025e-260,1.025e-260,1.025e-260,1.025e-260
5.1251e-261,5.1251e-261,5.1251e-261,5.1251e-261,5.1251e-261
2.5625e-261,2.5625e-261,2.5625e-261,2.5625e-261,2.5625e-261
1.2813e-261,1.2813e-261,1.2813e-261,1.2813e-261,1.2813e-261
6.4063e-262,6.4063e-262,6.4063e-262,6.4063e-262,6.4063e-262
3.2032e-262,3.2032e-262,3.2032e-262,3.2032e-262,3.2032e-262
1.6016e-262,1.6016e-262,1.6016e-262,1.6016e-262,1.6016e-262
8.0079e-263,8.0079e-263,8.0079e-263,8.0079e-263,8.0079e-263
4.004e-263,4.004e-263,4.004e-263,4.004e-263,4.004e-263
2.002e-263,2.002e-263,2.002e-263,2.002e-263,2.002e-263
1.001e-263,1.001e-263,1.001e-263,1.001e-263,1.001e-263
5.005e-264,5.005e-264,5.005e-264,5.005e-264,5.005e-264
2.5025e-264,2.5025e-264,2.5025e-264,2.5025e-264,2.5025e-264
1.2512e-264,1.2512e-264,1.2512e-264,1.2512e-264,1.2512e-264
6.2562e-265,6.2562e-265,6.2562e-265,6.2562e-265,6.2562e-265
3.1281e-265,3.1281e-265,3.1281e-265,3.1281e-265,3.1281e-265
1.564e-265,1.564e-265,1.564e-265,1.564e-265,1.564e-265
7.8202e-266,7.8202e-266,7.8202e-266,7.8202e-266,7.8202e-266
3.9101e-266,3.9101e-266,3.9101e-266,3.9101e-266,3.9101e-266
1.9551e-266,1.9551e-266,1.9551e-266,1.9551e-266,1.9551e-266
9.7753e-267,9.7753e-267,9.7753e-267,9.7753e-267,9.7753e-267
4.8876e-267,4.8876e-267,4.8876e-267,4.8876e-267,4.8876e-267
2.4438e-267,2.4438e-267,2.4438e-267,2.4438e-267,2.4438e-267
1.2219e-267,1.2219e-267,1.2219e-267,1.2219e-267,1.2219e-267
6.1096e-268,6.1096e-268,6.1096e-268,6.1096e-268,6.1096e-268
3.0548e-268,3.0548e-268,3.0548e-268,3.0548e-268,3.0548e-268
1.5274e-268,1.5274e-268,1.5274e-268,1.5274e-268,1.5274e-268
7.6369e-269,7.6369e-269,7.6369e-269,7.6369e-269,7.6369e-269
3.8185e-269,3.8185e-269,3.8185e-269,3.8185e-269,3.8185e-269
1.9092e-269,1.9092e-269,1.9092e-269,1.9092e-269,1.9092e-269
9.5462e-270,9.5462e-270,9.5462e-270,9.5462e-270,9.5462e-270
4.7731e-270,4.7731e-270,4.7731e-270,4.7731e-270,4.7731e-270
2.3865e-270,2.3865e-270,2.3865e-270,2.3865e-270,2.3865e-270
1.1933e-270,1.1933e-270,1.1933e-270,1.1933e-270,1.1933e-270
5.9664e-271,5.9664e-271,5.9664e-271,5.9664e-271,5.9664e-271
2.9832e-271,2.9832e-271,2.9832e-271,2.9832e-271,2.9832e-271
1.4916e-271,1.4916e-271,1.4916e-271,1.4916e-271,1.4916e-271
7.458e-272,7.458e-272,7.458e-272,7.458e-272,7.458e-272
3.729e-272,3.729e-272,3.729e-272,3.729e-272,3.729e-272
1.8645e-272,1.8645e-272,1.8645e-272,1.8645e-272,1.8645e-272
9.3224e-273,9.3224e-273,9.3224e-273,9.3224e-273,9.3224e-273
4.6612e-273,4.6612e-273,4.6612e-273,4.6612e-273,4.6612e-273
2.3306e-273,2.3306e-273,2.3306e-273,2.3306e-273,2.3306e-273
1.1653e-273,1.1653e-273,1.1653e-273,1.1653e-273,1.1653e-273
5.8265e-274,5.8265e-274,5.8265e-274,5.8265e-274,5.8265e-274
2.9133e-274,2.9133e-274,2.9133e-274,2.9133e-274,2.9133e-274
1.4566e-274,1.4566e-274,1.4566e-274,1.4566e-274,1.4566e-274
7.2832e-275,7.2832e-275,7.2832e-275,7.2832e-275,7.2832e-275
3.6416e-275,3.6416e-275,3.6416e-275,3.6416e-275,3.6416e-275
1.8208e-275,1.8208e-275,1.8208e-275,1.8208e-275,1.8208e-275
9.104e-276,9.104e-276,9.104e-276,9.104e-276,9.104e-276
4.552e-276,4.552e-276,4.552e-276,4.552e-276,4.552e-276
2.276e-276,2.276e-276,2.276e-276,2.276e-276,2.276e-276
1.138e-276,1.138e-276,1.138e-276,1.138e-276,1.138e-276
5.69e-277,5.69e-277,5.69e-277,5.69e-277,5.69e-277
2.845e-277,2.845e-277,2.845e-277,2.845e-277,2.845e-277
1.4225e-277,1.4225e-277,1.4225e-277,1.4225e-277,1.4225e-277
7.1125e-278,7.1125e-278,7.1125e-278,7.1125e-278,7.1125e-278
3.5562e-278,3.5562e-278,3.5562e-278,3.5562e-278,3.5562e-278
1.7781e-278,1.7781e-278,1.7781e-278,1.7781e-278,1.7781e-278
8.8906e-279,8.8906e-279,8.8906e-279,8.8906e-279,8.8906e-279
4.4453e-279,4.4453e-279,4.4453e-279,4.4453e-279,4.4453e-279
2.2226e-279,2.2226e-279,2.2226e-279,2.2226e-279,2.2226e-279
1.1113e-279,1.1113e-279,1.1113e-279,1.1113e-279,1.1113e-279
5.5566e-280,5.5566e-280,5.5566e-280,5.5566e-280,5.5566e-280
2.7783e-280,2.7783e-280,2.7783e-280,2.7783e-280,2.7783e-280
1.3892e-280,1.3892e-280,1.3892e-280,1.3892e-280,1.3892e-280
6.9458e-281,6.9458e-281,6.9458e-281,6.9458e-281,6.9458e-281
3.4729e-281,3.4729e-281,3.4729e-281,3.4729e-281,3.4729e-281
1.7364e-281,1.7364e-281,1.7364e-281,1.7364e-281,1.7364e-281
8.6822e-282,8.6822e-282,8.6822e-282,8.6822e-282,8.6822e-282
4.3411e-282,4.3411e-282,4.3411e-282,4.3411e-282,4.3411e-282
2.1706e-282,2.1706e-282,2.1706e-282,2.1706e-282,2.1706e-282
1.0853e-282,1.0853e-282,1.0853e-282,1.0853e-282,1.0853e-282
5.4264e-283,5.4264e-283,5.4264e-283,5.4264e-283,5.4264e-283
2.7132e-283,2.7132e-283,2.7132e-283,2.7132e-283,2.7132e-283
1.3566e-283,1.3566e-283,1.3566e-283,1.3566e-283,1.3566e-283
6.783e-284,6.783e-284,6.783e-284,6.783e-284,6.783e-284
3.3915e-284,3.3915e-284,3.3915e-284,3.3915e-284,3.3915e-284
1.6957e-284,1.6957e-284,1.6957e-284,1.6957e-284,1.6957e-284
8.4787e-285,8.4787e-285,8.4787e-285,8.4787e-285,8.4787e-285
4.2394e-285,4.2394e-285,4.2394e-285,4.2394e-285,4.2394e-285
2.1197e-285,2.1197e-285,2.1197e-285,2.1197e-285,2.1197e-285
1.0598e-285,1.0598e-285,1.0598e-285,1.0598e-285,1.0598e-285
5.2992e-286,5.2992e-286,5.2992e-286,5.2992e-286,5.2992e-286
2.6496e-286,2.6496e-286,2.6496e-286,2.6496e-286,2.6496e-286
1.3248e-286,1.3248e-286,1.3248e-286,1.3248e-286,1.3248e-286
6.624e-287,6.624e-287,6.624e-287,6.624e-287,6.624e-287
3.312e-287,3.312e-287,3.312e-287,3.312e-287,3.312e-287
1.656e-287,1.656e-287,1.656e-287,1.656e-287,1.656e-287
8.28e-288,8.28e-288,8.28e-288,8.28e-288,8.28e-288
4.14e-288,4.14e-288,4.14e-288,4.14e-288,4.14e-288
2.07e-288,2.07e-288,2.07e-288,2.07e-288,2.07e-288
1.035e-288,1.035e-288,1.035e-288,1.035e-288,1.035e-288
5.175e-289,5.175e-289,5.175e-289,5.175e-289,5.175e-289
2.5875e-289,2.5875e-289,2.5875e-289,2.5875e-289,2.5875e-289
1.2937e-289,1.2937e-289,1.2937e-289,1.2937e-289,1.2937e-289
6.4687e-290,6.4687e-290,6.4687e-290,6.4687e-290,6.4687e-290
3.2344e-290,3.2344e-290,3.2344e-290,3.2344e-290,3.2344e-290
1.6172e-290,1.6172e-290,1.6172e-290,1.6172e-290,1.6172e-290
8.0859e-291,8.0859e-291,8.0859e-291,8.0859e-291,8.0859e-291
4.043e-291,4.043e-291,4.043e-291,4.043e-291,4.043e-291
2.0215e-291,2.0215e-291,2.0215e-291,2.0215e-291,2.0215e-291
1.0107e-291,1.0107e-291,1.0107e-291,1.0107e-291,1.0107e-291
5.0537e-292,5.0537e-292,5.0537e-292,5.0537e-292,5.0537e-292
2.5269e-292,2.5269e-292,2.5269e-292,2.5269e-292,2.5269e-292
1.2634e-292,1.2634e-292,1.2634e-292,1.2634e-292,1.2634e-292
6.3171e-293,6.3171e-293,6.3171e-293,6.3171e-293,6.3171e-293
3.1586e-293,3.1586e-293,3.1586e-293,3.1586e-293,3.1586e-293
1.5793e-293,1.5793e-293,1.5793e-293,1.5793e-293,1.5793e-293
7.8964e-294,7.8964e-294,7.8964e-294,7.8964e-294,7.8964e-294
3.9482e-294,3.9482e-294,3.9482e-294,3.9482e-294,3.9482e-294
1.9741e-294,1.9741e-294,1.9741e-294,1.9741e-294,1.9741e-294
9.8705e-295,9.8705e-295,9.8705e-295,9.8705e-295,9.8705e-295
4.9353e-295,4.9353e-295,4.9353e-295,4.9353e-295,4.9353e-295
2.4676e-295,2.4676e-295,2.4676e-295,2.4676e-295,2.4676e-295
1.2338e-295,1.2338e-295,1.2338e-295,1.2338e-295,1.2338e-295
6.1691e-296,6.1691e-296,6.1691e-296,6.1691e-296,6.1691e-296
3.0845e-296,3.0845e-296,3.0845e-296,3.0845e-296,3.0845e-296
1.5423e-296,1.5423e-296,1.5423e-296,1.5423e-296,1.5423e-296
7.7113e-297,7.7113e-297,7.7113e-297,7.7113e-297,7.7113e-297
3.8557e-297,3.8557e-297,3.8557e-297,3.8557e-297,3.8557e-297
1.9278e-297,1.9278e-297,1.9278e-297,1.9278e-297,1.9278e-297
9.6392e-298,9.6392e-298,9.6392e-298,9.6392e-298,9.6392e-298
4.8196e-298,4.8196e-298,4.8196e-298,4.8196e-298,4.8196e-298
2.4098e-298,2.4098e-298,2.4098e-298,2.4098e-298,2.4098e-298
1.2049e-298,1.2049e-298,1.2049e-298,1.2049e-298,1.2049e-298
6.0245e-299,6.0245e-299,6.0245e-299,6.0245e-299,6.0245e-299
3.0122e-299,3.0122e-299,3.0122e-299,3.0122e-299,3.0122e-299
1.5061e-299,1.5061e-299,1.5061e-299,1.5061e-299,1.5061e-299
7.5306e-300,7.5306e-300,7.5306e-300,7.5306e-300,7.5306e-300
3.7653e-300,3.7653e-300,3.7653e-300,3.7653e-300,3.7653e-300
1.8827e-300,1.8827e-300,1.8827e-300,1.8827e-300,1.8827e-300
9.4133e-301,9.4133e-301,9.4133e-301,9.4133e-301,9.4133e-301
4.7066e-301,4.7066e-301,4.7066e-301,4.7066e-301,4.7066e-301
2.3533e-301,2.3533e-301,2.3533e-301,2.3533e-301,2.3533e-301
1.1767e-301,1.1767e-301,1.1767e-301,1.1767e-301,1.1767e-301
5.8833e-302,5.8833e-302,5.8833e-302,5.8833e-302,5.8833e-302
2.9416e-302,2.9416e-302,2.9416e-302,2.9416e-302,2.9416e-302
