0.1,0.2,0.3,0.5,0.6
0.756,0.604,0.822,0.91,0.708
0.87644,0.69108,0.63648,0.66825,0.56215
0.87064,0.69679,0.87587,0.9482,0.69242
0.80869,0.48292,0.51219,0.59869,0.37633
0.93383,0.82809,0.98188,0.9683,0.80483
0.5637,0.20019,0.3186,0.32704,0.22931
0.70469,0.89751,0.7712,0.79691,0.90954
0.39692,0.72899,0.52748,0.53045,0.69882
0.83021,0.95854,0.90364,0.92712,0.96339
0.19141,0.42637,0.228,0.24725,0.38947
0.93016,0.69324,0.84566,0.81928,0.70871
0.78036,0.43694,0.7015,0.66576,0.46601
0.95932,0.78384,0.92715,0.91385,0.8086
0.59917,0.2596,0.47371,0.43166,0.27386
0.79999,0.95794,0.88729,0.90484,0.95343
0.21645,0.48414,0.26752,0.29437,0.46076
0.96461,0.75789,0.90182,0.88303,0.77855
0.65428,0.29422,0.55162,0.51103,0.31632
0.85353,0.93542,0.92249,0.93443,0.94344
0.25479,0.3779,0.24763,0.24926,0.35667
0.91214,0.77116,0.83452,0.82323,0.77039
0.66811,0.46342,0.63483,0.62519,0.47696
0.98533,0.91587,0.96211,0.96005,0.92071
0.27588,0.12245,0.2223,0.21236,0.12425
0.46919,0.71376,0.56365,0.57396,0.70419
0.84233,0.97272,0.90629,0.91547,0.97177
0.15027,0.40255,0.22102,0.23321,0.38932
0.91193,0.63595,0.82365,0.80939,0.64682
0.86006,0.49861,0.75253,0.73436,0.51364
0.9478,0.65185,0.87562,0.8629,0.66771
0.82766,0.37585,0.665,0.64272,0.39074
0.90783,0.75159,0.9247,0.92136,0.76531
0.69283,0.35063,0.49434,0.47761,0.35288
0.90601,0.92408,0.95893,0.96078,0.92351
0.28749,0.25224,0.20985,0.21312,0.24936
0.75837,0.74262,0.7077,0.70247,0.74545
0.7589,0.77865,0.803,0.79751,0.78196
0.69033,0.68303,0.66419,0.65624,0.68822
0.86144,0.87287,0.88498,0.87794,0.87669
0.44208,0.44247,0.43335,0.42068,0.45098
0.98837,0.98464,0.98094,0.98516,0.98168
0.0642,0.060385,0.061016,0.07188,0.05419
0.21842,0.23396,0.24513,0.22207,0.24873
0.72724,0.71205,0.70758,0.73853,0.69298
0.83137,0.81151,0.79942,0.83265,0.78974
0.6303,0.60216,0.5903,0.64326,0.56959
0.96571,0.95059,0.94101,0.9684,0.93056
0.21411,0.17831,0.16184,0.22847,0.14055
0.54846,0.60565,0.63527,0.5321,0.66848
0.92788,0.95837,0.97074,0.91556,0.98256
0.12942,0.18755,0.22234,0.1129,0.26647
0.67118,0.57499,0.52371,0.70313,0.46127
0.97546,0.94399,0.91538,0.97978,0.87239
0.30513,0.20366,0.1618,0.34773,0.12328
0.57129,0.69064,0.75445,0.52939,0.83315
0.73277,0.85978,0.90713,0.68334,0.9449
0.38904,0.55233,0.6402,0.33191,0.76279
0.86584,0.94136,0.93635,0.82901,0.89936
0.30875,0.33845,0.37835,0.32691,0.50045
0.93839,0.89708,0.89317,0.96138,0.88023
0.37907,0.31274,0.27119,0.37636,0.21307
0.78284,0.86541,0.88842,0.75145,0.91323
0.42029,0.53103,0.58549,0.39577,0.67389
0.9413,0.97502,0.97579,0.92807,0.95691
0.14016,0.15173,0.17345,0.14344,0.23612
0.60454,0.52647,0.51018,0.63186,0.51023
0.99418,0.97986,0.9674,0.99267,0.94899
0.12497,0.075078,0.06123,0.14682,0.042877
0.2426,0.32808,0.37346,0.22744,0.43872
0.91353,0.8401,0.80667,0.9347,0.74552
0.61489,0.47663,0.41404,0.64662,0.32793
0.94044,0.96272,0.95737,0.92481,0.9257
0.2108,0.18864,0.20609,0.22509,0.2535
0.68268,0.65519,0.65491,0.70491,0.68911
0.87893,0.8871,0.87147,0.87564,0.85005
0.45227,0.43322,0.42109,0.47461,0.43854
0.98426,0.98291,0.98832,0.98173,0.99323
0.048545,0.05538,0.067139,0.040056,0.062852
0.21866,0.2168,0.18843,0.23414,0.17591
0.63492,0.65071,0.68958,0.60793,0.68829
0.88802,0.89346,0.92377,0.86683,0.93209
0.32506,0.34382,0.40729,0.28687,0.41209
0.92994,0.91969,0.87089,0.95245,0.86006
0.37566,0.34921,0.25945,0.43716,0.24694
0.83762,0.85893,0.92882,0.779,0.93945
0.37491,0.41229,0.55444,0.29026,0.57747
0.96909,0.96342,0.90578,0.96627,0.89025
0.25129,0.22163,0.15624,0.34253,0.15167
0.61737,0.64496,0.76861,0.55898,0.79549
0.7995,0.83693,0.92706,0.71157,0.93402
0.42072,0.46485,0.64214,0.31475,0.68262
0.93523,0.95182,0.92792,0.88988,0.91357
0.24889,0.24776,0.28569,0.30171,0.317
0.79997,0.77837,0.79632,0.84132,0.80233
0.66,0.64898,0.6157,0.63082,0.59177
0.93465,0.92095,0.92389,0.9539,0.91974
0.28834,0.26564,0.23833,0.27703,0.21862
0.7407,0.77414,0.78426,0.71435,0.7982
0.68149,0.72021,0.7497,0.67611,0.77744
0.76099,0.80908,0.83195,0.73681,0.8541
0.5751,0.64084,0.68302,0.55354,0.72629
0.86987,0.92162,0.94574,0.84639,0.9642
0.23743,0.32503,0.38458,0.2065,0.4516
0.9131,0.83968,0.78451,0.93735,0.71992
0.637,0.50097,0.41564,0.69073,0.32919
0.93997,0.95341,0.93167,0.92012,0.88907
0.28006,0.23392,0.23772,0.32152,0.27331
0.76071,0.76079,0.7877,0.77094,0.83503
0.64835,0.70146,0.71234,0.6196,0.70062
0.84569,0.86299,0.88316,0.84067,0.91853
0.39972,0.46793,0.49521,0.37401,0.50593
0.99406,0.98145,0.96957,0.99355,0.95331
0.11525,0.071023,0.056122,0.1358,0.03997
0.22862,0.30529,0.35119,0.21136,0.41013
0.88776,0.81241,0.77294,0.91228,0.71424
0.68156,0.55623,0.48857,0.7153,0.40504
0.96489,0.93917,0.91082,0.96499,0.85362
0.3413,0.23003,0.19614,0.38463,0.17176
0.6648,0.75931,0.80792,0.63454,0.88761
0.59766,0.75355,0.80845,0.55165,0.85843
0.64922,0.78586,0.84143,0.59642,0.92664
0.51636,0.71741,0.78955,0.45881,0.87038
0.66789,0.8297,0.87833,0.60149,0.94159
0.44205,0.64814,0.72854,0.38723,0.85272
0.73521,0.89116,0.91672,0.67695,0.9213
0.38297,0.52664,0.59876,0.35541,0.77306
0.85903,0.95751,0.95719,0.83987,0.90789
0.2722,0.308,0.33171,0.27807,0.4935
0.91281,0.84087,0.83367,0.92924,0.81792
0.54075,0.44638,0.41467,0.54396,0.32117
0.9366,0.98275,0.98843,0.92856,0.98074
0.08826,0.13425,0.15449,0.081116,0.23385
0.56389,0.42645,0.39562,0.58743,0.35068
0.9485,0.97088,0.97215,0.9372,0.96997
0.12286,0.14798,0.16767,0.12471,0.20553
0.56398,0.49562,0.47925,0.58879,0.45577
0.99481,0.99185,0.9856,0.99255,0.97766
0.055929,0.038073,0.033535,0.067811,0.031345
0.1417,0.16803,0.19267,0.13828,0.22097
0.61014,0.55482,0.52833,0.63751,0.50225
0.98973,0.97552,0.96024,0.99098,0.94413
0.142,0.096578,0.074344,0.16725,0.05548
0.30011,0.37807,0.43528,0.2739,0.49096
0.95711,0.91459,0.87955,0.97187,0.83603
0.40378,0.29583,0.2322,0.44838,0.17794
0.73456,0.83757,0.89148,0.68314,0.93705
0.42906,0.57952,0.67321,0.3669,0.76419
0.86097,0.93441,0.94473,0.81328,0.93113
0.27362,0.33397,0.40455,0.27015,0.51445
0.9295,0.88033,0.85164,0.96209,0.81258
0.48997,0.38751,0.30582,0.51614,0.24451
0.85969,0.92688,0.96167,0.81453,0.97324
0.21711,0.31057,0.40866,0.17365,0.49947
0.9034,0.82658,0.74037,0.94238,0.66425
0.69436,0.56042,0.43265,0.76916,0.34403
0.93453,0.92237,0.86121,0.91907,0.79186
0.45002,0.35392,0.31058,0.54157,0.30994
0.89557,0.92238,0.94413,0.86971,0.97794
0.2051,0.29193,0.35394,0.1791,0.38094
0.86177,0.78774,0.72819,0.89489,0.65244
0.75679,0.63758,0.54944,0.80207,0.47443
0.93838,0.86934,0.80071,0.95792,0.7168
0.59299,0.43676,0.34085,0.66875,0.25783
0.88378,0.93724,0.93141,0.83746,0.90972
0.2948,0.32341,0.37645,0.31728,0.46276
0.92453,0.88426,0.87767,0.95667,0.86356
0.42422,0.3598,0.30178,0.42193,0.24734
0.84741,0.91108,0.93793,0.81193,0.95316
0.27792,0.36994,0.44398,0.24624,0.52547
0.94866,0.89881,0.85239,0.96743,0.79505
0.47649,0.35054,0.27076,0.53239,0.20957
0.80774,0.89548,0.93688,0.75317,0.96338
0.29409,0.42341,0.52676,0.24431,0.62828
0.94286,0.92005,0.87148,0.94294,0.79942
0.44257,0.328,0.27405,0.51175,0.25795
0.83997,0.89033,0.92608,0.80259,0.97038
0.28125,0.40423,0.48832,0.23833,0.53864
0.96166,0.90996,0.86019,0.96968,0.79003
0.46082,0.3156,0.24851,0.52682,0.18564
0.7603,0.86979,0.9122,0.70798,0.95641
0.35179,0.51751,0.60803,0.3019,0.71686
0.90602,0.93933,0.92414,0.87865,0.87101
0.33887,0.30226,0.32254,0.37107,0.39014
0.89751,0.88094,0.8871,0.91494,0.91852
0.36031,0.38781,0.36893,0.34612,0.3356
0.92089,0.92892,0.92785,0.91095,0.91144
0.29328,0.27805,0.29164,0.29823,0.30943
0.82887,0.82523,0.82068,0.8402,0.83528
0.564,0.57791,0.56014,0.56626,0.55203
0.98256,0.98369,0.97973,0.98686,0.98364
0.064694,0.073008,0.060161,0.069901,0.060611
0.24851,0.23776,0.26146,0.23027,0.24872
0.73726,0.75623,0.7225,0.75482,0.72994
0.76414,0.7833,0.74514,0.78975,0.76064
0.70534,0.73414,0.68037,0.73596,0.69612
0.81522,0.84361,0.78808,0.84993,0.8085
0.57642,0.62453,0.53387,0.63033,0.56267
0.96268,0.98122,0.94105,0.98407,0.95734
0.12105,0.17189,0.083572,0.17963,0.10922
0.4739,0.38631,0.5521,0.37192,0.49568
0.97643,0.98872,0.94612,0.98852,0.96924
0.082954,0.13765,0.060902,0.14996,0.073787
0.36711,0.28736,0.466,0.27695,0.39372
0.89122,0.94805,0.8286,0.95769,0.87415
0.32546,0.44985,0.21841,0.46988,0.29145
0.905,0.80143,0.96212,0.77862,0.92614
0.44397,0.284,0.6113,0.25768,0.49238
0.91466,0.95339,0.80537,0.95411,0.88863
0.28934,0.44042,0.22149,0.4778,0.2589
0.87122,0.77908,0.9617,0.75555,0.89598
0.52243,0.3371,0.65699,0.30794,0.57168
0.94278,0.94412,0.87598,0.93163,0.93064
0.23273,0.31376,0.25307,0.33722,0.23756
0.78502,0.74779,0.86548,0.75567,0.79618
0.69908,0.58878,0.71838,0.57552,0.70102
0.89722,0.83966,0.95647,0.83914,0.90223
0.43799,0.29478,0.50196,0.28771,0.44424
0.91706,0.97623,0.84307,0.97637,0.91072
0.21856,0.38435,0.13623,0.39374,0.21097
0.79387,0.61388,0.90267,0.60692,0.80369
0.7761,0.54751,0.89122,0.53757,0.78708
0.81709,0.58638,0.93217,0.57559,0.82727
0.75356,0.47983,0.90158,0.46873,0.76589
0.8463,0.59384,0.933,0.58208,0.85424
0.71031,0.44313,0.89703,0.43395,0.72182
0.88792,0.63536,0.92327,0.62596,0.89285
0.62903,0.39931,0.8668,0.39336,0.63884
0.94039,0.7238,0.90747,0.71858,0.94186
0.48084,0.33201,0.75743,0.33061,0.4868
0.94874,0.86876,0.87105,0.86892,0.94762
0.31401,0.33532,0.45516,0.33708,0.3124
0.874,0.92327,0.90261,0.92242,0.87588
0.36724,0.38479,0.29149,0.38254,0.37052
0.93888,0.88471,0.93388,0.88605,0.93674
0.31322,0.25523,0.39003,0.2582,0.30874
0.81235,0.89147,0.78208,0.889,0.81732
0.50388,0.61986,0.41995,0.615,0.51173
0.97388,0.98269,0.94777,0.98293,0.97611
0.08276,0.14169,0.080618,0.13779,0.085311
0.38973,0.3187,0.4624,0.32139,0.3817
0.91078,0.96242,0.88285,0.9595,0.91509
0.23747,0.34691,0.17642,0.34157,0.24729
0.81529,0.67809,0.87075,0.68654,0.80521
0.73547,0.56095,0.82529,0.57098,0.72117
0.88309,0.70824,0.94192,0.71947,0.87156
0.61473,0.36697,0.75712,0.38071,0.59391
0.947,0.85022,0.91608,0.85943,0.94716
0.33938,0.27965,0.47743,0.27678,0.32781
0.84891,0.93322,0.82271,0.92579,0.85201
0.39043,0.51834,0.29419,0.51698,0.40497
0.97834,0.90201,0.98193,0.90739,0.97426
0.21271,0.10544,0.31746,0.11069,0.19945
0.52416,0.72919,0.43363,0.7168,0.54249
0.90197,0.97001,0.81909,0.97002,0.91363
0.22978,0.43753,0.16398,0.42041,0.24307
0.84494,0.66377,0.93641,0.67541,0.83076
0.70721,0.43228,0.82016,0.44796,0.68668
0.91184,0.73637,0.94587,0.75168,0.9039
0.53795,0.31451,0.7059,0.32318,0.51543
0.93706,0.90734,0.86484,0.91076,0.94104
0.2748,0.3502,0.3444,0.3428,0.27465
0.84791,0.85616,0.90544,0.85513,0.84392
0.51035,0.4355,0.47891,0.44076,0.5078
0.99236,0.99734,0.98602,0.99769,0.99347
0.019488,0.03953,0.014442,0.037427,0.020402
0.11196,0.075202,0.13888,0.076004,0.10724
0.33728,0.42205,0.29943,0.41568,0.34367
0.93448,0.8775,0.96017,0.88075,0.92977
0.33553,0.22204,0.39784,0.22838,0.32538
0.79522,0.90161,0.72396,0.89682,0.80631
0.50592,0.68832,0.40617,0.67784,0.52215
0.93527,0.9699,0.87571,0.97062,0.94281
0.17381,0.31656,0.14741,0.30437,0.18187
0.7147,0.57124,0.82081,0.57875,0.69911
0.90106,0.72973,0.93853,0.7409,0.89
0.56687,0.34319,0.72362,0.35684,0.54517
0.95028,0.89211,0.89885,0.89812,0.95424
0.27074,0.2872,0.37432,0.27885,0.26721
0.79992,0.85885,0.82414,0.85446,0.79568
0.57486,0.59746,0.50003,0.60326,0.57696
0.97,0.98611,0.96371,0.98507,0.96835
0.091454,0.12081,0.065106,0.124,0.091109
0.37348,0.30161,0.41106,0.30206,0.3782
0.89605,0.9412,0.85547,0.94339,0.89473
0.30641,0.41235,0.2452,0.41346,0.30147
0.90024,0.81261,0.94672,0.8092,0.90329
0.46726,0.31336,0.57219,0.30979,0.47451
0.9357,0.97476,0.87009,0.97498,0.93269
0.18136,0.3216,0.13341,0.32623,0.17732
0.71468,0.56262,0.8346,0.5586,0.72124
0.8864,0.71395,0.94198,0.70899,0.89128
0.5823,0.36132,0.76085,0.35533,0.59139
0.94764,0.85764,0.90049,0.85412,0.94679
0.33029,0.29944,0.47989,0.3018,0.33374
0.86632,0.93134,0.85673,0.9338,0.86639
0.36979,0.45498,0.27547,0.45403,0.36603
0.95727,0.87793,0.97238,0.87611,0.9585
0.28087,0.16484,0.39903,0.16336,0.28493
0.69534,0.85029,0.58973,0.85306,0.69108
0.69815,0.86774,0.55155,0.86993,0.69235
0.67427,0.87045,0.50919,0.87388,0.6682
0.68991,0.89029,0.50133,0.89301,0.68239
0.65151,0.87415,0.4478,0.87833,0.64375
0.70165,0.89778,0.48929,0.90064,0.69277
0.63203,0.86331,0.42621,0.8687,0.62302
0.72819,0.90602,0.51554,0.90858,0.71788
0.59699,0.83989,0.40267,0.84734,0.58679
0.77473,0.91981,0.5711,0.92113,0.76289
0.52818,0.78455,0.36152,0.79556,0.51726
0.8534,0.93166,0.68935,0.93,0.84121
0.40508,0.63612,0.31744,0.65194,0.3958
0.9435,0.91638,0.91176,0.91123,0.93788
0.26412,0.27143,0.31572,0.28204,0.26486
0.78418,0.81782,0.80686,0.82035,0.79222
0.63217,0.64474,0.59579,0.63575,0.63576
0.92213,0.94366,0.92545,0.94294,0.92801
0.24467,0.27471,0.22015,0.26596,0.25283
0.77259,0.72138,0.77872,0.72715,0.75962
0.76073,0.70681,0.78783,0.7182,0.74641
0.78653,0.7114,0.80417,0.72254,0.76764
0.75778,0.66781,0.79341,0.68472,0.73443
0.82381,0.71417,0.85346,0.73247,0.79699
0.71673,0.56804,0.77018,0.59474,0.6787
0.9154,0.7822,0.94631,0.80753,0.88652
0.51871,0.299,0.60674,0.3347,0.45941
0.92417,0.9627,0.87353,0.9656,0.94953
0.17893,0.33935,0.16862,0.2984,0.20511
0.75578,0.60646,0.83647,0.62955,0.70651
0.87667,0.67392,0.90411,0.71274,0.83497
0.68683,0.43857,0.79876,0.48598,0.61827
0.95407,0.77499,0.95715,0.81408,0.93122
0.4467,0.22246,0.60273,0.24966,0.37694
0.83295,0.94508,0.74431,0.92868,0.87602
0.34458,0.61378,0.28878,0.56455,0.41313
0.95345,0.87104,0.95135,0.90444,0.946
0.3119,0.20813,0.37628,0.20983,0.25589
0.72525,0.87468,0.68898,0.8315,0.76091
0.60448,0.78824,0.53521,0.76922,0.68364
0.78539,0.94489,0.71949,0.90807,0.8364
0.40746,0.68751,0.32472,0.64298,0.50839
0.93316,0.91522,0.88762,0.93639,0.94776
0.25374,0.32286,0.28677,0.2925,0.23929
0.79691,0.79645,0.84783,0.77859,0.78614
0.65917,0.58839,0.65372,0.6038,0.66886
0.92447,0.90874,0.95709,0.90183,0.92359
0.30423,0.23278,0.32507,0.23636,0.31326
0.79337,0.84737,0.73411,0.85435,0.79195
0.59495,0.69816,0.53487,0.69769,0.58498
0.91271,0.96588,0.85848,0.96918,0.91053
0.23783,0.37527,0.16169,0.37726,0.22975
0.81304,0.66404,0.8991,0.6565,0.81995
0.72811,0.52614,0.84377,0.51924,0.73858
0.8755,0.69335,0.95083,0.68468,0.88291
0.6124,0.36539,0.79002,0.35659,0.62616
0.93368,0.81862,0.89672,0.81173,0.93388
0.40319,0.33754,0.5794,0.33898,0.41124
0.93456,0.96123,0.9033,0.9641,0.93331
0.20359,0.28221,0.16433,0.28311,0.19728
0.71453,0.62007,0.78488,0.61341,0.72052
0.86811,0.76531,0.91844,0.76124,0.87456
0.56657,0.41278,0.68042,0.40502,0.57714
0.97382,0.93039,0.95705,0.92709,0.9734
0.17337,0.14578,0.25469,0.14763,0.17791
0.54474,0.64946,0.52659,0.65528,0.54297
0.95567,0.98619,0.91611,0.98576,0.95226
0.1233,0.22005,0.080528,0.22579,0.11972
0.54186,0.3965,0.6532,0.39289,0.55138
0.97527,0.95032,0.95068,0.94841,0.97514
0.13827,0.1467,0.19181,0.1476,0.14118
0.49124,0.54358,0.5138,0.54761,0.48945
0.99635,0.99876,0.99242,0.99855,0.99574
0.011327,0.020576,0.0078448,0.021753,0.010851
0.060075,0.042228,0.077692,0.041843,0.062755
0.20126,0.2468,0.17363,0.25089,0.19733
0.684,0.62198,0.73029,0.61855,0.69101
0.894,0.83765,0.92671,0.83325,0.89917
0.44589,0.34722,0.52206,0.34103,0.45694
0.95348,0.98452,0.9123,0.98568,0.9485
0.1331,0.22996,0.08485,0.23758,0.1248
0.56149,0.4183,0.67584,0.40883,0.57743
0.97568,0.93487,0.96065,0.93022,0.97583
0.16155,0.13511,0.24156,0.13645,0.16898
0.51728,0.62032,0.49571,0.62967,0.51208
0.97356,0.99364,0.94367,0.99298,0.96914
0.075511,0.14455,0.045191,0.15231,0.07085
0.369,0.25279,0.47225,0.24781,0.38439
0.85907,0.94328,0.7752,0.94912,0.84928
0.37514,0.55299,0.25294,0.56339,0.35605
0.95141,0.86095,0.9633,0.85123,0.95642
0.30901,0.19474,0.45758,0.18933,0.32783
0.76432,0.89383,0.65782,0.9048,0.74876
0.58148,0.76737,0.4159,0.77824,0.55453
0.86332,0.94672,0.72915,0.95095,0.84751
0.37061,0.58806,0.25375,0.60677,0.34805
0.93779,0.85761,0.94127,0.84473,0.94011
0.34448,0.25337,0.47801,0.25331,0.36363
0.84736,0.93126,0.78078,0.94131,0.83949
0.4095,0.56651,0.28312,0.57273,0.38615
0.96543,0.89882,0.9637,0.88989,0.97055
0.22849,0.15941,0.35406,0.15361,0.24788
0.6473,0.78257,0.56671,0.79925,0.6259
0.81907,0.921,0.69331,0.92764,0.79341
0.48528,0.67859,0.33685,0.70462,0.45314
0.93855,0.93894,0.85657,0.93139,0.92336
0.25364,0.34789,0.26737,0.37408,0.24715
0.81899,0.78409,0.90816,0.78117,0.83664
0.61004,0.48468,0.64579,0.46452,0.62921
0.96469,0.93985,0.98881,0.93119,0.96926
0.16901,0.10385,0.22151,0.099176,0.18857
0.49912,0.60043,0.39731,0.62156,0.47482
0.9807,0.97698,0.95103,0.97397,0.97315
0.095087,0.12689,0.10475,0.14101,0.090157
0.38149,0.36799,0.45496,0.3649,0.40572
0.94702,0.9641,0.93497,0.97305,0.93831
0.18657,0.2136,0.13383,0.22412,0.16067
0.60581,0.54902,0.66173,0.52096,0.64012
0.95586,0.9318,0.98442,0.9174,0.97121
0.1816,0.12897,0.25691,0.10825,0.22353
0.57407,0.65609,0.45233,0.69467,0.5107
0.95375,0.97629,0.88703,0.98055,0.92187
0.18897,0.26905,0.11609,0.31766,0.14255
0.63531,0.53923,0.78519,0.49142,0.71491
0.90677,0.82003,0.96456,0.77043,0.94844
0.38749,0.27273,0.59768,0.2203,0.49009
0.90179,0.93938,0.76239,0.95136,0.83636
0.38428,0.50827,0.25826,0.59093,0.29746
0.92068,0.87068,0.96162,0.81766,0.9446
0.32608,0.24292,0.4858,0.22026,0.42074
0.85763,0.91875,0.74011,0.95703,0.80218
0.46884,0.59586,0.28533,0.64831,0.35728
0.9464,0.91162,0.92543,0.87158,0.95051
0.24998,0.24774,0.37408,0.25366,0.31158
0.79656,0.83349,0.76989,0.88329,0.76405
0.63913,0.6661,0.50624,0.68463,0.54937
0.93821,0.95405,0.88897,0.98191,0.90282
0.26002,0.29956,0.15037,0.34269,0.17143
0.71031,0.66023,0.83424,0.57574,0.80861
0.76466,0.70902,0.89877,0.62518,0.87196
0.6443,0.57021,0.82955,0.45846,0.79037
0.83103,0.76507,0.94458,0.65206,0.92569
0.50353,0.41887,0.75285,0.3088,0.68865
0.92409,0.88227,0.89678,0.80624,0.91994
0.3476,0.33444,0.50519,0.36168,0.43692
0.93421,0.94718,0.91621,0.98514,0.92216
0.24384,0.26883,0.14712,0.27324,0.16571
0.67641,0.63637,0.76145,0.55413,0.74463
0.84636,0.81351,0.93391,0.76807,0.91477
0.46544,0.40585,0.61843,0.32269,0.5859
0.97028,0.96906,0.92185,0.9489,0.93831
0.16969,0.19357,0.17007,0.25327,0.16233
0.58211,0.57012,0.67787,0.57448,0.64843
0.9488,0.92895,0.96851,0.90118,0.96907
0.19219,0.16874,0.2913,0.14448,0.25974
0.66068,0.70717,0.55755,0.76713,0.57885
0.90123,0.9304,0.79297,0.9543,0.82259
0.41484,0.48163,0.26072,0.57562,0.2971
0.92239,0.88375,0.9662,0.82055,0.96019
0.28237,0.22875,0.46303,0.1865,0.4092
0.83377,0.88285,0.6901,0.94339,0.73454
0.59258,0.67579,0.36784,0.75729,0.4236
0.93044,0.94077,0.81823,0.93157,0.86308
0.3389,0.4065,0.27453,0.50593,0.27851
0.88558,0.85828,0.96387,0.82018,0.9336
0.37106,0.29374,0.49835,0.23327,0.47267
0.91543,0.95305,0.79536,0.97019,0.84172
0.35133,0.45023,0.1977,0.54435,0.2447
0.86938,0.79473,0.95545,0.7174,0.9306
0.45532,0.34628,0.6756,0.27397,0.59516
0.94037,0.93145,0.85317,0.90776,0.90082
0.29817,0.35196,0.31575,0.41979,0.28739
0.86289,0.85681,0.93539,0.85496,0.89702
0.43444,0.37081,0.46822,0.32466,0.47312
0.96694,0.98377,0.91422,0.98458,0.93663
0.14836,0.2051,0.087433,0.25407,0.10861
0.51826,0.43626,0.6665,0.39368,0.60728
0.97184,0.94787,0.96125,0.92486,0.97445
0.1447,0.13608,0.22893,0.13966,0.18432
0.53173,0.58753,0.49849,0.63642,0.49918
0.9858,0.99512,0.95271,0.99255,0.96469
0.075655,0.10823,0.040073,0.14537,0.052123
0.29063,0.23372,0.41274,0.20787,0.36926
0.82407,0.87903,0.71571,0.92139,0.76065
0.57711,0.66973,0.40316,0.72293,0.46415
0.94345,0.96089,0.85494,0.96093,0.89933
0.25194,0.33429,0.18482,0.40121,0.19982
0.76377,0.69945,0.89327,0.6551,0.83563
0.6978,0.58046,0.82323,0.50921,0.78641
0.82505,0.73893,0.9464,0.66426,0.89661
0.57183,0.42829,0.76897,0.34737,0.69833
0.91787,0.85844,0.91987,0.78966,0.93304
0.36135,0.31697,0.5472,0.31157,0.45965
0.92908,0.94799,0.8749,0.97886,0.90083
0.27591,0.33534,0.16979,0.36609,0.19159
0.75989,0.70249,0.8753,0.62534,0.83928
0.69197,0.60849,0.84158,0.53298,0.8041
0.79762,0.71894,0.93019,0.6231,0.89472
0.59784,0.48828,0.81242,0.38039,0.75097
0.88255,0.80703,0.93496,0.70522,0.93182
0.43614,0.35833,0.67884,0.30697,0.58618
0.94887,0.92706,0.88401,0.91416,0.92262
0.26963,0.29894,0.30398,0.34447,0.25714
0.79984,0.81914,0.86832,0.81499,0.83734
0.57587,0.55325,0.5838,0.51129,0.61406
0.96918,0.97586,0.99186,0.96389,0.98421
0.082329,0.077731,0.10828,0.056441,0.12264
0.35294,0.33846,0.26352,0.38878,0.27489
0.85317,0.84998,0.9084,0.80318,0.91854
0.41433,0.42628,0.54736,0.3477,0.53997
0.98441,0.98058,0.94757,0.98381,0.9444
0.13494,0.12468,0.082829,0.19032,0.077309
0.37153,0.39052,0.5042,0.32678,0.51602
0.97136,0.96547,0.92441,0.9875,0.91618
0.20937,0.18919,0.11018,0.26895,0.10301
0.50865,0.5358,0.66924,0.42143,0.68883
0.93348,0.9478,0.97512,0.88179,0.97449
0.15865,0.17523,0.28639,0.1301,0.30934
0.6981,0.66594,0.5456,0.79771,0.52944
0.93318,0.91461,0.79007,0.95925,0.76948
0.48481,0.44202,0.2773,0.63346,0.25356
0.88454,0.90896,0.94205,0.79428,0.94323
0.28618,0.3152,0.4649,0.26001,0.49937
0.92024,0.90183,0.83437,0.97474,0.81404
0.4612,0.41628,0.25895,0.53109,0.23698
0.86226,0.8899,0.9624,0.7705,0.96788
0.27984,0.31811,0.50914,0.19182,0.54452
0.91749,0.89937,0.76946,0.95829,0.74101
0.53864,0.49176,0.30581,0.68073,0.28497
0.91605,0.92941,0.926,0.83582,0.92002
0.28131,0.28801,0.39251,0.31068,0.41486
0.88693,0.87514,0.84998,0.95182,0.8465
0.47069,0.45375,0.33024,0.48176,0.31504
0.93422,0.94573,0.98402,0.88642,0.98417
0.14501,0.15944,0.27991,0.096614,0.29807
0.66743,0.63958,0.47896,0.77432,0.46396
0.95138,0.94095,0.8293,0.96676,0.81357
0.39153,0.3603,0.21447,0.54068,0.20177
0.80007,0.82427,0.92928,0.69249,0.94026
0.42582,0.46416,0.67032,0.30457,0.6937
0.92795,0.93736,0.91734,0.86497,0.90634
0.28523,0.28032,0.34625,0.33601,0.36453
0.86165,0.85511,0.85527,0.91366,0.86122
0.48583,0.48695,0.41452,0.4695,0.40439
0.98316,0.98642,0.9951,0.97002,0.99431
0.040927,0.043948,0.078411,0.030606,0.084413
0.23045,0.21753,0.15794,0.28106,0.15497
0.61304,0.62669,0.7233,0.55594,0.73531
0.86633,0.88083,0.94553,0.80933,0.94922
0.32203,0.34313,0.48731,0.24119,0.50549
0.94298,0.93285,0.83507,0.97286,0.82241
0.39715,0.36974,0.21536,0.52136,0.20272
0.80615,0.82833,0.93623,0.69491,0.94479
0.41236,0.44563,0.66146,0.28617,0.68377
0.93082,0.93807,0.90195,0.874,0.89036
0.30605,0.29834,0.33817,0.37895,0.35319
0.87295,0.86888,0.88995,0.9082,0.89729
0.41532,0.42149,0.39431,0.37553,0.38656
0.96287,0.96452,0.95655,0.95053,0.95406
0.1548,0.15285,0.16287,0.17252,0.16652
0.53524,0.53271,0.54458,0.55234,0.54799
0.99343,0.99376,0.99235,0.99118,0.99191
0.028215,0.027897,0.029936,0.031608,0.030689
0.11333,0.11247,0.11552,0.11806,0.11635
0.40494,0.40472,0.40797,0.41063,0.40941
0.96527,0.96486,0.9659,0.96679,0.96607
0.13344,0.13319,0.132,0.13113,0.13124
0.4593,0.46056,0.45873,0.45705,0.45883
0.99349,0.99333,0.9932,0.99314,0.99302
0.026992,0.02646,0.026882,0.027363,0.026677
0.10361,0.10467,0.10474,0.10447,0.10557
0.37579,0.37344,0.37459,0.37616,0.37335
0.93612,0.93751,0.93727,0.93668,0.93821
0.23372,0.23689,0.23572,0.2339,0.23758
0.72307,0.71897,0.72,0.72201,0.71737
0.80874,0.80413,0.80562,0.80812,0.80281
0.63033,0.6233,0.62527,0.62885,0.62086
0.93955,0.9351,0.93648,0.93882,0.9337
0.24339,0.23359,0.23642,0.24148,0.23038
0.71506,0.72802,0.72416,0.71736,0.7321
0.79094,0.80551,0.80127,0.79369,0.81016
0.62498,0.64693,0.64044,0.62897,0.65389
0.91226,0.92775,0.92331,0.91522,0.93247
0.26601,0.29833,0.28865,0.27183,0.30893
0.83918,0.80477,0.81521,0.83305,0.79313
0.63212,0.57693,0.5934,0.62212,0.5589
0.97612,0.95051,0.95901,0.97209,0.94035
0.19496,0.13152,0.14923,0.18257,0.11323
0.44912,0.55674,0.52502,0.46896,0.59131
0.97816,0.99293,0.99222,0.98348,0.99027
0.03853,0.055152,0.044974,0.037733,0.071546
0.22819,0.16484,0.17634,0.21141,0.15861
0.55846,0.63351,0.60598,0.56833,0.67048
0.91424,0.9665,0.95502,0.9256,0.97382
0.13554,0.23141,0.19941,0.15077,0.27528
0.72612,0.56941,0.61448,0.69769,0.52117
0.97007,0.88245,0.91574,0.95997,0.83744
0.44338,0.23264,0.28675,0.3993,0.17588
0.68096,0.88378,0.83489,0.72499,0.93395
0.38282,0.68027,0.5989,0.43891,0.77461
0.80027,0.94468,0.93087,0.84516,0.9384
0.26206,0.42444,0.35537,0.27222,0.54639
0.9632,0.85816,0.88797,0.93772,0.80384
0.5171,0.29156,0.36401,0.48625,0.23199
0.79238,0.94881,0.91405,0.83734,0.9704
0.20494,0.45696,0.36401,0.24759,0.55277
0.95683,0.80926,0.87459,0.93622,0.72749
0.65121,0.33353,0.42921,0.57816,0.26114
0.83828,0.93874,0.93712,0.88584,0.92502
0.28258,0.3731,0.30912,0.27136,0.45379
0.94826,0.84289,0.86234,0.90966,0.81997
0.52371,0.35495,0.43377,0.51226,0.29527
0.88646,0.98268,0.9601,0.9166,0.98195
0.1028,0.25692,0.18356,0.13142,0.32585
0.77594,0.51214,0.60906,0.71083,0.45936
0.9663,0.84147,0.91497,0.95784,0.78227
0.55973,0.25201,0.34393,0.46278,0.19943
0.72526,0.92514,0.87707,0.79299,0.95495
0.28181,0.58044,0.46328,0.33718,0.67135
0.91646,0.90929,0.94009,0.93412,0.85484
0.40245,0.27218,0.28177,0.34935,0.29823
0.82949,0.87639,0.84667,0.83192,0.92574
0.37532,0.53159,0.49862,0.41335,0.53378
0.98993,0.97162,0.98469,0.99494,0.95805
0.12597,0.056111,0.064735,0.1015,0.043082
0.21358,0.32835,0.2837,0.21966,0.37883
0.88772,0.75634,0.78679,0.85792,0.70501
0.74594,0.55507,0.61822,0.72506,0.482
0.96976,0.86475,0.89778,0.954,0.79982
0.51044,0.26475,0.32623,0.47094,0.19582
0.7338,0.92331,0.88679,0.77876,0.96127
0.2726,0.56065,0.47774,0.31664,0.67663
0.91654,0.90456,0.93266,0.9295,0.83392
0.43529,0.28527,0.29847,0.38855,0.31104
0.85106,0.90092,0.8784,0.85766,0.95582
0.28739,0.45614,0.42315,0.3171,0.46481
0.97623,0.90724,0.93396,0.97376,0.85793
0.38017,0.18646,0.22215,0.34063,0.13652
0.57949,0.79586,0.74645,0.61307,0.87559
0.58599,0.84429,0.79513,0.63164,0.90919
0.4823,0.7825,0.7206,0.5349,0.88853
0.58451,0.87991,0.83469,0.6402,0.93686
0.39381,0.72777,0.66001,0.44697,0.87542
0.64841,0.91287,0.89131,0.69909,0.91827
0.36946,0.61654,0.56057,0.39362,0.81903
0.78553,0.95729,0.95371,0.80567,0.90824
0.29099,0.39906,0.37308,0.2921,0.6184
0.93895,0.88829,0.89741,0.92848,0.83795
0.44596,0.30858,0.33497,0.43669,0.27703
0.84339,0.93106,0.91594,0.85988,0.96764
0.22473,0.40202,0.3632,0.24315,0.46715
0.95047,0.82608,0.85648,0.93798,0.74442
0.61991,0.36347,0.41249,0.587,0.26555
0.86176,0.95288,0.94976,0.88425,0.93851
0.23235,0.31828,0.28414,0.2307,0.42175
0.90088,0.77398,0.79138,0.8761,0.73807
0.69859,0.52787,0.57631,0.68857,0.43344
0.97485,0.91822,0.93226,0.96732,0.86323
0.35748,0.18783,0.21732,0.33882,0.14825
0.59375,0.78063,0.74586,0.62307,0.86718
0.61205,0.84387,0.8068,0.64245,0.90299
0.48982,0.76067,0.71298,0.53014,0.87592
0.62328,0.89099,0.85791,0.66362,0.94165
0.36765,0.68091,0.6254,0.40761,0.84643
0.71806,0.92707,0.91943,0.75226,0.9051
0.35729,0.52479,0.48679,0.3625,0.73423
0.89199,0.96278,0.96479,0.89337,0.90736
0.25435,0.2489,0.24956,0.25055,0.37851
0.8358,0.75326,0.74941,0.83565,0.77347
0.70483,0.6594,0.65687,0.70835,0.56433
0.93003,0.87002,0.86629,0.93089,0.84469
0.46572,0.37087,0.36569,0.47037,0.2854
0.88662,0.95874,0.96119,0.88428,0.97788
0.15034,0.26392,0.27031,0.14701,0.37378
0.8221,0.66267,0.65429,0.82652,0.54927
0.9065,0.75982,0.75094,0.91013,0.62038
0.78631,0.56222,0.55052,0.79329,0.39399
0.94002,0.84631,0.83718,0.94077,0.69312
0.63955,0.39889,0.38895,0.65052,0.28688
0.89205,0.93866,0.93588,0.88698,0.906
0.29546,0.30438,0.30808,0.30141,0.38785
0.89174,0.84309,0.8454,0.89529,0.84867
0.5079,0.46194,0.45915,0.50393,0.39388
0.9771,0.9963,0.9967,0.97672,0.99536
0.0239,0.047675,0.048872,0.023341,0.083055
0.22814,0.14382,0.14135,0.22987,0.11349
0.47318,0.58468,0.58885,0.47037,0.67586
0.93114,0.98163,0.98235,0.92977,0.98475
0.085138,0.15384,0.15693,0.084346,0.23896
0.59281,0.43042,0.42625,0.59639,0.35196
0.94839,0.97277,0.97239,0.94705,0.95901
0.13802,0.14703,0.14869,0.13916,0.1941
0.55489,0.49217,0.492,0.55733,0.49235
0.99858,0.99444,0.99395,0.99846,0.98864
0.030743,0.015594,0.015122,0.031659,0.0098063
0.057028,0.086585,0.08877,0.056549,0.1127
0.34387,0.27403,0.27075,0.34694,0.23283
0.76986,0.8411,0.8449,0.76754,0.8854
0.49409,0.60826,0.61415,0.48989,0.68066
0.92014,0.97179,0.97351,0.91775,0.9867
0.10236,0.18966,0.19553,0.10024,0.27339
0.67096,0.51,0.50191,0.67678,0.4072
0.97263,0.94734,0.94357,0.97199,0.8877
0.27989,0.16372,0.16009,0.28618,0.1368
0.53962,0.65959,0.66794,0.5363,0.77773
0.81469,0.93622,0.9405,0.80987,0.96395
0.23042,0.39635,0.40703,0.22487,0.56282
0.94449,0.84933,0.84095,0.94706,0.73135
0.60497,0.38631,0.37409,0.61447,0.26321
0.8714,0.94646,0.94681,0.86529,0.93415
0.24675,0.31263,0.32116,0.24799,0.43612
0.90381,0.81295,0.8097,0.90968,0.76861
0.62861,0.49467,0.48323,0.63034,0.37551
0.96544,0.96971,0.96926,0.9648,0.93345
0.17804,0.12545,0.12592,0.17904,0.14604
0.48049,0.50541,0.50607,0.48138,0.57787
0.98888,0.99924,0.99931,0.98888,0.99627
0.012468,0.021341,0.021441,0.012339,0.041072
0.11341,0.068283,0.067923,0.11353,0.059853
0.25602,0.32039,0.321,0.2555,0.38466
0.89418,0.82228,0.82151,0.89447,0.77993
0.60985,0.49271,0.49161,0.61064,0.40889
0.98014,0.97813,0.97784,0.98004,0.95293
0.12703,0.082599,0.082384,0.12757,0.088204
0.32552,0.36599,0.36697,0.32536,0.43211
0.9472,0.90616,0.9057,0.94765,0.88846
0.35145,0.27777,0.27653,0.35197,0.21896
0.76011,0.85063,0.85169,0.75917,0.88924
0.47893,0.60641,0.60832,0.47779,0.6967
0.9098,0.97355,0.97404,0.90903,0.98284
0.10954,0.20354,0.20531,0.10896,0.30331
0.71118,0.53411,0.53182,0.71288,0.43486
0.97243,0.91743,0.91593,0.97241,0.83645
0.39331,0.21717,0.21544,0.39558,0.15127
0.63255,0.80176,0.80399,0.63098,0.91124
0.52465,0.76561,0.76825,0.52238,0.86985
0.62655,0.84116,0.84333,0.62405,0.94329
0.43038,0.71244,0.71565,0.42796,0.86487
0.67719,0.88952,0.89082,0.67458,0.92868
0.38356,0.60787,0.61094,0.38209,0.81512
0.79489,0.94879,0.94911,0.79355,0.91085
0.29884,0.39985,0.40168,0.29864,0.62084
0.93947,0.90575,0.90509,0.9401,0.84834
0.40799,0.29112,0.28938,0.40873,0.25518
0.81019,0.88746,0.88872,0.80894,0.94579
0.33357,0.49476,0.49753,0.33211,0.57551
0.97861,0.95012,0.94921,0.97845,0.89713
0.2598,0.14341,0.14254,0.26133,0.11255
0.47784,0.61529,0.61748,0.47701,0.73357
0.87768,0.96896,0.9696,0.87675,0.97634
0.13866,0.25832,0.26044,0.13785,0.39699
0.82354,0.63831,0.63584,0.82513,0.52466
0.9226,0.77072,0.7679,0.92341,0.62105
0.77027,0.52003,0.51668,0.77272,0.34998
0.92955,0.86786,0.86529,0.92924,0.72563
0.59098,0.37357,0.37141,0.59448,0.31587
0.90689,0.94894,0.94855,0.90564,0.95547
0.19757,0.25923,0.26055,0.19862,0.32283
0.80257,0.70897,0.70922,0.80397,0.65931
0.83909,0.73896,0.73757,0.83856,0.65875
0.80586,0.6686,0.66832,0.80719,0.57663
0.90085,0.76924,0.76764,0.90069,0.6594
0.75951,0.55285,0.55187,0.76111,0.41162
0.95398,0.87282,0.87118,0.95383,0.75294
0.55221,0.32544,0.32397,0.55446,0.23271
0.81546,0.92713,0.92742,0.81444,0.96118
0.24897,0.41906,0.42057,0.24879,0.55783
0.95698,0.8726,0.87209,0.95738,0.77164
0.53376,0.31936,0.31818,0.53429,0.21803
0.79769,0.92539,0.92592,0.79691,0.96403
0.25125,0.44156,0.44304,0.25062,0.59567
0.95263,0.88141,0.88061,0.95281,0.77302
0.52203,0.31229,0.31113,0.52306,0.23235
0.80744,0.92083,0.92135,0.80664,0.96952
0.24662,0.43947,0.44097,0.24603,0.57244
0.95828,0.8767,0.87591,0.95848,0.76624
0.53298,0.31085,0.30968,0.53398,0.21524
0.78921,0.91853,0.91904,0.78839,0.96353
0.26449,0.46331,0.46476,0.26392,0.6138
0.95208,0.89739,0.89676,0.95216,0.79466
0.47771,0.2856,0.28477,0.47858,0.22938
0.78524,0.89734,0.8979,0.78462,0.96899
0.28737,0.50541,0.50668,0.2867,0.61976
0.95605,0.91853,0.91804,0.9559,0.83099
0.40432,0.24102,0.24067,0.40511,0.20769
0.72181,0.83564,0.83616,0.72155,0.93314
0.43985,0.66297,0.66367,0.43927,0.74805
0.83999,0.93465,0.93484,0.83956,0.96224
0.22912,0.37601,0.37678,0.22894,0.49893
0.94297,0.83444,0.834,0.94328,0.73566
0.62021,0.40125,0.40036,0.62064,0.27089
0.88218,0.95222,0.95228,0.88182,0.9268
0.2456,0.28708,0.28766,0.2456,0.4018
0.87515,0.78421,0.78387,0.87559,0.76315
0.67367,0.56932,0.56845,0.67388,0.46505
0.97709,0.93536,0.93506,0.97727,0.8908
0.29288,0.17379,0.17311,0.29329,0.11919
0.53026,0.68787,0.6888,0.52952,0.78786
0.78694,0.92007,0.92064,0.78633,0.96364
0.26251,0.46272,0.46402,0.26179,0.61823
0.94978,0.89559,0.89484,0.94981,0.79075
0.48523,0.29264,0.29176,0.48628,0.23786
0.79883,0.90435,0.90492,0.79818,0.97178
0.26934,0.47873,0.48008,0.26867,0.5902
0.96326,0.90334,0.9027,0.96323,0.80465
0.45427,0.25673,0.25605,0.45521,0.19032
0.72002,0.86545,0.86606,0.71946,0.95426
0.3688,0.61824,0.61931,0.36809,0.74363
0.86111,0.9378,0.93782,0.86058,0.91396
0.29439,0.34357,0.34429,0.29451,0.4627
0.93654,0.87047,0.87025,0.93696,0.84734
0.45956,0.35532,0.35443,0.45971,0.26503
0.86229,0.95054,0.95092,0.86183,0.97205
0.18103,0.31655,0.31764,0.18054,0.43896
0.89202,0.74355,0.74242,0.89261,0.63167
0.80055,0.59387,0.59226,0.80135,0.43898
0.94131,0.81856,0.81727,0.94165,0.67245
0.68591,0.42767,0.42598,0.68725,0.28646
0.89467,0.92583,0.92527,0.89403,0.85643
0.38261,0.32154,0.32179,0.38367,0.38933
0.91512,0.90529,0.90561,0.91538,0.94594
0.27745,0.32798,0.32795,0.2769,0.29971
0.85471,0.84573,0.8453,0.8546,0.80521
0.56684,0.51109,0.51082,0.56741,0.50993
0.99781,0.9917,0.99155,0.99779,0.98374
0.044488,0.022297,0.022133,0.044753,0.014287
0.081592,0.12419,0.12485,0.081406,0.1591
0.46658,0.37506,0.37409,0.4674,0.323
0.91506,0.96321,0.96365,0.91465,0.98354
0.12401,0.21713,0.21832,0.12341,0.28689
0.71768,0.5707,0.56896,0.71871,0.47209
0.97065,0.90415,0.903,0.9709,0.8283
0.42339,0.24361,0.24188,0.42496,0.15902
0.67005,0.84321,0.84489,0.66854,0.93279
0.43925,0.68672,0.68926,0.43737,0.8219
0.74926,0.91494,0.91586,0.74745,0.94485
0.30904,0.50801,0.5107,0.30802,0.6988
0.91416,0.93413,0.9335,0.91391,0.85221
0.36886,0.27761,0.27721,0.36992,0.33324
0.85404,0.85992,0.86067,0.85383,0.92747
0.38778,0.48842,0.48944,0.38687,0.47593
0.99368,0.97708,0.97668,0.99364,0.95406
0.12171,0.061269,0.060806,0.12242,0.040218
0.21577,0.31822,0.31975,0.21525,0.40124
0.89065,0.78288,0.78158,0.89153,0.70473
0.71947,0.55059,0.54832,0.72052,0.43262
0.96795,0.90807,0.90692,0.96817,0.82395
0.42377,0.24117,0.23949,0.42537,0.16933
0.68027,0.84059,0.84224,0.67879,0.93578
0.43638,0.68427,0.68681,0.43455,0.808
0.7665,0.91632,0.91721,0.76471,0.94706
0.29987,0.48952,0.49227,0.29891,0.66609
0.93413,0.92775,0.92699,0.93407,0.84408
0.38215,0.25939,0.25858,0.38335,0.27426
0.79851,0.84693,0.84799,0.79792,0.93013
0.41469,0.57349,0.57515,0.41351,0.60584
0.9672,0.97457,0.97456,0.96668,0.96896
0.11144,0.11164,0.1125,0.11166,0.12711
0.41785,0.39763,0.39701,0.41912,0.40117
0.96086,0.96457,0.96512,0.96071,0.97217
0.12526,0.14197,0.14292,0.12439,0.14647
0.48811,0.46644,0.46431,0.48908,0.44328
0.99212,0.997,0.99725,0.99187,0.99824
0.011661,0.0202,0.020997,0.011321,0.029285
0.091404,0.065663,0.063995,0.092648,0.052263
0.23281,0.28185,0.28571,0.2306,0.32062
0.82786,0.7698,0.76533,0.83039,0.72799
0.73241,0.65067,0.64433,0.73605,0.58924
0.9232,0.8562,0.85051,0.92588,0.79929
0.53875,0.40574,0.396,0.54507,0.31532
0.92201,0.97427,0.97602,0.91833,0.98
0.10916,0.18158,0.18948,0.10741,0.27227
0.66304,0.51092,0.50149,0.67144,0.42686
0.97952,0.9521,0.94688,0.97861,0.89711
0.25627,0.14488,0.13989,0.26506,0.1107
0.47645,0.6092,0.62178,0.4717,0.7331
0.88051,0.96754,0.97116,0.87518,0.97583
0.14108,0.25236,0.26437,0.13657,0.39544
0.81841,0.64365,0.62966,0.82755,0.526
0.92108,0.779,0.76301,0.92561,0.62412
0.76123,0.52519,0.50616,0.7753,0.34862
0.93031,0.87684,0.86242,0.92837,0.73157
0.57379,0.37347,0.36155,0.59365,0.31495
0.90736,0.94929,0.94773,0.90035,0.96072
0.1882,0.25973,0.26796,0.19299,0.32789
0.80388,0.705,0.70489,0.81206,0.6435
0.85035,0.74141,0.73227,0.84841,0.65026
0.80536,0.65864,0.65501,0.81369,0.55152
0.91263,0.77884,0.76796,0.91261,0.65397
0.74927,0.53318,0.52488,0.75998,0.37761
0.9462,0.8866,0.87611,0.94488,0.7605
0.52918,0.32722,0.31813,0.54406,0.25823
0.84071,0.92699,0.92954,0.83447,0.97159
0.22508,0.38601,0.39667,0.22282,0.50073
0.94638,0.83954,0.83405,0.95005,0.72567
0.62112,0.39436,0.38327,0.62645,0.25639
0.86723,0.9446,0.94568,0.86226,0.92107
0.2711,0.32066,0.32852,0.27082,0.45012
0.91667,0.83989,0.8358,0.92158,0.81016
0.54945,0.43831,0.42703,0.55278,0.3291
0.9396,0.98449,0.98601,0.93673,0.9789
0.08736,0.13309,0.13968,0.08572,0.21709
0.54551,0.40597,0.39682,0.55359,0.35257
0.94413,0.97357,0.97466,0.94056,0.98241
0.098521,0.1497,0.15682,0.097932,0.20249
0.55532,0.44879,0.44102,0.56402,0.38348
0.96961,0.98718,0.98651,0.96766,0.98168
0.066928,0.082046,0.08443,0.068838,0.11655
0.34589,0.28168,0.28186,0.35013,0.26897
0.80863,0.85254,0.85474,0.80929,0.89547
0.45668,0.55232,0.55376,0.45371,0.59379
0.97849,0.99032,0.99006,0.97811,0.98925
0.044818,0.059438,0.059733,0.045431,0.080693
0.25128,0.20052,0.20116,0.25197,0.18479
0.63497,0.69202,0.6921,0.63579,0.73817
0.82424,0.88604,0.88568,0.82409,0.91133
0.38516,0.48341,0.48319,0.3857,0.55402
0.98898,0.97564,0.97587,0.98901,0.95158
0.13008,0.071509,0.071753,0.12967,0.057617
0.26251,0.35013,0.34929,0.26277,0.42854
0.92782,0.84861,0.84918,0.92741,0.79513
0.55125,0.40247,0.40365,0.55068,0.30688
0.9147,0.97476,0.97454,0.91514,0.97573
0.11812,0.19494,0.194,0.11834,0.28971
0.69456,0.53174,0.53285,0.69359,0.45762
0.97981,0.92952,0.93029,0.97983,0.86369
0.33775,0.17853,0.17943,0.33655,0.11826
0.54115,0.7263,0.72479,0.54203,0.84624
0.69136,0.88551,0.88443,0.69255,0.94582
0.36008,0.60863,0.60664,0.3614,0.78785
0.82178,0.93957,0.93963,0.8227,0.89704
0.32702,0.38843,0.38744,0.32669,0.56312
0.95846,0.91836,0.91846,0.95801,0.89049
0.32642,0.23646,0.23732,0.32643,0.18309
0.68216,0.79379,0.79316,0.68297,0.85136
0.60914,0.75106,0.75,0.60969,0.83063
0.68502,0.84084,0.83989,0.68592,0.91317
0.46991,0.68397,0.68246,0.47095,0.80788
0.76809,0.92491,0.92424,0.76912,0.95893
0.26715,0.47444,0.47266,0.26794,0.65602
0.93332,0.9008,0.9016,0.9333,0.79574
0.47832,0.30746,0.30839,0.47717,0.28909
0.85301,0.91824,0.91765,0.85364,0.98042
0.21984,0.39174,0.39025,0.22055,0.45826
0.94437,0.83235,0.83352,0.94395,0.71745
0.63708,0.40016,0.40193,0.63583,0.27089
0.88005,0.94487,0.945,0.88082,0.91197
0.28048,0.3044,0.3035,0.28005,0.41108
0.89762,0.82846,0.8286,0.89691,0.82302
0.55475,0.47789,0.47904,0.55481,0.3901
0.97618,0.99362,0.99354,0.97627,0.98437
0.048416,0.055944,0.055686,0.048525,0.08971
0.26049,0.19871,0.19921,0.26011,0.1987
0.65025,0.69757,0.69683,0.65072,0.75685
0.80196,0.87401,0.87335,0.80243,0.89209
0.43501,0.52901,0.52781,0.43579,0.60974
0.97512,0.99067,0.99075,0.97528,0.98016
0.06135,0.063862,0.063699,0.061137,0.09485
0.28518,0.23492,0.23479,0.28485,0.24132
0.73461,0.76222,0.76206,0.73442,0.80685
0.68474,0.7498,0.74985,0.68492,0.76435
0.74824,0.80124,0.80115,0.74818,0.84906
0.59268,0.68953,0.68951,0.59279,0.72947
0.83712,0.90552,0.90548,0.83712,0.94797
0.29731,0.43371,0.43365,0.29737,0.51058
0.97545,0.91637,0.91642,0.97545,0.8521
0.37438,0.21162,0.21169,0.37429,0.13661
0.6063,0.7887,0.78861,0.60636,0.89033
0.57121,0.79639,0.79629,0.5713,0.89836
0.55421,0.79772,0.79761,0.55431,0.91825
0.52441,0.79983,0.79972,0.52452,0.91943
0.52129,0.80128,0.80117,0.52141,0.92748
0.50751,0.79961,0.79951,0.50762,0.92526
0.51287,0.80252,0.80244,0.51298,0.92745
0.50631,0.79845,0.79838,0.5064,0.92631
0.51252,0.80405,0.80398,0.5126,0.92716
0.5051,0.79641,0.79635,0.50517,0.92645
0.5145,0.80673,0.80668,0.51456,0.92716
0.50213,0.7927,0.79265,0.50218,0.92625
0.51874,0.81156,0.81152,0.51879,0.92731
0.49647,0.78586,0.78582,0.49651,0.9257
0.52672,0.82024,0.82022,0.52676,0.92747
0.4862,0.77312,0.7731,0.48623,0.92433
0.54154,0.83557,0.83555,0.54157,0.92729
0.46797,0.74918,0.74915,0.468,0.92075
0.56917,0.86158,0.86156,0.56919,0.9255
0.43687,0.70378,0.70376,0.43689,0.91035
0.62056,0.90148,0.90147,0.62057,0.9183
0.38909,0.61924,0.61922,0.3891,0.87768
0.71273,0.94659,0.94658,0.71274,0.89867
0.33683,0.47978,0.47977,0.33683,0.7735
0.85397,0.95117,0.95117,0.85397,0.87423
0.3314,0.32665,0.32665,0.3314,0.49293
0.93445,0.88272,0.88272,0.93445,0.89764
0.37624,0.33802,0.33802,0.37624,0.25727
0.8406,0.91471,0.91471,0.8406,0.92129
0.32456,0.41282,0.41283,0.32455,0.51138
0.97378,0.92788,0.92787,0.97378,0.88914
0.3081,0.1932,0.19319,0.30811,0.13136
0.57123,0.72663,0.72664,0.57122,0.81308
0.72909,0.87787,0.87787,0.72908,0.94253
