0.1,0.2,0.3,0.5,0.6
0.0984,0.1256,0.1668,0.194,0.1752
0.080201,0.088825,0.10977,0.12158,0.11033
0.062802,0.065903,0.077252,0.083313,0.076637
0.048839,0.05009,0.056471,0.059814,0.055856
0.038052,0.038614,0.042296,0.044215,0.041855
0.029766,0.030042,0.03221,0.033339,0.031921
0.023378,0.023524,0.024821,0.025496,0.024638
0.018426,0.018508,0.019293,0.019702,0.019179
0.014565,0.014613,0.015093,0.015344,0.015022
0.011541,0.01157,0.011865,0.01202,0.011821
0.0091627,0.0091803,0.0093632,0.009459,0.0093357
0.0072855,0.0072963,0.0074102,0.0074698,0.007393
0.0057999,0.0058066,0.0058778,0.0059151,0.005867
0.0046218,0.004626,0.0046706,0.004694,0.0046638
0.0036858,0.0036885,0.0037165,0.0037312,0.0037122
0.0029413,0.0029429,0.0029605,0.0029698,0.0029579
0.0023483,0.0023493,0.0023604,0.0023663,0.0023587
0.0018756,0.0018762,0.0018833,0.0018869,0.0018822
0.0014985,0.0014989,0.0015034,0.0015057,0.0015027
0.0011976,0.0011978,0.0012006,0.0012021,0.0012002
0.00095725,0.00095742,0.00095919,0.00096012,0.00095892
0.00076529,0.00076539,0.00076652,0.00076711,0.00076635
0.0006119,0.00061197,0.00061268,0.00061305,0.00061257
0.00048931,0.00048935,0.0004898,0.00049004,0.00048973
0.00039131,0.00039134,0.00039162,0.00039177,0.00039158
0.00031296,0.00031298,0.00031316,0.00031326,0.00031313
0.00025031,0.00025033,0.00025044,0.0002505,0.00025042
0.00020022,0.00020022,0.0002003,0.00020033,0.00020028
0.00016015,0.00016015,0.0001602,0.00016022,0.00016019
0.0001281,0.00012811,0.00012814,0.00012815,0.00012813
0.00010247,0.00010248,0.00010249,0.0001025,0.00010249
8.1973e-05,8.1974e-05,8.1986e-05,8.1992e-05,8.1984e-05
6.5575e-05,6.5575e-05,6.5583e-05,6.5587e-05,6.5582e-05
5.2457e-05,5.2458e-05,5.2462e-05,5.2465e-05,5.2462e-05
4.1964e-05,4.1965e-05,4.1967e-05,4.1969e-05,4.1967e-05
3.357e-05,3.3571e-05,3.3572e-05,3.3573e-05,3.3572e-05
2.6856e-05,2.6856e-05,2.6857e-05,2.6858e-05,2.6857e-05
2.1484e-05,2.1484e-05,2.1485e-05,2.1485e-05,2.1485e-05
1.7187e-05,1.7187e-05,1.7188e-05,1.7188e-05,1.7187e-05
1.3749e-05,1.3749e-05,1.375e-05,1.375e-05,1.375e-05
1.0999e-05,1.0999e-05,1.1e-05,1.1e-05,1.1e-05
8.7995e-06,8.7995e-06,8.7996e-06,8.7997e-06,8.7996e-06
7.0395e-06,7.0395e-06,7.0396e-06,7.0396e-06,7.0396e-06
5.6316e-06,5.6316e-06,5.6316e-06,5.6317e-06,5.6316e-06
4.5052e-06,4.5053e-06,4.5053e-06,4.5053e-06,4.5053e-06
3.6042e-06,3.6042e-06,3.6042e-06,3.6042e-06,3.6042e-06
2.8833e-06,2.8833e-06,2.8834e-06,2.8834e-06,2.8834e-06
2.3067e-06,2.3067e-06,2.3067e-06,2.3067e-06,2.3067e-06
1.8453e-06,1.8453e-06,1.8453e-06,1.8453e-06,1.8453e-06
1.4763e-06,1.4763e-06,1.4763e-06,1.4763e-06,1.4763e-06
1.181e-06,1.181e-06,1.181e-06,1.181e-06,1.181e-06
9.4481e-07,9.4481e-07,9.4481e-07,9.4481e-07,9.4481e-07
7.5584e-07,7.5584e-07,7.5585e-07,7.5585e-07,7.5585e-07
6.0468e-07,6.0468e-07,6.0468e-07,6.0468e-07,6.0468e-07
4.8374e-07,4.8374e-07,4.8374e-07,4.8374e-07,4.8374e-07
3.8699e-07,3.8699e-07,3.8699e-07,3.8699e-07,3.8699e-07
3.0959e-07,3.0959e-07,3.0959e-07,3.0959e-07,3.0959e-07
2.4767e-07,2.4767e-07,2.4767e-07,2.4767e-07,2.4767e-07
1.9814e-07,1.9814e-07,1.9814e-07,1.9814e-07,1.9814e-07
1.5851e-07,1.5851e-07,1.5851e-07,1.5851e-07,1.5851e-07
1.2681e-07,1.2681e-07,1.2681e-07,1.2681e-07,1.2681e-07
1.0145e-07,1.0145e-07,1.0145e-07,1.0145e-07,1.0145e-07
8.1158e-08,8.1158e-08,8.1158e-08,8.1158e-08,8.1158e-08
6.4926e-08,6.4926e-08,6.4926e-08,6.4926e-08,6.4926e-08
5.1941e-08,5.1941e-08,5.1941e-08,5.1941e-08,5.1941e-08
4.1553e-08,4.1553e-08,4.1553e-08,4.1553e-08,4.1553e-08
3.3242e-08,3.3242e-08,3.3242e-08,3.3242e-08,3.3242e-08
2.6594e-08,2.6594e-08,2.6594e-08,2.6594e-08,2.6594e-08
2.1275e-08,2.1275e-08,2.1275e-08,2.1275e-08,2.1275e-08
1.702e-08,1.702e-08,1.702e-08,1.702e-08,1.702e-08
1.3616e-08,1.3616e-08,1.3616e-08,1.3616e-08,1.3616e-08
1.0893e-08,1.0893e-08,1.0893e-08,1.0893e-08,1.0893e-08
8.7143e-09,8.7143e-09,8.7143e-09,8.7143e-09,8.7143e-09
6.9714e-09,6.9714e-09,6.9714e-09,6.9714e-09,6.9714e-09
5.5771e-09,5.5771e-09,5.5771e-09,5.5771e-09,5.5771e-09
4.4617e-09,4.4617e-09,4.4617e-09,4.4617e-09,4.4617e-09
3.5694e-09,3.5694e-09,3.5694e-09,3.5694e-09,3.5694e-09
2.8555e-09,2.8555e-09,2.8555e-09,2.8555e-09,2.8555e-09
2.2844e-09,2.2844e-09,2.2844e-09,2.2844e-09,2.2844e-09
1.8275e-09,1.8275e-09,1.8275e-09,1.8275e-09,1.8275e-09
1.462e-09,1.462e-09,1.462e-09,1.462e-09,1.462e-09
1.1696e-09,1.1696e-09,1.1696e-09,1.1696e-09,1.1696e-09
9.3569e-10,9.3569e-10,9.3569e-10,9.3569e-10,9.3569e-10
7.4855e-10,7.4855e-10,7.4855e-10,7.4855e-10,7.4855e-10
5.9884e-10,5.9884e-10,5.9884e-10,5.9884e-10,5.9884e-10
4.7907e-10,4.7907e-10,4.7907e-10,4.7907e-10,4.7907e-10
3.8326e-10,3.8326e-10,3.8326e-10,3.8326e-10,3.8326e-10
3.0661e-10,3.0661e-10,3.0661e-10,3.0661e-10,3.0661e-10
2.4528e-10,2.4528e-10,2.4528e-10,2.4528e-10,2.4528e-10
1.9623e-10,1.9623e-10,1.9623e-10,1.9623e-10,1.9623e-10
1.5698e-10,1.5698e-10,1.5698e-10,1.5698e-10,1.5698e-10
1.2559e-10,1.2559e-10,1.2559e-10,1.2559e-10,1.2559e-10
1.0047e-10,1.0047e-10,1.0047e-10,1.0047e-10,1.0047e-10
8.0375e-11,8.0375e-11,8.0375e-11,8.0375e-11,8.0375e-11
6.43e-11,6.43e-11,6.43e-11,6.43e-11,6.43e-11
5.144e-11,5.144e-11,5.144e-11,5.144e-11,5.144e-11
4.1152e-11,4.1152e-11,4.1152e-11,4.1152e-11,4.1152e-11
3.2922e-11,3.2922e-11,3.2922e-11,3.2922e-11,3.2922e-11
2.6337e-11,2.6337e-11,2.6337e-11,2.6337e-11,2.6337e-11
2.107e-11,2.107e-11,2.107e-11,2.107e-11,2.107e-11
1.6856e-11,1.6856e-11,1.6856e-11,1.6856e-11,1.6856e-11
1.3485e-11,1.3485e-11,1.3485e-11,1.3485e-11,1.3485e-11
1.0788e-11,1.0788e-11,1.0788e-11,1.0788e-11,1.0788e-11
8.6302e-12,8.6302e-12,8.6302e-12,8.6302e-12,8.6302e-12
6.9042e-12,6.9042e-12,6.9042e-12,6.9042e-12,6.9042e-12
5.5233e-12,5.5233e-12,5.5233e-12,5.5233e-12,5.5233e-12
4.4187e-12,4.4187e-12,4.4187e-12,4.4187e-12,4.4187e-12
3.5349e-12,3.5349e-12,3.5349e-12,3.5349e-12,3.5349e-12
2.8279e-12,2.8279e-12,2.8279e-12,2.8279e-12,2.8279e-12
2.2624e-12,2.2624e-12,2.2624e-12,2.2624e-12,2.2624e-12
1.8099e-12,1.8099e-12,1.8099e-12,1.8099e-12,1.8099e-12
1.4479e-12,1.4479e-12,1.4479e-12,1.4479e-12,1.4479e-12
1.1583e-12,1.1583e-12,1.1583e-12,1.1583e-12,1.1583e-12
9.2666e-13,9.2666e-13,9.2666e-13,9.2666e-13,9.2666e-13
7.4133e-13,7.4133e-13,7.4133e-13,7.4133e-13,7.4133e-13
5.9306e-13,5.9306e-13,5.9306e-13,5.9306e-13,5.9306e-13
4.7445e-13,4.7445e-13,4.7445e-13,4.7445e-13,4.7445e-13
3.7956e-13,3.7956e-13,3.7956e-13,3.7956e-13,3.7956e-13
3.0365e-13,3.0365e-13,3.0365e-13,3.0365e-13,3.0365e-13
2.4292e-13,2.4292e-13,2.4292e-13,2.4292e-13,2.4292e-13
1.9433e-13,1.9433e-13,1.9433e-13,1.9433e-13,1.9433e-13
1.5547e-13,1.5547e-13,1.5547e-13,1.5547e-13,1.5547e-13
1.2437e-13,1.2437e-13,1.2437e-13,1.2437e-13,1.2437e-13
9.9499e-14,9.9499e-14,9.9499e-14,9.9499e-14,9.9499e-14
7.9599e-14,7.9599e-14,7.9599e-14,7.9599e-14,7.9599e-14
6.368e-14,6.368e-14,6.368e-14,6.368e-14,6.368e-14
5.0944e-14,5.0944e-14,5.0944e-14,5.0944e-14,5.0944e-14
4.0755e-14,4.0755e-14,4.0755e-14,4.0755e-14,4.0755e-14
3.2604e-14,3.2604e-14,3.2604e-14,3.2604e-14,3.2604e-14
2.6083e-14,2.6083e-14,2.6083e-14,2.6083e-14,2.6083e-14
2.0867e-14,2.0867e-14,2.0867e-14,2.0867e-14,2.0867e-14
1.6693e-14,1.6693e-14,1.6693e-14,1.6693e-14,1.6693e-14
1.3355e-14,1.3355e-14,1.3355e-14,1.3355e-14,1.3355e-14
1.0684e-14,1.0684e-14,1.0684e-14,1.0684e-14,1.0684e-14
8.5469e-15,8.5469e-15,8.5469e-15,8.5469e-15,8.5469e-15
6.8375e-15,6.8375e-15,6.8375e-15,6.8375e-15,6.8375e-15
5.47e-15,5.47e-15,5.47e-15,5.47e-15,5.47e-15
4.376e-15,4.376e-15,4.376e-15,4.376e-15,4.376e-15
3.5008e-15,3.5008e-15,3.5008e-15,3.5008e-15,3.5008e-15
2.8007e-15,2.8007e-15,2.8007e-15,2.8007e-15,2.8007e-15
2.2405e-15,2.2405e-15,2.2405e-15,2.2405e-15,2.2405e-15
1.7924e-15,1.7924e-15,1.7924e-15,1.7924e-15,1.7924e-15
1.4339e-15,1.4339e-15,1.4339e-15,1.4339e-15,1.4339e-15
1.1471e-15,1.1471e-15,1.1471e-15,1.1471e-15,1.1471e-15
9.1772e-16,9.1772e-16,9.1772e-16,9.1772e-16,9.1772e-16
7.3418e-16,7.3418e-16,7.3418e-16,7.3418e-16,7.3418e-16
5.8734e-16,5.8734e-16,5.8734e-16,5.8734e-16,5.8734e-16
4.6987e-16,4.6987e-16,4.6987e-16,4.6987e-16,4.6987e-16
3.759e-16,3.759e-16,3.759e-16,3.759e-16,3.759e-16
3.0072e-16,3.0072e-16,3.0072e-16,3.0072e-16,3.0072e-16
2.4057e-16,2.4057e-16,2.4057e-16,2.4057e-16,2.4057e-16
1.9246e-16,1.9246e-16,1.9246e-16,1.9246e-16,1.9246e-16
1.5397e-16,1.5397e-16,1.5397e-16,1.5397e-16,1.5397e-16
1.2317e-16,1.2317e-16,1.2317e-16,1.2317e-16,1.2317e-16
9.8539e-17,9.8539e-17,9.8539e-17,9.8539e-17,9.8539e-17
7.8831e-17,7.8831e-17,7.8831e-17,7.8831e-17,7.8831e-17
6.3065e-17,6.3065e-17,6.3065e-17,6.3065e-17,6.3065e-17
5.0452e-17,5.0452e-17,5.0452e-17,5.0452e-17,5.0452e-17
4.0362e-17,4.0362e-17,4.0362e-17,4.0362e-17,4.0362e-17
3.2289e-17,3.2289e-17,3.2289e-17,3.2289e-17,3.2289e-17
2.5832e-17,2.5832e-17,2.5832e-17,2.5832e-17,2.5832e-17
2.0665e-17,2.0665e-17,2.0665e-17,2.0665e-17,2.0665e-17
1.6532e-17,1.6532e-17,1.6532e-17,1.6532e-17,1.6532e-17
1.3226e-17,1.3226e-17,1.3226e-17,1.3226e-17,1.3226e-17
1.0581e-17,1.0581e-17,1.0581e-17,1.0581e-17,1.0581e-17
8.4645e-18,8.4645e-18,8.4645e-18,8.4645e-18,8.4645e-18
6.7716e-18,6.7716e-18,6.7716e-18,6.7716e-18,6.7716e-18
5.4173e-18,5.4173e-18,5.4173e-18,5.4173e-18,5.4173e-18
4.3338e-18,4.3338e-18,4.3338e-18,4.3338e-18,4.3338e-18
3.467e-18,3.467e-18,3.467e-18,3.467e-18,3.467e-18
2.7736e-18,2.7736e-18,2.7736e-18,2.7736e-18,2.7736e-18
2.2189e-18,2.2189e-18,2.2189e-18,2.2189e-18,2.2189e-18
1.7751e-18,1.7751e-18,1.7751e-18,1.7751e-18,1.7751e-18
1.4201e-18,1.4201e-18,1.4201e-18,1.4201e-18,1.4201e-18
1.1361e-18,1.1361e-18,1.1361e-18,1.1361e-18,1.1361e-18
9.0887e-19,9.0887e-19,9.0887e-19,9.0887e-19,9.0887e-19
7.2709e-19,7.2709e-19,7.2709e-19,7.2709e-19,7.2709e-19
5.8167e-19,5.8167e-19,5.8167e-19,5.8167e-19,5.8167e-19
4.6534e-19,4.6534e-19,4.6534e-19,4.6534e-19,4.6534e-19
3.7227e-19,3.7227e-19,3.7227e-19,3.7227e-19,3.7227e-19
2.9782e-19,2.9782e-19,2.9782e-19,2.9782e-19,2.9782e-19
2.3825e-19,2.3825e-19,2.3825e-19,2.3825e-19,2.3825e-19
1.906e-19,1.906e-19,1.906e-19,1.906e-19,1.906e-19
1.5248e-19,1.5248e-19,1.5248e-19,1.5248e-19,1.5248e-19
1.2199e-19,1.2199e-19,1.2199e-19,1.2199e-19,1.2199e-19
9.7589e-20,9.7589e-20,9.7589e-20,9.7589e-20,9.7589e-20
7.8071e-20,7.8071e-20,7.8071e-20,7.8071e-20,7.8071e-20
6.2457e-20,6.2457e-20,6.2457e-20,6.2457e-20,6.2457e-20
4.9965e-20,4.9965e-20,4.9965e-20,4.9965e-20,4.9965e-20
3.9972e-20,3.9972e-20,3.9972e-20,3.9972e-20,3.9972e-20
3.1978e-20,3.1978e-20,3.1978e-20,3.1978e-20,3.1978e-20
2.5582e-20,2.5582e-20,2.5582e-20,2.5582e-20,2.5582e-20
2.0466e-20,2.0466e-20,2.0466e-20,2.0466e-20,2.0466e-20
1.6373e-20,1.6373e-20,1.6373e-20,1.6373e-20,1.6373e-20
1.3098e-20,1.3098e-20,1.3098e-20,1.3098e-20,1.3098e-20
1.0479e-20,1.0479e-20,1.0479e-20,1.0479e-20,1.0479e-20
8.3828e-21,8.3828e-21,8.3828e-21,8.3828e-21,8.3828e-21
6.7062e-21,6.7062e-21,6.7062e-21,6.7062e-21,6.7062e-21
5.365e-21,5.365e-21,5.365e-21,5.365e-21,5.365e-21
4.292e-21,4.292e-21,4.292e-21,4.292e-21,4.292e-21
3.4336e-21,3.4336e-21,3.4336e-21,3.4336e-21,3.4336e-21
2.7469e-21,2.7469e-21,2.7469e-21,2.7469e-21,2.7469e-21
2.1975e-21,2.1975e-21,2.1975e-21,2.1975e-21,2.1975e-21
1.758e-21,1.758e-21,1.758e-21,1.758e-21,1.758e-21
1.4064e-21,1.4064e-21,1.4064e-21,1.4064e-21,1.4064e-21
1.1251e-21,1.1251e-21,1.1251e-21,1.1251e-21,1.1251e-21
9.001e-22,9.001e-22,9.001e-22,9.001e-22,9.001e-22
7.2008e-22,7.2008e-22,7.2008e-22,7.2008e-22,7.2008e-22
5.7606e-22,5.7606e-22,5.7606e-22,5.7606e-22,5.7606e-22
4.6085e-22,4.6085e-22,4.6085e-22,4.6085e-22,4.6085e-22
3.6868e-22,3.6868e-22,3.6868e-22,3.6868e-22,3.6868e-22
2.9494e-22,2.9494e-22,2.9494e-22,2.9494e-22,2.9494e-22
2.3595e-22,2.3595e-22,2.3595e-22,2.3595e-22,2.3595e-22
1.8876e-22,1.8876e-22,1.8876e-22,1.8876e-22,1.8876e-22
1.5101e-22,1.5101e-22,1.5101e-22,1.5101e-22,1.5101e-22
1.2081e-22,1.2081e-22,1.2081e-22,1.2081e-22,1.2081e-22
9.6647e-23,9.6647e-23,9.6647e-23,9.6647e-23,9.6647e-23
7.7318e-23,7.7318e-23,7.7318e-23,7.7318e-23,7.7318e-23
6.1854e-23,6.1854e-23,6.1854e-23,6.1854e-23,6.1854e-23
4.9483e-23,4.9483e-23,4.9483e-23,4.9483e-23,4.9483e-23
3.9587e-23,3.9587e-23,3.9587e-23,3.9587e-23,3.9587e-23
3.1669e-23,3.1669e-23,3.1669e-23,3.1669e-23,3.1669e-23
2.5335e-23,2.5335e-23,2.5335e-23,2.5335e-23,2.5335e-23
2.0268e-23,2.0268e-23,2.0268e-23,2.0268e-23,2.0268e-23
1.6215e-23,1.6215e-23,1.6215e-23,1.6215e-23,1.6215e-23
1.2972e-23,1.2972e-23,1.2972e-23,1.2972e-23,1.2972e-23
1.0377e-23,1.0377e-23,1.0377e-23,1.0377e-23,1.0377e-23
8.3019e-24,8.3019e-24,8.3019e-24,8.3019e-24,8.3019e-24
6.6415e-24,6.6415e-24,6.6415e-24,6.6415e-24,6.6415e-24
5.3132e-24,5.3132e-24,5.3132e-24,5.3132e-24,5.3132e-24
4.2506e-24,4.2506e-24,4.2506e-24,4.2506e-24,4.2506e-24
3.4005e-24,3.4005e-24,3.4005e-24,3.4005e-24,3.4005e-24
2.7204e-24,2.7204e-24,2.7204e-24,2.7204e-24,2.7204e-24
2.1763e-24,2.1763e-24,2.1763e-24,2.1763e-24,2.1763e-24
1.741e-24,1.741e-24,1.741e-24,1.741e-24,1.741e-24
1.3928e-24,1.3928e-24,1.3928e-24,1.3928e-24,1.3928e-24
1.1143e-24,1.1143e-24,1.1143e-24,1.1143e-24,1.1143e-24
8.9141e-25,8.9141e-25,8.9141e-25,8.9141e-25,8.9141e-25
7.1313e-25,7.1313e-25,7.1313e-25,7.1313e-25,7.1313e-25
5.705e-25,5.705e-25,5.705e-25,5.705e-25,5.705e-25
4.564e-25,4.564e-25,4.564e-25,4.564e-25,4.564e-25
3.6512e-25,3.6512e-25,3.6512e-25,3.6512e-25,3.6512e-25
2.921e-25,2.921e-25,2.921e-25,2.921e-25,2.921e-25
2.3368e-25,2.3368e-25,2.3368e-25,2.3368e-25,2.3368e-25
1.8694e-25,1.8694e-25,1.8694e-25,1.8694e-25,1.8694e-25
1.4955e-25,1.4955e-25,1.4955e-25,1.4955e-25,1.4955e-25
1.1964e-25,1.1964e-25,1.1964e-25,1.1964e-25,1.1964e-25
9.5715e-26,9.5715e-26,9.5715e-26,9.5715e-26,9.5715e-26
7.6572e-26,7.6572e-26,7.6572e-26,7.6572e-26,7.6572e-26
6.1257e-26,6.1257e-26,6.1257e-26,6.1257e-26,6.1257e-26
4.9006e-26,4.9006e-26,4.9006e-26,4.9006e-26,4.9006e-26
3.9205e-26,3.9205e-26,3.9205e-26,3.9205e-26,3.9205e-26
3.1364e-26,3.1364e-26,3.1364e-26,3.1364e-26,3.1364e-26
2.5091e-26,2.5091e-26,2.5091e-26,2.5091e-26,2.5091e-26
2.0073e-26,2.0073e-26,2.0073e-26,2.0073e-26,2.0073e-26
1.6058e-26,1.6058e-26,1.6058e-26,1.6058e-26,1.6058e-26
1.2847e-26,1.2847e-26,1.2847e-26,1.2847e-26,1.2847e-26
1.0277e-26,1.0277e-26,1.0277e-26,1.0277e-26,1.0277e-26
8.2218e-27,8.2218e-27,8.2218e-27,8.2218e-27,8.2218e-27
6.5775e-27,6.5775e-27,6.5775e-27,6.5775e-27,6.5775e-27
5.262e-27,5.262e-27,5.262e-27,5.262e-27,5.262e-27
4.2096e-27,4.2096e-27,4.2096e-27,4.2096e-27,4.2096e-27
3.3677e-27,3.3677e-27,3.3677e-27,3.3677e-27,3.3677e-27
2.6941e-27,2.6941e-27,2.6941e-27,2.6941e-27,2.6941e-27
2.1553e-27,2.1553e-27,2.1553e-27,2.1553e-27,2.1553e-27
1.7242e-27,1.7242e-27,1.7242e-27,1.7242e-27,1.7242e-27
1.3794e-27,1.3794e-27,1.3794e-27,1.3794e-27,1.3794e-27
1.1035e-27,1.1035e-27,1.1035e-27,1.1035e-27,1.1035e-27
8.8281e-28,8.8281e-28,8.8281e-28,8.8281e-28,8.8281e-28
7.0625e-28,7.0625e-28,7.0625e-28,7.0625e-28,7.0625e-28
5.65e-28,5.65e-28,5.65e-28,5.65e-28,5.65e-28
4.52e-28,4.52e-28,4.52e-28,4.52e-28,4.52e-28
3.616e-28,3.616e-28,3.616e-28,3.616e-28,3.616e-28
2.8928e-28,2.8928e-28,2.8928e-28,2.8928e-28,2.8928e-28
2.3142e-28,2.3142e-28,2.3142e-28,2.3142e-28,2.3142e-28
1.8514e-28,1.8514e-28,1.8514e-28,1.8514e-28,1.8514e-28
1.4811e-28,1.4811e-28,1.4811e-28,1.4811e-28,1.4811e-28
1.1849e-28,1.1849e-28,1.1849e-28,1.1849e-28,1.1849e-28
9.4791e-29,9.4791e-29,9.4791e-29,9.4791e-29,9.4791e-29
7.5833e-29,7.5833e-29,7.5833e-29,7.5833e-29,7.5833e-29
6.0666e-29,6.0666e-29,6.0666e-29,6.0666e-29,6.0666e-29
4.8533e-29,4.8533e-29,4.8533e-29,4.8533e-29,4.8533e-29
3.8826e-29,3.8826e-29,3.8826e-29,3.8826e-29,3.8826e-29
3.1061e-29,3.1061e-29,3.1061e-29,3.1061e-29,3.1061e-29
2.4849e-29,2.4849e-29,2.4849e-29,2.4849e-29,2.4849e-29
1.9879e-29,1.9879e-29,1.9879e-29,1.9879e-29,1.9879e-29
1.5903e-29,1.5903e-29,1.5903e-29,1.5903e-29,1.5903e-29
1.2723e-29,1.2723e-29,1.2723e-29,1.2723e-29,1.2723e-29
1.0178e-29,1.0178e-29,1.0178e-29,1.0178e-29,1.0178e-29
8.1425e-30,8.1425e-30,8.1425e-30,8.1425e-30,8.1425e-30
6.514e-30,6.514e-30,6.514e-30,6.514e-30,6.514e-30
5.2112e-30,5.2112e-30,5.2112e-30,5.2112e-30,5.2112e-30
4.169e-30,4.169e-30,4.169e-30,4.169e-30,4.169e-30
3.3352e-30,3.3352e-30,3.3352e-30,3.3352e-30,3.3352e-30
2.6681e-30,2.6681e-30,2.6681e-30,2.6681e-30,2.6681e-30
2.1345e-30,2.1345e-30,2.1345e-30,2.1345e-30,2.1345e-30
1.7076e-30,1.7076e-30,1.7076e-30,1.7076e-30,1.7076e-30
1.3661e-30,1.3661e-30,1.3661e-30,1.3661e-30,1.3661e-30
1.0929e-30,1.0929e-30,1.0929e-30,1.0929e-30,1.0929e-30
8.7429e-31,8.7429e-31,8.7429e-31,8.7429e-31,8.7429e-31
6.9944e-31,6.9944e-31,6.9944e-31,6.9944e-31,6.9944e-31
5.5955e-31,5.5955e-31,5.5955e-31,5.5955e-31,5.5955e-31
4.4764e-31,4.4764e-31,4.4764e-31,4.4764e-31,4.4764e-31
3.5811e-31,3.5811e-31,3.5811e-31,3.5811e-31,3.5811e-31
2.8649e-31,2.8649e-31,2.8649e-31,2.8649e-31,2.8649e-31
2.2919e-31,2.2919e-31,2.2919e-31,2.2919e-31,2.2919e-31
1.8335e-31,1.8335e-31,1.8335e-31,1.8335e-31,1.8335e-31
1.4668e-31,1.4668e-31,1.4668e-31,1.4668e-31,1.4668e-31
1.1735e-31,1.1735e-31,1.1735e-31,1.1735e-31,1.1735e-31
9.3877e-32,9.3877e-32,9.3877e-32,9.3877e-32,9.3877e-32
7.5101e-32,7.5101e-32,7.5101e-32,7.5101e-32,7.5101e-32
6.0081e-32,6.0081e-32,6.0081e-32,6.0081e-32,6.0081e-32
4.8065e-32,4.8065e-32,4.8065e-32,4.8065e-32,4.8065e-32
3.8452e-32,3.8452e-32,3.8452e-32,3.8452e-32,3.8452e-32
3.0762e-32,3.0762e-32,3.0762e-32,3.0762e-32,3.0762e-32
2.4609e-32,2.4609e-32,2.4609e-32,2.4609e-32,2.4609e-32
1.9687e-32,1.9687e-32,1.9687e-32,1.9687e-32,1.9687e-32
1.575e-32,1.575e-32,1.575e-32,1.575e-32,1.575e-32
1.26e-32,1.26e-32,1.26e-32,1.26e-32,1.26e-32
1.008e-32,1.008e-32,1.008e-32,1.008e-32,1.008e-32
8.0639e-33,8.0639e-33,8.0639e-33,8.0639e-33,8.0639e-33
6.4512e-33,6.4512e-33,6.4512e-33,6.4512e-33,6.4512e-33
5.1609e-33,5.1609e-33,5.1609e-33,5.1609e-33,5.1609e-33
4.1287e-33,4.1287e-33,4.1287e-33,4.1287e-33,4.1287e-33
3.303e-33,3.303e-33,3.303e-33,3.303e-33,3.303e-33
2.6424e-33,2.6424e-33,2.6424e-33,2.6424e-33,2.6424e-33
2.1139e-33,2.1139e-33,2.1139e-33,2.1139e-33,2.1139e-33
1.6911e-33,1.6911e-33,1.6911e-33,1.6911e-33,1.6911e-33
1.3529e-33,1.3529e-33,1.3529e-33,1.3529e-33,1.3529e-33
1.0823e-33,1.0823e-33,1.0823e-33,1.0823e-33,1.0823e-33
8.6586e-34,8.6586e-34,8.6586e-34,8.6586e-34,8.6586e-34
6.9269e-34,6.9269e-34,6.9269e-34,6.9269e-34,6.9269e-34
5.5415e-34,5.5415e-34,5.5415e-34,5.5415e-34,5.5415e-34
4.4332e-34,4.4332e-34,4.4332e-34,4.4332e-34,4.4332e-34
3.5466e-34,3.5466e-34,3.5466e-34,3.5466e-34,3.5466e-34
2.8372e-34,2.8372e-34,2.8372e-34,2.8372e-34,2.8372e-34
2.2698e-34,2.2698e-34,2.2698e-34,2.2698e-34,2.2698e-34
1.8158e-34,1.8158e-34,1.8158e-34,1.8158e-34,1.8158e-34
1.4527e-34,1.4527e-34,1.4527e-34,1.4527e-34,1.4527e-34
1.1621e-34,1.1621e-34,1.1621e-34,1.1621e-34,1.1621e-34
9.2971e-35,9.2971e-35,9.2971e-35,9.2971e-35,9.2971e-35
7.4377e-35,7.4377e-35,7.4377e-35,7.4377e-35,7.4377e-35
5.9501e-35,5.9501e-35,5.9501e-35,5.9501e-35,5.9501e-35
4.7601e-35,4.7601e-35,4.7601e-35,4.7601e-35,4.7601e-35
3.8081e-35,3.8081e-35,3.8081e-35,3.8081e-35,3.8081e-35
3.0465e-35,3.0465e-35,3.0465e-35,3.0465e-35,3.0465e-35
2.4372e-35,2.4372e-35,2.4372e-35,2.4372e-35,2.4372e-35
1.9497e-35,1.9497e-35,1.9497e-35,1.9497e-35,1.9497e-35
1.5598e-35,1.5598e-35,1.5598e-35,1.5598e-35,1.5598e-35
1.2478e-35,1.2478e-35,1.2478e-35,1.2478e-35,1.2478e-35
9.9827e-36,9.9827e-36,9.9827e-36,9.9827e-36,9.9827e-36
7.9861e-36,7.9861e-36,7.9861e-36,7.9861e-36,7.9861e-36
6.3889e-36,6.3889e-36,6.3889e-36,6.3889e-36,6.3889e-36
5.1111e-36,5.1111e-36,5.1111e-36,5.1111e-36,5.1111e-36
4.0889e-36,4.0889e-36,4.0889e-36,4.0889e-36,4.0889e-36
3.2711e-36,3.2711e-36,3.2711e-36,3.2711e-36,3.2711e-36
2.6169e-36,2.6169e-36,2.6169e-36,2.6169e-36,2.6169e-36
2.0935e-36,2.0935e-36,2.0935e-36,2.0935e-36,2.0935e-36
1.6748e-36,1.6748e-36,1.6748e-36,1.6748e-36,1.6748e-36
1.3399e-36,1.3399e-36,1.3399e-36,1.3399e-36,1.3399e-36
1.0719e-36,1.0719e-36,1.0719e-36,1.0719e-36,1.0719e-36
8.5751e-37,8.5751e-37,8.5751e-37,8.5751e-37,8.5751e-37
6.86e-37,6.86e-37,6.86e-37,6.86e-37,6.86e-37
5.488e-37,5.488e-37,5.488e-37,5.488e-37,5.488e-37
4.3904e-37,4.3904e-37,4.3904e-37,4.3904e-37,4.3904e-37
3.5123e-37,3.5123e-37,3.5123e-37,3.5123e-37,3.5123e-37
2.8099e-37,2.8099e-37,2.8099e-37,2.8099e-37,2.8099e-37
2.2479e-37,2.2479e-37,2.2479e-37,2.2479e-37,2.2479e-37
1.7983e-37,1.7983e-37,1.7983e-37,1.7983e-37,1.7983e-37
1.4387e-37,1.4387e-37,1.4387e-37,1.4387e-37,1.4387e-37
1.1509e-37,1.1509e-37,1.1509e-37,1.1509e-37,1.1509e-37
9.2074e-38,9.2074e-38,9.2074e-38,9.2074e-38,9.2074e-38
7.3659e-38,7.3659e-38,7.3659e-38,7.3659e-38,7.3659e-38
5.8927e-38,5.8927e-38,5.8927e-38,5.8927e-38,5.8927e-38
4.7142e-38,4.7142e-38,4.7142e-38,4.7142e-38,4.7142e-38
3.7714e-38,3.7714e-38,3.7714e-38,3.7714e-38,3.7714e-38
3.0171e-38,3.0171e-38,3.0171e-38,3.0171e-38,3.0171e-38
2.4137e-38,2.4137e-38,2.4137e-38,2.4137e-38,2.4137e-38
1.9309e-38,1.9309e-38,1.9309e-38,1.9309e-38,1.9309e-38
1.5447e-38,1.5447e-38,1.5447e-38,1.5447e-38,1.5447e-38
1.2358e-38,1.2358e-38,1.2358e-38,1.2358e-38,1.2358e-38
9.8864e-39,9.8864e-39,9.8864e-39,9.8864e-39,9.8864e-39
7.9091e-39,7.9091e-39,7.9091e-39,7.9091e-39,7.9091e-39
6.3273e-39,6.3273e-39,6.3273e-39,6.3273e-39,6.3273e-39
5.0618e-39,5.0618e-39,5.0618e-39,5.0618e-39,5.0618e-39
4.0495e-39,4.0495e-39,4.0495e-39,4.0495e-39,4.0495e-39
3.2396e-39,3.2396e-39,3.2396e-39,3.2396e-39,3.2396e-39
2.5917e-39,2.5917e-39,2.5917e-39,2.5917e-39,2.5917e-39
2.0733e-39,2.0733e-39,2.0733e-39,2.0733e-39,2.0733e-39
1.6587e-39,1.6587e-39,1.6587e-39,1.6587e-39,1.6587e-39
1.3269e-39,1.3269e-39,1.3269e-39,1.3269e-39,1.3269e-39
1.0615e-39,1.0615e-39,1.0615e-39,1.0615e-39,1.0615e-39
8.4923e-40,8.4923e-40,8.4923e-40,8.4923e-40,8.4923e-40
6.7939e-40,6.7939e-40,6.7939e-40,6.7939e-40,6.7939e-40
5.4351e-40,5.4351e-40,5.4351e-40,5.4351e-40,5.4351e-40
4.3481e-40,4.3481e-40,4.3481e-40,4.3481e-40,4.3481e-40
3.4785e-40,3.4785e-40,3.4785e-40,3.4785e-40,3.4785e-40
2.7828e-40,2.7828e-40,2.7828e-40,2.7828e-40,2.7828e-40
2.2262e-40,2.2262e-40,2.2262e-40,2.2262e-40,2.2262e-40
1.781e-40,1.781e-40,1.781e-40,1.781e-40,1.781e-40
1.4248e-40,1.4248e-40,1.4248e-40,1.4248e-40,1.4248e-40
1.1398e-40,1.1398e-40,1.1398e-40,1.1398e-40,1.1398e-40
9.1186e-41,9.1186e-41,9.1186e-41,9.1186e-41,9.1186e-41
7.2949e-41,7.2949e-41,7.2949e-41,7.2949e-41,7.2949e-41
5.8359e-41,5.8359e-41,5.8359e-41,5.8359e-41,5.8359e-41
4.6687e-41,4.6687e-41,4.6687e-41,4.6687e-41,4.6687e-41
3.735e-41,3.735e-41,3.735e-41,3.735e-41,3.735e-41
2.988e-41,2.988e-41,2.988e-41,2.988e-41,2.988e-41
2.3904e-41,2.3904e-41,2.3904e-41,2.3904e-41,2.3904e-41
1.9123e-41,1.9123e-41,1.9123e-41,1.9123e-41,1.9123e-41
1.5298e-41,1.5298e-41,1.5298e-41,1.5298e-41,1.5298e-41
1.2239e-41,1.2239e-41,1.2239e-41,1.2239e-41,1.2239e-41
9.791e-42,9.791e-42,9.791e-42,9.791e-42,9.791e-42
7.8328e-42,7.8328e-42,7.8328e-42,7.8328e-42,7.8328e-42
6.2662e-42,6.2662e-42,6.2662e-42,6.2662e-42,6.2662e-42
5.013e-42,5.013e-42,5.013e-42,5.013e-42,5.013e-42
4.0104e-42,4.0104e-42,4.0104e-42,4.0104e-42,4.0104e-42
3.2083e-42,3.2083e-42,3.2083e-42,3.2083e-42,3.2083e-42
2.5666e-42,2.5666e-42,2.5666e-42,2.5666e-42,2.5666e-42
2.0533e-42,2.0533e-42,2.0533e-42,2.0533e-42,2.0533e-42
1.6427e-42,1.6427e-42,1.6427e-42,1.6427e-42,1.6427e-42
1.3141e-42,1.3141e-42,1.3141e-42,1.3141e-42,1.3141e-42
1.0513e-42,1.0513e-42,1.0513e-42,1.0513e-42,1.0513e-42
8.4104e-43,8.4104e-43,8.4104e-43,8.4104e-43,8.4104e-43
6.7283e-43,6.7283e-43,6.7283e-43,6.7283e-43,6.7283e-43
5.3827e-43,5.3827e-43,5.3827e-43,5.3827e-43,5.3827e-43
4.3061e-43,4.3061e-43,4.3061e-43,4.3061e-43,4.3061e-43
3.4449e-43,3.4449e-43,3.4449e-43,3.4449e-43,3.4449e-43
2.7559e-43,2.7559e-43,2.7559e-43,2.7559e-43,2.7559e-43
2.2047e-43,2.2047e-43,2.2047e-43,2.2047e-43,2.2047e-43
1.7638e-43,1.7638e-43,1.7638e-43,1.7638e-43,1.7638e-43
1.411e-43,1.411e-43,1.411e-43,1.411e-43,1.411e-43
1.1288e-43,1.1288e-43,1.1288e-43,1.1288e-43,1.1288e-43
9.0306e-44,9.0306e-44,9.0306e-44,9.0306e-44,9.0306e-44
7.2245e-44,7.2245e-44,7.2245e-44,7.2245e-44,7.2245e-44
5.7796e-44,5.7796e-44,5.7796e-44,5.7796e-44,5.7796e-44
4.6237e-44,4.6237e-44,4.6237e-44,4.6237e-44,4.6237e-44
3.6989e-44,3.6989e-44,3.6989e-44,3.6989e-44,3.6989e-44
2.9591e-44,2.9591e-44,2.9591e-44,2.9591e-44,2.9591e-44
2.3673e-44,2.3673e-44,2.3673e-44,2.3673e-44,2.3673e-44
1.8939e-44,1.8939e-44,1.8939e-44,1.8939e-44,1.8939e-44
1.5151e-44,1.5151e-44,1.5151e-44,1.5151e-44,1.5151e-44
1.2121e-44,1.2121e-44,1.2121e-44,1.2121e-44,1.2121e-44
9.6965e-45,9.6965e-45,9.6965e-45,9.6965e-45,9.6965e-45
7.7572e-45,7.7572e-45,7.7572e-45,7.7572e-45,7.7572e-45
6.2058e-45,6.2058e-45,6.2058e-45,6.2058e-45,6.2058e-45
4.9646e-45,4.9646e-45,4.9646e-45,4.9646e-45,4.9646e-45
3.9717e-45,3.9717e-45,3.9717e-45,3.9717e-45,3.9717e-45
3.1774e-45,3.1774e-45,3.1774e-45,3.1774e-45,3.1774e-45
2.5419e-45,2.5419e-45,2.5419e-45,2.5419e-45,2.5419e-45
2.0335e-45,2.0335e-45,2.0335e-45,2.0335e-45,2.0335e-45
1.6268e-45,1.6268e-45,1.6268e-45,1.6268e-45,1.6268e-45
1.3014e-45,1.3014e-45,1.3014e-45,1.3014e-45,1.3014e-45
1.0412e-45,1.0412e-45,1.0412e-45,1.0412e-45,1.0412e-45
8.3292e-46,8.3292e-46,8.3292e-46,8.3292e-46,8.3292e-46
6.6634e-46,6.6634e-46,6.6634e-46,6.6634e-46,6.6634e-46
5.3307e-46,5.3307e-46,5.3307e-46,5.3307e-46,5.3307e-46
4.2646e-46,4.2646e-46,4.2646e-46,4.2646e-46,4.2646e-46
3.4117e-46,3.4117e-46,3.4117e-46,3.4117e-46,3.4117e-46
2.7293e-46,2.7293e-46,2.7293e-46,2.7293e-46,2.7293e-46
2.1835e-46,2.1835e-46,2.1835e-46,2.1835e-46,2.1835e-46
1.7468e-46,1.7468e-46,1.7468e-46,1.7468e-46,1.7468e-46
1.3974e-46,1.3974e-46,1.3974e-46,1.3974e-46,1.3974e-46
1.1179e-46,1.1179e-46,1.1179e-46,1.1179e-46,1.1179e-46
8.9435e-47,8.9435e-47,8.9435e-47,8.9435e-47,8.9435e-47
7.1548e-47,7.1548e-47,7.1548e-47,7.1548e-47,7.1548e-47
5.7238e-47,5.7238e-47,5.7238e-47,5.7238e-47,5.7238e-47
4.5791e-47,4.5791e-47,4.5791e-47,4.5791e-47,4.5791e-47
3.6632e-47,3.6632e-47,3.6632e-47,3.6632e-47,3.6632e-47
2.9306e-47,2.9306e-47,2.9306e-47,2.9306e-47,2.9306e-47
2.3445e-47,2.3445e-47,2.3445e-47,2.3445e-47,2.3445e-47
1.8756e-47,1.8756e-47,1.8756e-47,1.8756e-47,1.8756e-47
1.5005e-47,1.5005e-47,1.5005e-47,1.5005e-47,1.5005e-47
1.2004e-47,1.2004e-47,1.2004e-47,1.2004e-47,1.2004e-47
9.603e-48,9.603e-48,9.603e-48,9.603e-48,9.603e-48
7.6824e-48,7.6824e-48,7.6824e-48,7.6824e-48,7.6824e-48
6.1459e-48,6.1459e-48,6.1459e-48,6.1459e-48,6.1459e-48
4.9167e-48,4.9167e-48,4.9167e-48,4.9167e-48,4.9167e-48
3.9334e-48,3.9334e-48,3.9334e-48,3.9334e-48,3.9334e-48
3.1467e-48,3.1467e-48,3.1467e-48,3.1467e-48,3.1467e-48
2.5174e-48,2.5174e-48,2.5174e-48,2.5174e-48,2.5174e-48
2.0139e-48,2.0139e-48,2.0139e-48,2.0139e-48,2.0139e-48
1.6111e-48,1.6111e-48,1.6111e-48,1.6111e-48,1.6111e-48
1.2889e-48,1.2889e-48,1.2889e-48,1.2889e-48,1.2889e-48
1.0311e-48,1.0311e-48,1.0311e-48,1.0311e-48,1.0311e-48
8.2489e-49,8.2489e-49,8.2489e-49,8.2489e-49,8.2489e-49
6.5991e-49,6.5991e-49,6.5991e-49,6.5991e-49,6.5991e-49
5.2793e-49,5.2793e-49,5.2793e-49,5.2793e-49,5.2793e-49
4.2234e-49,4.2234e-49,4.2234e-49,4.2234e-49,4.2234e-49
3.3787e-49,3.3787e-49,3.3787e-49,3.3787e-49,3.3787e-49
2.703e-49,2.703e-49,2.703e-49,2.703e-49,2.703e-49
2.1624e-49,2.1624e-49,2.1624e-49,2.1624e-49,2.1624e-49
1.7299e-49,1.7299e-49,1.7299e-49,1.7299e-49,1.7299e-49
1.3839e-49,1.3839e-49,1.3839e-49,1.3839e-49,1.3839e-49
1.1071e-49,1.1071e-49,1.1071e-49,1.1071e-49,1.1071e-49
8.8572e-50,8.8572e-50,8.8572e-50,8.8572e-50,8.8572e-50
7.0857e-50,7.0857e-50,7.0857e-50,7.0857e-50,7.0857e-50
5.6686e-50,5.6686e-50,5.6686e-50,5.6686e-50,5.6686e-50
4.5349e-50,4.5349e-50,4.5349e-50,4.5349e-50,4.5349e-50
3.6279e-50,3.6279e-50,3.6279e-50,3.6279e-50,3.6279e-50
2.9023e-50,2.9023e-50,2.9023e-50,2.9023e-50,2.9023e-50
2.3219e-50,2.3219e-50,2.3219e-50,2.3219e-50,2.3219e-50
1.8575e-50,1.8575e-50,1.8575e-50,1.8575e-50,1.8575e-50
1.486e-50,1.486e-50,1.486e-50,1.486e-50,1.486e-50
1.1888e-50,1.1888e-50,1.1888e-50,1.1888e-50,1.1888e-50
9.5103e-51,9.5103e-51,9.5103e-51,9.5103e-51,9.5103e-51
7.6083e-51,7.6083e-51,7.6083e-51,7.6083e-51,7.6083e-51
6.0866e-51,6.0866e-51,6.0866e-51,6.0866e-51,6.0866e-51
4.8693e-51,4.8693e-51,4.8693e-51,4.8693e-51,4.8693e-51
3.8954e-51,3.8954e-51,3.8954e-51,3.8954e-51,3.8954e-51
3.1163e-51,3.1163e-51,3.1163e-51,3.1163e-51,3.1163e-51
2.4931e-51,2.4931e-51,2.4931e-51,2.4931e-51,2.4931e-51
1.9945e-51,1.9945e-51,1.9945e-51,1.9945e-51,1.9945e-51
1.5956e-51,1.5956e-51,1.5956e-51,1.5956e-51,1.5956e-51
1.2765e-51,1.2765e-51,1.2765e-51,1.2765e-51,1.2765e-51
1.0212e-51,1.0212e-51,1.0212e-51,1.0212e-51,1.0212e-51
8.1693e-52,8.1693e-52,8.1693e-52,8.1693e-52,8.1693e-52
6.5354e-52,6.5354e-52,6.5354e-52,6.5354e-52,6.5354e-52
5.2284e-52,5.2284e-52,5.2284e-52,5.2284e-52,5.2284e-52
4.1827e-52,4.1827e-52,4.1827e-52,4.1827e-52,4.1827e-52
3.3461e-52,3.3461e-52,3.3461e-52,3.3461e-52,3.3461e-52
2.6769e-52,2.6769e-52,2.6769e-52,2.6769e-52,2.6769e-52
2.1415e-52,2.1415e-52,2.1415e-52,2.1415e-52,2.1415e-52
1.7132e-52,1.7132e-52,1.7132e-52,1.7132e-52,1.7132e-52
1.3706e-52,1.3706e-52,1.3706e-52,1.3706e-52,1.3706e-52
1.0965e-52,1.0965e-52,1.0965e-52,1.0965e-52,1.0965e-52
8.7717e-53,8.7717e-53,8.7717e-53,8.7717e-53,8.7717e-53
7.0174e-53,7.0174e-53,7.0174e-53,7.0174e-53,7.0174e-53
5.6139e-53,5.6139e-53,5.6139e-53,5.6139e-53,5.6139e-53
4.4911e-53,4.4911e-53,4.4911e-53,4.4911e-53,4.4911e-53
3.5929e-53,3.5929e-53,3.5929e-53,3.5929e-53,3.5929e-53
2.8743e-53,2.8743e-53,2.8743e-53,2.8743e-53,2.8743e-53
2.2995e-53,2.2995e-53,2.2995e-53,2.2995e-53,2.2995e-53
1.8396e-53,1.8396e-53,1.8396e-53,1.8396e-53,1.8396e-53
1.4717e-53,1.4717e-53,1.4717e-53,1.4717e-53,1.4717e-53
1.1773e-53,1.1773e-53,1.1773e-53,1.1773e-53,1.1773e-53
9.4186e-54,9.4186e-54,9.4186e-54,9.4186e-54,9.4186e-54
7.5349e-54,7.5349e-54,7.5349e-54,7.5349e-54,7.5349e-54
6.0279e-54,6.0279e-54,6.0279e-54,6.0279e-54,6.0279e-54
4.8223e-54,4.8223e-54,4.8223e-54,4.8223e-54,4.8223e-54
3.8578e-54,3.8578e-54,3.8578e-54,3.8578e-54,3.8578e-54
3.0863e-54,3.0863e-54,3.0863e-54,3.0863e-54,3.0863e-54
2.469e-54,2.469e-54,2.469e-54,2.469e-54,2.469e-54
1.9752e-54,1.9752e-54,1.9752e-54,1.9752e-54,1.9752e-54
1.5802e-54,1.5802e-54,1.5802e-54,1.5802e-54,1.5802e-54
1.2641e-54,1.2641e-54,1.2641e-54,1.2641e-54,1.2641e-54
1.0113e-54,1.0113e-54,1.0113e-54,1.0113e-54,1.0113e-54
8.0905e-55,8.0905e-55,8.0905e-55,8.0905e-55,8.0905e-55
6.4724e-55,6.4724e-55,6.4724e-55,6.4724e-55,6.4724e-55
5.1779e-55,5.1779e-55,5.1779e-55,5.1779e-55,5.1779e-55
4.1423e-55,4.1423e-55,4.1423e-55,4.1423e-55,4.1423e-55
3.3139e-55,3.3139e-55,3.3139e-55,3.3139e-55,3.3139e-55
2.6511e-55,2.6511e-55,2.6511e-55,2.6511e-55,2.6511e-55
2.1209e-55,2.1209e-55,2.1209e-55,2.1209e-55,2.1209e-55
1.6967e-55,1.6967e-55,1.6967e-55,1.6967e-55,1.6967e-55
1.3574e-55,1.3574e-55,1.3574e-55,1.3574e-55,1.3574e-55
1.0859e-55,1.0859e-55,1.0859e-55,1.0859e-55,1.0859e-55
8.6871e-56,8.6871e-56,8.6871e-56,8.6871e-56,8.6871e-56
6.9497e-56,6.9497e-56,6.9497e-56,6.9497e-56,6.9497e-56
5.5597e-56,5.5597e-56,5.5597e-56,5.5597e-56,5.5597e-56
4.4478e-56,4.4478e-56,4.4478e-56,4.4478e-56,4.4478e-56
3.5582e-56,3.5582e-56,3.5582e-56,3.5582e-56,3.5582e-56
2.8466e-56,2.8466e-56,2.8466e-56,2.8466e-56,2.8466e-56
2.2773e-56,2.2773e-56,2.2773e-56,2.2773e-56,2.2773e-56
1.8218e-56,1.8218e-56,1.8218e-56,1.8218e-56,1.8218e-56
1.4575e-56,1.4575e-56,1.4575e-56,1.4575e-56,1.4575e-56
1.166e-56,1.166e-56,1.166e-56,1.166e-56,1.166e-56
9.3277e-57,9.3277e-57,9.3277e-57,9.3277e-57,9.3277e-57
7.4622e-57,7.4622e-57,7.4622e-57,7.4622e-57,7.4622e-57
5.9697e-57,5.9697e-57,5.9697e-57,5.9697e-57,5.9697e-57
4.7758e-57,4.7758e-57,4.7758e-57,4.7758e-57,4.7758e-57
3.8206e-57,3.8206e-57,3.8206e-57,3.8206e-57,3.8206e-57
3.0565e-57,3.0565e-57,3.0565e-57,3.0565e-57,3.0565e-57
2.4452e-57,2.4452e-57,2.4452e-57,2.4452e-57,2.4452e-57
1.9562e-57,1.9562e-57,1.9562e-57,1.9562e-57,1.9562e-57
1.5649e-57,1.5649e-57,1.5649e-57,1.5649e-57,1.5649e-57
1.2519e-57,1.2519e-57,1.2519e-57,1.2519e-57,1.2519e-57
1.0016e-57,1.0016e-57,1.0016e-57,1.0016e-57,1.0016e-57
8.0124e-58,8.0124e-58,8.0124e-58,8.0124e-58,8.0124e-58
6.4099e-58,6.4099e-58,6.4099e-58,6.4099e-58,6.4099e-58
5.128e-58,5.128e-58,5.128e-58,5.128e-58,5.128e-58
4.1024e-58,4.1024e-58,4.1024e-58,4.1024e-58,4.1024e-58
3.2819e-58,3.2819e-58,3.2819e-58,3.2819e-58,3.2819e-58
2.6255e-58,2.6255e-58,2.6255e-58,2.6255e-58,2.6255e-58
2.1004e-58,2.1004e-58,2.1004e-58,2.1004e-58,2.1004e-58
1.6803e-58,1.6803e-58,1.6803e-58,1.6803e-58,1.6803e-58
1.3443e-58,1.3443e-58,1.3443e-58,1.3443e-58,1.3443e-58
1.0754e-58,1.0754e-58,1.0754e-58,1.0754e-58,1.0754e-58
8.6033e-59,8.6033e-59,8.6033e-59,8.6033e-59,8.6033e-59
6.8826e-59,6.8826e-59,6.8826e-59,6.8826e-59,6.8826e-59
5.5061e-59,5.5061e-59,5.5061e-59,5.5061e-59,5.5061e-59
4.4049e-59,4.4049e-59,4.4049e-59,4.4049e-59,4.4049e-59
3.5239e-59,3.5239e-59,3.5239e-59,3.5239e-59,3.5239e-59
2.8191e-59,2.8191e-59,2.8191e-59,2.8191e-59,2.8191e-59
2.2553e-59,2.2553e-59,2.2553e-59,2.2553e-59,2.2553e-59
1.8042e-59,1.8042e-59,1.8042e-59,1.8042e-59,1.8042e-59
1.4434e-59,1.4434e-59,1.4434e-59,1.4434e-59,1.4434e-59
1.1547e-59,1.1547e-59,1.1547e-59,1.1547e-59,1.1547e-59
9.2377e-60,9.2377e-60,9.2377e-60,9.2377e-60,9.2377e-60
7.3902e-60,7.3902e-60,7.3902e-60,7.3902e-60,7.3902e-60
5.9121e-60,5.9121e-60,5.9121e-60,5.9121e-60,5.9121e-60
4.7297e-60,4.7297e-60,4.7297e-60,4.7297e-60,4.7297e-60
3.7838e-60,3.7838e-60,3.7838e-60,3.7838e-60,3.7838e-60
3.027e-60,3.027e-60,3.027e-60,3.027e-60,3.027e-60
2.4216e-60,2.4216e-60,2.4216e-60,2.4216e-60,2.4216e-60
1.9373e-60,1.9373e-60,1.9373e-60,1.9373e-60,1.9373e-60
1.5498e-60,1.5498e-60,1.5498e-60,1.5498e-60,1.5498e-60
1.2399e-60,1.2399e-60,1.2399e-60,1.2399e-60,1.2399e-60
9.9189e-61,9.9189e-61,9.9189e-61,9.9189e-61,9.9189e-61
7.9351e-61,7.9351e-61,7.9351e-61,7.9351e-61,7.9351e-61
6.3481e-61,6.3481e-61,6.3481e-61,6.3481e-61,6.3481e-61
5.0785e-61,5.0785e-61,5.0785e-61,5.0785e-61,5.0785e-61
4.0628e-61,4.0628e-61,4.0628e-61,4.0628e-61,4.0628e-61
3.2502e-61,3.2502e-61,3.2502e-61,3.2502e-61,3.2502e-61
2.6002e-61,2.6002e-61,2.6002e-61,2.6002e-61,2.6002e-61
2.0801e-61,2.0801e-61,2.0801e-61,2.0801e-61,2.0801e-61
1.6641e-61,1.6641e-61,1.6641e-61,1.6641e-61,1.6641e-61
1.3313e-61,1.3313e-61,1.3313e-61,1.3313e-61,1.3313e-61
1.065e-61,1.065e-61,1.065e-61,1.065e-61,1.065e-61
8.5203e-62,8.5203e-62,8.5203e-62,8.5203e-62,8.5203e-62
6.8162e-62,6.8162e-62,6.8162e-62,6.8162e-62,6.8162e-62
5.453e-62,5.453e-62,5.453e-62,5.453e-62,5.453e-62
4.3624e-62,4.3624e-62,4.3624e-62,4.3624e-62,4.3624e-62
3.4899e-62,3.4899e-62,3.4899e-62,3.4899e-62,3.4899e-62
2.7919e-62,2.7919e-62,2.7919e-62,2.7919e-62,2.7919e-62
2.2335e-62,2.2335e-62,2.2335e-62,2.2335e-62,2.2335e-62
1.7868e-62,1.7868e-62,1.7868e-62,1.7868e-62,1.7868e-62
1.4295e-62,1.4295e-62,1.4295e-62,1.4295e-62,1.4295e-62
1.1436e-62,1.1436e-62,1.1436e-62,1.1436e-62,1.1436e-62
9.1486e-63,9.1486e-63,9.1486e-63,9.1486e-63,9.1486e-63
7.3189e-63,7.3189e-63,7.3189e-63,7.3189e-63,7.3189e-63
5.8551e-63,5.8551e-63,5.8551e-63,5.8551e-63,5.8551e-63
4.6841e-63,4.6841e-63,4.6841e-63,4.6841e-63,4.6841e-63
3.7473e-63,3.7473e-63,3.7473e-63,3.7473e-63,3.7473e-63
2.9978e-63,2.9978e-63,2.9978e-63,2.9978e-63,2.9978e-63
2.3982e-63,2.3982e-63,2.3982e-63,2.3982e-63,2.3982e-63
1.9186e-63,1.9186e-63,1.9186e-63,1.9186e-63,1.9186e-63
1.5349e-63,1.5349e-63,1.5349e-63,1.5349e-63,1.5349e-63
1.2279e-63,1.2279e-63,1.2279e-63,1.2279e-63,1.2279e-63
9.8232e-64,9.8232e-64,9.8232e-64,9.8232e-64,9.8232e-64
7.8586e-64,7.8586e-64,7.8586e-64,7.8586e-64,7.8586e-64
6.2869e-64,6.2869e-64,6.2869e-64,6.2869e-64,6.2869e-64
5.0295e-64,5.0295e-64,5.0295e-64,5.0295e-64,5.0295e-64
4.0236e-64,4.0236e-64,4.0236e-64,4.0236e-64,4.0236e-64
3.2189e-64,3.2189e-64,3.2189e-64,3.2189e-64,3.2189e-64
2.5751e-64,2.5751e-64,2.5751e-64,2.5751e-64,2.5751e-64
2.0601e-64,2.0601e-64,2.0601e-64,2.0601e-64,2.0601e-64
1.6481e-64,1.6481e-64,1.6481e-64,1.6481e-64,1.6481e-64
1.3184e-64,1.3184e-64,1.3184e-64,1.3184e-64,1.3184e-64
1.0548e-64,1.0548e-64,1.0548e-64,1.0548e-64,1.0548e-64
8.4381e-65,8.4381e-65,8.4381e-65,8.4381e-65,8.4381e-65
6.7505e-65,6.7505e-65,6.7505e-65,6.7505e-65,6.7505e-65
5.4004e-65,5.4004e-65,5.4004e-65,5.4004e-65,5.4004e-65
4.3203e-65,4.3203e-65,4.3203e-65,4.3203e-65,4.3203e-65
3.4562e-65,3.4562e-65,3.4562e-65,3.4562e-65,3.4562e-65
2.765e-65,2.765e-65,2.765e-65,2.765e-65,2.765e-65
2.212e-65,2.212e-65,2.212e-65,2.212e-65,2.212e-65
1.7696e-65,1.7696e-65,1.7696e-65,1.7696e-65,1.7696e-65
1.4157e-65,1.4157e-65,1.4157e-65,1.4157e-65,1.4157e-65
1.1325e-65,1.1325e-65,1.1325e-65,1.1325e-65,1.1325e-65
9.0603e-66,9.0603e-66,9.0603e-66,9.0603e-66,9.0603e-66
7.2482e-66,7.2482e-66,7.2482e-66,7.2482e-66,7.2482e-66
5.7986e-66,5.7986e-66,5.7986e-66,5.7986e-66,5.7986e-66
4.6389e-66,4.6389e-66,4.6389e-66,4.6389e-66,4.6389e-66
3.7111e-66,3.7111e-66,3.7111e-66,3.7111e-66,3.7111e-66
2.9689e-66,2.9689e-66,2.9689e-66,2.9689e-66,2.9689e-66
2.3751e-66,2.3751e-66,2.3751e-66,2.3751e-66,2.3751e-66
1.9001e-66,1.9001e-66,1.9001e-66,1.9001e-66,1.9001e-66
1.5201e-66,1.5201e-66,1.5201e-66,1.5201e-66,1.5201e-66
1.2161e-66,1.2161e-66,1.2161e-66,1.2161e-66,1.2161e-66
9.7284e-67,9.7284e-67,9.7284e-67,9.7284e-67,9.7284e-67
7.7827e-67,7.7827e-67,7.7827e-67,7.7827e-67,7.7827e-67
6.2262e-67,6.2262e-67,6.2262e-67,6.2262e-67,6.2262e-67
4.981e-67,4.981e-67,4.981e-67,4.981e-67,4.981e-67
3.9848e-67,3.9848e-67,3.9848e-67,3.9848e-67,3.9848e-67
3.1878e-67,3.1878e-67,3.1878e-67,3.1878e-67,3.1878e-67
2.5503e-67,2.5503e-67,2.5503e-67,2.5503e-67,2.5503e-67
2.0402e-67,2.0402e-67,2.0402e-67,2.0402e-67,2.0402e-67
1.6322e-67,1.6322e-67,1.6322e-67,1.6322e-67,1.6322e-67
1.3057e-67,1.3057e-67,1.3057e-67,1.3057e-67,1.3057e-67
1.0446e-67,1.0446e-67,1.0446e-67,1.0446e-67,1.0446e-67
8.3567e-68,8.3567e-68,8.3567e-68,8.3567e-68,8.3567e-68
6.6853e-68,6.6853e-68,6.6853e-68,6.6853e-68,6.6853e-68
5.3483e-68,5.3483e-68,5.3483e-68,5.3483e-68,5.3483e-68
4.2786e-68,4.2786e-68,4.2786e-68,4.2786e-68,4.2786e-68
3.4229e-68,3.4229e-68,3.4229e-68,3.4229e-68,3.4229e-68
2.7383e-68,2.7383e-68,2.7383e-68,2.7383e-68,2.7383e-68
2.1906e-68,2.1906e-68,2.1906e-68,2.1906e-68,2.1906e-68
1.7525e-68,1.7525e-68,1.7525e-68,1.7525e-68,1.7525e-68
1.402e-68,1.402e-68,1.402e-68,1.402e-68,1.402e-68
1.1216e-68,1.1216e-68,1.1216e-68,1.1216e-68,1.1216e-68
8.9729e-69,8.9729e-69,8.9729e-69,8.9729e-69,8.9729e-69
7.1783e-69,7.1783e-69,7.1783e-69,7.1783e-69,7.1783e-69
5.7427e-69,5.7427e-69,5.7427e-69,5.7427e-69,5.7427e-69
4.5941e-69,4.5941e-69,4.5941e-69,4.5941e-69,4.5941e-69
3.6753e-69,3.6753e-69,3.6753e-69,3.6753e-69,3.6753e-69
2.9402e-69,2.9402e-69,2.9402e-69,2.9402e-69,2.9402e-69
2.3522e-69,2.3522e-69,2.3522e-69,2.3522e-69,2.3522e-69
1.8818e-69,1.8818e-69,1.8818e-69,1.8818e-69,1.8818e-69
1.5054e-69,1.5054e-69,1.5054e-69,1.5054e-69,1.5054e-69
1.2043e-69,1.2043e-69,1.2043e-69,1.2043e-69,1.2043e-69
9.6346e-70,9.6346e-70,9.6346e-70,9.6346e-70,9.6346e-70
7.7077e-70,7.7077e-70,7.7077e-70,7.7077e-70,7.7077e-70
6.1661e-70,6.1661e-70,6.1661e-70,6.1661e-70,6.1661e-70
4.9329e-70,4.9329e-70,4.9329e-70,4.9329e-70,4.9329e-70
3.9463e-70,3.9463e-70,3.9463e-70,3.9463e-70,3.9463e-70
3.1571e-70,3.1571e-70,3.1571e-70,3.1571e-70,3.1571e-70
2.5256e-70,2.5256e-70,2.5256e-70,2.5256e-70,2.5256e-70
2.0205e-70,2.0205e-70,2.0205e-70,2.0205e-70,2.0205e-70
1.6164e-70,1.6164e-70,1.6164e-70,1.6164e-70,1.6164e-70
1.2931e-70,1.2931e-70,1.2931e-70,1.2931e-70,1.2931e-70
1.0345e-70,1.0345e-70,1.0345e-70,1.0345e-70,1.0345e-70
8.276e-71,8.276e-71,8.276e-71,8.276e-71,8.276e-71
6.6208e-71,6.6208e-71,6.6208e-71,6.6208e-71,6.6208e-71
5.2967e-71,5.2967e-71,5.2967e-71,5.2967e-71,5.2967e-71
4.2373e-71,4.2373e-71,4.2373e-71,4.2373e-71,4.2373e-71
3.3899e-71,3.3899e-71,3.3899e-71,3.3899e-71,3.3899e-71
2.7119e-71,2.7119e-71,2.7119e-71,2.7119e-71,2.7119e-71
2.1695e-71,2.1695e-71,2.1695e-71,2.1695e-71,2.1695e-71
1.7356e-71,1.7356e-71,1.7356e-71,1.7356e-71,1.7356e-71
1.3885e-71,1.3885e-71,1.3885e-71,1.3885e-71,1.3885e-71
1.1108e-71,1.1108e-71,1.1108e-71,1.1108e-71,1.1108e-71
8.8863e-72,8.8863e-72,8.8863e-72,8.8863e-72,8.8863e-72
7.1091e-72,7.1091e-72,7.1091e-72,7.1091e-72,7.1091e-72
5.6873e-72,5.6873e-72,5.6873e-72,5.6873e-72,5.6873e-72
4.5498e-72,4.5498e-72,4.5498e-72,4.5498e-72,4.5498e-72
3.6398e-72,3.6398e-72,3.6398e-72,3.6398e-72,3.6398e-72
2.9119e-72,2.9119e-72,2.9119e-72,2.9119e-72,2.9119e-72
2.3295e-72,2.3295e-72,2.3295e-72,2.3295e-72,2.3295e-72
1.8636e-72,1.8636e-72,1.8636e-72,1.8636e-72,1.8636e-72
1.4909e-72,1.4909e-72,1.4909e-72,1.4909e-72,1.4909e-72
1.1927e-72,1.1927e-72,1.1927e-72,1.1927e-72,1.1927e-72
9.5416e-73,9.5416e-73,9.5416e-73,9.5416e-73,9.5416e-73
7.6333e-73,7.6333e-73,7.6333e-73,7.6333e-73,7.6333e-73
6.1066e-73,6.1066e-73,6.1066e-73,6.1066e-73,6.1066e-73
4.8853e-73,4.8853e-73,4.8853e-73,4.8853e-73,4.8853e-73
3.9082e-73,3.9082e-73,3.9082e-73,3.9082e-73,3.9082e-73
3.1266e-73,3.1266e-73,3.1266e-73,3.1266e-73,3.1266e-73
2.5013e-73,2.5013e-73,2.5013e-73,2.5013e-73,2.5013e-73
2.001e-73,2.001e-73,2.001e-73,2.001e-73,2.001e-73
1.6008e-73,1.6008e-73,1.6008e-73,1.6008e-73,1.6008e-73
1.2807e-73,1.2807e-73,1.2807e-73,1.2807e-73,1.2807e-73
1.0245e-73,1.0245e-73,1.0245e-73,1.0245e-73,1.0245e-73
8.1962e-74,8.1962e-74,8.1962e-74,8.1962e-74,8.1962e-74
6.557e-74,6.557e-74,6.557e-74,6.557e-74,6.557e-74
5.2456e-74,5.2456e-74,5.2456e-74,5.2456e-74,5.2456e-74
4.1964e-74,4.1964e-74,4.1964e-74,4.1964e-74,4.1964e-74
3.3572e-74,3.3572e-74,3.3572e-74,3.3572e-74,3.3572e-74
2.6857e-74,2.6857e-74,2.6857e-74,2.6857e-74,2.6857e-74
2.1486e-74,2.1486e-74,2.1486e-74,2.1486e-74,2.1486e-74
1.7189e-74,1.7189e-74,1.7189e-74,1.7189e-74,1.7189e-74
1.3751e-74,1.3751e-74,1.3751e-74,1.3751e-74,1.3751e-74
1.1001e-74,1.1001e-74,1.1001e-74,1.1001e-74,1.1001e-74
8.8006e-75,8.8006e-75,8.8006e-75,8.8006e-75,8.8006e-75
7.0405e-75,7.0405e-75,7.0405e-75,7.0405e-75,7.0405e-75
5.6324e-75,5.6324e-75,5.6324e-75,5.6324e-75,5.6324e-75
4.5059e-75,4.5059e-75,4.5059e-75,4.5059e-75,4.5059e-75
3.6047e-75,3.6047e-75,3.6047e-75,3.6047e-75,3.6047e-75
2.8838e-75,2.8838e-75,2.8838e-75,2.8838e-75,2.8838e-75
2.307e-75,2.307e-75,2.307e-75,2.307e-75,2.307e-75
1.8456e-75,1.8456e-75,1.8456e-75,1.8456e-75,1.8456e-75
1.4765e-75,1.4765e-75,1.4765e-75,1.4765e-75,1.4765e-75
1.1812e-75,1.1812e-75,1.1812e-75,1.1812e-75,1.1812e-75
9.4496e-76,9.4496e-76,9.4496e-76,9.4496e-76,9.4496e-76
7.5597e-76,7.5597e-76,7.5597e-76,7.5597e-76,7.5597e-76
6.0477e-76,6.0477e-76,6.0477e-76,6.0477e-76,6.0477e-76
4.8382e-76,4.8382e-76,4.8382e-76,4.8382e-76,4.8382e-76
3.8705e-76,3.8705e-76,3.8705e-76,3.8705e-76,3.8705e-76
3.0964e-76,3.0964e-76,3.0964e-76,3.0964e-76,3.0964e-76
2.4771e-76,2.4771e-76,2.4771e-76,2.4771e-76,2.4771e-76
1.9817e-76,1.9817e-76,1.9817e-76,1.9817e-76,1.9817e-76
1.5854e-76,1.5854e-76,1.5854e-76,1.5854e-76,1.5854e-76
1.2683e-76,1.2683e-76,1.2683e-76,1.2683e-76,1.2683e-76
1.0146e-76,1.0146e-76,1.0146e-76,1.0146e-76,1.0146e-76
8.1171e-77,8.1171e-77,8.1171e-77,8.1171e-77,8.1171e-77
6.4937e-77,6.4937e-77,6.4937e-77,6.4937e-77,6.4937e-77
5.195e-77,5.195e-77,5.195e-77,5.195e-77,5.195e-77
4.156e-77,4.156e-77,4.156e-77,4.156e-77,4.156e-77
3.3248e-77,3.3248e-77,3.3248e-77,3.3248e-77,3.3248e-77
2.6598e-77,2.6598e-77,2.6598e-77,2.6598e-77,2.6598e-77
2.1279e-77,2.1279e-77,2.1279e-77,2.1279e-77,2.1279e-77
1.7023e-77,1.7023e-77,1.7023e-77,1.7023e-77,1.7023e-77
1.3618e-77,1.3618e-77,1.3618e-77,1.3618e-77,1.3618e-77
1.0895e-77,1.0895e-77,1.0895e-77,1.0895e-77,1.0895e-77
8.7157e-78,8.7157e-78,8.7157e-78,8.7157e-78,8.7157e-78
6.9725e-78,6.9725e-78,6.9725e-78,6.9725e-78,6.9725e-78
5.578e-78,5.578e-78,5.578e-78,5.578e-78,5.578e-78
4.4624e-78,4.4624e-78,4.4624e-78,4.4624e-78,4.4624e-78
3.5699e-78,3.5699e-78,3.5699e-78,3.5699e-78,3.5699e-78
2.856e-78,2.856e-78,2.856e-78,2.856e-78,2.856e-78
2.2848e-78,2.2848e-78,2.2848e-78,2.2848e-78,2.2848e-78
1.8278e-78,1.8278e-78,1.8278e-78,1.8278e-78,1.8278e-78
1.4622e-78,1.4622e-78,1.4622e-78,1.4622e-78,1.4622e-78
1.1698e-78,1.1698e-78,1.1698e-78,1.1698e-78,1.1698e-78
9.3584e-79,9.3584e-79,9.3584e-79,9.3584e-79,9.3584e-79
7.4867e-79,7.4867e-79,7.4867e-79,7.4867e-79,7.4867e-79
5.9894e-79,5.9894e-79,5.9894e-79,5.9894e-79,5.9894e-79
4.7915e-79,4.7915e-79,4.7915e-79,4.7915e-79,4.7915e-79
3.8332e-79,3.8332e-79,3.8332e-79,3.8332e-79,3.8332e-79
3.0666e-79,3.0666e-79,3.0666e-79,3.0666e-79,3.0666e-79
2.4532e-79,2.4532e-79,2.4532e-79,2.4532e-79,2.4532e-79
1.9626e-79,1.9626e-79,1.9626e-79,1.9626e-79,1.9626e-79
1.5701e-79,1.5701e-79,1.5701e-79,1.5701e-79,1.5701e-79
1.2561e-79,1.2561e-79,1.2561e-79,1.2561e-79,1.2561e-79
1.0049e-79,1.0049e-79,1.0049e-79,1.0049e-79,1.0049e-79
8.0388e-80,8.0388e-80,8.0388e-80,8.0388e-80,8.0388e-80
6.431e-80,6.431e-80,6.431e-80,6.431e-80,6.431e-80
5.1448e-80,5.1448e-80,5.1448e-80,5.1448e-80,5.1448e-80
4.1159e-80,4.1159e-80,4.1159e-80,4.1159e-80,4.1159e-80
3.2927e-80,3.2927e-80,3.2927e-80,3.2927e-80,3.2927e-80
2.6342e-80,2.6342e-80,2.6342e-80,2.6342e-80,2.6342e-80
2.1073e-80,2.1073e-80,2.1073e-80,2.1073e-80,2.1073e-80
1.6859e-80,1.6859e-80,1.6859e-80,1.6859e-80,1.6859e-80
1.3487e-80,1.3487e-80,1.3487e-80,1.3487e-80,1.3487e-80
1.0789e-80,1.0789e-80,1.0789e-80,1.0789e-80,1.0789e-80
8.6316e-81,8.6316e-81,8.6316e-81,8.6316e-81,8.6316e-81
6.9053e-81,6.9053e-81,6.9053e-81,6.9053e-81,6.9053e-81
5.5242e-81,5.5242e-81,5.5242e-81,5.5242e-81,5.5242e-81
4.4194e-81,4.4194e-81,4.4194e-81,4.4194e-81,4.4194e-81
3.5355e-81,3.5355e-81,3.5355e-81,3.5355e-81,3.5355e-81
2.8284e-81,2.8284e-81,2.8284e-81,2.8284e-81,2.8284e-81
2.2627e-81,2.2627e-81,2.2627e-81,2.2627e-81,2.2627e-81
1.8102e-81,1.8102e-81,1.8102e-81,1.8102e-81,1.8102e-81
1.4481e-81,1.4481e-81,1.4481e-81,1.4481e-81,1.4481e-81
1.1585e-81,1.1585e-81,1.1585e-81,1.1585e-81,1.1585e-81
9.2681e-82,9.2681e-82,9.2681e-82,9.2681e-82,9.2681e-82
7.4145e-82,7.4145e-82,7.4145e-82,7.4145e-82,7.4145e-82
5.9316e-82,5.9316e-82,5.9316e-82,5.9316e-82,5.9316e-82
4.7453e-82,4.7453e-82,4.7453e-82,4.7453e-82,4.7453e-82
3.7962e-82,3.7962e-82,3.7962e-82,3.7962e-82,3.7962e-82
3.037e-82,3.037e-82,3.037e-82,3.037e-82,3.037e-82
2.4296e-82,2.4296e-82,2.4296e-82,2.4296e-82,2.4296e-82
1.9437e-82,1.9437e-82,1.9437e-82,1.9437e-82,1.9437e-82
1.5549e-82,1.5549e-82,1.5549e-82,1.5549e-82,1.5549e-82
1.2439e-82,1.2439e-82,1.2439e-82,1.2439e-82,1.2439e-82
9.9516e-83,9.9516e-83,9.9516e-83,9.9516e-83,9.9516e-83
7.9612e-83,7.9612e-83,7.9612e-83,7.9612e-83,7.9612e-83
6.369e-83,6.369e-83,6.369e-83,6.369e-83,6.369e-83
5.0952e-83,5.0952e-83,5.0952e-83,5.0952e-83,5.0952e-83
4.0762e-83,4.0762e-83,4.0762e-83,4.0762e-83,4.0762e-83
3.2609e-83,3.2609e-83,3.2609e-83,3.2609e-83,3.2609e-83
2.6087e-83,2.6087e-83,2.6087e-83,2.6087e-83,2.6087e-83
2.087e-83,2.087e-83,2.087e-83,2.087e-83,2.087e-83
1.6696e-83,1.6696e-83,1.6696e-83,1.6696e-83,1.6696e-83
1.3357e-83,1.3357e-83,1.3357e-83,1.3357e-83,1.3357e-83
1.0685e-83,1.0685e-83,1.0685e-83,1.0685e-83,1.0685e-83
8.5483e-84,8.5483e-84,8.5483e-84,8.5483e-84,8.5483e-84
6.8387e-84,6.8387e-84,6.8387e-84,6.8387e-84,6.8387e-84
5.4709e-84,5.4709e-84,5.4709e-84,5.4709e-84,5.4709e-84
4.3767e-84,4.3767e-84,4.3767e-84,4.3767e-84,4.3767e-84
3.5014e-84,3.5014e-84,3.5014e-84,3.5014e-84,3.5014e-84
2.8011e-84,2.8011e-84,2.8011e-84,2.8011e-84,2.8011e-84
2.2409e-84,2.2409e-84,2.2409e-84,2.2409e-84,2.2409e-84
1.7927e-84,1.7927e-84,1.7927e-84,1.7927e-84,1.7927e-84
1.4342e-84,1.4342e-84,1.4342e-84,1.4342e-84,1.4342e-84
1.1473e-84,1.1473e-84,1.1473e-84,1.1473e-84,1.1473e-84
9.1787e-85,9.1787e-85,9.1787e-85,9.1787e-85,9.1787e-85
7.343e-85,7.343e-85,7.343e-85,7.343e-85,7.343e-85
5.8744e-85,5.8744e-85,5.8744e-85,5.8744e-85,5.8744e-85
4.6995e-85,4.6995e-85,4.6995e-85,4.6995e-85,4.6995e-85
3.7596e-85,3.7596e-85,3.7596e-85,3.7596e-85,3.7596e-85
3.0077e-85,3.0077e-85,3.0077e-85,3.0077e-85,3.0077e-85
2.4061e-85,2.4061e-85,2.4061e-85,2.4061e-85,2.4061e-85
1.9249e-85,1.9249e-85,1.9249e-85,1.9249e-85,1.9249e-85
1.5399e-85,1.5399e-85,1.5399e-85,1.5399e-85,1.5399e-85
1.2319e-85,1.2319e-85,1.2319e-85,1.2319e-85,1.2319e-85
9.8555e-86,9.8555e-86,9.8555e-86,9.8555e-86,9.8555e-86
7.8844e-86,7.8844e-86,7.8844e-86,7.8844e-86,7.8844e-86
6.3075e-86,6.3075e-86,6.3075e-86,6.3075e-86,6.3075e-86
5.046e-86,5.046e-86,5.046e-86,5.046e-86,5.046e-86
4.0368e-86,4.0368e-86,4.0368e-86,4.0368e-86,4.0368e-86
3.2295e-86,3.2295e-86,3.2295e-86,3.2295e-86,3.2295e-86
2.5836e-86,2.5836e-86,2.5836e-86,2.5836e-86,2.5836e-86
2.0669e-86,2.0669e-86,2.0669e-86,2.0669e-86,2.0669e-86
1.6535e-86,1.6535e-86,1.6535e-86,1.6535e-86,1.6535e-86
1.3228e-86,1.3228e-86,1.3228e-86,1.3228e-86,1.3228e-86
1.0582e-86,1.0582e-86,1.0582e-86,1.0582e-86,1.0582e-86
8.4658e-87,8.4658e-87,8.4658e-87,8.4658e-87,8.4658e-87
6.7727e-87,6.7727e-87,6.7727e-87,6.7727e-87,6.7727e-87
5.4181e-87,5.4181e-87,5.4181e-87,5.4181e-87,5.4181e-87
4.3345e-87,4.3345e-87,4.3345e-87,4.3345e-87,4.3345e-87
3.4676e-87,3.4676e-87,3.4676e-87,3.4676e-87,3.4676e-87
2.7741e-87,2.7741e-87,2.7741e-87,2.7741e-87,2.7741e-87
2.2193e-87,2.2193e-87,2.2193e-87,2.2193e-87,2.2193e-87
1.7754e-87,1.7754e-87,1.7754e-87,1.7754e-87,1.7754e-87
1.4203e-87,1.4203e-87,1.4203e-87,1.4203e-87,1.4203e-87
1.1363e-87,1.1363e-87,1.1363e-87,1.1363e-87,1.1363e-87
9.0901e-88,9.0901e-88,9.0901e-88,9.0901e-88,9.0901e-88
7.2721e-88,7.2721e-88,7.2721e-88,7.2721e-88,7.2721e-88
5.8177e-88,5.8177e-88,5.8177e-88,5.8177e-88,5.8177e-88
4.6541e-88,4.6541e-88,4.6541e-88,4.6541e-88,4.6541e-88
3.7233e-88,3.7233e-88,3.7233e-88,3.7233e-88,3.7233e-88
2.9787e-88,2.9787e-88,2.9787e-88,2.9787e-88,2.9787e-88
2.3829e-88,2.3829e-88,2.3829e-88,2.3829e-88,2.3829e-88
1.9063e-88,1.9063e-88,1.9063e-88,1.9063e-88,1.9063e-88
1.5251e-88,1.5251e-88,1.5251e-88,1.5251e-88,1.5251e-88
1.2201e-88,1.2201e-88,1.2201e-88,1.2201e-88,1.2201e-88
9.7605e-89,9.7605e-89,9.7605e-89,9.7605e-89,9.7605e-89
7.8084e-89,7.8084e-89,7.8084e-89,7.8084e-89,7.8084e-89
6.2467e-89,6.2467e-89,6.2467e-89,6.2467e-89,6.2467e-89
4.9974e-89,4.9974e-89,4.9974e-89,4.9974e-89,4.9974e-89
3.9979e-89,3.9979e-89,3.9979e-89,3.9979e-89,3.9979e-89
3.1983e-89,3.1983e-89,3.1983e-89,3.1983e-89,3.1983e-89
2.5586e-89,2.5586e-89,2.5586e-89,2.5586e-89,2.5586e-89
2.0469e-89,2.0469e-89,2.0469e-89,2.0469e-89,2.0469e-89
1.6375e-89,1.6375e-89,1.6375e-89,1.6375e-89,1.6375e-89
1.31e-89,1.31e-89,1.31e-89,1.31e-89,1.31e-89
1.048e-89,1.048e-89,1.048e-89,1.048e-89,1.048e-89
8.3842e-90,8.3842e-90,8.3842e-90,8.3842e-90,8.3842e-90
6.7073e-90,6.7073e-90,6.7073e-90,6.7073e-90,6.7073e-90
5.3659e-90,5.3659e-90,5.3659e-90,5.3659e-90,5.3659e-90
4.2927e-90,4.2927e-90,4.2927e-90,4.2927e-90,4.2927e-90
3.4342e-90,3.4342e-90,3.4342e-90,3.4342e-90,3.4342e-90
2.7473e-90,2.7473e-90,2.7473e-90,2.7473e-90,2.7473e-90
2.1979e-90,2.1979e-90,2.1979e-90,2.1979e-90,2.1979e-90
1.7583e-90,1.7583e-90,1.7583e-90,1.7583e-90,1.7583e-90
1.4066e-90,1.4066e-90,1.4066e-90,1.4066e-90,1.4066e-90
1.1253e-90,1.1253e-90,1.1253e-90,1.1253e-90,1.1253e-90
9.0024e-91,9.0024e-91,9.0024e-91,9.0024e-91,9.0024e-91
7.2019e-91,7.2019e-91,7.2019e-91,7.2019e-91,7.2019e-91
5.7616e-91,5.7616e-91,5.7616e-91,5.7616e-91,5.7616e-91
4.6092e-91,4.6092e-91,4.6092e-91,4.6092e-91,4.6092e-91
3.6874e-91,3.6874e-91,3.6874e-91,3.6874e-91,3.6874e-91
2.9499e-91,2.9499e-91,2.9499e-91,2.9499e-91,2.9499e-91
2.3599e-91,2.3599e-91,2.3599e-91,2.3599e-91,2.3599e-91
1.8879e-91,1.8879e-91,1.8879e-91,1.8879e-91,1.8879e-91
1.5104e-91,1.5104e-91,1.5104e-91,1.5104e-91,1.5104e-91
1.2083e-91,1.2083e-91,1.2083e-91,1.2083e-91,1.2083e-91
9.6663e-92,9.6663e-92,9.6663e-92,9.6663e-92,9.6663e-92
7.733e-92,7.733e-92,7.733e-92,7.733e-92,7.733e-92
6.1864e-92,6.1864e-92,6.1864e-92,6.1864e-92,6.1864e-92
4.9491e-92,4.9491e-92,4.9491e-92,4.9491e-92,4.9491e-92
3.9593e-92,3.9593e-92,3.9593e-92,3.9593e-92,3.9593e-92
3.1674e-92,3.1674e-92,3.1674e-92,3.1674e-92,3.1674e-92
2.534e-92,2.534e-92,2.534e-92,2.534e-92,2.534e-92
2.0272e-92,2.0272e-92,2.0272e-92,2.0272e-92,2.0272e-92
1.6217e-92,1.6217e-92,1.6217e-92,1.6217e-92,1.6217e-92
1.2974e-92,1.2974e-92,1.2974e-92,1.2974e-92,1.2974e-92
1.0379e-92,1.0379e-92,1.0379e-92,1.0379e-92,1.0379e-92
8.3033e-93,8.3033e-93,8.3033e-93,8.3033e-93,8.3033e-93
6.6426e-93,6.6426e-93,6.6426e-93,6.6426e-93,6.6426e-93
5.3141e-93,5.3141e-93,5.3141e-93,5.3141e-93,5.3141e-93
4.2513e-93,4.2513e-93,4.2513e-93,4.2513e-93,4.2513e-93
3.401e-93,3.401e-93,3.401e-93,3.401e-93,3.401e-93
2.7208e-93,2.7208e-93,2.7208e-93,2.7208e-93,2.7208e-93
2.1767e-93,2.1767e-93,2.1767e-93,2.1767e-93,2.1767e-93
1.7413e-93,1.7413e-93,1.7413e-93,1.7413e-93,1.7413e-93
1.3931e-93,1.3931e-93,1.3931e-93,1.3931e-93,1.3931e-93
1.1144e-93,1.1144e-93,1.1144e-93,1.1144e-93,1.1144e-93
8.9156e-94,8.9156e-94,8.9156e-94,8.9156e-94,8.9156e-94
7.1325e-94,7.1325e-94,7.1325e-94,7.1325e-94,7.1325e-94
5.706e-94,5.706e-94,5.706e-94,5.706e-94,5.706e-94
4.5648e-94,4.5648e-94,4.5648e-94,4.5648e-94,4.5648e-94
3.6518e-94,3.6518e-94,3.6518e-94,3.6518e-94,3.6518e-94
2.9215e-94,2.9215e-94,2.9215e-94,2.9215e-94,2.9215e-94
2.3372e-94,2.3372e-94,2.3372e-94,2.3372e-94,2.3372e-94
1.8697e-94,1.8697e-94,1.8697e-94,1.8697e-94,1.8697e-94
1.4958e-94,1.4958e-94,1.4958e-94,1.4958e-94,1.4958e-94
1.1966e-94,1.1966e-94,1.1966e-94,1.1966e-94,1.1966e-94
9.573e-95,9.573e-95,9.573e-95,9.573e-95,9.573e-95
7.6584e-95,7.6584e-95,7.6584e-95,7.6584e-95,7.6584e-95
6.1267e-95,6.1267e-95,6.1267e-95,6.1267e-95,6.1267e-95
4.9014e-95,4.9014e-95,4.9014e-95,4.9014e-95,4.9014e-95
3.9211e-95,3.9211e-95,3.9211e-95,3.9211e-95,3.9211e-95
3.1369e-95,3.1369e-95,3.1369e-95,3.1369e-95,3.1369e-95
2.5095e-95,2.5095e-95,2.5095e-95,2.5095e-95,2.5095e-95
2.0076e-95,2.0076e-95,2.0076e-95,2.0076e-95,2.0076e-95
1.6061e-95,1.6061e-95,1.6061e-95,1.6061e-95,1.6061e-95
1.2849e-95,1.2849e-95,1.2849e-95,1.2849e-95,1.2849e-95
1.0279e-95,1.0279e-95,1.0279e-95,1.0279e-95,1.0279e-95
8.2232e-96,8.2232e-96,8.2232e-96,8.2232e-96,8.2232e-96
6.5785e-96,6.5785e-96,6.5785e-96,6.5785e-96,6.5785e-96
5.2628e-96,5.2628e-96,5.2628e-96,5.2628e-96,5.2628e-96
4.2103e-96,4.2103e-96,4.2103e-96,4.2103e-96,4.2103e-96
3.3682e-96,3.3682e-96,3.3682e-96,3.3682e-96,3.3682e-96
2.6946e-96,2.6946e-96,2.6946e-96,2.6946e-96,2.6946e-96
2.1557e-96,2.1557e-96,2.1557e-96,2.1557e-96,2.1557e-96
1.7245e-96,1.7245e-96,1.7245e-96,1.7245e-96,1.7245e-96
1.3796e-96,1.3796e-96,1.3796e-96,1.3796e-96,1.3796e-96
1.1037e-96,1.1037e-96,1.1037e-96,1.1037e-96,1.1037e-96
8.8296e-97,8.8296e-97,8.8296e-97,8.8296e-97,8.8296e-97
7.0636e-97,7.0636e-97,7.0636e-97,7.0636e-97,7.0636e-97
5.6509e-97,5.6509e-97,5.6509e-97,5.6509e-97,5.6509e-97
4.5207e-97,4.5207e-97,4.5207e-97,4.5207e-97,4.5207e-97
3.6166e-97,3.6166e-97,3.6166e-97,3.6166e-97,3.6166e-97
2.8933e-97,2.8933e-97,2.8933e-97,2.8933e-97,2.8933e-97
2.3146e-97,2.3146e-97,2.3146e-97,2.3146e-97,2.3146e-97
1.8517e-97,1.8517e-97,1.8517e-97,1.8517e-97,1.8517e-97
1.4814e-97,1.4814e-97,1.4814e-97,1.4814e-97,1.4814e-97
1.1851e-97,1.1851e-97,1.1851e-97,1.1851e-97,1.1851e-97
9.4807e-98,9.4807e-98,9.4807e-98,9.4807e-98,9.4807e-98
7.5845e-98,7.5845e-98,7.5845e-98,7.5845e-98,7.5845e-98
6.0676e-98,6.0676e-98,6.0676e-98,6.0676e-98,6.0676e-98
4.8541e-98,4.8541e-98,4.8541e-98,4.8541e-98,4.8541e-98
3.8833e-98,3.8833e-98,3.8833e-98,3.8833e-98,3.8833e-98
3.1066e-98,3.1066e-98,3.1066e-98,3.1066e-98,3.1066e-98
2.4853e-98,2.4853e-98,2.4853e-98,2.4853e-98,2.4853e-98
1.9882e-98,1.9882e-98,1.9882e-98,1.9882e-98,1.9882e-98
1.5906e-98,1.5906e-98,1.5906e-98,1.5906e-98,1.5906e-98
