0.1,0.2,0.3,0.5,0.6
0.0756,0.0604,0.0822,0.091,0.0708
0.024852,0.028429,0.028122,0.02873,0.0301
0.011196,0.010387,0.011088,0.011291,0.010553
0.0041725,0.0043776,0.0042982,0.0042997,0.0044198
0.0017428,0.0016926,0.0017263,0.0017336,0.0016945
0.00067824,0.00069094,0.0006846,0.00068393,0.00069233
0.00027593,0.00027276,0.00027467,0.00027502,0.0002727
0.00010919,0.00010999,0.00010956,0.0001095,0.00011005
4.3969e-05,4.3769e-05,4.3885e-05,4.3904e-05,4.3761e-05
1.7513e-05,1.7564e-05,1.7536e-05,1.7532e-05,1.7567e-05
7.0239e-06,7.0113e-06,7.0185e-06,7.0196e-06,7.0107e-06
2.8049e-06,2.8081e-06,2.8063e-06,2.806e-06,2.8082e-06
1.1231e-06,1.1223e-06,1.1228e-06,1.1229e-06,1.1223e-06
4.4896e-07,4.4916e-07,4.4904e-07,4.4903e-07,4.4917e-07
1.7966e-07,1.7961e-07,1.7963e-07,1.7964e-07,1.796e-07
7.1844e-08,7.1857e-08,7.185e-08,7.1848e-08,7.1857e-08
2.8742e-08,2.8739e-08,2.8741e-08,2.8741e-08,2.8739e-08
1.1496e-08,1.1497e-08,1.1496e-08,1.1496e-08,1.1497e-08
4.5986e-09,4.5984e-09,4.5985e-09,4.5985e-09,4.5984e-09
1.8394e-09,1.8394e-09,1.8394e-09,1.8394e-09,1.8394e-09
7.3576e-10,7.3575e-10,7.3576e-10,7.3576e-10,7.3575e-10
2.943e-10,2.943e-10,2.943e-10,2.943e-10,2.943e-10
1.1772e-10,1.1772e-10,1.1772e-10,1.1772e-10,1.1772e-10
4.7088e-11,4.7088e-11,4.7088e-11,4.7088e-11,4.7088e-11
1.8835e-11,1.8835e-11,1.8835e-11,1.8835e-11,1.8835e-11
7.5341e-12,7.5341e-12,7.5341e-12,7.5341e-12,7.5341e-12
3.0137e-12,3.0137e-12,3.0137e-12,3.0137e-12,3.0137e-12
1.2055e-12,1.2055e-12,1.2055e-12,1.2055e-12,1.2055e-12
4.8219e-13,4.8219e-13,4.8219e-13,4.8219e-13,4.8219e-13
1.9287e-13,1.9287e-13,1.9287e-13,1.9287e-13,1.9287e-13
7.715e-14,7.715e-14,7.715e-14,7.715e-14,7.715e-14
3.086e-14,3.086e-14,3.086e-14,3.086e-14,3.086e-14
1.2344e-14,1.2344e-14,1.2344e-14,1.2344e-14,1.2344e-14
4.9376e-15,4.9376e-15,4.9376e-15,4.9376e-15,4.9376e-15
1.975e-15,1.975e-15,1.975e-15,1.975e-15,1.975e-15
7.9001e-16,7.9001e-16,7.9001e-16,7.9001e-16,7.9001e-16
3.16e-16,3.16e-16,3.16e-16,3.16e-16,3.16e-16
1.264e-16,1.264e-16,1.264e-16,1.264e-16,1.264e-16
5.0561e-17,5.0561e-17,5.0561e-17,5.0561e-17,5.0561e-17
2.0224e-17,2.0224e-17,2.0224e-17,2.0224e-17,2.0224e-17
8.0897e-18,8.0897e-18,8.0897e-18,8.0897e-18,8.0897e-18
3.2359e-18,3.2359e-18,3.2359e-18,3.2359e-18,3.2359e-18
1.2944e-18,1.2944e-18,1.2944e-18,1.2944e-18,1.2944e-18
5.1774e-19,5.1774e-19,5.1774e-19,5.1774e-19,5.1774e-19
2.071e-19,2.071e-19,2.071e-19,2.071e-19,2.071e-19
8.2839e-20,8.2839e-20,8.2839e-20,8.2839e-20,8.2839e-20
3.3136e-20,3.3136e-20,3.3136e-20,3.3136e-20,3.3136e-20
1.3254e-20,1.3254e-20,1.3254e-20,1.3254e-20,1.3254e-20
5.3017e-21,5.3017e-21,5.3017e-21,5.3017e-21,5.3017e-21
2.1207e-21,2.1207e-21,2.1207e-21,2.1207e-21,2.1207e-21
8.4827e-22,8.4827e-22,8.4827e-22,8.4827e-22,8.4827e-22
3.3931e-22,3.3931e-22,3.3931e-22,3.3931e-22,3.3931e-22
1.3572e-22,1.3572e-22,1.3572e-22,1.3572e-22,1.3572e-22
5.4289e-23,5.4289e-23,5.4289e-23,5.4289e-23,5.4289e-23
2.1716e-23,2.1716e-23,2.1716e-23,2.1716e-23,2.1716e-23
8.6863e-24,8.6863e-24,8.6863e-24,8.6863e-24,8.6863e-24
3.4745e-24,3.4745e-24,3.4745e-24,3.4745e-24,3.4745e-24
1.3898e-24,1.3898e-24,1.3898e-24,1.3898e-24,1.3898e-24
5.5592e-25,5.5592e-25,5.5592e-25,5.5592e-25,5.5592e-25
2.2237e-25,2.2237e-25,2.2237e-25,2.2237e-25,2.2237e-25
8.8947e-26,8.8947e-26,8.8947e-26,8.8947e-26,8.8947e-26
3.5579e-26,3.5579e-26,3.5579e-26,3.5579e-26,3.5579e-26
1.4232e-26,1.4232e-26,1.4232e-26,1.4232e-26,1.4232e-26
5.6926e-27,5.6926e-27,5.6926e-27,5.6926e-27,5.6926e-27
2.2771e-27,2.2771e-27,2.2771e-27,2.2771e-27,2.2771e-27
9.1082e-28,9.1082e-28,9.1082e-28,9.1082e-28,9.1082e-28
3.6433e-28,3.6433e-28,3.6433e-28,3.6433e-28,3.6433e-28
1.4573e-28,1.4573e-28,1.4573e-28,1.4573e-28,1.4573e-28
5.8293e-29,5.8293e-29,5.8293e-29,5.8293e-29,5.8293e-29
2.3317e-29,2.3317e-29,2.3317e-29,2.3317e-29,2.3317e-29
9.3268e-30,9.3268e-30,9.3268e-30,9.3268e-30,9.3268e-30
3.7307e-30,3.7307e-30,3.7307e-30,3.7307e-30,3.7307e-30
1.4923e-30,1.4923e-30,1.4923e-30,1.4923e-30,1.4923e-30
5.9692e-31,5.9692e-31,5.9692e-31,5.9692e-31,5.9692e-31
2.3877e-31,2.3877e-31,2.3877e-31,2.3877e-31,2.3877e-31
9.5507e-32,9.5507e-32,9.5507e-32,9.5507e-32,9.5507e-32
3.8203e-32,3.8203e-32,3.8203e-32,3.8203e-32,3.8203e-32
1.5281e-32,1.5281e-32,1.5281e-32,1.5281e-32,1.5281e-32
6.1124e-33,6.1124e-33,6.1124e-33,6.1124e-33,6.1124e-33
2.445e-33,2.445e-33,2.445e-33,2.445e-33,2.445e-33
9.7799e-34,9.7799e-34,9.7799e-34,9.7799e-34,9.7799e-34
3.912e-34,3.912e-34,3.912e-34,3.912e-34,3.912e-34
1.5648e-34,1.5648e-34,1.5648e-34,1.5648e-34,1.5648e-34
6.2591e-35,6.2591e-35,6.2591e-35,6.2591e-35,6.2591e-35
2.5036e-35,2.5036e-35,2.5036e-35,2.5036e-35,2.5036e-35
1.0015e-35,1.0015e-35,1.0015e-35,1.0015e-35,1.0015e-35
4.0058e-36,4.0058e-36,4.0058e-36,4.0058e-36,4.0058e-36
1.6023e-36,1.6023e-36,1.6023e-36,1.6023e-36,1.6023e-36
6.4093e-37,6.4093e-37,6.4093e-37,6.4093e-37,6.4093e-37
2.5637e-37,2.5637e-37,2.5637e-37,2.5637e-37,2.5637e-37
1.0255e-37,1.0255e-37,1.0255e-37,1.0255e-37,1.0255e-37
4.102e-38,4.102e-38,4.102e-38,4.102e-38,4.102e-38
1.6408e-38,1.6408e-38,1.6408e-38,1.6408e-38,1.6408e-38
6.5632e-39,6.5632e-39,6.5632e-39,6.5632e-39,6.5632e-39
2.6253e-39,2.6253e-39,2.6253e-39,2.6253e-39,2.6253e-39
1.0501e-39,1.0501e-39,1.0501e-39,1.0501e-39,1.0501e-39
4.2004e-40,4.2004e-40,4.2004e-40,4.2004e-40,4.2004e-40
1.6802e-40,1.6802e-40,1.6802e-40,1.6802e-40,1.6802e-40
6.7207e-41,6.7207e-41,6.7207e-41,6.7207e-41,6.7207e-41
2.6883e-41,2.6883e-41,2.6883e-41,2.6883e-41,2.6883e-41
1.0753e-41,1.0753e-41,1.0753e-41,1.0753e-41,1.0753e-41
4.3012e-42,4.3012e-42,4.3012e-42,4.3012e-42,4.3012e-42
1.7205e-42,1.7205e-42,1.7205e-42,1.7205e-42,1.7205e-42
6.882e-43,6.882e-43,6.882e-43,6.882e-43,6.882e-43
2.7528e-43,2.7528e-43,2.7528e-43,2.7528e-43,2.7528e-43
1.1011e-43,1.1011e-43,1.1011e-43,1.1011e-43,1.1011e-43
4.4045e-44,4.4045e-44,4.4045e-44,4.4045e-44,4.4045e-44
1.7618e-44,1.7618e-44,1.7618e-44,1.7618e-44,1.7618e-44
7.0471e-45,7.0471e-45,7.0471e-45,7.0471e-45,7.0471e-45
2.8189e-45,2.8189e-45,2.8189e-45,2.8189e-45,2.8189e-45
1.1275e-45,1.1275e-45,1.1275e-45,1.1275e-45,1.1275e-45
4.5102e-46,4.5102e-46,4.5102e-46,4.5102e-46,4.5102e-46
1.8041e-46,1.8041e-46,1.8041e-46,1.8041e-46,1.8041e-46
7.2163e-47,7.2163e-47,7.2163e-47,7.2163e-47,7.2163e-47
2.8865e-47,2.8865e-47,2.8865e-47,2.8865e-47,2.8865e-47
1.1546e-47,1.1546e-47,1.1546e-47,1.1546e-47,1.1546e-47
4.6184e-48,4.6184e-48,4.6184e-48,4.6184e-48,4.6184e-48
1.8474e-48,1.8474e-48,1.8474e-48,1.8474e-48,1.8474e-48
7.3895e-49,7.3895e-49,7.3895e-49,7.3895e-49,7.3895e-49
2.9558e-49,2.9558e-49,2.9558e-49,2.9558e-49,2.9558e-49
1.1823e-49,1.1823e-49,1.1823e-49,1.1823e-49,1.1823e-49
4.7293e-50,4.7293e-50,4.7293e-50,4.7293e-50,4.7293e-50
1.8917e-50,1.8917e-50,1.8917e-50,1.8917e-50,1.8917e-50
7.5668e-51,7.5668e-51,7.5668e-51,7.5668e-51,7.5668e-51
3.0267e-51,3.0267e-51,3.0267e-51,3.0267e-51,3.0267e-51
1.2107e-51,1.2107e-51,1.2107e-51,1.2107e-51,1.2107e-51
4.8428e-52,4.8428e-52,4.8428e-52,4.8428e-52,4.8428e-52
1.9371e-52,1.9371e-52,1.9371e-52,1.9371e-52,1.9371e-52
7.7484e-53,7.7484e-53,7.7484e-53,7.7484e-53,7.7484e-53
3.0994e-53,3.0994e-53,3.0994e-53,3.0994e-53,3.0994e-53
1.2397e-53,1.2397e-53,1.2397e-53,1.2397e-53,1.2397e-53
4.959e-54,4.959e-54,4.959e-54,4.959e-54,4.959e-54
1.9836e-54,1.9836e-54,1.9836e-54,1.9836e-54,1.9836e-54
7.9344e-55,7.9344e-55,7.9344e-55,7.9344e-55,7.9344e-55
3.1738e-55,3.1738e-55,3.1738e-55,3.1738e-55,3.1738e-55
1.2695e-55,1.2695e-55,1.2695e-55,1.2695e-55,1.2695e-55
5.078e-56,5.078e-56,5.078e-56,5.078e-56,5.078e-56
2.0312e-56,2.0312e-56,2.0312e-56,2.0312e-56,2.0312e-56
8.1248e-57,8.1248e-57,8.1248e-57,8.1248e-57,8.1248e-57
3.2499e-57,3.2499e-57,3.2499e-57,3.2499e-57,3.2499e-57
1.3e-57,1.3e-57,1.3e-57,1.3e-57,1.3e-57
5.1999e-58,5.1999e-58,5.1999e-58,5.1999e-58,5.1999e-58
2.0799e-58,2.0799e-58,2.0799e-58,2.0799e-58,2.0799e-58
8.3198e-59,8.3198e-59,8.3198e-59,8.3198e-59,8.3198e-59
3.3279e-59,3.3279e-59,3.3279e-59,3.3279e-59,3.3279e-59
1.3312e-59,1.3312e-59,1.3312e-59,1.3312e-59,1.3312e-59
5.3247e-60,5.3247e-60,5.3247e-60,5.3247e-60,5.3247e-60
2.1299e-60,2.1299e-60,2.1299e-60,2.1299e-60,2.1299e-60
8.5195e-61,8.5195e-61,8.5195e-61,8.5195e-61,8.5195e-61
3.4078e-61,3.4078e-61,3.4078e-61,3.4078e-61,3.4078e-61
1.3631e-61,1.3631e-61,1.3631e-61,1.3631e-61,1.3631e-61
5.4525e-62,5.4525e-62,5.4525e-62,5.4525e-62,5.4525e-62
2.181e-62,2.181e-62,2.181e-62,2.181e-62,2.181e-62
8.7239e-63,8.7239e-63,8.7239e-63,8.7239e-63,8.7239e-63
3.4896e-63,3.4896e-63,3.4896e-63,3.4896e-63,3.4896e-63
1.3958e-63,1.3958e-63,1.3958e-63,1.3958e-63,1.3958e-63
5.5833e-64,5.5833e-64,5.5833e-64,5.5833e-64,5.5833e-64
2.2333e-64,2.2333e-64,2.2333e-64,2.2333e-64,2.2333e-64
8.9333e-65,8.9333e-65,8.9333e-65,8.9333e-65,8.9333e-65
3.5733e-65,3.5733e-65,3.5733e-65,3.5733e-65,3.5733e-65
1.4293e-65,1.4293e-65,1.4293e-65,1.4293e-65,1.4293e-65
5.7173e-66,5.7173e-66,5.7173e-66,5.7173e-66,5.7173e-66
2.2869e-66,2.2869e-66,2.2869e-66,2.2869e-66,2.2869e-66
9.1477e-67,9.1477e-67,9.1477e-67,9.1477e-67,9.1477e-67
3.6591e-67,3.6591e-67,3.6591e-67,3.6591e-67,3.6591e-67
1.4636e-67,1.4636e-67,1.4636e-67,1.4636e-67,1.4636e-67
5.8545e-68,5.8545e-68,5.8545e-68,5.8545e-68,5.8545e-68
2.3418e-68,2.3418e-68,2.3418e-68,2.3418e-68,2.3418e-68
9.3673e-69,9.3673e-69,9.3673e-69,9.3673e-69,9.3673e-69
3.7469e-69,3.7469e-69,3.7469e-69,3.7469e-69,3.7469e-69
1.4988e-69,1.4988e-69,1.4988e-69,1.4988e-69,1.4988e-69
5.995e-70,5.995e-70,5.995e-70,5.995e-70,5.995e-70
2.398e-70,2.398e-70,2.398e-70,2.398e-70,2.398e-70
9.5921e-71,9.5921e-71,9.5921e-71,9.5921e-71,9.5921e-71
3.8368e-71,3.8368e-71,3.8368e-71,3.8368e-71,3.8368e-71
1.5347e-71,1.5347e-71,1.5347e-71,1.5347e-71,1.5347e-71
6.1389e-72,6.1389e-72,6.1389e-72,6.1389e-72,6.1389e-72
2.4556e-72,2.4556e-72,2.4556e-72,2.4556e-72,2.4556e-72
9.8223e-73,9.8223e-73,9.8223e-73,9.8223e-73,9.8223e-73
3.9289e-73,3.9289e-73,3.9289e-73,3.9289e-73,3.9289e-73
1.5716e-73,1.5716e-73,1.5716e-73,1.5716e-73,1.5716e-73
6.2863e-74,6.2863e-74,6.2863e-74,6.2863e-74,6.2863e-74
2.5145e-74,2.5145e-74,2.5145e-74,2.5145e-74,2.5145e-74
1.0058e-74,1.0058e-74,1.0058e-74,1.0058e-74,1.0058e-74
4.0232e-75,4.0232e-75,4.0232e-75,4.0232e-75,4.0232e-75
1.6093e-75,1.6093e-75,1.6093e-75,1.6093e-75,1.6093e-75
6.4371e-76,6.4371e-76,6.4371e-76,6.4371e-76,6.4371e-76
2.5749e-76,2.5749e-76,2.5749e-76,2.5749e-76,2.5749e-76
1.0299e-76,1.0299e-76,1.0299e-76,1.0299e-76,1.0299e-76
4.1198e-77,4.1198e-77,4.1198e-77,4.1198e-77,4.1198e-77
1.6479e-77,1.6479e-77,1.6479e-77,1.6479e-77,1.6479e-77
6.5916e-78,6.5916e-78,6.5916e-78,6.5916e-78,6.5916e-78
2.6366e-78,2.6366e-78,2.6366e-78,2.6366e-78,2.6366e-78
1.0547e-78,1.0547e-78,1.0547e-78,1.0547e-78,1.0547e-78
4.2186e-79,4.2186e-79,4.2186e-79,4.2186e-79,4.2186e-79
1.6875e-79,1.6875e-79,1.6875e-79,1.6875e-79,1.6875e-79
6.7498e-80,6.7498e-80,6.7498e-80,6.7498e-80,6.7498e-80
2.6999e-80,2.6999e-80,2.6999e-80,2.6999e-80,2.6999e-80
1.08e-80,1.08e-80,1.08e-80,1.08e-80,1.08e-80
4.3199e-81,4.3199e-81,4.3199e-81,4.3199e-81,4.3199e-81
1.728e-81,1.728e-81,1.728e-81,1.728e-81,1.728e-81
6.9118e-82,6.9118e-82,6.9118e-82,6.9118e-82,6.9118e-82
2.7647e-82,2.7647e-82,2.7647e-82,2.7647e-82,2.7647e-82
1.1059e-82,1.1059e-82,1.1059e-82,1.1059e-82,1.1059e-82
4.4236e-83,4.4236e-83,4.4236e-83,4.4236e-83,4.4236e-83
1.7694e-83,1.7694e-83,1.7694e-83,1.7694e-83,1.7694e-83
7.0777e-84,7.0777e-84,7.0777e-84,7.0777e-84,7.0777e-84
2.8311e-84,2.8311e-84,2.8311e-84,2.8311e-84,2.8311e-84
1.1324e-84,1.1324e-84,1.1324e-84,1.1324e-84,1.1324e-84
4.5297e-85,4.5297e-85,4.5297e-85,4.5297e-85,4.5297e-85
1.8119e-85,1.8119e-85,1.8119e-85,1.8119e-85,1.8119e-85
7.2476e-86,7.2476e-86,7.2476e-86,7.2476e-86,7.2476e-86
2.899e-86,2.899e-86,2.899e-86,2.899e-86,2.899e-86
1.1596e-86,1.1596e-86,1.1596e-86,1.1596e-86,1.1596e-86
4.6384e-87,4.6384e-87,4.6384e-87,4.6384e-87,4.6384e-87
1.8554e-87,1.8554e-87,1.8554e-87,1.8554e-87,1.8554e-87
7.4215e-88,7.4215e-88,7.4215e-88,7.4215e-88,7.4215e-88
2.9686e-88,2.9686e-88,2.9686e-88,2.9686e-88,2.9686e-88
1.1874e-88,1.1874e-88,1.1874e-88,1.1874e-88,1.1874e-88
4.7498e-89,4.7498e-89,4.7498e-89,4.7498e-89,4.7498e-89
1.8999e-89,1.8999e-89,1.8999e-89,1.8999e-89,1.8999e-89
7.5996e-90,7.5996e-90,7.5996e-90,7.5996e-90,7.5996e-90
3.0398e-90,3.0398e-90,3.0398e-90,3.0398e-90,3.0398e-90
1.2159e-90,1.2159e-90,1.2159e-90,1.2159e-90,1.2159e-90
4.8638e-91,4.8638e-91,4.8638e-91,4.8638e-91,4.8638e-91
1.9455e-91,1.9455e-91,1.9455e-91,1.9455e-91,1.9455e-91
7.782e-92,7.782e-92,7.782e-92,7.782e-92,7.782e-92
3.1128e-92,3.1128e-92,3.1128e-92,3.1128e-92,3.1128e-92
1.2451e-92,1.2451e-92,1.2451e-92,1.2451e-92,1.2451e-92
4.9805e-93,4.9805e-93,4.9805e-93,4.9805e-93,4.9805e-93
1.9922e-93,1.9922e-93,1.9922e-93,1.9922e-93,1.9922e-93
7.9688e-94,7.9688e-94,7.9688e-94,7.9688e-94,7.9688e-94
3.1875e-94,3.1875e-94,3.1875e-94,3.1875e-94,3.1875e-94
1.275e-94,1.275e-94,1.275e-94,1.275e-94,1.275e-94
5.1e-95,5.1e-95,5.1e-95,5.1e-95,5.1e-95
2.04e-95,2.04e-95,2.04e-95,2.04e-95,2.04e-95
8.16e-96,8.16e-96,8.16e-96,8.16e-96,8.16e-96
3.264e-96,3.264e-96,3.264e-96,3.264e-96,3.264e-96
1.3056e-96,1.3056e-96,1.3056e-96,1.3056e-96,1.3056e-96
5.2224e-97,5.2224e-97,5.2224e-97,5.2224e-97,5.2224e-97
2.089e-97,2.089e-97,2.089e-97,2.089e-97,2.089e-97
8.3559e-98,8.3559e-98,8.3559e-98,8.3559e-98,8.3559e-98
3.3424e-98,3.3424e-98,3.3424e-98,3.3424e-98,3.3424e-98
1.3369e-98,1.3369e-98,1.3369e-98,1.3369e-98,1.3369e-98
5.3478e-99,5.3478e-99,5.3478e-99,5.3478e-99,5.3478e-99
2.1391e-99,2.1391e-99,2.1391e-99,2.1391e-99,2.1391e-99
8.5564e-100,8.5564e-100,8.5564e-100,8.5564e-100,8.5564e-100
3.4226e-100,3.4226e-100,3.4226e-100,3.4226e-100,3.4226e-100
1.369e-100,1.369e-100,1.369e-100,1.369e-100,1.369e-100
5.4761e-101,5.4761e-101,5.4761e-101,5.4761e-101,5.4761e-101
2.1904e-101,2.1904e-101,2.1904e-101,2.1904e-101,2.1904e-101
8.7618e-102,8.7618e-102,8.7618e-102,8.7618e-102,8.7618e-102
3.5047e-102,3.5047e-102,3.5047e-102,3.5047e-102,3.5047e-102
1.4019e-102,1.4019e-102,1.4019e-102,1.4019e-102,1.4019e-102
5.6075e-103,5.6075e-103,5.6075e-103,5.6075e-103,5.6075e-103
2.243e-103,2.243e-103,2.243e-103,2.243e-103,2.243e-103
8.9721e-104,8.9721e-104,8.9721e-104,8.9721e-104,8.9721e-104
3.5888e-104,3.5888e-104,3.5888e-104,3.5888e-104,3.5888e-104
1.4355e-104,1.4355e-104,1.4355e-104,1.4355e-104,1.4355e-104
5.7421e-105,5.7421e-105,5.7421e-105,5.7421e-105,5.7421e-105
2.2968e-105,2.2968e-105,2.2968e-105,2.2968e-105,2.2968e-105
9.1874e-106,9.1874e-106,9.1874e-106,9.1874e-106,9.1874e-106
3.675e-106,3.675e-106,3.675e-106,3.675e-106,3.675e-106
1.47e-106,1.47e-106,1.47e-106,1.47e-106,1.47e-106
5.8799e-107,5.8799e-107,5.8799e-107,5.8799e-107,5.8799e-107
2.352e-107,2.352e-107,2.352e-107,2.352e-107,2.352e-107
9.4079e-108,9.4079e-108,9.4079e-108,9.4079e-108,9.4079e-108
3.7632e-108,3.7632e-108,3.7632e-108,3.7632e-108,3.7632e-108
1.5053e-108,1.5053e-108,1.5053e-108,1.5053e-108,1.5053e-108
6.021e-109,6.021e-109,6.021e-109,6.021e-109,6.021e-109
2.4084e-109,2.4084e-109,2.4084e-109,2.4084e-109,2.4084e-109
9.6337e-110,9.6337e-110,9.6337e-110,9.6337e-110,9.6337e-110
3.8535e-110,3.8535e-110,3.8535e-110,3.8535e-110,3.8535e-110
1.5414e-110,1.5414e-110,1.5414e-110,1.5414e-110,1.5414e-110
6.1655e-111,6.1655e-111,6.1655e-111,6.1655e-111,6.1655e-111
2.4662e-111,2.4662e-111,2.4662e-111,2.4662e-111,2.4662e-111
9.8649e-112,9.8649e-112,9.8649e-112,9.8649e-112,9.8649e-112
3.946e-112,3.946e-112,3.946e-112,3.946e-112,3.946e-112
1.5784e-112,1.5784e-112,1.5784e-112,1.5784e-112,1.5784e-112
6.3135e-113,6.3135e-113,6.3135e-113,6.3135e-113,6.3135e-113
2.5254e-113,2.5254e-113,2.5254e-113,2.5254e-113,2.5254e-113
1.0102e-113,1.0102e-113,1.0102e-113,1.0102e-113,1.0102e-113
4.0407e-114,4.0407e-114,4.0407e-114,4.0407e-114,4.0407e-114
1.6163e-114,1.6163e-114,1.6163e-114,1.6163e-114,1.6163e-114
6.465e-115,6.465e-115,6.465e-115,6.465e-115,6.465e-115
2.586e-115,2.586e-115,2.586e-115,2.586e-115,2.586e-115
1.0344e-115,1.0344e-115,1.0344e-115,1.0344e-115,1.0344e-115
4.1376e-116,4.1376e-116,4.1376e-116,4.1376e-116,4.1376e-116
1.6551e-116,1.6551e-116,1.6551e-116,1.6551e-116,1.6551e-116
6.6202e-117,6.6202e-117,6.6202e-117,6.6202e-117,6.6202e-117
2.6481e-117,2.6481e-117,2.6481e-117,2.6481e-117,2.6481e-117
1.0592e-117,1.0592e-117,1.0592e-117,1.0592e-117,1.0592e-117
4.2369e-118,4.2369e-118,4.2369e-118,4.2369e-118,4.2369e-118
1.6948e-118,1.6948e-118,1.6948e-118,1.6948e-118,1.6948e-118
6.7791e-119,6.7791e-119,6.7791e-119,6.7791e-119,6.7791e-119
2.7116e-119,2.7116e-119,2.7116e-119,2.7116e-119,2.7116e-119
1.0847e-119,1.0847e-119,1.0847e-119,1.0847e-119,1.0847e-119
4.3386e-120,4.3386e-120,4.3386e-120,4.3386e-120,4.3386e-120
1.7354e-120,1.7354e-120,1.7354e-120,1.7354e-120,1.7354e-120
6.9418e-121,6.9418e-121,6.9418e-121,6.9418e-121,6.9418e-121
2.7767e-121,2.7767e-121,2.7767e-121,2.7767e-121,2.7767e-121
1.1107e-121,1.1107e-121,1.1107e-121,1.1107e-121,1.1107e-121
4.4427e-122,4.4427e-122,4.4427e-122,4.4427e-122,4.4427e-122
1.7771e-122,1.7771e-122,1.7771e-122,1.7771e-122,1.7771e-122
7.1084e-123,7.1084e-123,7.1084e-123,7.1084e-123,7.1084e-123
2.8434e-123,2.8434e-123,2.8434e-123,2.8434e-123,2.8434e-123
1.1373e-123,1.1373e-123,1.1373e-123,1.1373e-123,1.1373e-123
4.5494e-124,4.5494e-124,4.5494e-124,4.5494e-124,4.5494e-124
1.8197e-124,1.8197e-124,1.8197e-124,1.8197e-124,1.8197e-124
7.279e-125,7.279e-125,7.279e-125,7.279e-125,7.279e-125
2.9116e-125,2.9116e-125,2.9116e-125,2.9116e-125,2.9116e-125
1.1646e-125,1.1646e-125,1.1646e-125,1.1646e-125,1.1646e-125
4.6586e-126,4.6586e-126,4.6586e-126,4.6586e-126,4.6586e-126
1.8634e-126,1.8634e-126,1.8634e-126,1.8634e-126,1.8634e-126
7.4537e-127,7.4537e-127,7.4537e-127,7.4537e-127,7.4537e-127
2.9815e-127,2.9815e-127,2.9815e-127,2.9815e-127,2.9815e-127
1.1926e-127,1.1926e-127,1.1926e-127,1.1926e-127,1.1926e-127
4.7704e-128,4.7704e-128,4.7704e-128,4.7704e-128,4.7704e-128
1.9081e-128,1.9081e-128,1.9081e-128,1.9081e-128,1.9081e-128
7.6326e-129,7.6326e-129,7.6326e-129,7.6326e-129,7.6326e-129
3.053e-129,3.053e-129,3.053e-129,3.053e-129,3.053e-129
1.2212e-129,1.2212e-129,1.2212e-129,1.2212e-129,1.2212e-129
4.8849e-130,4.8849e-130,4.8849e-130,4.8849e-130,4.8849e-130
1.9539e-130,1.9539e-130,1.9539e-130,1.9539e-130,1.9539e-130
7.8158e-131,7.8158e-131,7.8158e-131,7.8158e-131,7.8158e-131
3.1263e-131,3.1263e-131,3.1263e-131,3.1263e-131,3.1263e-131
1.2505e-131,1.2505e-131,1.2505e-131,1.2505e-131,1.2505e-131
5.0021e-132,5.0021e-132,5.0021e-132,5.0021e-132,5.0021e-132
2.0008e-132,2.0008e-132,2.0008e-132,2.0008e-132,2.0008e-132
8.0033e-133,8.0033e-133,8.0033e-133,8.0033e-133,8.0033e-133
3.2013e-133,3.2013e-133,3.2013e-133,3.2013e-133,3.2013e-133
1.2805e-133,1.2805e-133,1.2805e-133,1.2805e-133,1.2805e-133
5.1221e-134,5.1221e-134,5.1221e-134,5.1221e-134,5.1221e-134
2.0489e-134,2.0489e-134,2.0489e-134,2.0489e-134,2.0489e-134
8.1954e-135,8.1954e-135,8.1954e-135,8.1954e-135,8.1954e-135
3.2782e-135,3.2782e-135,3.2782e-135,3.2782e-135,3.2782e-135
1.3113e-135,1.3113e-135,1.3113e-135,1.3113e-135,1.3113e-135
5.2451e-136,5.2451e-136,5.2451e-136,5.2451e-136,5.2451e-136
2.098e-136,2.098e-136,2.098e-136,2.098e-136,2.098e-136
8.3921e-137,8.3921e-137,8.3921e-137,8.3921e-137,8.3921e-137
3.3568e-137,3.3568e-137,3.3568e-137,3.3568e-137,3.3568e-137
1.3427e-137,1.3427e-137,1.3427e-137,1.3427e-137,1.3427e-137
5.3709e-138,5.3709e-138,5.3709e-138,5.3709e-138,5.3709e-138
2.1484e-138,2.1484e-138,2.1484e-138,2.1484e-138,2.1484e-138
8.5935e-139,8.5935e-139,8.5935e-139,8.5935e-139,8.5935e-139
3.4374e-139,3.4374e-139,3.4374e-139,3.4374e-139,3.4374e-139
1.375e-139,1.375e-139,1.375e-139,1.375e-139,1.375e-139
5.4999e-140,5.4999e-140,5.4999e-140,5.4999e-140,5.4999e-140
2.1999e-140,2.1999e-140,2.1999e-140,2.1999e-140,2.1999e-140
8.7998e-141,8.7998e-141,8.7998e-141,8.7998e-141,8.7998e-141
3.5199e-141,3.5199e-141,3.5199e-141,3.5199e-141,3.5199e-141
1.408e-141,1.408e-141,1.408e-141,1.408e-141,1.408e-141
5.6318e-142,5.6318e-142,5.6318e-142,5.6318e-142,5.6318e-142
2.2527e-142,2.2527e-142,2.2527e-142,2.2527e-142,2.2527e-142
9.011e-143,9.011e-143,9.011e-143,9.011e-143,9.011e-143
3.6044e-143,3.6044e-143,3.6044e-143,3.6044e-143,3.6044e-143
1.4418e-143,1.4418e-143,1.4418e-143,1.4418e-143,1.4418e-143
5.767e-144,5.767e-144,5.767e-144,5.767e-144,5.767e-144
2.3068e-144,2.3068e-144,2.3068e-144,2.3068e-144,2.3068e-144
9.2272e-145,9.2272e-145,9.2272e-145,9.2272e-145,9.2272e-145
3.6909e-145,3.6909e-145,3.6909e-145,3.6909e-145,3.6909e-145
1.4764e-145,1.4764e-145,1.4764e-145,1.4764e-145,1.4764e-145
5.9054e-146,5.9054e-146,5.9054e-146,5.9054e-146,5.9054e-146
2.3622e-146,2.3622e-146,2.3622e-146,2.3622e-146,2.3622e-146
9.4487e-147,9.4487e-147,9.4487e-147,9.4487e-147,9.4487e-147
3.7795e-147,3.7795e-147,3.7795e-147,3.7795e-147,3.7795e-147
1.5118e-147,1.5118e-147,1.5118e-147,1.5118e-147,1.5118e-147
6.0472e-148,6.0472e-148,6.0472e-148,6.0472e-148,6.0472e-148
2.4189e-148,2.4189e-148,2.4189e-148,2.4189e-148,2.4189e-148
9.6754e-149,9.6754e-149,9.6754e-149,9.6754e-149,9.6754e-149
3.8702e-149,3.8702e-149,3.8702e-149,3.8702e-149,3.8702e-149
1.5481e-149,1.5481e-149,1.5481e-149,1.5481e-149,1.5481e-149
6.1923e-150,6.1923e-150,6.1923e-150,6.1923e-150,6.1923e-150
2.4769e-150,2.4769e-150,2.4769e-150,2.4769e-150,2.4769e-150
9.9077e-151,9.9077e-151,9.9077e-151,9.9077e-151,9.9077e-151
3.9631e-151,3.9631e-151,3.9631e-151,3.9631e-151,3.9631e-151
1.5852e-151,1.5852e-151,1.5852e-151,1.5852e-151,1.5852e-151
6.3409e-152,6.3409e-152,6.3409e-152,6.3409e-152,6.3409e-152
2.5364e-152,2.5364e-152,2.5364e-152,2.5364e-152,2.5364e-152
1.0145e-152,1.0145e-152,1.0145e-152,1.0145e-152,1.0145e-152
4.0582e-153,4.0582e-153,4.0582e-153,4.0582e-153,4.0582e-153
1.6233e-153,1.6233e-153,1.6233e-153,1.6233e-153,1.6233e-153
6.4931e-154,6.4931e-154,6.4931e-154,6.4931e-154,6.4931e-154
2.5972e-154,2.5972e-154,2.5972e-154,2.5972e-154,2.5972e-154
1.0389e-154,1.0389e-154,1.0389e-154,1.0389e-154,1.0389e-154
4.1556e-155,4.1556e-155,4.1556e-155,4.1556e-155,4.1556e-155
1.6622e-155,1.6622e-155,1.6622e-155,1.6622e-155,1.6622e-155
6.6489e-156,6.6489e-156,6.6489e-156,6.6489e-156,6.6489e-156
2.6596e-156,2.6596e-156,2.6596e-156,2.6596e-156,2.6596e-156
1.0638e-156,1.0638e-156,1.0638e-156,1.0638e-156,1.0638e-156
4.2553e-157,4.2553e-157,4.2553e-157,4.2553e-157,4.2553e-157
1.7021e-157,1.7021e-157,1.7021e-157,1.7021e-157,1.7021e-157
6.8085e-158,6.8085e-158,6.8085e-158,6.8085e-158,6.8085e-158
2.7234e-158,2.7234e-158,2.7234e-158,2.7234e-158,2.7234e-158
1.0894e-158,1.0894e-158,1.0894e-158,1.0894e-158,1.0894e-158
4.3574e-159,4.3574e-159,4.3574e-159,4.3574e-159,4.3574e-159
1.743e-159,1.743e-159,1.743e-159,1.743e-159,1.743e-159
6.9719e-160,6.9719e-160,6.9719e-160,6.9719e-160,6.9719e-160
2.7888e-160,2.7888e-160,2.7888e-160,2.7888e-160,2.7888e-160
1.1155e-160,1.1155e-160,1.1155e-160,1.1155e-160,1.1155e-160
4.462e-161,4.462e-161,4.462e-161,4.462e-161,4.462e-161
1.7848e-161,1.7848e-161,1.7848e-161,1.7848e-161,1.7848e-161
7.1392e-162,7.1392e-162,7.1392e-162,7.1392e-162,7.1392e-162
2.8557e-162,2.8557e-162,2.8557e-162,2.8557e-162,2.8557e-162
1.1423e-162,1.1423e-162,1.1423e-162,1.1423e-162,1.1423e-162
4.5691e-163,4.5691e-163,4.5691e-163,4.5691e-163,4.5691e-163
1.8276e-163,1.8276e-163,1.8276e-163,1.8276e-163,1.8276e-163
7.3106e-164,7.3106e-164,7.3106e-164,7.3106e-164,7.3106e-164
2.9242e-164,2.9242e-164,2.9242e-164,2.9242e-164,2.9242e-164
1.1697e-164,1.1697e-164,1.1697e-164,1.1697e-164,1.1697e-164
4.6788e-165,4.6788e-165,4.6788e-165,4.6788e-165,4.6788e-165
1.8715e-165,1.8715e-165,1.8715e-165,1.8715e-165,1.8715e-165
7.486e-166,7.486e-166,7.486e-166,7.486e-166,7.486e-166
2.9944e-166,2.9944e-166,2.9944e-166,2.9944e-166,2.9944e-166
1.1978e-166,1.1978e-166,1.1978e-166,1.1978e-166,1.1978e-166
4.791e-167,4.791e-167,4.791e-167,4.791e-167,4.791e-167
1.9164e-167,1.9164e-167,1.9164e-167,1.9164e-167,1.9164e-167
7.6657e-168,7.6657e-168,7.6657e-168,7.6657e-168,7.6657e-168
3.0663e-168,3.0663e-168,3.0663e-168,3.0663e-168,3.0663e-168
1.2265e-168,1.2265e-168,1.2265e-168,1.2265e-168,1.2265e-168
4.906e-169,4.906e-169,4.906e-169,4.906e-169,4.906e-169
1.9624e-169,1.9624e-169,1.9624e-169,1.9624e-169,1.9624e-169
7.8497e-170,7.8497e-170,7.8497e-170,7.8497e-170,7.8497e-170
3.1399e-170,3.1399e-170,3.1399e-170,3.1399e-170,3.1399e-170
1.2559e-170,1.2559e-170,1.2559e-170,1.2559e-170,1.2559e-170
5.0238e-171,5.0238e-171,5.0238e-171,5.0238e-171,5.0238e-171
2.0095e-171,2.0095e-171,2.0095e-171,2.0095e-171,2.0095e-171
8.038e-172,8.038e-172,8.038e-172,8.038e-172,8.038e-172
3.2152e-172,3.2152e-172,3.2152e-172,3.2152e-172,3.2152e-172
1.2861e-172,1.2861e-172,1.2861e-172,1.2861e-172,1.2861e-172
5.1443e-173,5.1443e-173,5.1443e-173,5.1443e-173,5.1443e-173
2.0577e-173,2.0577e-173,2.0577e-173,2.0577e-173,2.0577e-173
8.231e-174,8.231e-174,8.231e-174,8.231e-174,8.231e-174
3.2924e-174,3.2924e-174,3.2924e-174,3.2924e-174,3.2924e-174
1.317e-174,1.317e-174,1.317e-174,1.317e-174,1.317e-174
5.2678e-175,5.2678e-175,5.2678e-175,5.2678e-175,5.2678e-175
2.1071e-175,2.1071e-175,2.1071e-175,2.1071e-175,2.1071e-175
8.4285e-176,8.4285e-176,8.4285e-176,8.4285e-176,8.4285e-176
3.3714e-176,3.3714e-176,3.3714e-176,3.3714e-176,3.3714e-176
1.3486e-176,1.3486e-176,1.3486e-176,1.3486e-176,1.3486e-176
5.3942e-177,5.3942e-177,5.3942e-177,5.3942e-177,5.3942e-177
2.1577e-177,2.1577e-177,2.1577e-177,2.1577e-177,2.1577e-177
8.6308e-178,8.6308e-178,8.6308e-178,8.6308e-178,8.6308e-178
3.4523e-178,3.4523e-178,3.4523e-178,3.4523e-178,3.4523e-178
1.3809e-178,1.3809e-178,1.3809e-178,1.3809e-178,1.3809e-178
5.5237e-179,5.5237e-179,5.5237e-179,5.5237e-179,5.5237e-179
2.2095e-179,2.2095e-179,2.2095e-179,2.2095e-179,2.2095e-179
8.8379e-180,8.8379e-180,8.8379e-180,8.8379e-180,8.8379e-180
3.5352e-180,3.5352e-180,3.5352e-180,3.5352e-180,3.5352e-180
1.4141e-180,1.4141e-180,1.4141e-180,1.4141e-180,1.4141e-180
5.6563e-181,5.6563e-181,5.6563e-181,5.6563e-181,5.6563e-181
2.2625e-181,2.2625e-181,2.2625e-181,2.2625e-181,2.2625e-181
9.05e-182,9.05e-182,9.05e-182,9.05e-182,9.05e-182
3.62e-182,3.62e-182,3.62e-182,3.62e-182,3.62e-182
1.448e-182,1.448e-182,1.448e-182,1.448e-182,1.448e-182
5.792e-183,5.792e-183,5.792e-183,5.792e-183,5.792e-183
2.3168e-183,2.3168e-183,2.3168e-183,2.3168e-183,2.3168e-183
9.2672e-184,9.2672e-184,9.2672e-184,9.2672e-184,9.2672e-184
3.7069e-184,3.7069e-184,3.7069e-184,3.7069e-184,3.7069e-184
1.4828e-184,1.4828e-184,1.4828e-184,1.4828e-184,1.4828e-184
5.931e-185,5.931e-185,5.931e-185,5.931e-185,5.931e-185
2.3724e-185,2.3724e-185,2.3724e-185,2.3724e-185,2.3724e-185
9.4896e-186,9.4896e-186,9.4896e-186,9.4896e-186,9.4896e-186
3.7959e-186,3.7959e-186,3.7959e-186,3.7959e-186,3.7959e-186
1.5183e-186,1.5183e-186,1.5183e-186,1.5183e-186,1.5183e-186
6.0734e-187,6.0734e-187,6.0734e-187,6.0734e-187,6.0734e-187
2.4293e-187,2.4293e-187,2.4293e-187,2.4293e-187,2.4293e-187
9.7174e-188,9.7174e-188,9.7174e-188,9.7174e-188,9.7174e-188
3.887e-188,3.887e-188,3.887e-188,3.887e-188,3.887e-188
1.5548e-188,1.5548e-188,1.5548e-188,1.5548e-188,1.5548e-188
6.2191e-189,6.2191e-189,6.2191e-189,6.2191e-189,6.2191e-189
2.4877e-189,2.4877e-189,2.4877e-189,2.4877e-189,2.4877e-189
9.9506e-190,9.9506e-190,9.9506e-190,9.9506e-190,9.9506e-190
3.9802e-190,3.9802e-190,3.9802e-190,3.9802e-190,3.9802e-190
1.5921e-190,1.5921e-190,1.5921e-190,1.5921e-190,1.5921e-190
6.3684e-191,6.3684e-191,6.3684e-191,6.3684e-191,6.3684e-191
2.5474e-191,2.5474e-191,2.5474e-191,2.5474e-191,2.5474e-191
1.0189e-191,1.0189e-191,1.0189e-191,1.0189e-191,1.0189e-191
4.0758e-192,4.0758e-192,4.0758e-192,4.0758e-192,4.0758e-192
1.6303e-192,1.6303e-192,1.6303e-192,1.6303e-192,1.6303e-192
6.5212e-193,6.5212e-193,6.5212e-193,6.5212e-193,6.5212e-193
2.6085e-193,2.6085e-193,2.6085e-193,2.6085e-193,2.6085e-193
1.0434e-193,1.0434e-193,1.0434e-193,1.0434e-193,1.0434e-193
4.1736e-194,4.1736e-194,4.1736e-194,4.1736e-194,4.1736e-194
1.6694e-194,1.6694e-194,1.6694e-194,1.6694e-194,1.6694e-194
6.6777e-195,6.6777e-195,6.6777e-195,6.6777e-195,6.6777e-195
2.6711e-195,2.6711e-195,2.6711e-195,2.6711e-195,2.6711e-195
1.0684e-195,1.0684e-195,1.0684e-195,1.0684e-195,1.0684e-195
4.2738e-196,4.2738e-196,4.2738e-196,4.2738e-196,4.2738e-196
1.7095e-196,1.7095e-196,1.7095e-196,1.7095e-196,1.7095e-196
6.838e-197,6.838e-197,6.838e-197,6.838e-197,6.838e-197
2.7352e-197,2.7352e-197,2.7352e-197,2.7352e-197,2.7352e-197
1.0941e-197,1.0941e-197,1.0941e-197,1.0941e-197,1.0941e-197
4.3763e-198,4.3763e-198,4.3763e-198,4.3763e-198,4.3763e-198
1.7505e-198,1.7505e-198,1.7505e-198,1.7505e-198,1.7505e-198
7.0021e-199,7.0021e-199,7.0021e-199,7.0021e-199,7.0021e-199
2.8008e-199,2.8008e-199,2.8008e-199,2.8008e-199,2.8008e-199
1.1203e-199,1.1203e-199,1.1203e-199,1.1203e-199,1.1203e-199
4.4814e-200,4.4814e-200,4.4814e-200,4.4814e-200,4.4814e-200
1.7925e-200,1.7925e-200,1.7925e-200,1.7925e-200,1.7925e-200
7.1702e-201,7.1702e-201,7.1702e-201,7.1702e-201,7.1702e-201
2.8681e-201,2.8681e-201,2.8681e-201,2.8681e-201,2.8681e-201
1.1472e-201,1.1472e-201,1.1472e-201,1.1472e-201,1.1472e-201
4.5889e-202,4.5889e-202,4.5889e-202,4.5889e-202,4.5889e-202
1.8356e-202,1.8356e-202,1.8356e-202,1.8356e-202,1.8356e-202
7.3423e-203,7.3423e-203,7.3423e-203,7.3423e-203,7.3423e-203
2.9369e-203,2.9369e-203,2.9369e-203,2.9369e-203,2.9369e-203
1.1748e-203,1.1748e-203,1.1748e-203,1.1748e-203,1.1748e-203
4.699e-204,4.699e-204,4.699e-204,4.699e-204,4.699e-204
1.8796e-204,1.8796e-204,1.8796e-204,1.8796e-204,1.8796e-204
7.5185e-205,7.5185e-205,7.5185e-205,7.5185e-205,7.5185e-205
3.0074e-205,3.0074e-205,3.0074e-205,3.0074e-205,3.0074e-205
1.203e-205,1.203e-205,1.203e-205,1.203e-205,1.203e-205
4.8118e-206,4.8118e-206,4.8118e-206,4.8118e-206,4.8118e-206
1.9247e-206,1.9247e-206,1.9247e-206,1.9247e-206,1.9247e-206
7.6989e-207,7.6989e-207,7.6989e-207,7.6989e-207,7.6989e-207
3.0796e-207,3.0796e-207,3.0796e-207,3.0796e-207,3.0796e-207
1.2318e-207,1.2318e-207,1.2318e-207,1.2318e-207,1.2318e-207
4.9273e-208,4.9273e-208,4.9273e-208,4.9273e-208,4.9273e-208
1.9709e-208,1.9709e-208,1.9709e-208,1.9709e-208,1.9709e-208
7.8837e-209,7.8837e-209,7.8837e-209,7.8837e-209,7.8837e-209
3.1535e-209,3.1535e-209,3.1535e-209,3.1535e-209,3.1535e-209
1.2614e-209,1.2614e-209,1.2614e-209,1.2614e-209,1.2614e-209
5.0456e-210,5.0456e-210,5.0456e-210,5.0456e-210,5.0456e-210
2.0182e-210,2.0182e-210,2.0182e-210,2.0182e-210,2.0182e-210
8.0729e-211,8.0729e-211,8.0729e-211,8.0729e-211,8.0729e-211
3.2292e-211,3.2292e-211,3.2292e-211,3.2292e-211,3.2292e-211
1.2917e-211,1.2917e-211,1.2917e-211,1.2917e-211,1.2917e-211
5.1667e-212,5.1667e-212,5.1667e-212,5.1667e-212,5.1667e-212
2.0667e-212,2.0667e-212,2.0667e-212,2.0667e-212,2.0667e-212
8.2666e-213,8.2666e-213,8.2666e-213,8.2666e-213,8.2666e-213
3.3067e-213,3.3067e-213,3.3067e-213,3.3067e-213,3.3067e-213
1.3227e-213,1.3227e-213,1.3227e-213,1.3227e-213,1.3227e-213
5.2907e-214,5.2907e-214,5.2907e-214,5.2907e-214,5.2907e-214
2.1163e-214,2.1163e-214,2.1163e-214,2.1163e-214,2.1163e-214
8.465e-215,8.465e-215,8.465e-215,8.465e-215,8.465e-215
3.386e-215,3.386e-215,3.386e-215,3.386e-215,3.386e-215
1.3544e-215,1.3544e-215,1.3544e-215,1.3544e-215,1.3544e-215
5.4176e-216,5.4176e-216,5.4176e-216,5.4176e-216,5.4176e-216
2.1671e-216,2.1671e-216,2.1671e-216,2.1671e-216,2.1671e-216
8.6682e-217,8.6682e-217,8.6682e-217,8.6682e-217,8.6682e-217
3.4673e-217,3.4673e-217,3.4673e-217,3.4673e-217,3.4673e-217
1.3869e-217,1.3869e-217,1.3869e-217,1.3869e-217,1.3869e-217
5.5477e-218,5.5477e-218,5.5477e-218,5.5477e-218,5.5477e-218
2.2191e-218,2.2191e-218,2.2191e-218,2.2191e-218,2.2191e-218
8.8762e-219,8.8762e-219,8.8762e-219,8.8762e-219,8.8762e-219
3.5505e-219,3.5505e-219,3.5505e-219,3.5505e-219,3.5505e-219
1.4202e-219,1.4202e-219,1.4202e-219,1.4202e-219,1.4202e-219
5.6808e-220,5.6808e-220,5.6808e-220,5.6808e-220,5.6808e-220
2.2723e-220,2.2723e-220,2.2723e-220,2.2723e-220,2.2723e-220
9.0893e-221,9.0893e-221,9.0893e-221,9.0893e-221,9.0893e-221
3.6357e-221,3.6357e-221,3.6357e-221,3.6357e-221,3.6357e-221
1.4543e-221,1.4543e-221,1.4543e-221,1.4543e-221,1.4543e-221
5.8171e-222,5.8171e-222,5.8171e-222,5.8171e-222,5.8171e-222
2.3269e-222,2.3269e-222,2.3269e-222,2.3269e-222,2.3269e-222
9.3074e-223,9.3074e-223,9.3074e-223,9.3074e-223,9.3074e-223
3.723e-223,3.723e-223,3.723e-223,3.723e-223,3.723e-223
1.4892e-223,1.4892e-223,1.4892e-223,1.4892e-223,1.4892e-223
5.9567e-224,5.9567e-224,5.9567e-224,5.9567e-224,5.9567e-224
2.3827e-224,2.3827e-224,2.3827e-224,2.3827e-224,2.3827e-224
9.5308e-225,9.5308e-225,9.5308e-225,9.5308e-225,9.5308e-225
3.8123e-225,3.8123e-225,3.8123e-225,3.8123e-225,3.8123e-225
1.5249e-225,1.5249e-225,1.5249e-225,1.5249e-225,1.5249e-225
6.0997e-226,6.0997e-226,6.0997e-226,6.0997e-226,6.0997e-226
2.4399e-226,2.4399e-226,2.4399e-226,2.4399e-226,2.4399e-226
9.7595e-227,9.7595e-227,9.7595e-227,9.7595e-227,9.7595e-227
3.9038e-227,3.9038e-227,3.9038e-227,3.9038e-227,3.9038e-227
1.5615e-227,1.5615e-227,1.5615e-227,1.5615e-227,1.5615e-227
6.2461e-228,6.2461e-228,6.2461e-228,6.2461e-228,6.2461e-228
2.4984e-228,2.4984e-228,2.4984e-228,2.4984e-228,2.4984e-228
9.9938e-229,9.9938e-229,9.9938e-229,9.9938e-229,9.9938e-229
3.9975e-229,3.9975e-229,3.9975e-229,3.9975e-229,3.9975e-229
1.599e-229,1.599e-229,1.599e-229,1.599e-229,1.599e-229
6.396e-230,6.396e-230,6.396e-230,6.396e-230,6.396e-230
2.5584e-230,2.5584e-230,2.5584e-230,2.5584e-230,2.5584e-230
1.0234e-230,1.0234e-230,1.0234e-230,1.0234e-230,1.0234e-230
4.0934e-231,4.0934e-231,4.0934e-231,4.0934e-231,4.0934e-231
1.6374e-231,1.6374e-231,1.6374e-231,1.6374e-231,1.6374e-231
6.5495e-232,6.5495e-232,6.5495e-232,6.5495e-232,6.5495e-232
2.6198e-232,2.6198e-232,2.6198e-232,2.6198e-232,2.6198e-232
1.0479e-232,1.0479e-232,1.0479e-232,1.0479e-232,1.0479e-232
4.1917e-233,4.1917e-233,4.1917e-233,4.1917e-233,4.1917e-233
1.6767e-233,1.6767e-233,1.6767e-233,1.6767e-233,1.6767e-233
6.7067e-234,6.7067e-234,6.7067e-234,6.7067e-234,6.7067e-234
2.6827e-234,2.6827e-234,2.6827e-234,2.6827e-234,2.6827e-234
1.0731e-234,1.0731e-234,1.0731e-234,1.0731e-234,1.0731e-234
4.2923e-235,4.2923e-235,4.2923e-235,4.2923e-235,4.2923e-235
1.7169e-235,1.7169e-235,1.7169e-235,1.7169e-235,1.7169e-235
6.8677e-236,6.8677e-236,6.8677e-236,6.8677e-236,6.8677e-236
2.7471e-236,2.7471e-236,2.7471e-236,2.7471e-236,2.7471e-236
1.0988e-236,1.0988e-236,1.0988e-236,1.0988e-236,1.0988e-236
4.3953e-237,4.3953e-237,4.3953e-237,4.3953e-237,4.3953e-237
1.7581e-237,1.7581e-237,1.7581e-237,1.7581e-237,1.7581e-237
7.0325e-238,7.0325e-238,7.0325e-238,7.0325e-238,7.0325e-238
2.813e-238,2.813e-238,2.813e-238,2.813e-238,2.813e-238
1.1252e-238,1.1252e-238,1.1252e-238,1.1252e-238,1.1252e-238
4.5008e-239,4.5008e-239,4.5008e-239,4.5008e-239,4.5008e-239
1.8003e-239,1.8003e-239,1.8003e-239,1.8003e-239,1.8003e-239
7.2013e-240,7.2013e-240,7.2013e-240,7.2013e-240,7.2013e-240
2.8805e-240,2.8805e-240,2.8805e-240,2.8805e-240,2.8805e-240
1.1522e-240,1.1522e-240,1.1522e-240,1.1522e-240,1.1522e-240
4.6088e-241,4.6088e-241,4.6088e-241,4.6088e-241,4.6088e-241
1.8435e-241,1.8435e-241,1.8435e-241,1.8435e-241,1.8435e-241
7.3741e-242,7.3741e-242,7.3741e-242,7.3741e-242,7.3741e-242
2.9496e-242,2.9496e-242,2.9496e-242,2.9496e-242,2.9496e-242
1.1799e-242,1.1799e-242,1.1799e-242,1.1799e-242,1.1799e-242
4.7194e-243,4.7194e-243,4.7194e-243,4.7194e-243,4.7194e-243
1.8878e-243,1.8878e-243,1.8878e-243,1.8878e-243,1.8878e-243
7.5511e-244,7.5511e-244,7.5511e-244,7.5511e-244,7.5511e-244
3.0204e-244,3.0204e-244,3.0204e-244,3.0204e-244,3.0204e-244
1.2082e-244,1.2082e-244,1.2082e-244,1.2082e-244,1.2082e-244
4.8327e-245,4.8327e-245,4.8327e-245,4.8327e-245,4.8327e-245
1.9331e-245,1.9331e-245,1.9331e-245,1.9331e-245,1.9331e-245
7.7323e-246,7.7323e-246,7.7323e-246,7.7323e-246,7.7323e-246
3.0929e-246,3.0929e-246,3.0929e-246,3.0929e-246,3.0929e-246
1.2372e-246,1.2372e-246,1.2372e-246,1.2372e-246,1.2372e-246
4.9487e-247,4.9487e-247,4.9487e-247,4.9487e-247,4.9487e-247
1.9795e-247,1.9795e-247,1.9795e-247,1.9795e-247,1.9795e-247
7.9179e-248,7.9179e-248,7.9179e-248,7.9179e-248,7.9179e-248
3.1672e-248,3.1672e-248,3.1672e-248,3.1672e-248,3.1672e-248
1.2669e-248,1.2669e-248,1.2669e-248,1.2669e-248,1.2669e-248
5.0674e-249,5.0674e-249,5.0674e-249,5.0674e-249,5.0674e-249
2.027e-249,2.027e-249,2.027e-249,2.027e-249,2.027e-249
8.1079e-250,8.1079e-250,8.1079e-250,8.1079e-250,8.1079e-250
3.2432e-250,3.2432e-250,3.2432e-250,3.2432e-250,3.2432e-250
1.2973e-250,1.2973e-250,1.2973e-250,1.2973e-250,1.2973e-250
5.1891e-251,5.1891e-251,5.1891e-251,5.1891e-251,5.1891e-251
2.0756e-251,2.0756e-251,2.0756e-251,2.0756e-251,2.0756e-251
8.3025e-252,8.3025e-252,8.3025e-252,8.3025e-252,8.3025e-252
3.321e-252,3.321e-252,3.321e-252,3.321e-252,3.321e-252
1.3284e-252,1.3284e-252,1.3284e-252,1.3284e-252,1.3284e-252
5.3136e-253,5.3136e-253,5.3136e-253,5.3136e-253,5.3136e-253
2.1254e-253,2.1254e-253,2.1254e-253,2.1254e-253,2.1254e-253
8.5018e-254,8.5018e-254,8.5018e-254,8.5018e-254,8.5018e-254
3.4007e-254,3.4007e-254,3.4007e-254,3.4007e-254,3.4007e-254
1.3603e-254,1.3603e-254,1.3603e-254,1.3603e-254,1.3603e-254
5.4411e-255,5.4411e-255,5.4411e-255,5.4411e-255,5.4411e-255
2.1764e-255,2.1764e-255,2.1764e-255,2.1764e-255,2.1764e-255
8.7058e-256,8.7058e-256,8.7058e-256,8.7058e-256,8.7058e-256
3.4823e-256,3.4823e-256,3.4823e-256,3.4823e-256,3.4823e-256
1.3929e-256,1.3929e-256,1.3929e-256,1.3929e-256,1.3929e-256
5.5717e-257,5.5717e-257,5.5717e-257,5.5717e-257,5.5717e-257
2.2287e-257,2.2287e-257,2.2287e-257,2.2287e-257,2.2287e-257
8.9147e-258,8.9147e-258,8.9147e-258,8.9147e-258,8.9147e-258
3.5659e-258,3.5659e-258,3.5659e-258,3.5659e-258,3.5659e-258
1.4264e-258,1.4264e-258,1.4264e-258,1.4264e-258,1.4264e-258
5.7054e-259,5.7054e-259,5.7054e-259,5.7054e-259,5.7054e-259
2.2822e-259,2.2822e-259,2.2822e-259,2.2822e-259,2.2822e-259
9.1287e-260,9.1287e-260,9.1287e-260,9.1287e-260,9.1287e-260
3.6515e-260,3.6515e-260,3.6515e-260,3.6515e-260,3.6515e-260
1.4606e-260,1.4606e-260,1.4606e-260,1.4606e-260,1.4606e-260
5.8424e-261,5.8424e-261,5.8424e-261,5.8424e-261,5.8424e-261
2.3369e-261,2.3369e-261,2.3369e-261,2.3369e-261,2.3369e-261
9.3478e-262,9.3478e-262,9.3478e-262,9.3478e-262,9.3478e-262
3.7391e-262,3.7391e-262,3.7391e-262,3.7391e-262,3.7391e-262
1.4956e-262,1.4956e-262,1.4956e-262,1.4956e-262,1.4956e-262
5.9826e-263,5.9826e-263,5.9826e-263,5.9826e-263,5.9826e-263
2.393e-263,2.393e-263,2.393e-263,2.393e-263,2.393e-263
9.5721e-264,9.5721e-264,9.5721e-264,9.5721e-264,9.5721e-264
3.8288e-264,3.8288e-264,3.8288e-264,3.8288e-264,3.8288e-264
1.5315e-264,1.5315e-264,1.5315e-264,1.5315e-264,1.5315e-264
6.1262e-265,6.1262e-265,6.1262e-265,6.1262e-265,6.1262e-265
2.4505e-265,2.4505e-265,2.4505e-265,2.4505e-265,2.4505e-265
9.8019e-266,9.8019e-266,9.8019e-266,9.8019e-266,9.8019e-266
3.9207e-266,3.9207e-266,3.9207e-266,3.9207e-266,3.9207e-266
1.5683e-266,1.5683e-266,1.5683e-266,1.5683e-266,1.5683e-266
6.2732e-267,6.2732e-267,6.2732e-267,6.2732e-267,6.2732e-267
2.5093e-267,2.5093e-267,2.5093e-267,2.5093e-267,2.5093e-267
1.0037e-267,1.0037e-267,1.0037e-267,1.0037e-267,1.0037e-267
4.0148e-268,4.0148e-268,4.0148e-268,4.0148e-268,4.0148e-268
1.6059e-268,1.6059e-268,1.6059e-268,1.6059e-268,1.6059e-268
6.4237e-269,6.4237e-269,6.4237e-269,6.4237e-269,6.4237e-269
2.5695e-269,2.5695e-269,2.5695e-269,2.5695e-269,2.5695e-269
1.0278e-269,1.0278e-269,1.0278e-269,1.0278e-269,1.0278e-269
4.1112e-270,4.1112e-270,4.1112e-270,4.1112e-270,4.1112e-270
1.6445e-270,1.6445e-270,1.6445e-270,1.6445e-270,1.6445e-270
6.5779e-271,6.5779e-271,6.5779e-271,6.5779e-271,6.5779e-271
2.6312e-271,2.6312e-271,2.6312e-271,2.6312e-271,2.6312e-271
1.0525e-271,1.0525e-271,1.0525e-271,1.0525e-271,1.0525e-271
4.2099e-272,4.2099e-272,4.2099e-272,4.2099e-272,4.2099e-272
1.6839e-272,1.6839e-272,1.6839e-272,1.6839e-272,1.6839e-272
6.7358e-273,6.7358e-273,6.7358e-273,6.7358e-273,6.7358e-273
2.6943e-273,2.6943e-273,2.6943e-273,2.6943e-273,2.6943e-273
1.0777e-273,1.0777e-273,1.0777e-273,1.0777e-273,1.0777e-273
4.3109e-274,4.3109e-274,4.3109e-274,4.3109e-274,4.3109e-274
1.7244e-274,1.7244e-274,1.7244e-274,1.7244e-274,1.7244e-274
6.8974e-275,6.8974e-275,6.8974e-275,6.8974e-275,6.8974e-275
2.759e-275,2.759e-275,2.759e-275,2.759e-275,2.759e-275
1.1036e-275,1.1036e-275,1.1036e-275,1.1036e-275,1.1036e-275
4.4144e-276,4.4144e-276,4.4144e-276,4.4144e-276,4.4144e-276
1.7657e-276,1.7657e-276,1.7657e-276,1.7657e-276,1.7657e-276
7.063e-277,7.063e-277,7.063e-277,7.063e-277,7.063e-277
2.8252e-277,2.8252e-277,2.8252e-277,2.8252e-277,2.8252e-277
1.1301e-277,1.1301e-277,1.1301e-277,1.1301e-277,1.1301e-277
4.5203e-278,4.5203e-278,4.5203e-278,4.5203e-278,4.5203e-278
1.8081e-278,1.8081e-278,1.8081e-278,1.8081e-278,1.8081e-278
7.2325e-279,7.2325e-279,7.2325e-279,7.2325e-279,7.2325e-279
2.893e-279,2.893e-279,2.893e-279,2.893e-279,2.893e-279
1.1572e-279,1.1572e-279,1.1572e-279,1.1572e-279,1.1572e-279
4.6288e-280,4.6288e-280,4.6288e-280,4.6288e-280,4.6288e-280
1.8515e-280,1.8515e-280,1.8515e-280,1.8515e-280,1.8515e-280
7.4061e-281,7.4061e-281,7.4061e-281,7.4061e-281,7.4061e-281
2.9624e-281,2.9624e-281,2.9624e-281,2.9624e-281,2.9624e-281
1.185e-281,1.185e-281,1.185e-281,1.185e-281,1.185e-281
4.7399e-282,4.7399e-282,4.7399e-282,4.7399e-282,4.7399e-282
1.896e-282,1.896e-282,1.896e-282,1.896e-282,1.896e-282
7.5838e-283,7.5838e-283,7.5838e-283,7.5838e-283,7.5838e-283
3.0335e-283,3.0335e-283,3.0335e-283,3.0335e-283,3.0335e-283
1.2134e-283,1.2134e-283,1.2134e-283,1.2134e-283,1.2134e-283
4.8536e-284,4.8536e-284,4.8536e-284,4.8536e-284,4.8536e-284
1.9415e-284,1.9415e-284,1.9415e-284,1.9415e-284,1.9415e-284
7.7658e-285,7.7658e-285,7.7658e-285,7.7658e-285,7.7658e-285
3.1063e-285,3.1063e-285,3.1063e-285,3.1063e-285,3.1063e-285
1.2425e-285,1.2425e-285,1.2425e-285,1.2425e-285,1.2425e-285
4.9701e-286,4.9701e-286,4.9701e-286,4.9701e-286,4.9701e-286
1.9881e-286,1.9881e-286,1.9881e-286,1.9881e-286,1.9881e-286
7.9522e-287,7.9522e-287,7.9522e-287,7.9522e-287,7.9522e-287
3.1809e-287,3.1809e-287,3.1809e-287,3.1809e-287,3.1809e-287
1.2724e-287,1.2724e-287,1.2724e-287,1.2724e-287,1.2724e-287
5.0894e-288,5.0894e-288,5.0894e-288,5.0894e-288,5.0894e-288
2.0358e-288,2.0358e-288,2.0358e-288,2.0358e-288,2.0358e-288
8.1431e-289,8.1431e-289,8.1431e-289,8.1431e-289,8.1431e-289
3.2572e-289,3.2572e-289,3.2572e-289,3.2572e-289,3.2572e-289
1.3029e-289,1.3029e-289,1.3029e-289,1.3029e-289,1.3029e-289
5.2116e-290,5.2116e-290,5.2116e-290,5.2116e-290,5.2116e-290
2.0846e-290,2.0846e-290,2.0846e-290,2.0846e-290,2.0846e-290
8.3385e-291,8.3385e-291,8.3385e-291,8.3385e-291,8.3385e-291
3.3354e-291,3.3354e-291,3.3354e-291,3.3354e-291,3.3354e-291
1.3342e-291,1.3342e-291,1.3342e-291,1.3342e-291,1.3342e-291
5.3366e-292,5.3366e-292,5.3366e-292,5.3366e-292,5.3366e-292
2.1347e-292,2.1347e-292,2.1347e-292,2.1347e-292,2.1347e-292
8.5386e-293,8.5386e-293,8.5386e-293,8.5386e-293,8.5386e-293
3.4154e-293,3.4154e-293,3.4154e-293,3.4154e-293,3.4154e-293
1.3662e-293,1.3662e-293,1.3662e-293,1.3662e-293,1.3662e-293
5.4647e-294,5.4647e-294,5.4647e-294,5.4647e-294,5.4647e-294
2.1859e-294,2.1859e-294,2.1859e-294,2.1859e-294,2.1859e-294
8.7435e-295,8.7435e-295,8.7435e-295,8.7435e-295,8.7435e-295
3.4974e-295,3.4974e-295,3.4974e-295,3.4974e-295,3.4974e-295
1.399e-295,1.399e-295,1.399e-295,1.399e-295,1.399e-295
5.5959e-296,5.5959e-296,5.5959e-296,5.5959e-296,5.5959e-296
2.2383e-296,2.2383e-296,2.2383e-296,2.2383e-296,2.2383e-296
8.9534e-297,8.9534e-297,8.9534e-297,8.9534e-297,8.9534e-297
3.5814e-297,3.5814e-297,3.5814e-297,3.5814e-297,3.5814e-297
1.4325e-297,1.4325e-297,1.4325e-297,1.4325e-297,1.4325e-297
5.7302e-298,5.7302e-298,5.7302e-298,5.7302e-298,5.7302e-298
2.2921e-298,2.2921e-298,2.2921e-298,2.2921e-298,2.2921e-298
9.1683e-299,9.1683e-299,9.1683e-299,9.1683e-299,9.1683e-299
3.6673e-299,3.6673e-299,3.6673e-299,3.6673e-299,3.6673e-299
1.4669e-299,1.4669e-299,1.4669e-299,1.4669e-299,1.4669e-299
5.8677e-300,5.8677e-300,5.8677e-300,5.8677e-300,5.8677e-300
2.3471e-300,2.3471e-300,2.3471e-300,2.3471e-300,2.3471e-300
9.3883e-301,9.3883e-301,9.3883e-301,9.3883e-301,9.3883e-301
3.7553e-301,3.7553e-301,3.7553e-301,3.7553e-301,3.7553e-301
1.5021e-301,1.5021e-301,1.5021e-301,1.5021e-301,1.5021e-301
6.0085e-302,6.0085e-302,6.0085e-302,6.0085e-302,6.0085e-302
2.4034e-302,2.4034e-302,2.4034e-302,2.4034e-302,2.4034e-302
9.6136e-303,9.6136e-303,9.6136e-303,9.6136e-303,9.6136e-303
3.8455e-303,3.8455e-303,3.8455e-303,3.8455e-303,3.8455e-303
1.5382e-303,1.5382e-303,1.5382e-303,1.5382e-303,1.5382e-303
6.1527e-304,6.1527e-304,6.1527e-304,6.1527e-304,6.1527e-304
2.4611e-304,2.4611e-304,2.4611e-304,2.4611e-304,2.4611e-304
9.8444e-305,9.8444e-305,9.8444e-305,9.8444e-305,9.8444e-305
3.9377e-305,3.9377e-305,3.9377e-305,3.9377e-305,3.9377e-305
1.5751e-305,1.5751e-305,1.5751e-305,1.5751e-305,1.5751e-305
6.3004e-306,6.3004e-306,6.3004e-306,6.3004e-306,6.3004e-306
2.5202e-306,2.5202e-306,2.5202e-306,2.5202e-306,2.5202e-306
1.0081e-306,1.0081e-306,1.0081e-306,1.0081e-306,1.0081e-306
4.0322e-307,4.0322e-307,4.0322e-307,4.0322e-307,4.0322e-307
1.6129e-307,1.6129e-307,1.6129e-307,1.6129e-307,1.6129e-307
6.4516e-308,6.4516e-308,6.4516e-308,6.4516e-308,6.4516e-308
2.5806e-308,2.5806e-308,2.5806e-308,2.5806e-308,2.5806e-308
1.0323e-308,1.0323e-308,1.0323e-308,1.0323e-308,1.0323e-308
4.129e-309,4.129e-309,4.129e-309,4.129e-309,4.129e-309
1.6516e-309,1.6516e-309,1.6516e-309,1.6516e-309,1.6516e-309
6.6064e-310,6.6064e-310,6.6064e-310,6.6064e-310,6.6064e-310
2.6426e-310,2.6426e-310,2.6426e-310,2.6426e-310,2.6426e-310
1.057e-310,1.057e-310,1.057e-310,1.057e-310,1.057e-310
4.2281e-311,4.2281e-311,4.2281e-311,4.2281e-311,4.2281e-311
1.6912e-311,1.6912e-311,1.6912e-311,1.6912e-311,1.6912e-311
6.765e-312,6.765e-312,6.765e-312,6.765e-312,6.765e-312
2.706e-312,2.706e-312,2.706e-312,2.706e-312,2.706e-312
1.0824e-312,1.0824e-312,1.0824e-312,1.0824e-312,1.0824e-312
4.3296e-313,4.3296e-313,4.3296e-313,4.3296e-313,4.3296e-313
1.7318e-313,1.7318e-313,1.7318e-313,1.7318e-313,1.7318e-313
6.9274e-314,6.9274e-314,6.9274e-314,6.9274e-314,6.9274e-314
2.7709e-314,2.7709e-314,2.7709e-314,2.7709e-314,2.7709e-314
1.1084e-314,1.1084e-314,1.1084e-314,1.1084e-314,1.1084e-314
4.4335e-315,4.4335e-315,4.4335e-315,4.4335e-315,4.4335e-315
1.7734e-315,1.7734e-315,1.7734e-315,1.7734e-315,1.7734e-315
7.0936e-316,7.0936e-316,7.0936e-316,7.0936e-316,7.0936e-316
2.8374e-316,2.8374e-316,2.8374e-316,2.8374e-316,2.8374e-316
1.135e-316,1.135e-316,1.135e-316,1.135e-316,1.135e-316
4.5399e-317,4.5399e-317,4.5399e-317,4.5399e-317,4.5399e-317
1.816e-317,1.816e-317,1.816e-317,1.816e-317,1.816e-317
7.2639e-318,7.2639e-318,7.2639e-318,7.2639e-318,7.2639e-318
2.9055e-318,2.9055e-318,2.9055e-318,2.9055e-318,2.9055e-318
1.1622e-318,1.1622e-318,1.1622e-318,1.1622e-318,1.1622e-318
4.6488e-319,4.6488e-319,4.6488e-319,4.6488e-319,4.6488e-319
1.8596e-319,1.8596e-319,1.8596e-319,1.8596e-319,1.8596e-319
7.4387e-320,7.4387e-320,7.4387e-320,7.4387e-320,7.4387e-320
2.9753e-320,2.9753e-320,2.9753e-320,2.9753e-320,2.9753e-320
1.1902e-320,1.1902e-320,1.1902e-320,1.1902e-320,1.1902e-320
4.7628e-321,4.7628e-321,4.7628e-321,4.7628e-321,4.7628e-321
1.912e-321,1.912e-321,1.912e-321,1.912e-321,1.912e-321
7.658e-322,7.658e-322,7.658e-322,7.658e-322,7.658e-322
3.0632e-322,3.0632e-322,3.0632e-322,3.0632e-322,3.0632e-322
1.1858e-322,1.1858e-322,1.1858e-322,1.1858e-322,1.1858e-322
4.4466e-323,4.4466e-323,4.4466e-323,4.4466e-323,4.4466e-323
1.9763e-323,1.9763e-323,1.9763e-323,1.9763e-323,1.9763e-323
9.8813e-324,9.8813e-324,9.8813e-324,9.8813e-324,9.8813e-324
0,0,0,0,0
0,0,0,0,0
0,0,0,0,0
0,0,0,0,0
0,0,0,0,0
0,0,0,0,0
0,0,0,0,0
0,0,0,0,0
0,0,0,0,0
0,0,0,0,0
0,0,0,0,0
0,0,0,0,0
0,0,0,0,0
0,0,0,0,0
0,0,0,0,0
0,0,0,0,0
0,0,0,0,0
0,0,0,0,0
0,0,0,0,0
0,0,0,0,0
0,0,0,0,0
0,0,0,0,0
0,0,0,0,0
0,0,0,0,0
0,0,0,0,0
0,0,0,0,0
0,0,0,0,0
0,0,0,0,0
0,0,0,0,0
0,0,0,0,0
0,0,0,0,0
0,0,0,0,0
0,0,0,0,0
0,0,0,0,0
0,0,0,0,0
0,0,0,0,0
0,0,0,0,0
0,0,0,0,0
0,0,0,0,0
0,0,0,0,0
0,0,0,0,0
0,0,0,0,0
0,0,0,0,0
0,0,0,0,0
0,0,0,0,0
0,0,0,0,0
0,0,0,0,0
0,0,0,0,0
0,0,0,0,0
0,0,0,0,0
0,0,0,0,0
0,0,0,0,0
0,0,0,0,0
0,0,0,0,0
0,0,0,0,0
0,0,0,0,0
0,0,0,0,0
0,0,0,0,0
0,0,0,0,0
0,0,0,0,0
0,0,0,0,0
0,0,0,0,0
0,0,0,0,0
0,0,0,0,0
0,0,0,0,0
0,0,0,0,0
0,0,0,0,0
0,0,0,0,0
0,0,0,0,0
0,0,0,0,0
0,0,0,0,0
0,0,0,0,0
0,0,0,0,0
0,0,0,0,0
0,0,0,0,0
0,0,0,0,0
0,0,0,0,0
0,0,0,0,0
0,0,0,0,0
0,0,0,0,0
0,0,0,0,0
0,0,0,0,0
0,0,0,0,0
0,0,0,0,0
0,0,0,0,0
0,0,0,0,0
0,0,0,0,0
0,0,0,0,0
0,0,0,0,0
0,0,0,0,0
0,0,0,0,0
0,0,0,0,0
0,0,0,0,0
0,0,0,0,0
0,0,0,0,0
0,0,0,0,0
0,0,0,0,0
0,0,0,0,0
0,0,0,0,0
0,0,0,0,0
0,0,0,0,0
0,0,0,0,0
0,0,0,0,0
0,0,0,0,0
0,0,0,0,0
0,0,0,0,0
0,0,0,0,0
0,0,0,0,0
0,0,0,0,0
0,0,0,0,0
0,0,0,0,0
0,0,0,0,0
0,0,0,0,0
0,0,0,0,0
0,0,0,0,0
0,0,0,0,0
0,0,0,0,0
0,0,0,0,0
0,0,0,0,0
0,0,0,0,0
0,0,0,0,0
0,0,0,0,0
0,0,0,0,0
0,0,0,0,0
0,0,0,0,0
0,0,0,0,0
0,0,0,0,0
0,0,0,0,0
0,0,0,0,0
0,0,0,0,0
0,0,0,0,0
0,0,0,0,0
0,0,0,0,0
0,0,0,0,0
0,0,0,0,0
0,0,0,0,0
0,0,0,0,0
0,0,0,0,0
0,0,0,0,0
0,0,0,0,0
0,0,0,0,0
0,0,0,0,0
0,0,0,0,0
0,0,0,0,0
0,0,0,0,0
0,0,0,0,0
0,0,0,0,0
0,0,0,0,0
0,0,0,0,0
0,0,0,0,0
0,0,0,0,0
0,0,0,0,0
0,0,0,0,0
0,0,0,0,0
0,0,0,0,0
0,0,0,0,0
0,0,0,0,0
0,0,0,0,0
0,0,0,0,0
0,0,0,0,0
0,0,0,0,0
0,0,0,0,0
0,0,0,0,0
0,0,0,0,0
0,0,0,0,0
0,0,0,0,0
0,0,0,0,0
0,0,0,0,0
0,0,0,0,0
0,0,0,0,0
0,0,0,0,0
0,0,0,0,0
0,0,0,0,0
0,0,0,0,0
0,0,0,0,0
0,0,0,0,0
0,0,0,0,0
0,0,0,0,0
0,0,0,0,0
0,0,0,0,0
0,0,0,0,0
0,0,0,0,0
0,0,0,0,0
0,0,0,0,0
0,0,0,0,0
0,0,0,0,0
0,0,0,0,0
0,0,0,0,0
0,0,0,0,0
