0.1,0.2,0.3,0.5,0.6
0.4628,0.3952,0.5356,0.598,0.4784
0.63737,0.64153,0.62793,0.6432,0.63833
0.59945,0.60294,0.59933,0.60241,0.5991
0.62362,0.62394,0.62294,0.62407,0.6237
0.61016,0.6104,0.61015,0.61036,0.61014
0.6184,0.61842,0.61835,0.61843,0.6184
0.61355,0.61356,0.61355,0.61356,0.61354
0.61648,0.61648,0.61647,0.61648,0.61648
0.61473,0.61473,0.61473,0.61473,0.61473
0.61578,0.61578,0.61578,0.61578,0.61578
0.61515,0.61515,0.61515,0.61515,0.61515
0.61553,0.61553,0.61553,0.61553,0.61553
0.6153,0.6153,0.6153,0.6153,0.6153
0.61544,0.61544,0.61544,0.61544,0.61544
0.61535,0.61535,0.61535,0.61535,0.61535
0.6154,0.6154,0.6154,0.6154,0.6154
0.61537,0.61537,0.61537,0.61537,0.61537
0.61539,0.61539,0.61539,0.61539,0.61539
0.61538,0.61538,0.61538,0.61538,0.61538
0.61539,0.61539,0.61539,0.61539,0.61539
0.61538,0.61538,0.61538,0.61538,0.61538
0.61539,0.61539,0.61539,0.61539,0.61539
0.61538,0.61538,0.61538,0.61538,0.61538
0.61538,0.61538,0.61538,0.61538,0.61538
0.61538,0.61538,0.61538,0.61538,0.61538
0.61538,0.61538,0.61538,0.61538,0.61538
0.61538,0.61538,0.61538,0.61538,0.61538
0.61538,0.61538,0.61538,0.61538,0.61538
0.61538,0.61538,0.61538,0.61538,0.61538
0.61538,0.61538,0.61538,0.61538,0.61538
0.61538,0.61538,0.61538,0.61538,0.61538
0.61538,0.61538,0.61538,0.61538,0.61538
0.61538,0.61538,0.61538,0.61538,0.61538
0.61538,0.61538,0.61538,0.61538,0.61538
0.61538,0.61538,0.61538,0.61538,0.61538
0.61538,0.61538,0.61538,0.61538,0.61538
0.61538,0.61538,0.61538,0.61538,0.61538
0.61538,0.61538,0.61538,0.61538,0.61538
0.61538,0.61538,0.61538,0.61538,0.61538
0.61538,0.61538,0.61538,0.61538,0.61538
0.61538,0.61538,0.61538,0.61538,0.61538
0.61538,0.61538,0.61538,0.61538,0.61538
0.61538,0.61538,0.61538,0.61538,0.61538
0.61538,0.61538,0.61538,0.61538,0.61538
0.61538,0.61538,0.61538,0.61538,0.61538
0.61538,0.61538,0.61538,0.61538,0.61538
0.61538,0.61538,0.61538,0.61538,0.61538
0.61538,0.61538,0.61538,0.61538,0.61538
0.61538,0.61538,0.61538,0.61538,0.61538
0.61538,0.61538,0.61538,0.61538,0.61538
0.61538,0.61538,0.61538,0.61538,0.61538
0.61538,0.61538,0.61538,0.61538,0.61538
0.61538,0.61538,0.61538,0.61538,0.61538
0.61538,0.61538,0.61538,0.61538,0.61538
0.61538,0.61538,0.61538,0.61538,0.61538
0.61538,0.61538,0.61538,0.61538,0.61538
0.61538,0.61538,0.61538,0.61538,0.61538
0.61538,0.61538,0.61538,0.61538,0.61538
0.61538,0.61538,0.61538,0.61538,0.61538
0.61538,0.61538,0.61538,0.61538,0.61538
0.61538,0.61538,0.61538,0.61538,0.61538
0.61538,0.61538,0.61538,0.61538,0.61538
0.61538,0.61538,0.61538,0.61538,0.61538
0.61538,0.61538,0.61538,0.61538,0.61538
0.61538,0.61538,0.61538,0.61538,0.61538
0.61538,0.61538,0.61538,0.61538,0.61538
0.61538,0.61538,0.61538,0.61538,0.61538
0.61538,0.61538,0.61538,0.61538,0.61538
0.61538,0.61538,0.61538,0.61538,0.61538
0.61538,0.61538,0.61538,0.61538,0.61538
0.61538,0.61538,0.61538,0.61538,0.61538
0.61538,0.61538,0.61538,0.61538,0.61538
0.61538,0.61538,0.61538,0.61538,0.61538
0.61538,0.61538,0.61538,0.61538,0.61538
0.61538,0.61538,0.61538,0.61538,0.61538
0.61538,0.61538,0.61538,0.61538,0.61538
0.61538,0.61538,0.61538,0.61538,0.61538
0.61538,0.61538,0.61538,0.61538,0.61538
0.61538,0.61538,0.61538,0.61538,0.61538
0.61538,0.61538,0.61538,0.61538,0.61538
0.61538,0.61538,0.61538,0.61538,0.61538
0.61538,0.61538,0.61538,0.61538,0.61538
0.61538,0.61538,0.61538,0.61538,0.61538
0.61538,0.61538,0.61538,0.61538,0.61538
0.61538,0.61538,0.61538,0.61538,0.61538
0.61538,0.61538,0.61538,0.61538,0.61538
0.61538,0.61538,0.61538,0.61538,0.61538
0.61538,0.61538,0.61538,0.61538,0.61538
0.61538,0.61538,0.61538,0.61538,0.61538
0.61538,0.61538,0.61538,0.61538,0.61538
0.61538,0.61538,0.61538,0.61538,0.61538
0.61538,0.61538,0.61538,0.61538,0.61538
0.61538,0.61538,0.61538,0.61538,0.61538
0.61538,0.61538,0.61538,0.61538,0.61538
0.61538,0.61538,0.61538,0.61538,0.61538
0.61538,0.61538,0.61538,0.61538,0.61538
0.61538,0.61538,0.61538,0.61538,0.61538
0.61538,0.61538,0.61538,0.61538,0.61538
0.61538,0.61538,0.61538,0.61538,0.61538
0.61538,0.61538,0.61538,0.61538,0.61538
0.61538,0.61538,0.61538,0.61538,0.61538
0.61538,0.61538,0.61538,0.61538,0.61538
0.61538,0.61538,0.61538,0.61538,0.61538
0.61538,0.61538,0.61538,0.61538,0.61538
0.61538,0.61538,0.61538,0.61538,0.61538
0.61538,0.61538,0.61538,0.61538,0.61538
0.61538,0.61538,0.61538,0.61538,0.61538
0.61538,0.61538,0.61538,0.61538,0.61538
0.61538,0.61538,0.61538,0.61538,0.61538
0.61538,0.61538,0.61538,0.61538,0.61538
0.61538,0.61538,0.61538,0.61538,0.61538
0.61538,0.61538,0.61538,0.61538,0.61538
0.61538,0.61538,0.61538,0.61538,0.61538
0.61538,0.61538,0.61538,0.61538,0.61538
0.61538,0.61538,0.61538,0.61538,0.61538
0.61538,0.61538,0.61538,0.61538,0.61538
0.61538,0.61538,0.61538,0.61538,0.61538
0.61538,0.61538,0.61538,0.61538,0.61538
0.61538,0.61538,0.61538,0.61538,0.61538
0.61538,0.61538,0.61538,0.61538,0.61538
0.61538,0.61538,0.61538,0.61538,0.61538
0.61538,0.61538,0.61538,0.61538,0.61538
0.61538,0.61538,0.61538,0.61538,0.61538
0.61538,0.61538,0.61538,0.61538,0.61538
0.61538,0.61538,0.61538,0.61538,0.61538
0.61538,0.61538,0.61538,0.61538,0.61538
0.61538,0.61538,0.61538,0.61538,0.61538
0.61538,0.61538,0.61538,0.61538,0.61538
0.61538,0.61538,0.61538,0.61538,0.61538
0.61538,0.61538,0.61538,0.61538,0.61538
0.61538,0.61538,0.61538,0.61538,0.61538
0.61538,0.61538,0.61538,0.61538,0.61538
0.61538,0.61538,0.61538,0.61538,0.61538
0.61538,0.61538,0.61538,0.61538,0.61538
0.61538,0.61538,0.61538,0.61538,0.61538
0.61538,0.61538,0.61538,0.61538,0.61538
0.61538,0.61538,0.61538,0.61538,0.61538
0.61538,0.61538,0.61538,0.61538,0.61538
0.61538,0.61538,0.61538,0.61538,0.61538
0.61538,0.61538,0.61538,0.61538,0.61538
0.61538,0.61538,0.61538,0.61538,0.61538
0.61538,0.61538,0.61538,0.61538,0.61538
0.61538,0.61538,0.61538,0.61538,0.61538
0.61538,0.61538,0.61538,0.61538,0.61538
0.61538,0.61538,0.61538,0.61538,0.61538
0.61538,0.61538,0.61538,0.61538,0.61538
0.61538,0.61538,0.61538,0.61538,0.61538
0.61538,0.61538,0.61538,0.61538,0.61538
0.61538,0.61538,0.61538,0.61538,0.61538
0.61538,0.61538,0.61538,0.61538,0.61538
0.61538,0.61538,0.61538,0.61538,0.61538
0.61538,0.61538,0.61538,0.61538,0.61538
0.61538,0.61538,0.61538,0.61538,0.61538
0.61538,0.61538,0.61538,0.61538,0.61538
0.61538,0.61538,0.61538,0.61538,0.61538
0.61538,0.61538,0.61538,0.61538,0.61538
0.61538,0.61538,0.61538,0.61538,0.61538
0.61538,0.61538,0.61538,0.61538,0.61538
0.61538,0.61538,0.61538,0.61538,0.61538
0.61538,0.61538,0.61538,0.61538,0.61538
0.61538,0.61538,0.61538,0.61538,0.61538
0.61538,0.61538,0.61538,0.61538,0.61538
0.61538,0.61538,0.61538,0.61538,0.61538
0.61538,0.61538,0.61538,0.61538,0.61538
0.61538,0.61538,0.61538,0.61538,0.61538
0.61538,0.61538,0.61538,0.61538,0.61538
0.61538,0.61538,0.61538,0.61538,0.61538
0.61538,0.61538,0.61538,0.61538,0.61538
0.61538,0.61538,0.61538,0.61538,0.61538
0.61538,0.61538,0.61538,0.61538,0.61538
0.61538,0.61538,0.61538,0.61538,0.61538
0.61538,0.61538,0.61538,0.61538,0.61538
0.61538,0.61538,0.61538,0.61538,0.61538
0.61538,0.61538,0.61538,0.61538,0.61538
0.61538,0.61538,0.61538,0.61538,0.61538
0.61538,0.61538,0.61538,0.61538,0.61538
0.61538,0.61538,0.61538,0.61538,0.61538
0.61538,0.61538,0.61538,0.61538,0.61538
0.61538,0.61538,0.61538,0.61538,0.61538
0.61538,0.61538,0.61538,0.61538,0.61538
0.61538,0.61538,0.61538,0.61538,0.61538
0.61538,0.61538,0.61538,0.61538,0.61538
0.61538,0.61538,0.61538,0.61538,0.61538
0.61538,0.61538,0.61538,0.61538,0.61538
0.61538,0.61538,0.61538,0.61538,0.61538
0.61538,0.61538,0.61538,0.61538,0.61538
0.61538,0.61538,0.61538,0.61538,0.61538
0.61538,0.61538,0.61538,0.61538,0.61538
0.61538,0.61538,0.61538,0.61538,0.61538
0.61538,0.61538,0.61538,0.61538,0.61538
0.61538,0.61538,0.61538,0.61538,0.61538
0.61538,0.61538,0.61538,0.61538,0.61538
0.61538,0.61538,0.61538,0.61538,0.61538
0.61538,0.61538,0.61538,0.61538,0.61538
0.61538,0.61538,0.61538,0.61538,0.61538
0.61538,0.61538,0.61538,0.61538,0.61538
0.61538,0.61538,0.61538,0.61538,0.61538
0.61538,0.61538,0.61538,0.61538,0.61538
0.61538,0.61538,0.61538,0.61538,0.61538
0.61538,0.61538,0.61538,0.61538,0.61538
0.61538,0.61538,0.61538,0.61538,0.61538
0.61538,0.61538,0.61538,0.61538,0.61538
0.61538,0.61538,0.61538,0.61538,0.61538
0.61538,0.61538,0.61538,0.61538,0.61538
0.61538,0.61538,0.61538,0.61538,0.61538
0.61538,0.61538,0.61538,0.61538,0.61538
0.61538,0.61538,0.61538,0.61538,0.61538
0.61538,0.61538,0.61538,0.61538,0.61538
0.61538,0.61538,0.61538,0.61538,0.61538
0.61538,0.61538,0.61538,0.61538,0.61538
0.61538,0.61538,0.61538,0.61538,0.61538
0.61538,0.61538,0.61538,0.61538,0.61538
0.61538,0.61538,0.61538,0.61538,0.61538
0.61538,0.61538,0.61538,0.61538,0.61538
0.61538,0.61538,0.61538,0.61538,0.61538
0.61538,0.61538,0.61538,0.61538,0.61538
0.61538,0.61538,0.61538,0.61538,0.61538
0.61538,0.61538,0.61538,0.61538,0.61538
0.61538,0.61538,0.61538,0.61538,0.61538
0.61538,0.61538,0.61538,0.61538,0.61538
0.61538,0.61538,0.61538,0.61538,0.61538
0.61538,0.61538,0.61538,0.61538,0.61538
0.61538,0.61538,0.61538,0.61538,0.61538
0.61538,0.61538,0.61538,0.61538,0.61538
0.61538,0.61538,0.61538,0.61538,0.61538
0.61538,0.61538,0.61538,0.61538,0.61538
0.61538,0.61538,0.61538,0.61538,0.61538
0.61538,0.61538,0.61538,0.61538,0.61538
0.61538,0.61538,0.61538,0.61538,0.61538
0.61538,0.61538,0.61538,0.61538,0.61538
0.61538,0.61538,0.61538,0.61538,0.61538
0.61538,0.61538,0.61538,0.61538,0.61538
0.61538,0.61538,0.61538,0.61538,0.61538
0.61538,0.61538,0.61538,0.61538,0.61538
0.61538,0.61538,0.61538,0.61538,0.61538
0.61538,0.61538,0.61538,0.61538,0.61538
0.61538,0.61538,0.61538,0.61538,0.61538
0.61538,0.61538,0.61538,0.61538,0.61538
0.61538,0.61538,0.61538,0.61538,0.61538
0.61538,0.61538,0.61538,0.61538,0.61538
0.61538,0.61538,0.61538,0.61538,0.61538
0.61538,0.61538,0.61538,0.61538,0.61538
0.61538,0.61538,0.61538,0.61538,0.61538
0.61538,0.61538,0.61538,0.61538,0.61538
0.61538,0.61538,0.61538,0.61538,0.61538
0.61538,0.61538,0.61538,0.61538,0.61538
0.61538,0.61538,0.61538,0.61538,0.61538
0.61538,0.61538,0.61538,0.61538,0.61538
0.61538,0.61538,0.61538,0.61538,0.61538
0.61538,0.61538,0.61538,0.61538,0.61538
0.61538,0.61538,0.61538,0.61538,0.61538
0.61538,0.61538,0.61538,0.61538,0.61538
0.61538,0.61538,0.61538,0.61538,0.61538
0.61538,0.61538,0.61538,0.61538,0.61538
0.61538,0.61538,0.61538,0.61538,0.61538
0.61538,0.61538,0.61538,0.61538,0.61538
0.61538,0.61538,0.61538,0.61538,0.61538
0.61538,0.61538,0.61538,0.61538,0.61538
0.61538,0.61538,0.61538,0.61538,0.61538
0.61538,0.61538,0.61538,0.61538,0.61538
0.61538,0.61538,0.61538,0.61538,0.61538
0.61538,0.61538,0.61538,0.61538,0.61538
0.61538,0.61538,0.61538,0.61538,0.61538
0.61538,0.61538,0.61538,0.61538,0.61538
0.61538,0.61538,0.61538,0.61538,0.61538
0.61538,0.61538,0.61538,0.61538,0.61538
0.61538,0.61538,0.61538,0.61538,0.61538
0.61538,0.61538,0.61538,0.61538,0.61538
0.61538,0.61538,0.61538,0.61538,0.61538
0.61538,0.61538,0.61538,0.61538,0.61538
0.61538,0.61538,0.61538,0.61538,0.61538
0.61538,0.61538,0.61538,0.61538,0.61538
0.61538,0.61538,0.61538,0.61538,0.61538
0.61538,0.61538,0.61538,0.61538,0.61538
0.61538,0.61538,0.61538,0.61538,0.61538
0.61538,0.61538,0.61538,0.61538,0.61538
0.61538,0.61538,0.61538,0.61538,0.61538
0.61538,0.61538,0.61538,0.61538,0.61538
0.61538,0.61538,0.61538,0.61538,0.61538
0.61538,0.61538,0.61538,0.61538,0.61538
0.61538,0.61538,0.61538,0.61538,0.61538
0.61538,0.61538,0.61538,0.61538,0.61538
0.61538,0.61538,0.61538,0.61538,0.61538
0.61538,0.61538,0.61538,0.61538,0.61538
0.61538,0.61538,0.61538,0.61538,0.61538
0.61538,0.61538,0.61538,0.61538,0.61538
0.61538,0.61538,0.61538,0.61538,0.61538
0.61538,0.61538,0.61538,0.61538,0.61538
0.61538,0.61538,0.61538,0.61538,0.61538
0.61538,0.61538,0.61538,0.61538,0.61538
0.61538,0.61538,0.61538,0.61538,0.61538
0.61538,0.61538,0.61538,0.61538,0.61538
0.61538,0.61538,0.61538,0.61538,0.61538
0.61538,0.61538,0.61538,0.61538,0.61538
0.61538,0.61538,0.61538,0.61538,0.61538
0.61538,0.61538,0.61538,0.61538,0.61538
0.61538,0.61538,0.61538,0.61538,0.61538
0.61538,0.61538,0.61538,0.61538,0.61538
0.61538,0.61538,0.61538,0.61538,0.61538
0.61538,0.61538,0.61538,0.61538,0.61538
0.61538,0.61538,0.61538,0.61538,0.61538
0.61538,0.61538,0.61538,0.61538,0.61538
0.61538,0.61538,0.61538,0.61538,0.61538
0.61538,0.61538,0.61538,0.61538,0.61538
0.61538,0.61538,0.61538,0.61538,0.61538
0.61538,0.61538,0.61538,0.61538,0.61538
0.61538,0.61538,0.61538,0.61538,0.61538
0.61538,0.61538,0.61538,0.61538,0.61538
0.61538,0.61538,0.61538,0.61538,0.61538
0.61538,0.61538,0.61538,0.61538,0.61538
0.61538,0.61538,0.61538,0.61538,0.61538
0.61538,0.61538,0.61538,0.61538,0.61538
0.61538,0.61538,0.61538,0.61538,0.61538
0.61538,0.61538,0.61538,0.61538,0.61538
0.61538,0.61538,0.61538,0.61538,0.61538
0.61538,0.61538,0.61538,0.61538,0.61538
0.61538,0.61538,0.61538,0.61538,0.61538
0.61538,0.61538,0.61538,0.61538,0.61538
0.61538,0.61538,0.61538,0.61538,0.61538
0.61538,0.61538,0.61538,0.61538,0.61538
0.61538,0.61538,0.61538,0.61538,0.61538
0.61538,0.61538,0.61538,0.61538,0.61538
0.61538,0.61538,0.61538,0.61538,0.61538
0.61538,0.61538,0.61538,0.61538,0.61538
0.61538,0.61538,0.61538,0.61538,0.61538
0.61538,0.61538,0.61538,0.61538,0.61538
0.61538,0.61538,0.61538,0.61538,0.61538
0.61538,0.61538,0.61538,0.61538,0.61538
0.61538,0.61538,0.61538,0.61538,0.61538
0.61538,0.61538,0.61538,0.61538,0.61538
0.61538,0.61538,0.61538,0.61538,0.61538
0.61538,0.61538,0.61538,0.61538,0.61538
0.61538,0.61538,0.61538,0.61538,0.61538
0.61538,0.61538,0.61538,0.61538,0.61538
0.61538,0.61538,0.61538,0.61538,0.61538
0.61538,0.61538,0.61538,0.61538,0.61538
0.61538,0.61538,0.61538,0.61538,0.61538
0.61538,0.61538,0.61538,0.61538,0.61538
0.61538,0.61538,0.61538,0.61538,0.61538
0.61538,0.61538,0.61538,0.61538,0.61538
0.61538,0.61538,0.61538,0.61538,0.61538
0.61538,0.61538,0.61538,0.61538,0.61538
0.61538,0.61538,0.61538,0.61538,0.61538
0.61538,0.61538,0.61538,0.61538,0.61538
0.61538,0.61538,0.61538,0.61538,0.61538
0.61538,0.61538,0.61538,0.61538,0.61538
0.61538,0.61538,0.61538,0.61538,0.61538
0.61538,0.61538,0.61538,0.61538,0.61538
0.61538,0.61538,0.61538,0.61538,0.61538
0.61538,0.61538,0.61538,0.61538,0.61538
0.61538,0.61538,0.61538,0.61538,0.61538
0.61538,0.61538,0.61538,0.61538,0.61538
0.61538,0.61538,0.61538,0.61538,0.61538
0.61538,0.61538,0.61538,0.61538,0.61538
0.61538,0.61538,0.61538,0.61538,0.61538
0.61538,0.61538,0.61538,0.61538,0.61538
0.61538,0.61538,0.61538,0.61538,0.61538
0.61538,0.61538,0.61538,0.61538,0.61538
0.61538,0.61538,0.61538,0.61538,0.61538
0.61538,0.61538,0.61538,0.61538,0.61538
0.61538,0.61538,0.61538,0.61538,0.61538
0.61538,0.61538,0.61538,0.61538,0.61538
0.61538,0.61538,0.61538,0.61538,0.61538
0.61538,0.61538,0.61538,0.61538,0.61538
0.61538,0.61538,0.61538,0.61538,0.61538
0.61538,0.61538,0.61538,0.61538,0.61538
0.61538,0.61538,0.61538,0.61538,0.61538
0.61538,0.61538,0.61538,0.61538,0.61538
0.61538,0.61538,0.61538,0.61538,0.61538
0.61538,0.61538,0.61538,0.61538,0.61538
0.61538,0.61538,0.61538,0.61538,0.61538
0.61538,0.61538,0.61538,0.61538,0.61538
0.61538,0.61538,0.61538,0.61538,0.61538
0.61538,0.61538,0.61538,0.61538,0.61538
0.61538,0.61538,0.61538,0.61538,0.61538
0.61538,0.61538,0.61538,0.61538,0.61538
0.61538,0.61538,0.61538,0.61538,0.61538
0.61538,0.61538,0.61538,0.61538,0.61538
0.61538,0.61538,0.61538,0.61538,0.61538
0.61538,0.61538,0.61538,0.61538,0.61538
0.61538,0.61538,0.61538,0.61538,0.61538
0.61538,0.61538,0.61538,0.61538,0.61538
0.61538,0.61538,0.61538,0.61538,0.61538
0.61538,0.61538,0.61538,0.61538,0.61538
0.61538,0.61538,0.61538,0.61538,0.61538
0.61538,0.61538,0.61538,0.61538,0.61538
0.61538,0.61538,0.61538,0.61538,0.61538
0.61538,0.61538,0.61538,0.61538,0.61538
0.61538,0.61538,0.61538,0.61538,0.61538
0.61538,0.61538,0.61538,0.61538,0.61538
0.61538,0.61538,0.61538,0.61538,0.61538
0.61538,0.61538,0.61538,0.61538,0.61538
0.61538,0.61538,0.61538,0.61538,0.61538
0.61538,0.61538,0.61538,0.61538,0.61538
0.61538,0.61538,0.61538,0.61538,0.61538
0.61538,0.61538,0.61538,0.61538,0.61538
0.61538,0.61538,0.61538,0.61538,0.61538
0.61538,0.61538,0.61538,0.61538,0.61538
0.61538,0.61538,0.61538,0.61538,0.61538
0.61538,0.61538,0.61538,0.61538,0.61538
0.61538,0.61538,0.61538,0.61538,0.61538
0.61538,0.61538,0.61538,0.61538,0.61538
0.61538,0.61538,0.61538,0.61538,0.61538
0.61538,0.61538,0.61538,0.61538,0.61538
0.61538,0.61538,0.61538,0.61538,0.61538
0.61538,0.61538,0.61538,0.61538,0.61538
0.61538,0.61538,0.61538,0.61538,0.61538
0.61538,0.61538,0.61538,0.61538,0.61538
0.61538,0.61538,0.61538,0.61538,0.61538
0.61538,0.61538,0.61538,0.61538,0.61538
0.61538,0.61538,0.61538,0.61538,0.61538
0.61538,0.61538,0.61538,0.61538,0.61538
0.61538,0.61538,0.61538,0.61538,0.61538
0.61538,0.61538,0.61538,0.61538,0.61538
0.61538,0.61538,0.61538,0.61538,0.61538
0.61538,0.61538,0.61538,0.61538,0.61538
0.61538,0.61538,0.61538,0.61538,0.61538
0.61538,0.61538,0.61538,0.61538,0.61538
0.61538,0.61538,0.61538,0.61538,0.61538
0.61538,0.61538,0.61538,0.61538,0.61538
0.61538,0.61538,0.61538,0.61538,0.61538
0.61538,0.61538,0.61538,0.61538,0.61538
0.61538,0.61538,0.61538,0.61538,0.61538
0.61538,0.61538,0.61538,0.61538,0.61538
0.61538,0.61538,0.61538,0.61538,0.61538
0.61538,0.61538,0.61538,0.61538,0.61538
0.61538,0.61538,0.61538,0.61538,0.61538
0.61538,0.61538,0.61538,0.61538,0.61538
0.61538,0.61538,0.61538,0.61538,0.61538
0.61538,0.61538,0.61538,0.61538,0.61538
0.61538,0.61538,0.61538,0.61538,0.61538
0.61538,0.61538,0.61538,0.61538,0.61538
0.61538,0.61538,0.61538,0.61538,0.61538
0.61538,0.61538,0.61538,0.61538,0.61538
0.61538,0.61538,0.61538,0.61538,0.61538
0.61538,0.61538,0.61538,0.61538,0.61538
0.61538,0.61538,0.61538,0.61538,0.61538
0.61538,0.61538,0.61538,0.61538,0.61538
0.61538,0.61538,0.61538,0.61538,0.61538
0.61538,0.61538,0.61538,0.61538,0.61538
0.61538,0.61538,0.61538,0.61538,0.61538
0.61538,0.61538,0.61538,0.61538,0.61538
0.61538,0.61538,0.61538,0.61538,0.61538
0.61538,0.61538,0.61538,0.61538,0.61538
0.61538,0.61538,0.61538,0.61538,0.61538
0.61538,0.61538,0.61538,0.61538,0.61538
0.61538,0.61538,0.61538,0.61538,0.61538
0.61538,0.61538,0.61538,0.61538,0.61538
0.61538,0.61538,0.61538,0.61538,0.61538
0.61538,0.61538,0.61538,0.61538,0.61538
0.61538,0.61538,0.61538,0.61538,0.61538
0.61538,0.61538,0.61538,0.61538,0.61538
0.61538,0.61538,0.61538,0.61538,0.61538
0.61538,0.61538,0.61538,0.61538,0.61538
0.61538,0.61538,0.61538,0.61538,0.61538
0.61538,0.61538,0.61538,0.61538,0.61538
0.61538,0.61538,0.61538,0.61538,0.61538
0.61538,0.61538,0.61538,0.61538,0.61538
0.61538,0.61538,0.61538,0.61538,0.61538
0.61538,0.61538,0.61538,0.61538,0.61538
0.61538,0.61538,0.61538,0.61538,0.61538
0.61538,0.61538,0.61538,0.61538,0.61538
0.61538,0.61538,0.61538,0.61538,0.61538
0.61538,0.61538,0.61538,0.61538,0.61538
0.61538,0.61538,0.61538,0.61538,0.61538
0.61538,0.61538,0.61538,0.61538,0.61538
0.61538,0.61538,0.61538,0.61538,0.61538
0.61538,0.61538,0.61538,0.61538,0.61538
0.61538,0.61538,0.61538,0.61538,0.61538
0.61538,0.61538,0.61538,0.61538,0.61538
0.61538,0.61538,0.61538,0.61538,0.61538
0.61538,0.61538,0.61538,0.61538,0.61538
0.61538,0.61538,0.61538,0.61538,0.61538
0.61538,0.61538,0.61538,0.61538,0.61538
0.61538,0.61538,0.61538,0.61538,0.61538
0.61538,0.61538,0.61538,0.61538,0.61538
0.61538,0.61538,0.61538,0.61538,0.61538
0.61538,0.61538,0.61538,0.61538,0.61538
0.61538,0.61538,0.61538,0.61538,0.61538
0.61538,0.61538,0.61538,0.61538,0.61538
0.61538,0.61538,0.61538,0.61538,0.61538
0.61538,0.61538,0.61538,0.61538,0.61538
0.61538,0.61538,0.61538,0.61538,0.61538
0.61538,0.61538,0.61538,0.61538,0.61538
0.61538,0.61538,0.61538,0.61538,0.61538
0.61538,0.61538,0.61538,0.61538,0.61538
0.61538,0.61538,0.61538,0.61538,0.61538
0.61538,0.61538,0.61538,0.61538,0.61538
0.61538,0.61538,0.61538,0.61538,0.61538
0.61538,0.61538,0.61538,0.61538,0.61538
0.61538,0.61538,0.61538,0.61538,0.61538
0.61538,0.61538,0.61538,0.61538,0.61538
0.61538,0.61538,0.61538,0.61538,0.61538
0.61538,0.61538,0.61538,0.61538,0.61538
0.61538,0.61538,0.61538,0.61538,0.61538
0.61538,0.61538,0.61538,0.61538,0.61538
0.61538,0.61538,0.61538,0.61538,0.61538
0.61538,0.61538,0.61538,0.61538,0.61538
0.61538,0.61538,0.61538,0.61538,0.61538
0.61538,0.61538,0.61538,0.61538,0.61538
0.61538,0.61538,0.61538,0.61538,0.61538
0.61538,0.61538,0.61538,0.61538,0.61538
0.61538,0.61538,0.61538,0.61538,0.61538
0.61538,0.61538,0.61538,0.61538,0.61538
0.61538,0.61538,0.61538,0.61538,0.61538
0.61538,0.61538,0.61538,0.61538,0.61538
0.61538,0.61538,0.61538,0.61538,0.61538
0.61538,0.61538,0.61538,0.61538,0.61538
0.61538,0.61538,0.61538,0.61538,0.61538
0.61538,0.61538,0.61538,0.61538,0.61538
0.61538,0.61538,0.61538,0.61538,0.61538
0.61538,0.61538,0.61538,0.61538,0.61538
0.61538,0.61538,0.61538,0.61538,0.61538
0.61538,0.61538,0.61538,0.61538,0.61538
0.61538,0.61538,0.61538,0.61538,0.61538
0.61538,0.61538,0.61538,0.61538,0.61538
0.61538,0.61538,0.61538,0.61538,0.61538
0.61538,0.61538,0.61538,0.61538,0.61538
0.61538,0.61538,0.61538,0.61538,0.61538
0.61538,0.61538,0.61538,0.61538,0.61538
0.61538,0.61538,0.61538,0.61538,0.61538
0.61538,0.61538,0.61538,0.61538,0.61538
0.61538,0.61538,0.61538,0.61538,0.61538
0.61538,0.61538,0.61538,0.61538,0.61538
0.61538,0.61538,0.61538,0.61538,0.61538
0.61538,0.61538,0.61538,0.61538,0.61538
0.61538,0.61538,0.61538,0.61538,0.61538
0.61538,0.61538,0.61538,0.61538,0.61538
0.61538,0.61538,0.61538,0.61538,0.61538
0.61538,0.61538,0.61538,0.61538,0.61538
0.61538,0.61538,0.61538,0.61538,0.61538
0.61538,0.61538,0.61538,0.61538,0.61538
0.61538,0.61538,0.61538,0.61538,0.61538
0.61538,0.61538,0.61538,0.61538,0.61538
0.61538,0.61538,0.61538,0.61538,0.61538
0.61538,0.61538,0.61538,0.61538,0.61538
0.61538,0.61538,0.61538,0.61538,0.61538
0.61538,0.61538,0.61538,0.61538,0.61538
0.61538,0.61538,0.61538,0.61538,0.61538
0.61538,0.61538,0.61538,0.61538,0.61538
0.61538,0.61538,0.61538,0.61538,0.61538
0.61538,0.61538,0.61538,0.61538,0.61538
0.61538,0.61538,0.61538,0.61538,0.61538
0.61538,0.61538,0.61538,0.61538,0.61538
0.61538,0.61538,0.61538,0.61538,0.61538
0.61538,0.61538,0.61538,0.61538,0.61538
0.61538,0.61538,0.61538,0.61538,0.61538
0.61538,0.61538,0.61538,0.61538,0.61538
0.61538,0.61538,0.61538,0.61538,0.61538
0.61538,0.61538,0.61538,0.61538,0.61538
0.61538,0.61538,0.61538,0.61538,0.61538
0.61538,0.61538,0.61538,0.61538,0.61538
0.61538,0.61538,0.61538,0.61538,0.61538
0.61538,0.61538,0.61538,0.61538,0.61538
0.61538,0.61538,0.61538,0.61538,0.61538
0.61538,0.61538,0.61538,0.61538,0.61538
0.61538,0.61538,0.61538,0.61538,0.61538
0.61538,0.61538,0.61538,0.61538,0.61538
0.61538,0.61538,0.61538,0.61538,0.61538
0.61538,0.61538,0.61538,0.61538,0.61538
0.61538,0.61538,0.61538,0.61538,0.61538
0.61538,0.61538,0.61538,0.61538,0.61538
0.61538,0.61538,0.61538,0.61538,0.61538
0.61538,0.61538,0.61538,0.61538,0.61538
0.61538,0.61538,0.61538,0.61538,0.61538
0.61538,0.61538,0.61538,0.61538,0.61538
0.61538,0.61538,0.61538,0.61538,0.61538
0.61538,0.61538,0.61538,0.61538,0.61538
0.61538,0.61538,0.61538,0.61538,0.61538
0.61538,0.61538,0.61538,0.61538,0.61538
0.61538,0.61538,0.61538,0.61538,0.61538
0.61538,0.61538,0.61538,0.61538,0.61538
0.61538,0.61538,0.61538,0.61538,0.61538
0.61538,0.61538,0.61538,0.61538,0.61538
0.61538,0.61538,0.61538,0.61538,0.61538
0.61538,0.61538,0.61538,0.61538,0.61538
0.61538,0.61538,0.61538,0.61538,0.61538
0.61538,0.61538,0.61538,0.61538,0.61538
0.61538,0.61538,0.61538,0.61538,0.61538
0.61538,0.61538,0.61538,0.61538,0.61538
0.61538,0.61538,0.61538,0.61538,0.61538
0.61538,0.61538,0.61538,0.61538,0.61538
0.61538,0.61538,0.61538,0.61538,0.61538
0.61538,0.61538,0.61538,0.61538,0.61538
0.61538,0.61538,0.61538,0.61538,0.61538
0.61538,0.61538,0.61538,0.61538,0.61538
0.61538,0.61538,0.61538,0.61538,0.61538
0.61538,0.61538,0.61538,0.61538,0.61538
0.61538,0.61538,0.61538,0.61538,0.61538
0.61538,0.61538,0.61538,0.61538,0.61538
0.61538,0.61538,0.61538,0.61538,0.61538
0.61538,0.61538,0.61538,0.61538,0.61538
0.61538,0.61538,0.61538,0.61538,0.61538
0.61538,0.61538,0.61538,0.61538,0.61538
0.61538,0.61538,0.61538,0.61538,0.61538
0.61538,0.61538,0.61538,0.61538,0.61538
0.61538,0.61538,0.61538,0.61538,0.61538
0.61538,0.61538,0.61538,0.61538,0.61538
0.61538,0.61538,0.61538,0.61538,0.61538
0.61538,0.61538,0.61538,0.61538,0.61538
0.61538,0.61538,0.61538,0.61538,0.61538
0.61538,0.61538,0.61538,0.61538,0.61538
0.61538,0.61538,0.61538,0.61538,0.61538
0.61538,0.61538,0.61538,0.61538,0.61538
0.61538,0.61538,0.61538,0.61538,0.61538
0.61538,0.61538,0.61538,0.61538,0.61538
0.61538,0.61538,0.61538,0.61538,0.61538
0.61538,0.61538,0.61538,0.61538,0.61538
0.61538,0.61538,0.61538,0.61538,0.61538
0.61538,0.61538,0.61538,0.61538,0.61538
0.61538,0.61538,0.61538,0.61538,0.61538
0.61538,0.61538,0.61538,0.61538,0.61538
0.61538,0.61538,0.61538,0.61538,0.61538
0.61538,0.61538,0.61538,0.61538,0.61538
0.61538,0.61538,0.61538,0.61538,0.61538
0.61538,0.61538,0.61538,0.61538,0.61538
0.61538,0.61538,0.61538,0.61538,0.61538
0.61538,0.61538,0.61538,0.61538,0.61538
0.61538,0.61538,0.61538,0.61538,0.61538
0.61538,0.61538,0.61538,0.61538,0.61538
0.61538,0.61538,0.61538,0.61538,0.61538
0.61538,0.61538,0.61538,0.61538,0.61538
0.61538,0.61538,0.61538,0.61538,0.61538
0.61538,0.61538,0.61538,0.61538,0.61538
0.61538,0.61538,0.61538,0.61538,0.61538
0.61538,0.61538,0.61538,0.61538,0.61538
0.61538,0.61538,0.61538,0.61538,0.61538
0.61538,0.61538,0.61538,0.61538,0.61538
0.61538,0.61538,0.61538,0.61538,0.61538
0.61538,0.61538,0.61538,0.61538,0.61538
0.61538,0.61538,0.61538,0.61538,0.61538
0.61538,0.61538,0.61538,0.61538,0.61538
0.61538,0.61538,0.61538,0.61538,0.61538
0.61538,0.61538,0.61538,0.61538,0.61538
0.61538,0.61538,0.61538,0.61538,0.61538
0.61538,0.61538,0.61538,0.61538,0.61538
0.61538,0.61538,0.61538,0.61538,0.61538
0.61538,0.61538,0.61538,0.61538,0.61538
0.61538,0.61538,0.61538,0.61538,0.61538
0.61538,0.61538,0.61538,0.61538,0.61538
0.61538,0.61538,0.61538,0.61538,0.61538
0.61538,0.61538,0.61538,0.61538,0.61538
0.61538,0.61538,0.61538,0.61538,0.61538
0.61538,0.61538,0.61538,0.61538,0.61538
0.61538,0.61538,0.61538,0.61538,0.61538
0.61538,0.61538,0.61538,0.61538,0.61538
0.61538,0.61538,0.61538,0.61538,0.61538
0.61538,0.61538,0.61538,0.61538,0.61538
0.61538,0.61538,0.61538,0.61538,0.61538
0.61538,0.61538,0.61538,0.61538,0.61538
0.61538,0.61538,0.61538,0.61538,0.61538
0.61538,0.61538,0.61538,0.61538,0.61538
0.61538,0.61538,0.61538,0.61538,0.61538
0.61538,0.61538,0.61538,0.61538,0.61538
0.61538,0.61538,0.61538,0.61538,0.61538
0.61538,0.61538,0.61538,0.61538,0.61538
0.61538,0.61538,0.61538,0.61538,0.61538
0.61538,0.61538,0.61538,0.61538,0.61538
0.61538,0.61538,0.61538,0.61538,0.61538
0.61538,0.61538,0.61538,0.61538,0.61538
0.61538,0.61538,0.61538,0.61538,0.61538
0.61538,0.61538,0.61538,0.61538,0.61538
0.61538,0.61538,0.61538,0.61538,0.61538
0.61538,0.61538,0.61538,0.61538,0.61538
0.61538,0.61538,0.61538,0.61538,0.61538
0.61538,0.61538,0.61538,0.61538,0.61538
0.61538,0.61538,0.61538,0.61538,0.61538
0.61538,0.61538,0.61538,0.61538,0.61538
0.61538,0.61538,0.61538,0.61538,0.61538
0.61538,0.61538,0.61538,0.61538,0.61538
0.61538,0.61538,0.61538,0.61538,0.61538
0.61538,0.61538,0.61538,0.61538,0.61538
0.61538,0.61538,0.61538,0.61538,0.61538
0.61538,0.61538,0.61538,0.61538,0.61538
0.61538,0.61538,0.61538,0.61538,0.61538
0.61538,0.61538,0.61538,0.61538,0.61538
0.61538,0.61538,0.61538,0.61538,0.61538
0.61538,0.61538,0.61538,0.61538,0.61538
0.61538,0.61538,0.61538,0.61538,0.61538
0.61538,0.61538,0.61538,0.61538,0.61538
0.61538,0.61538,0.61538,0.61538,0.61538
0.61538,0.61538,0.61538,0.61538,0.61538
0.61538,0.61538,0.61538,0.61538,0.61538
0.61538,0.61538,0.61538,0.61538,0.61538
0.61538,0.61538,0.61538,0.61538,0.61538
0.61538,0.61538,0.61538,0.61538,0.61538
0.61538,0.61538,0.61538,0.61538,0.61538
0.61538,0.61538,0.61538,0.61538,0.61538
0.61538,0.61538,0.61538,0.61538,0.61538
0.61538,0.61538,0.61538,0.61538,0.61538
0.61538,0.61538,0.61538,0.61538,0.61538
0.61538,0.61538,0.61538,0.61538,0.61538
0.61538,0.61538,0.61538,0.61538,0.61538
0.61538,0.61538,0.61538,0.61538,0.61538
0.61538,0.61538,0.61538,0.61538,0.61538
0.61538,0.61538,0.61538,0.61538,0.61538
0.61538,0.61538,0.61538,0.61538,0.61538
0.61538,0.61538,0.61538,0.61538,0.61538
0.61538,0.61538,0.61538,0.61538,0.61538
0.61538,0.61538,0.61538,0.61538,0.61538
0.61538,0.61538,0.61538,0.61538,0.61538
0.61538,0.61538,0.61538,0.61538,0.61538
0.61538,0.61538,0.61538,0.61538,0.61538
0.61538,0.61538,0.61538,0.61538,0.61538
0.61538,0.61538,0.61538,0.61538,0.61538
0.61538,0.61538,0.61538,0.61538,0.61538
0.61538,0.61538,0.61538,0.61538,0.61538
0.61538,0.61538,0.61538,0.61538,0.61538
0.61538,0.61538,0.61538,0.61538,0.61538
0.61538,0.61538,0.61538,0.61538,0.61538
0.61538,0.61538,0.61538,0.61538,0.61538
0.61538,0.61538,0.61538,0.61538,0.61538
0.61538,0.61538,0.61538,0.61538,0.61538
0.61538,0.61538,0.61538,0.61538,0.61538
0.61538,0.61538,0.61538,0.61538,0.61538
0.61538,0.61538,0.61538,0.61538,0.61538
0.61538,0.61538,0.61538,0.61538,0.61538
0.61538,0.61538,0.61538,0.61538,0.61538
0.61538,0.61538,0.61538,0.61538,0.61538
0.61538,0.61538,0.61538,0.61538,0.61538
0.61538,0.61538,0.61538,0.61538,0.61538
0.61538,0.61538,0.61538,0.61538,0.61538
0.61538,0.61538,0.61538,0.61538,0.61538
0.61538,0.61538,0.61538,0.61538,0.61538
0.61538,0.61538,0.61538,0.61538,0.61538
0.61538,0.61538,0.61538,0.61538,0.61538
0.61538,0.61538,0.61538,0.61538,0.61538
0.61538,0.61538,0.61538,0.61538,0.61538
0.61538,0.61538,0.61538,0.61538,0.61538
0.61538,0.61538,0.61538,0.61538,0.61538
0.61538,0.61538,0.61538,0.61538,0.61538
0.61538,0.61538,0.61538,0.61538,0.61538
0.61538,0.61538,0.61538,0.61538,0.61538
0.61538,0.61538,0.61538,0.61538,0.61538
0.61538,0.61538,0.61538,0.61538,0.61538
0.61538,0.61538,0.61538,0.61538,0.61538
0.61538,0.61538,0.61538,0.61538,0.61538
0.61538,0.61538,0.61538,0.61538,0.61538
0.61538,0.61538,0.61538,0.61538,0.61538
0.61538,0.61538,0.61538,0.61538,0.61538
0.61538,0.61538,0.61538,0.61538,0.61538
0.61538,0.61538,0.61538,0.61538,0.61538
0.61538,0.61538,0.61538,0.61538,0.61538
0.61538,0.61538,0.61538,0.61538,0.61538
0.61538,0.61538,0.61538,0.61538,0.61538
0.61538,0.61538,0.61538,0.61538,0.61538
0.61538,0.61538,0.61538,0.61538,0.61538
0.61538,0.61538,0.61538,0.61538,0.61538
0.61538,0.61538,0.61538,0.61538,0.61538
0.61538,0.61538,0.61538,0.61538,0.61538
0.61538,0.61538,0.61538,0.61538,0.61538
0.61538,0.61538,0.61538,0.61538,0.61538
0.61538,0.61538,0.61538,0.61538,0.61538
0.61538,0.61538,0.61538,0.61538,0.61538
0.61538,0.61538,0.61538,0.61538,0.61538
0.61538,0.61538,0.61538,0.61538,0.61538
0.61538,0.61538,0.61538,0.61538,0.61538
0.61538,0.61538,0.61538,0.61538,0.61538
0.61538,0.61538,0.61538,0.61538,0.61538
0.61538,0.61538,0.61538,0.61538,0.61538
0.61538,0.61538,0.61538,0.61538,0.61538
0.61538,0.61538,0.61538,0.61538,0.61538
0.61538,0.61538,0.61538,0.61538,0.61538
0.61538,0.61538,0.61538,0.61538,0.61538
0.61538,0.61538,0.61538,0.61538,0.61538
0.61538,0.61538,0.61538,0.61538,0.61538
0.61538,0.61538,0.61538,0.61538,0.61538
0.61538,0.61538,0.61538,0.61538,0.61538
0.61538,0.61538,0.61538,0.61538,0.61538
0.61538,0.61538,0.61538,0.61538,0.61538
0.61538,0.61538,0.61538,0.61538,0.61538
0.61538,0.61538,0.61538,0.61538,0.61538
0.61538,0.61538,0.61538,0.61538,0.61538
0.61538,0.61538,0.61538,0.61538,0.61538
0.61538,0.61538,0.61538,0.61538,0.61538
0.61538,0.61538,0.61538,0.61538,0.61538
0.61538,0.61538,0.61538,0.61538,0.61538
0.61538,0.61538,0.61538,0.61538,0.61538
0.61538,0.61538,0.61538,0.61538,0.61538
0.61538,0.61538,0.61538,0.61538,0.61538
0.61538,0.61538,0.61538,0.61538,0.61538
0.61538,0.61538,0.61538,0.61538,0.61538
0.61538,0.61538,0.61538,0.61538,0.61538
0.61538,0.61538,0.61538,0.61538,0.61538
0.61538,0.61538,0.61538,0.61538,0.61538
0.61538,0.61538,0.61538,0.61538,0.61538
0.61538,0.61538,0.61538,0.61538,0.61538
0.61538,0.61538,0.61538,0.61538,0.61538
0.61538,0.61538,0.61538,0.61538,0.61538
0.61538,0.61538,0.61538,0.61538,0.61538
0.61538,0.61538,0.61538,0.61538,0.61538
0.61538,0.61538,0.61538,0.61538,0.61538
0.61538,0.61538,0.61538,0.61538,0.61538
0.61538,0.61538,0.61538,0.61538,0.61538
0.61538,0.61538,0.61538,0.61538,0.61538
0.61538,0.61538,0.61538,0.61538,0.61538
0.61538,0.61538,0.61538,0.61538,0.61538
0.61538,0.61538,0.61538,0.61538,0.61538
0.61538,0.61538,0.61538,0.61538,0.61538
0.61538,0.61538,0.61538,0.61538,0.61538
0.61538,0.61538,0.61538,0.61538,0.61538
0.61538,0.61538,0.61538,0.61538,0.61538
0.61538,0.61538,0.61538,0.61538,0.61538
0.61538,0.61538,0.61538,0.61538,0.61538
0.61538,0.61538,0.61538,0.61538,0.61538
0.61538,0.61538,0.61538,0.61538,0.61538
0.61538,0.61538,0.61538,0.61538,0.61538
0.61538,0.61538,0.61538,0.61538,0.61538
0.61538,0.61538,0.61538,0.61538,0.61538
0.61538,0.61538,0.61538,0.61538,0.61538
0.61538,0.61538,0.61538,0.61538,0.61538
0.61538,0.61538,0.61538,0.61538,0.61538
0.61538,0.61538,0.61538,0.61538,0.61538
0.61538,0.61538,0.61538,0.61538,0.61538
0.61538,0.61538,0.61538,0.61538,0.61538
0.61538,0.61538,0.61538,0.61538,0.61538
0.61538,0.61538,0.61538,0.61538,0.61538
0.61538,0.61538,0.61538,0.61538,0.61538
0.61538,0.61538,0.61538,0.61538,0.61538
0.61538,0.61538,0.61538,0.61538,0.61538
0.61538,0.61538,0.61538,0.61538,0.61538
0.61538,0.61538,0.61538,0.61538,0.61538
0.61538,0.61538,0.61538,0.61538,0.61538
0.61538,0.61538,0.61538,0.61538,0.61538
0.61538,0.61538,0.61538,0.61538,0.61538
0.61538,0.61538,0.61538,0.61538,0.61538
0.61538,0.61538,0.61538,0.61538,0.61538
0.61538,0.61538,0.61538,0.61538,0.61538
0.61538,0.61538,0.61538,0.61538,0.61538
0.61538,0.61538,0.61538,0.61538,0.61538
0.61538,0.61538,0.61538,0.61538,0.61538
0.61538,0.61538,0.61538,0.61538,0.61538
0.61538,0.61538,0.61538,0.61538,0.61538
0.61538,0.61538,0.61538,0.61538,0.61538
0.61538,0.61538,0.61538,0.61538,0.61538
0.61538,0.61538,0.61538,0.61538,0.61538
0.61538,0.61538,0.61538,0.61538,0.61538
0.61538,0.61538,0.61538,0.61538,0.61538
0.61538,0.61538,0.61538,0.61538,0.61538
0.61538,0.61538,0.61538,0.61538,0.61538
0.61538,0.61538,0.61538,0.61538,0.61538
0.61538,0.61538,0.61538,0.61538,0.61538
0.61538,0.61538,0.61538,0.61538,0.61538
0.61538,0.61538,0.61538,0.61538,0.61538
0.61538,0.61538,0.61538,0.61538,0.61538
0.61538,0.61538,0.61538,0.61538,0.61538
0.61538,0.61538,0.61538,0.61538,0.61538
0.61538,0.61538,0.61538,0.61538,0.61538
0.61538,0.61538,0.61538,0.61538,0.61538
0.61538,0.61538,0.61538,0.61538,0.61538
0.61538,0.61538,0.61538,0.61538,0.61538
0.61538,0.61538,0.61538,0.61538,0.61538
0.61538,0.61538,0.61538,0.61538,0.61538
0.61538,0.61538,0.61538,0.61538,0.61538
0.61538,0.61538,0.61538,0.61538,0.61538
0.61538,0.61538,0.61538,0.61538,0.61538
0.61538,0.61538,0.61538,0.61538,0.61538
0.61538,0.61538,0.61538,0.61538,0.61538
0.61538,0.61538,0.61538,0.61538,0.61538
0.61538,0.61538,0.61538,0.61538,0.61538
0.61538,0.61538,0.61538,0.61538,0.61538
0.61538,0.61538,0.61538,0.61538,0.61538
0.61538,0.61538,0.61538,0.61538,0.61538
0.61538,0.61538,0.61538,0.61538,0.61538
0.61538,0.61538,0.61538,0.61538,0.61538
0.61538,0.61538,0.61538,0.61538,0.61538
0.61538,0.61538,0.61538,0.61538,0.61538
0.61538,0.61538,0.61538,0.61538,0.61538
0.61538,0.61538,0.61538,0.61538,0.61538
0.61538,0.61538,0.61538,0.61538,0.61538
0.61538,0.61538,0.61538,0.61538,0.61538
0.61538,0.61538,0.61538,0.61538,0.61538
0.61538,0.61538,0.61538,0.61538,0.61538
0.61538,0.61538,0.61538,0.61538,0.61538
0.61538,0.61538,0.61538,0.61538,0.61538
0.61538,0.61538,0.61538,0.61538,0.61538
0.61538,0.61538,0.61538,0.61538,0.61538
0.61538,0.61538,0.61538,0.61538,0.61538
0.61538,0.61538,0.61538,0.61538,0.61538
0.61538,0.61538,0.61538,0.61538,0.61538
0.61538,0.61538,0.61538,0.61538,0.61538
0.61538,0.61538,0.61538,0.61538,0.61538
0.61538,0.61538,0.61538,0.61538,0.61538
0.61538,0.61538,0.61538,0.61538,0.61538
0.61538,0.61538,0.61538,0.61538,0.61538
0.61538,0.61538,0.61538,0.61538,0.61538
0.61538,0.61538,0.61538,0.61538,0.61538
0.61538,0.61538,0.61538,0.61538,0.61538
0.61538,0.61538,0.61538,0.61538,0.61538
0.61538,0.61538,0.61538,0.61538,0.61538
0.61538,0.61538,0.61538,0.61538,0.61538
0.61538,0.61538,0.61538,0.61538,0.61538
0.61538,0.61538,0.61538,0.61538,0.61538
0.61538,0.61538,0.61538,0.61538,0.61538
0.61538,0.61538,0.61538,0.61538,0.61538
0.61538,0.61538,0.61538,0.61538,0.61538
0.61538,0.61538,0.61538,0.61538,0.61538
0.61538,0.61538,0.61538,0.61538,0.61538
0.61538,0.61538,0.61538,0.61538,0.61538
0.61538,0.61538,0.61538,0.61538,0.61538
0.61538,0.61538,0.61538,0.61538,0.61538
0.61538,0.61538,0.61538,0.61538,0.61538
0.61538,0.61538,0.61538,0.61538,0.61538
0.61538,0.61538,0.61538,0.61538,0.61538
0.61538,0.61538,0.61538,0.61538,0.61538
0.61538,0.61538,0.61538,0.61538,0.61538
0.61538,0.61538,0.61538,0.61538,0.61538
0.61538,0.61538,0.61538,0.61538,0.61538
0.61538,0.61538,0.61538,0.61538,0.61538
0.61538,0.61538,0.61538,0.61538,0.61538
0.61538,0.61538,0.61538,0.61538,0.61538
0.61538,0.61538,0.61538,0.61538,0.61538
0.61538,0.61538,0.61538,0.61538,0.61538
0.61538,0.61538,0.61538,0.61538,0.61538
0.61538,0.61538,0.61538,0.61538,0.61538
0.61538,0.61538,0.61538,0.61538,0.61538
0.61538,0.61538,0.61538,0.61538,0.61538
0.61538,0.61538,0.61538,0.61538,0.61538
0.61538,0.61538,0.61538,0.61538,0.61538
0.61538,0.61538,0.61538,0.61538,0.61538
0.61538,0.61538,0.61538,0.61538,0.61538
0.61538,0.61538,0.61538,0.61538,0.61538
0.61538,0.61538,0.61538,0.61538,0.61538
0.61538,0.61538,0.61538,0.61538,0.61538
0.61538,0.61538,0.61538,0.61538,0.61538
0.61538,0.61538,0.61538,0.61538,0.61538
0.61538,0.61538,0.61538,0.61538,0.61538
0.61538,0.61538,0.61538,0.61538,0.61538
0.61538,0.61538,0.61538,0.61538,0.61538
0.61538,0.61538,0.61538,0.61538,0.61538
0.61538,0.61538,0.61538,0.61538,0.61538
0.61538,0.61538,0.61538,0.61538,0.61538
0.61538,0.61538,0.61538,0.61538,0.61538
0.61538,0.61538,0.61538,0.61538,0.61538
0.61538,0.61538,0.61538,0.61538,0.61538
0.61538,0.61538,0.61538,0.61538,0.61538
0.61538,0.61538,0.61538,0.61538,0.61538
0.61538,0.61538,0.61538,0.61538,0.61538
0.61538,0.61538,0.61538,0.61538,0.61538
0.61538,0.61538,0.61538,0.61538,0.61538
0.61538,0.61538,0.61538,0.61538,0.61538
0.61538,0.61538,0.61538,0.61538,0.61538
0.61538,0.61538,0.61538,0.61538,0.61538
0.61538,0.61538,0.61538,0.61538,0.61538
0.61538,0.61538,0.61538,0.61538,0.61538
0.61538,0.61538,0.61538,0.61538,0.61538
0.61538,0.61538,0.61538,0.61538,0.61538
0.61538,0.61538,0.61538,0.61538,0.61538
0.61538,0.61538,0.61538,0.61538,0.61538
0.61538,0.61538,0.61538,0.61538,0.61538
0.61538,0.61538,0.61538,0.61538,0.61538
0.61538,0.61538,0.61538,0.61538,0.61538
0.61538,0.61538,0.61538,0.61538,0.61538
0.61538,0.61538,0.61538,0.61538,0.61538
0.61538,0.61538,0.61538,0.61538,0.61538
0.61538,0.61538,0.61538,0.61538,0.61538
0.61538,0.61538,0.61538,0.61538,0.61538
0.61538,0.61538,0.61538,0.61538,0.61538
0.61538,0.61538,0.61538,0.61538,0.61538
0.61538,0.61538,0.61538,0.61538,0.61538
0.61538,0.61538,0.61538,0.61538,0.61538
0.61538,0.61538,0.61538,0.61538,0.61538
0.61538,0.61538,0.61538,0.61538,0.61538
0.61538,0.61538,0.61538,0.61538,0.61538
0.61538,0.61538,0.61538,0.61538,0.61538
0.61538,0.61538,0.61538,0.61538,0.61538
0.61538,0.61538,0.61538,0.61538,0.61538
0.61538,0.61538,0.61538,0.61538,0.61538
0.61538,0.61538,0.61538,0.61538,0.61538
0.61538,0.61538,0.61538,0.61538,0.61538
0.61538,0.61538,0.61538,0.61538,0.61538
0.61538,0.61538,0.61538,0.61538,0.61538
0.61538,0.61538,0.61538,0.61538,0.61538
0.61538,0.61538,0.61538,0.61538,0.61538
0.61538,0.61538,0.61538,0.61538,0.61538
0.61538,0.61538,0.61538,0.61538,0.61538
0.61538,0.61538,0.61538,0.61538,0.61538
0.61538,0.61538,0.61538,0.61538,0.61538
0.61538,0.61538,0.61538,0.61538,0.61538
0.61538,0.61538,0.61538,0.61538,0.61538
0.61538,0.61538,0.61538,0.61538,0.61538
0.61538,0.61538,0.61538,0.61538,0.61538
0.61538,0.61538,0.61538,0.61538,0.61538
0.61538,0.61538,0.61538,0.61538,0.61538
0.61538,0.61538,0.61538,0.61538,0.61538
0.61538,0.61538,0.61538,0.61538,0.61538
0.61538,0.61538,0.61538,0.61538,0.61538
0.61538,0.61538,0.61538,0.61538,0.61538
0.61538,0.61538,0.61538,0.61538,0.61538
0.61538,0.61538,0.61538,0.61538,0.61538
0.61538,0.61538,0.61538,0.61538,0.61538
0.61538,0.61538,0.61538,0.61538,0.61538
0.61538,0.61538,0.61538,0.61538,0.61538
0.61538,0.61538,0.61538,0.61538,0.61538
0.61538,0.61538,0.61538,0.61538,0.61538
0.61538,0.61538,0.61538,0.61538,0.61538
0.61538,0.61538,0.61538,0.61538,0.61538
0.61538,0.61538,0.61538,0.61538,0.61538
0.61538,0.61538,0.61538,0.61538,0.61538
