0.1,0.2,0.3,0.5,0.6
0.0303,0.0477,0.06285,0.07425,0.0699
0.0095897,0.013589,0.017615,0.020418,0.019026
0.0030454,0.0040212,0.0051734,0.0059397,0.0054816
0.0009616,0.0012041,0.0015382,0.0017532,0.001606
0.00030148,0.00036216,0.00045898,0.00051962,0.0004736
9.3905e-05,0.00010915,0.00013709,0.00015421,0.00014012
2.9091e-05,3.2932e-05,4.0959e-05,4.5787e-05,4.1549e-05
8.9714e-06,9.942e-06,1.2239e-05,1.3599e-05,1.2341e-05
2.7565e-06,3.0025e-06,3.6576e-06,4.0405e-06,3.6705e-06
8.4435e-07,9.0688e-07,1.0932e-06,1.2009e-06,1.093e-06
2.5797e-07,2.7392e-07,3.2678e-07,3.5702e-07,3.2579e-07
7.8648e-08,8.273e-08,9.7695e-08,1.0618e-07,9.7187e-08
2.3934e-08,2.4982e-08,2.9211e-08,3.1593e-08,2.9013e-08
7.272e-09,7.5424e-09,8.7357e-09,9.4035e-09,8.6664e-09
2.2066e-09,2.2766e-09,2.6128e-09,2.8e-09,2.5901e-09
6.6877e-10,6.8696e-10,7.8161e-10,8.3404e-10,7.7442e-10
2.0249e-10,2.0723e-10,2.3385e-10,2.4853e-10,2.3163e-10
6.1255e-11,6.2499e-11,6.9976e-11,7.4085e-11,6.9307e-11
1.8516e-11,1.8843e-11,2.0942e-11,2.2092e-11,2.0743e-11
5.5931e-12,5.6795e-12,6.2684e-12,6.5902e-12,6.2097e-12
1.6885e-12,1.7114e-12,1.8765e-12,1.9665e-12,1.8594e-12
5.0945e-13,5.1555e-13,5.6183e-13,5.87e-13,5.5685e-13
1.5364e-13,1.5527e-13,1.6823e-13,1.7527e-13,1.668e-13
4.6313e-14,4.675e-14,5.0381e-14,5.2348e-14,4.9969e-14
1.3955e-14,1.4073e-14,1.5089e-14,1.5639e-14,1.4972e-14
4.2036e-15,4.2354e-15,4.5198e-15,4.6735e-15,4.4862e-15
1.2658e-15,1.2744e-15,1.354e-15,1.3969e-15,1.3444e-15
3.8105e-16,3.8339e-16,4.0564e-16,4.1765e-16,4.0294e-16
1.1468e-16,1.1531e-16,1.2154e-16,1.2489e-16,1.2077e-16
3.4504e-17,3.4678e-17,3.6419e-17,3.7356e-17,3.6203e-17
1.0379e-17,1.0427e-17,1.0914e-17,1.1175e-17,1.0853e-17
3.1216e-18,3.1347e-18,3.2707e-18,3.3439e-18,3.2535e-18
9.3866e-19,9.4225e-19,9.8027e-19,1.0007e-18,9.7544e-19
2.822e-19,2.8319e-19,2.9382e-19,2.9953e-19,2.9246e-19
8.483e-20,8.5102e-20,8.8071e-20,8.9667e-20,8.769e-20
2.5496e-20,2.5571e-20,2.6401e-20,2.6846e-20,2.6294e-20
7.6619e-21,7.6826e-21,7.9145e-21,8.0389e-21,7.8844e-21
2.3022e-21,2.308e-21,2.3727e-21,2.4075e-21,2.3643e-21
6.9168e-22,6.9327e-22,7.1137e-22,7.2108e-22,7.0901e-22
2.0779e-22,2.0823e-22,2.1328e-22,2.16e-22,2.1262e-22
6.2416e-23,6.2538e-23,6.395e-23,6.4708e-23,6.3765e-23
1.8747e-23,1.8781e-23,1.9175e-23,1.9387e-23,1.9123e-23
5.6302e-24,5.6396e-24,5.7498e-24,5.8089e-24,5.7353e-24
1.6908e-24,1.6934e-24,1.7242e-24,1.7407e-24,1.7201e-24
5.0771e-25,5.0844e-25,5.1704e-25,5.2165e-25,5.1591e-25
1.5245e-25,1.5265e-25,1.5505e-25,1.5634e-25,1.5474e-25
4.5772e-26,4.5828e-26,4.6499e-26,4.6859e-26,4.641e-26
1.3742e-26,1.3758e-26,1.3945e-26,1.4045e-26,1.392e-26
4.1255e-27,4.1299e-27,4.1822e-27,4.2103e-27,4.1753e-27
1.2385e-27,1.2397e-27,1.2543e-27,1.2621e-27,1.2524e-27
3.7176e-28,3.7211e-28,3.7619e-28,3.7838e-28,3.7565e-28
1.1159e-28,1.1169e-28,1.1283e-28,1.1344e-28,1.1268e-28
3.3495e-29,3.3522e-29,3.384e-29,3.4011e-29,3.3798e-29
1.0054e-29,1.0061e-29,1.015e-29,1.0198e-29,1.0138e-29
3.0175e-30,3.0195e-30,3.0444e-30,3.0577e-30,3.0411e-30
9.0562e-31,9.062e-31,9.1313e-31,9.1685e-31,9.1221e-31
2.7179e-31,2.7195e-31,2.7389e-31,2.7493e-31,2.7363e-31
8.1568e-32,8.1613e-32,8.2154e-32,8.2444e-32,8.2082e-32
2.4479e-32,2.4491e-32,2.4642e-32,2.4723e-32,2.4622e-32
7.346e-33,7.3495e-33,7.3917e-33,7.4143e-33,7.3861e-33
2.2044e-33,2.2054e-33,2.2172e-33,2.2235e-33,2.2156e-33
6.6152e-34,6.6179e-34,6.6508e-34,6.6684e-34,6.6464e-34
1.9851e-34,1.9858e-34,1.995e-34,1.9999e-34,1.9938e-34
5.9566e-35,5.9587e-35,5.9844e-35,5.9982e-35,5.981e-35
1.7874e-35,1.788e-35,1.7951e-35,1.799e-35,1.7942e-35
5.3632e-36,5.3649e-36,5.3849e-36,5.3956e-36,5.3823e-36
1.6093e-36,1.6097e-36,1.6153e-36,1.6183e-36,1.6146e-36
4.8287e-37,4.83e-37,4.8456e-37,4.854e-37,4.8435e-37
1.4489e-37,1.4492e-37,1.4536e-37,1.4559e-37,1.453e-37
4.3472e-38,4.3483e-38,4.3604e-38,4.367e-38,4.3588e-38
1.3044e-38,1.3046e-38,1.308e-38,1.3099e-38,1.3076e-38
3.9136e-39,3.9144e-39,3.9239e-39,3.929e-39,3.9226e-39
1.1742e-39,1.1744e-39,1.1771e-39,1.1785e-39,1.1767e-39
3.5231e-40,3.5237e-40,3.5311e-40,3.5351e-40,3.5301e-40
1.057e-40,1.0572e-40,1.0593e-40,1.0604e-40,1.059e-40
3.1715e-41,3.1719e-41,3.1777e-41,3.1808e-41,3.1769e-41
9.5153e-42,9.5166e-42,9.5327e-42,9.5414e-42,9.5306e-42
2.8548e-42,2.8552e-42,2.8597e-42,2.8621e-42,2.8591e-42
8.5652e-43,8.5662e-43,8.5788e-43,8.5856e-43,8.5771e-43
2.5698e-43,2.57e-43,2.5736e-43,2.5754e-43,2.5731e-43
7.7098e-44,7.7106e-44,7.7204e-44,7.7257e-44,7.7191e-44
2.3131e-44,2.3133e-44,2.3161e-44,2.3175e-44,2.3157e-44
6.9397e-45,6.9403e-45,6.948e-45,6.9521e-45,6.947e-45
2.082e-45,2.0822e-45,2.0843e-45,2.0855e-45,2.0841e-45
6.2464e-46,6.2469e-46,6.2529e-46,6.2561e-46,6.2521e-46
1.874e-46,1.8742e-46,1.8758e-46,1.8767e-46,1.8756e-46
5.6223e-47,5.6227e-47,5.6273e-47,5.6298e-47,5.6267e-47
1.6868e-47,1.6869e-47,1.6882e-47,1.6889e-47,1.688e-47
5.0605e-48,5.0608e-48,5.0644e-48,5.0664e-48,5.0639e-48
1.5182e-48,1.5183e-48,1.5193e-48,1.5198e-48,1.5192e-48
4.5548e-49,4.555e-49,4.5578e-49,4.5594e-49,4.5575e-49
1.3665e-49,1.3665e-49,1.3673e-49,1.3678e-49,1.3672e-49
4.0995e-50,4.0997e-50,4.1019e-50,4.1031e-50,4.1016e-50
1.2299e-50,1.2299e-50,1.2306e-50,1.2309e-50,1.2305e-50
3.6898e-51,3.6899e-51,3.6917e-51,3.6926e-51,3.6914e-51
1.107e-51,1.107e-51,1.1075e-51,1.1077e-51,1.1074e-51
3.321e-52,3.3211e-52,3.3224e-52,3.3231e-52,3.3222e-52
9.9631e-53,9.9634e-53,9.9672e-53,9.9692e-53,9.9667e-53
2.989e-53,2.9891e-53,2.9901e-53,2.9907e-53,2.99e-53
8.9671e-54,8.9674e-54,8.9703e-54,8.9719e-54,8.9699e-54
2.6902e-54,2.6903e-54,2.6911e-54,2.6915e-54,2.691e-54
8.0707e-55,8.0709e-55,8.0731e-55,8.0744e-55,8.0728e-55
2.4212e-55,2.4213e-55,2.4219e-55,2.4223e-55,2.4218e-55
7.2638e-56,7.264e-56,7.2657e-56,7.2667e-56,7.2655e-56
2.1792e-56,2.1792e-56,2.1797e-56,2.18e-56,2.1796e-56
6.5376e-57,6.5377e-57,6.5391e-57,6.5398e-57,6.5389e-57
1.9613e-57,1.9613e-57,1.9617e-57,1.9619e-57,1.9617e-57
5.884e-58,5.884e-58,5.8851e-58,5.8857e-58,5.885e-58
1.7652e-58,1.7652e-58,1.7655e-58,1.7657e-58,1.7655e-58
5.2957e-59,5.2957e-59,5.2966e-59,5.297e-59,5.2965e-59
1.5887e-59,1.5887e-59,1.589e-59,1.5891e-59,1.5889e-59
4.7662e-60,4.7662e-60,4.7669e-60,4.7672e-60,4.7668e-60
1.4299e-60,1.4299e-60,1.4301e-60,1.4302e-60,1.43e-60
4.2896e-61,4.2897e-61,4.2902e-61,4.2904e-61,4.2901e-61
1.2869e-61,1.2869e-61,1.287e-61,1.2871e-61,1.287e-61
3.8607e-62,3.8607e-62,3.8611e-62,3.8613e-62,3.8611e-62
1.1582e-62,1.1582e-62,1.1583e-62,1.1584e-62,1.1583e-62
3.4747e-63,3.4747e-63,3.475e-63,3.4752e-63,3.475e-63
1.0424e-63,1.0424e-63,1.0425e-63,1.0425e-63,1.0425e-63
3.1272e-64,3.1272e-64,3.1275e-64,3.1276e-64,3.1275e-64
9.3817e-65,9.3818e-65,9.3824e-65,9.3828e-65,9.3824e-65
2.8145e-65,2.8145e-65,2.8147e-65,2.8148e-65,2.8147e-65
8.4436e-66,8.4436e-66,8.4442e-66,8.4445e-66,8.4441e-66
2.5331e-66,2.5331e-66,2.5332e-66,2.5333e-66,2.5332e-66
7.5993e-67,7.5993e-67,7.5997e-67,7.6e-67,7.5997e-67
2.2798e-67,2.2798e-67,2.2799e-67,2.28e-67,2.2799e-67
6.8394e-68,6.8394e-68,6.8397e-68,6.8399e-68,6.8397e-68
2.0518e-68,2.0518e-68,2.0519e-68,2.052e-68,2.0519e-68
6.1555e-69,6.1555e-69,6.1558e-69,6.1559e-69,6.1557e-69
1.8466e-69,1.8467e-69,1.8467e-69,1.8468e-69,1.8467e-69
5.54e-70,5.54e-70,5.5402e-70,5.5403e-70,5.5401e-70
1.662e-70,1.662e-70,1.6621e-70,1.6621e-70,1.662e-70
4.986e-71,4.986e-71,4.9861e-71,4.9862e-71,4.9861e-71
1.4958e-71,1.4958e-71,1.4958e-71,1.4959e-71,1.4958e-71
4.4874e-72,4.4874e-72,4.4875e-72,4.4876e-72,4.4875e-72
1.3462e-72,1.3462e-72,1.3463e-72,1.3463e-72,1.3463e-72
4.0387e-73,4.0387e-73,4.0388e-73,4.0388e-73,4.0388e-73
1.2116e-73,1.2116e-73,1.2116e-73,1.2116e-73,1.2116e-73
3.6348e-74,3.6348e-74,3.6349e-74,3.6349e-74,3.6349e-74
1.0904e-74,1.0904e-74,1.0905e-74,1.0905e-74,1.0905e-74
3.2713e-75,3.2713e-75,3.2714e-75,3.2714e-75,3.2714e-75
9.814e-76,9.814e-76,9.8142e-76,9.8143e-76,9.8142e-76
2.9442e-76,2.9442e-76,2.9443e-76,2.9443e-76,2.9442e-76
8.8326e-77,8.8326e-77,8.8328e-77,8.8328e-77,8.8327e-77
2.6498e-77,2.6498e-77,2.6498e-77,2.6498e-77,2.6498e-77
7.9494e-78,7.9494e-78,7.9495e-78,7.9495e-78,7.9495e-78
2.3848e-78,2.3848e-78,2.3848e-78,2.3849e-78,2.3848e-78
7.1544e-79,7.1545e-79,7.1545e-79,7.1546e-79,7.1545e-79
2.1463e-79,2.1463e-79,2.1464e-79,2.1464e-79,2.1464e-79
6.439e-80,6.439e-80,6.4391e-80,6.4391e-80,6.4391e-80
1.9317e-80,1.9317e-80,1.9317e-80,1.9317e-80,1.9317e-80
5.7951e-81,5.7951e-81,5.7952e-81,5.7952e-81,5.7952e-81
1.7385e-81,1.7385e-81,1.7385e-81,1.7386e-81,1.7385e-81
5.2156e-82,5.2156e-82,5.2156e-82,5.2157e-82,5.2156e-82
1.5647e-82,1.5647e-82,1.5647e-82,1.5647e-82,1.5647e-82
4.694e-83,4.6941e-83,4.6941e-83,4.6941e-83,4.6941e-83
1.4082e-83,1.4082e-83,1.4082e-83,1.4082e-83,1.4082e-83
4.2246e-84,4.2246e-84,4.2247e-84,4.2247e-84,4.2247e-84
1.2674e-84,1.2674e-84,1.2674e-84,1.2674e-84,1.2674e-84
3.8022e-85,3.8022e-85,3.8022e-85,3.8022e-85,3.8022e-85
1.1407e-85,1.1407e-85,1.1407e-85,1.1407e-85,1.1407e-85
3.422e-86,3.422e-86,3.422e-86,3.422e-86,3.422e-86
1.0266e-86,1.0266e-86,1.0266e-86,1.0266e-86,1.0266e-86
3.0798e-87,3.0798e-87,3.0798e-87,3.0798e-87,3.0798e-87
9.2393e-88,9.2393e-88,9.2393e-88,9.2394e-88,9.2393e-88
2.7718e-88,2.7718e-88,2.7718e-88,2.7718e-88,2.7718e-88
8.3154e-89,8.3154e-89,8.3154e-89,8.3154e-89,8.3154e-89
2.4946e-89,2.4946e-89,2.4946e-89,2.4946e-89,2.4946e-89
7.4838e-90,7.4839e-90,7.4839e-90,7.4839e-90,7.4839e-90
2.2452e-90,2.2452e-90,2.2452e-90,2.2452e-90,2.2452e-90
6.7355e-91,6.7355e-91,6.7355e-91,6.7355e-91,6.7355e-91
2.0206e-91,2.0206e-91,2.0206e-91,2.0206e-91,2.0206e-91
6.0619e-92,6.0619e-92,6.0619e-92,6.0619e-92,6.0619e-92
1.8186e-92,1.8186e-92,1.8186e-92,1.8186e-92,1.8186e-92
5.4557e-93,5.4557e-93,5.4557e-93,5.4557e-93,5.4557e-93
1.6367e-93,1.6367e-93,1.6367e-93,1.6367e-93,1.6367e-93
4.9102e-94,4.9102e-94,4.9102e-94,4.9102e-94,4.9102e-94
1.473e-94,1.473e-94,1.473e-94,1.4731e-94,1.473e-94
4.4191e-95,4.4191e-95,4.4191e-95,4.4192e-95,4.4191e-95
1.3257e-95,1.3257e-95,1.3257e-95,1.3257e-95,1.3257e-95
3.9772e-96,3.9772e-96,3.9772e-96,3.9772e-96,3.9772e-96
1.1932e-96,1.1932e-96,1.1932e-96,1.1932e-96,1.1932e-96
3.5795e-97,3.5795e-97,3.5795e-97,3.5795e-97,3.5795e-97
1.0739e-97,1.0739e-97,1.0739e-97,1.0739e-97,1.0739e-97
3.2216e-98,3.2216e-98,3.2216e-98,3.2216e-98,3.2216e-98
9.6647e-99,9.6647e-99,9.6647e-99,9.6647e-99,9.6647e-99
2.8994e-99,2.8994e-99,2.8994e-99,2.8994e-99,2.8994e-99
8.6982e-100,8.6982e-100,8.6982e-100,8.6982e-100,8.6982e-100
2.6095e-100,2.6095e-100,2.6095e-100,2.6095e-100,2.6095e-100
7.8284e-101,7.8284e-101,7.8284e-101,7.8284e-101,7.8284e-101
2.3485e-101,2.3485e-101,2.3485e-101,2.3485e-101,2.3485e-101
7.0455e-102,7.0455e-102,7.0455e-102,7.0455e-102,7.0455e-102
2.1137e-102,2.1137e-102,2.1137e-102,2.1137e-102,2.1137e-102
6.341e-103,6.341e-103,6.341e-103,6.341e-103,6.341e-103
1.9023e-103,1.9023e-103,1.9023e-103,1.9023e-103,1.9023e-103
5.7069e-104,5.7069e-104,5.7069e-104,5.7069e-104,5.7069e-104
1.7121e-104,1.7121e-104,1.7121e-104,1.7121e-104,1.7121e-104
5.1362e-105,5.1362e-105,5.1362e-105,5.1362e-105,5.1362e-105
1.5409e-105,1.5409e-105,1.5409e-105,1.5409e-105,1.5409e-105
4.6226e-106,4.6226e-106,4.6226e-106,4.6226e-106,4.6226e-106
1.3868e-106,1.3868e-106,1.3868e-106,1.3868e-106,1.3868e-106
4.1603e-107,4.1603e-107,4.1603e-107,4.1603e-107,4.1603e-107
1.2481e-107,1.2481e-107,1.2481e-107,1.2481e-107,1.2481e-107
3.7443e-108,3.7443e-108,3.7443e-108,3.7443e-108,3.7443e-108
1.1233e-108,1.1233e-108,1.1233e-108,1.1233e-108,1.1233e-108
3.3699e-109,3.3699e-109,3.3699e-109,3.3699e-109,3.3699e-109
1.011e-109,1.011e-109,1.011e-109,1.011e-109,1.011e-109
3.0329e-110,3.0329e-110,3.0329e-110,3.0329e-110,3.0329e-110
9.0986e-111,9.0986e-111,9.0986e-111,9.0986e-111,9.0986e-111
2.7296e-111,2.7296e-111,2.7296e-111,2.7296e-111,2.7296e-111
8.1888e-112,8.1888e-112,8.1888e-112,8.1888e-112,8.1888e-112
2.4566e-112,2.4566e-112,2.4566e-112,2.4566e-112,2.4566e-112
7.3699e-113,7.3699e-113,7.3699e-113,7.3699e-113,7.3699e-113
2.211e-113,2.211e-113,2.211e-113,2.211e-113,2.211e-113
6.6329e-114,6.6329e-114,6.6329e-114,6.6329e-114,6.6329e-114
1.9899e-114,1.9899e-114,1.9899e-114,1.9899e-114,1.9899e-114
5.9696e-115,5.9696e-115,5.9696e-115,5.9696e-115,5.9696e-115
1.7909e-115,1.7909e-115,1.7909e-115,1.7909e-115,1.7909e-115
5.3726e-116,5.3726e-116,5.3726e-116,5.3727e-116,5.3726e-116
1.6118e-116,1.6118e-116,1.6118e-116,1.6118e-116,1.6118e-116
4.8354e-117,4.8354e-117,4.8354e-117,4.8354e-117,4.8354e-117
1.4506e-117,1.4506e-117,1.4506e-117,1.4506e-117,1.4506e-117
4.3518e-118,4.3518e-118,4.3518e-118,4.3518e-118,4.3518e-118
1.3056e-118,1.3056e-118,1.3056e-118,1.3056e-118,1.3056e-118
3.9167e-119,3.9167e-119,3.9167e-119,3.9167e-119,3.9167e-119
1.175e-119,1.175e-119,1.175e-119,1.175e-119,1.175e-119
3.525e-120,3.525e-120,3.525e-120,3.525e-120,3.525e-120
1.0575e-120,1.0575e-120,1.0575e-120,1.0575e-120,1.0575e-120
3.1725e-121,3.1725e-121,3.1725e-121,3.1725e-121,3.1725e-121
9.5175e-122,9.5175e-122,9.5175e-122,9.5175e-122,9.5175e-122
2.8552e-122,2.8552e-122,2.8552e-122,2.8552e-122,2.8552e-122
8.5657e-123,8.5657e-123,8.5657e-123,8.5657e-123,8.5657e-123
2.5697e-123,2.5697e-123,2.5697e-123,2.5697e-123,2.5697e-123
7.7092e-124,7.7092e-124,7.7092e-124,7.7092e-124,7.7092e-124
2.3127e-124,2.3127e-124,2.3127e-124,2.3127e-124,2.3127e-124
6.9382e-125,6.9382e-125,6.9382e-125,6.9382e-125,6.9382e-125
2.0815e-125,2.0815e-125,2.0815e-125,2.0815e-125,2.0815e-125
6.2444e-126,6.2444e-126,6.2444e-126,6.2444e-126,6.2444e-126
1.8733e-126,1.8733e-126,1.8733e-126,1.8733e-126,1.8733e-126
5.62e-127,5.62e-127,5.62e-127,5.62e-127,5.62e-127
1.686e-127,1.686e-127,1.686e-127,1.686e-127,1.686e-127
5.058e-128,5.058e-128,5.058e-128,5.058e-128,5.058e-128
1.5174e-128,1.5174e-128,1.5174e-128,1.5174e-128,1.5174e-128
4.5522e-129,4.5522e-129,4.5522e-129,4.5522e-129,4.5522e-129
1.3657e-129,1.3657e-129,1.3657e-129,1.3657e-129,1.3657e-129
4.097e-130,4.097e-130,4.097e-130,4.097e-130,4.097e-130
1.2291e-130,1.2291e-130,1.2291e-130,1.2291e-130,1.2291e-130
3.6873e-131,3.6873e-131,3.6873e-131,3.6873e-131,3.6873e-131
1.1062e-131,1.1062e-131,1.1062e-131,1.1062e-131,1.1062e-131
3.3185e-132,3.3185e-132,3.3185e-132,3.3185e-132,3.3185e-132
9.9556e-133,9.9556e-133,9.9556e-133,9.9556e-133,9.9556e-133
2.9867e-133,2.9867e-133,2.9867e-133,2.9867e-133,2.9867e-133
8.9601e-134,8.9601e-134,8.9601e-134,8.9601e-134,8.9601e-134
2.688e-134,2.688e-134,2.688e-134,2.688e-134,2.688e-134
8.0641e-135,8.0641e-135,8.0641e-135,8.0641e-135,8.0641e-135
2.4192e-135,2.4192e-135,2.4192e-135,2.4192e-135,2.4192e-135
7.2577e-136,7.2577e-136,7.2577e-136,7.2577e-136,7.2577e-136
2.1773e-136,2.1773e-136,2.1773e-136,2.1773e-136,2.1773e-136
6.5319e-137,6.5319e-137,6.5319e-137,6.5319e-137,6.5319e-137
1.9596e-137,1.9596e-137,1.9596e-137,1.9596e-137,1.9596e-137
5.8787e-138,5.8787e-138,5.8787e-138,5.8787e-138,5.8787e-138
1.7636e-138,1.7636e-138,1.7636e-138,1.7636e-138,1.7636e-138
5.2908e-139,5.2908e-139,5.2908e-139,5.2908e-139,5.2908e-139
1.5872e-139,1.5872e-139,1.5872e-139,1.5872e-139,1.5872e-139
4.7617e-140,4.7617e-140,4.7617e-140,4.7617e-140,4.7617e-140
1.4285e-140,1.4285e-140,1.4285e-140,1.4285e-140,1.4285e-140
4.2856e-141,4.2856e-141,4.2856e-141,4.2856e-141,4.2856e-141
1.2857e-141,1.2857e-141,1.2857e-141,1.2857e-141,1.2857e-141
3.857e-142,3.857e-142,3.857e-142,3.857e-142,3.857e-142
1.1571e-142,1.1571e-142,1.1571e-142,1.1571e-142,1.1571e-142
3.4713e-143,3.4713e-143,3.4713e-143,3.4713e-143,3.4713e-143
1.0414e-143,1.0414e-143,1.0414e-143,1.0414e-143,1.0414e-143
3.1242e-144,3.1242e-144,3.1242e-144,3.1242e-144,3.1242e-144
9.3725e-145,9.3725e-145,9.3725e-145,9.3725e-145,9.3725e-145
2.8118e-145,2.8118e-145,2.8118e-145,2.8118e-145,2.8118e-145
8.4353e-146,8.4353e-146,8.4353e-146,8.4353e-146,8.4353e-146
2.5306e-146,2.5306e-146,2.5306e-146,2.5306e-146,2.5306e-146
7.5918e-147,7.5918e-147,7.5918e-147,7.5918e-147,7.5918e-147
2.2775e-147,2.2775e-147,2.2775e-147,2.2775e-147,2.2775e-147
6.8326e-148,6.8326e-148,6.8326e-148,6.8326e-148,6.8326e-148
2.0498e-148,2.0498e-148,2.0498e-148,2.0498e-148,2.0498e-148
6.1493e-149,6.1493e-149,6.1493e-149,6.1493e-149,6.1493e-149
1.8448e-149,1.8448e-149,1.8448e-149,1.8448e-149,1.8448e-149
5.5344e-150,5.5344e-150,5.5344e-150,5.5344e-150,5.5344e-150
1.6603e-150,1.6603e-150,1.6603e-150,1.6603e-150,1.6603e-150
4.981e-151,4.981e-151,4.981e-151,4.981e-151,4.981e-151
1.4943e-151,1.4943e-151,1.4943e-151,1.4943e-151,1.4943e-151
4.4829e-152,4.4829e-152,4.4829e-152,4.4829e-152,4.4829e-152
1.3449e-152,1.3449e-152,1.3449e-152,1.3449e-152,1.3449e-152
4.0346e-153,4.0346e-153,4.0346e-153,4.0346e-153,4.0346e-153
1.2104e-153,1.2104e-153,1.2104e-153,1.2104e-153,1.2104e-153
3.6311e-154,3.6311e-154,3.6311e-154,3.6311e-154,3.6311e-154
1.0893e-154,1.0893e-154,1.0893e-154,1.0893e-154,1.0893e-154
3.268e-155,3.268e-155,3.268e-155,3.268e-155,3.268e-155
9.804e-156,9.804e-156,9.804e-156,9.804e-156,9.804e-156
2.9412e-156,2.9412e-156,2.9412e-156,2.9412e-156,2.9412e-156
8.8236e-157,8.8236e-157,8.8236e-157,8.8236e-157,8.8236e-157
2.6471e-157,2.6471e-157,2.6471e-157,2.6471e-157,2.6471e-157
7.9413e-158,7.9413e-158,7.9413e-158,7.9413e-158,7.9413e-158
2.3824e-158,2.3824e-158,2.3824e-158,2.3824e-158,2.3824e-158
7.1471e-159,7.1471e-159,7.1471e-159,7.1471e-159,7.1471e-159
2.1441e-159,2.1441e-159,2.1441e-159,2.1441e-159,2.1441e-159
6.4324e-160,6.4324e-160,6.4324e-160,6.4324e-160,6.4324e-160
1.9297e-160,1.9297e-160,1.9297e-160,1.9297e-160,1.9297e-160
5.7892e-161,5.7892e-161,5.7892e-161,5.7892e-161,5.7892e-161
1.7368e-161,1.7368e-161,1.7368e-161,1.7368e-161,1.7368e-161
5.2103e-162,5.2103e-162,5.2103e-162,5.2103e-162,5.2103e-162
1.5631e-162,1.5631e-162,1.5631e-162,1.5631e-162,1.5631e-162
4.6892e-163,4.6892e-163,4.6892e-163,4.6892e-163,4.6892e-163
1.4068e-163,1.4068e-163,1.4068e-163,1.4068e-163,1.4068e-163
4.2203e-164,4.2203e-164,4.2203e-164,4.2203e-164,4.2203e-164
1.2661e-164,1.2661e-164,1.2661e-164,1.2661e-164,1.2661e-164
3.7983e-165,3.7983e-165,3.7983e-165,3.7983e-165,3.7983e-165
1.1395e-165,1.1395e-165,1.1395e-165,1.1395e-165,1.1395e-165
3.4184e-166,3.4184e-166,3.4184e-166,3.4184e-166,3.4184e-166
1.0255e-166,1.0255e-166,1.0255e-166,1.0255e-166,1.0255e-166
3.0766e-167,3.0766e-167,3.0766e-167,3.0766e-167,3.0766e-167
9.2298e-168,9.2298e-168,9.2298e-168,9.2298e-168,9.2298e-168
2.7689e-168,2.7689e-168,2.7689e-168,2.7689e-168,2.7689e-168
8.3068e-169,8.3068e-169,8.3068e-169,8.3068e-169,8.3068e-169
2.492e-169,2.492e-169,2.492e-169,2.492e-169,2.492e-169
7.4761e-170,7.4761e-170,7.4761e-170,7.4761e-170,7.4761e-170
2.2428e-170,2.2428e-170,2.2428e-170,2.2428e-170,2.2428e-170
6.7285e-171,6.7285e-171,6.7285e-171,6.7285e-171,6.7285e-171
2.0186e-171,2.0186e-171,2.0186e-171,2.0186e-171,2.0186e-171
6.0557e-172,6.0557e-172,6.0557e-172,6.0557e-172,6.0557e-172
1.8167e-172,1.8167e-172,1.8167e-172,1.8167e-172,1.8167e-172
5.4501e-173,5.4501e-173,5.4501e-173,5.4501e-173,5.4501e-173
1.635e-173,1.635e-173,1.635e-173,1.635e-173,1.635e-173
4.9051e-174,4.9051e-174,4.9051e-174,4.9051e-174,4.9051e-174
1.4715e-174,1.4715e-174,1.4715e-174,1.4715e-174,1.4715e-174
4.4146e-175,4.4146e-175,4.4146e-175,4.4146e-175,4.4146e-175
1.3244e-175,1.3244e-175,1.3244e-175,1.3244e-175,1.3244e-175
3.9731e-176,3.9731e-176,3.9731e-176,3.9731e-176,3.9731e-176
1.1919e-176,1.1919e-176,1.1919e-176,1.1919e-176,1.1919e-176
3.5758e-177,3.5758e-177,3.5758e-177,3.5758e-177,3.5758e-177
1.0727e-177,1.0727e-177,1.0727e-177,1.0727e-177,1.0727e-177
3.2182e-178,3.2182e-178,3.2182e-178,3.2182e-178,3.2182e-178
9.6547e-179,9.6547e-179,9.6547e-179,9.6547e-179,9.6547e-179
2.8964e-179,2.8964e-179,2.8964e-179,2.8964e-179,2.8964e-179
8.6892e-180,8.6892e-180,8.6892e-180,8.6892e-180,8.6892e-180
2.6068e-180,2.6068e-180,2.6068e-180,2.6068e-180,2.6068e-180
7.8203e-181,7.8203e-181,7.8203e-181,7.8203e-181,7.8203e-181
2.3461e-181,2.3461e-181,2.3461e-181,2.3461e-181,2.3461e-181
7.0383e-182,7.0383e-182,7.0383e-182,7.0383e-182,7.0383e-182
2.1115e-182,2.1115e-182,2.1115e-182,2.1115e-182,2.1115e-182
6.3345e-183,6.3345e-183,6.3345e-183,6.3345e-183,6.3345e-183
1.9003e-183,1.9003e-183,1.9003e-183,1.9003e-183,1.9003e-183
5.701e-184,5.701e-184,5.701e-184,5.701e-184,5.701e-184
1.7103e-184,1.7103e-184,1.7103e-184,1.7103e-184,1.7103e-184
5.1309e-185,5.1309e-185,5.1309e-185,5.1309e-185,5.1309e-185
1.5393e-185,1.5393e-185,1.5393e-185,1.5393e-185,1.5393e-185
4.6178e-186,4.6178e-186,4.6178e-186,4.6178e-186,4.6178e-186
1.3853e-186,1.3853e-186,1.3853e-186,1.3853e-186,1.3853e-186
4.156e-187,4.156e-187,4.156e-187,4.156e-187,4.156e-187
1.2468e-187,1.2468e-187,1.2468e-187,1.2468e-187,1.2468e-187
3.7404e-188,3.7404e-188,3.7404e-188,3.7404e-188,3.7404e-188
1.1221e-188,1.1221e-188,1.1221e-188,1.1221e-188,1.1221e-188
3.3664e-189,3.3664e-189,3.3664e-189,3.3664e-189,3.3664e-189
1.0099e-189,1.0099e-189,1.0099e-189,1.0099e-189,1.0099e-189
3.0297e-190,3.0297e-190,3.0297e-190,3.0297e-190,3.0297e-190
9.0892e-191,9.0892e-191,9.0892e-191,9.0892e-191,9.0892e-191
2.7268e-191,2.7268e-191,2.7268e-191,2.7268e-191,2.7268e-191
8.1803e-192,8.1803e-192,8.1803e-192,8.1803e-192,8.1803e-192
2.4541e-192,2.4541e-192,2.4541e-192,2.4541e-192,2.4541e-192
7.3623e-193,7.3623e-193,7.3623e-193,7.3623e-193,7.3623e-193
2.2087e-193,2.2087e-193,2.2087e-193,2.2087e-193,2.2087e-193
6.6261e-194,6.6261e-194,6.6261e-194,6.6261e-194,6.6261e-194
1.9878e-194,1.9878e-194,1.9878e-194,1.9878e-194,1.9878e-194
5.9635e-195,5.9635e-195,5.9635e-195,5.9635e-195,5.9635e-195
1.789e-195,1.789e-195,1.789e-195,1.789e-195,1.789e-195
5.3671e-196,5.3671e-196,5.3671e-196,5.3671e-196,5.3671e-196
1.6101e-196,1.6101e-196,1.6101e-196,1.6101e-196,1.6101e-196
4.8304e-197,4.8304e-197,4.8304e-197,4.8304e-197,4.8304e-197
1.4491e-197,1.4491e-197,1.4491e-197,1.4491e-197,1.4491e-197
4.3474e-198,4.3474e-198,4.3474e-198,4.3474e-198,4.3474e-198
1.3042e-198,1.3042e-198,1.3042e-198,1.3042e-198,1.3042e-198
3.9126e-199,3.9126e-199,3.9126e-199,3.9126e-199,3.9126e-199
1.1738e-199,1.1738e-199,1.1738e-199,1.1738e-199,1.1738e-199
3.5214e-200,3.5214e-200,3.5214e-200,3.5214e-200,3.5214e-200
1.0564e-200,1.0564e-200,1.0564e-200,1.0564e-200,1.0564e-200
3.1692e-201,3.1692e-201,3.1692e-201,3.1692e-201,3.1692e-201
9.5077e-202,9.5077e-202,9.5077e-202,9.5077e-202,9.5077e-202
2.8523e-202,2.8523e-202,2.8523e-202,2.8523e-202,2.8523e-202
8.5569e-203,8.5569e-203,8.5569e-203,8.5569e-203,8.5569e-203
2.5671e-203,2.5671e-203,2.5671e-203,2.5671e-203,2.5671e-203
7.7012e-204,7.7012e-204,7.7012e-204,7.7012e-204,7.7012e-204
2.3104e-204,2.3104e-204,2.3104e-204,2.3104e-204,2.3104e-204
6.9311e-205,6.9311e-205,6.9311e-205,6.9311e-205,6.9311e-205
2.0793e-205,2.0793e-205,2.0793e-205,2.0793e-205,2.0793e-205
6.238e-206,6.238e-206,6.238e-206,6.238e-206,6.238e-206
1.8714e-206,1.8714e-206,1.8714e-206,1.8714e-206,1.8714e-206
5.6142e-207,5.6142e-207,5.6142e-207,5.6142e-207,5.6142e-207
1.6843e-207,1.6843e-207,1.6843e-207,1.6843e-207,1.6843e-207
5.0528e-208,5.0528e-208,5.0528e-208,5.0528e-208,5.0528e-208
1.5158e-208,1.5158e-208,1.5158e-208,1.5158e-208,1.5158e-208
4.5475e-209,4.5475e-209,4.5475e-209,4.5475e-209,4.5475e-209
1.3642e-209,1.3642e-209,1.3642e-209,1.3642e-209,1.3642e-209
4.0927e-210,4.0927e-210,4.0927e-210,4.0927e-210,4.0927e-210
1.2278e-210,1.2278e-210,1.2278e-210,1.2278e-210,1.2278e-210
3.6835e-211,3.6835e-211,3.6835e-211,3.6835e-211,3.6835e-211
1.105e-211,1.105e-211,1.105e-211,1.105e-211,1.105e-211
3.3151e-212,3.3151e-212,3.3151e-212,3.3151e-212,3.3151e-212
9.9454e-213,9.9454e-213,9.9454e-213,9.9454e-213,9.9454e-213
2.9836e-213,2.9836e-213,2.9836e-213,2.9836e-213,2.9836e-213
8.9508e-214,8.9508e-214,8.9508e-214,8.9508e-214,8.9508e-214
2.6852e-214,2.6852e-214,2.6852e-214,2.6852e-214,2.6852e-214
8.0557e-215,8.0557e-215,8.0557e-215,8.0557e-215,8.0557e-215
2.4167e-215,2.4167e-215,2.4167e-215,2.4167e-215,2.4167e-215
7.2502e-216,7.2502e-216,7.2502e-216,7.2502e-216,7.2502e-216
2.1751e-216,2.1751e-216,2.1751e-216,2.1751e-216,2.1751e-216
6.5252e-217,6.5252e-217,6.5252e-217,6.5252e-217,6.5252e-217
1.9575e-217,1.9575e-217,1.9575e-217,1.9575e-217,1.9575e-217
5.8726e-218,5.8726e-218,5.8726e-218,5.8726e-218,5.8726e-218
1.7618e-218,1.7618e-218,1.7618e-218,1.7618e-218,1.7618e-218
5.2854e-219,5.2854e-219,5.2854e-219,5.2854e-219,5.2854e-219
1.5856e-219,1.5856e-219,1.5856e-219,1.5856e-219,1.5856e-219
4.7568e-220,4.7568e-220,4.7568e-220,4.7568e-220,4.7568e-220
1.4271e-220,1.4271e-220,1.4271e-220,1.4271e-220,1.4271e-220
4.2812e-221,4.2812e-221,4.2812e-221,4.2812e-221,4.2812e-221
1.2843e-221,1.2843e-221,1.2843e-221,1.2843e-221,1.2843e-221
3.853e-222,3.853e-222,3.853e-222,3.853e-222,3.853e-222
1.1559e-222,1.1559e-222,1.1559e-222,1.1559e-222,1.1559e-222
3.4677e-223,3.4677e-223,3.4677e-223,3.4677e-223,3.4677e-223
1.0403e-223,1.0403e-223,1.0403e-223,1.0403e-223,1.0403e-223
3.121e-224,3.121e-224,3.121e-224,3.121e-224,3.121e-224
9.3629e-225,9.3629e-225,9.3629e-225,9.3629e-225,9.3629e-225
2.8089e-225,2.8089e-225,2.8089e-225,2.8089e-225,2.8089e-225
8.4266e-226,8.4266e-226,8.4266e-226,8.4266e-226,8.4266e-226
2.528e-226,2.528e-226,2.528e-226,2.528e-226,2.528e-226
7.5839e-227,7.5839e-227,7.5839e-227,7.5839e-227,7.5839e-227
2.2752e-227,2.2752e-227,2.2752e-227,2.2752e-227,2.2752e-227
6.8255e-228,6.8255e-228,6.8255e-228,6.8255e-228,6.8255e-228
2.0477e-228,2.0477e-228,2.0477e-228,2.0477e-228,2.0477e-228
6.143e-229,6.143e-229,6.143e-229,6.143e-229,6.143e-229
1.8429e-229,1.8429e-229,1.8429e-229,1.8429e-229,1.8429e-229
5.5287e-230,5.5287e-230,5.5287e-230,5.5287e-230,5.5287e-230
1.6586e-230,1.6586e-230,1.6586e-230,1.6586e-230,1.6586e-230
4.9758e-231,4.9758e-231,4.9758e-231,4.9758e-231,4.9758e-231
1.4927e-231,1.4927e-231,1.4927e-231,1.4927e-231,1.4927e-231
4.4782e-232,4.4782e-232,4.4782e-232,4.4782e-232,4.4782e-232
1.3435e-232,1.3435e-232,1.3435e-232,1.3435e-232,1.3435e-232
4.0304e-233,4.0304e-233,4.0304e-233,4.0304e-233,4.0304e-233
1.2091e-233,1.2091e-233,1.2091e-233,1.2091e-233,1.2091e-233
3.6274e-234,3.6274e-234,3.6274e-234,3.6274e-234,3.6274e-234
1.0882e-234,1.0882e-234,1.0882e-234,1.0882e-234,1.0882e-234
3.2646e-235,3.2646e-235,3.2646e-235,3.2646e-235,3.2646e-235
9.7939e-236,9.7939e-236,9.7939e-236,9.7939e-236,9.7939e-236
2.9382e-236,2.9382e-236,2.9382e-236,2.9382e-236,2.9382e-236
8.8145e-237,8.8145e-237,8.8145e-237,8.8145e-237,8.8145e-237
2.6444e-237,2.6444e-237,2.6444e-237,2.6444e-237,2.6444e-237
7.9331e-238,7.9331e-238,7.9331e-238,7.9331e-238,7.9331e-238
2.3799e-238,2.3799e-238,2.3799e-238,2.3799e-238,2.3799e-238
7.1398e-239,7.1398e-239,7.1398e-239,7.1398e-239,7.1398e-239
2.1419e-239,2.1419e-239,2.1419e-239,2.1419e-239,2.1419e-239
6.4258e-240,6.4258e-240,6.4258e-240,6.4258e-240,6.4258e-240
1.9277e-240,1.9277e-240,1.9277e-240,1.9277e-240,1.9277e-240
5.7832e-241,5.7832e-241,5.7832e-241,5.7832e-241,5.7832e-241
1.735e-241,1.735e-241,1.735e-241,1.735e-241,1.735e-241
5.2049e-242,5.2049e-242,5.2049e-242,5.2049e-242,5.2049e-242
1.5615e-242,1.5615e-242,1.5615e-242,1.5615e-242,1.5615e-242
4.6844e-243,4.6844e-243,4.6844e-243,4.6844e-243,4.6844e-243
1.4053e-243,1.4053e-243,1.4053e-243,1.4053e-243,1.4053e-243
4.216e-244,4.216e-244,4.216e-244,4.216e-244,4.216e-244
1.2648e-244,1.2648e-244,1.2648e-244,1.2648e-244,1.2648e-244
3.7944e-245,3.7944e-245,3.7944e-245,3.7944e-245,3.7944e-245
1.1383e-245,1.1383e-245,1.1383e-245,1.1383e-245,1.1383e-245
3.4149e-246,3.4149e-246,3.4149e-246,3.4149e-246,3.4149e-246
1.0245e-246,1.0245e-246,1.0245e-246,1.0245e-246,1.0245e-246
3.0734e-247,3.0734e-247,3.0734e-247,3.0734e-247,3.0734e-247
9.2203e-248,9.2203e-248,9.2203e-248,9.2203e-248,9.2203e-248
2.7661e-248,2.7661e-248,2.7661e-248,2.7661e-248,2.7661e-248
8.2983e-249,8.2983e-249,8.2983e-249,8.2983e-249,8.2983e-249
2.4895e-249,2.4895e-249,2.4895e-249,2.4895e-249,2.4895e-249
7.4684e-250,7.4684e-250,7.4684e-250,7.4684e-250,7.4684e-250
2.2405e-250,2.2405e-250,2.2405e-250,2.2405e-250,2.2405e-250
6.7216e-251,6.7216e-251,6.7216e-251,6.7216e-251,6.7216e-251
2.0165e-251,2.0165e-251,2.0165e-251,2.0165e-251,2.0165e-251
6.0494e-252,6.0494e-252,6.0494e-252,6.0494e-252,6.0494e-252
1.8148e-252,1.8148e-252,1.8148e-252,1.8148e-252,1.8148e-252
5.4445e-253,5.4445e-253,5.4445e-253,5.4445e-253,5.4445e-253
1.6333e-253,1.6333e-253,1.6333e-253,1.6333e-253,1.6333e-253
4.9e-254,4.9e-254,4.9e-254,4.9e-254,4.9e-254
1.47e-254,1.47e-254,1.47e-254,1.47e-254,1.47e-254
4.41e-255,4.41e-255,4.41e-255,4.41e-255,4.41e-255
1.323e-255,1.323e-255,1.323e-255,1.323e-255,1.323e-255
3.969e-256,3.969e-256,3.969e-256,3.969e-256,3.969e-256
1.1907e-256,1.1907e-256,1.1907e-256,1.1907e-256,1.1907e-256
3.5721e-257,3.5721e-257,3.5721e-257,3.5721e-257,3.5721e-257
1.0716e-257,1.0716e-257,1.0716e-257,1.0716e-257,1.0716e-257
3.2149e-258,3.2149e-258,3.2149e-258,3.2149e-258,3.2149e-258
9.6448e-259,9.6448e-259,9.6448e-259,9.6448e-259,9.6448e-259
2.8934e-259,2.8934e-259,2.8934e-259,2.8934e-259,2.8934e-259
8.6803e-260,8.6803e-260,8.6803e-260,8.6803e-260,8.6803e-260
2.6041e-260,2.6041e-260,2.6041e-260,2.6041e-260,2.6041e-260
7.8122e-261,7.8122e-261,7.8122e-261,7.8122e-261,7.8122e-261
2.3437e-261,2.3437e-261,2.3437e-261,2.3437e-261,2.3437e-261
7.031e-262,7.031e-262,7.031e-262,7.031e-262,7.031e-262
2.1093e-262,2.1093e-262,2.1093e-262,2.1093e-262,2.1093e-262
6.3279e-263,6.3279e-263,6.3279e-263,6.3279e-263,6.3279e-263
1.8984e-263,1.8984e-263,1.8984e-263,1.8984e-263,1.8984e-263
5.6951e-264,5.6951e-264,5.6951e-264,5.6951e-264,5.6951e-264
1.7085e-264,1.7085e-264,1.7085e-264,1.7085e-264,1.7085e-264
5.1256e-265,5.1256e-265,5.1256e-265,5.1256e-265,5.1256e-265
1.5377e-265,1.5377e-265,1.5377e-265,1.5377e-265,1.5377e-265
4.6131e-266,4.6131e-266,4.6131e-266,4.6131e-266,4.6131e-266
1.3839e-266,1.3839e-266,1.3839e-266,1.3839e-266,1.3839e-266
4.1517e-267,4.1517e-267,4.1517e-267,4.1517e-267,4.1517e-267
1.2455e-267,1.2455e-267,1.2455e-267,1.2455e-267,1.2455e-267
3.7366e-268,3.7366e-268,3.7366e-268,3.7366e-268,3.7366e-268
1.121e-268,1.121e-268,1.121e-268,1.121e-268,1.121e-268
3.3629e-269,3.3629e-269,3.3629e-269,3.3629e-269,3.3629e-269
1.0089e-269,1.0089e-269,1.0089e-269,1.0089e-269,1.0089e-269
3.0266e-270,3.0266e-270,3.0266e-270,3.0266e-270,3.0266e-270
9.0799e-271,9.0799e-271,9.0799e-271,9.0799e-271,9.0799e-271
2.724e-271,2.724e-271,2.724e-271,2.724e-271,2.724e-271
8.1719e-272,8.1719e-272,8.1719e-272,8.1719e-272,8.1719e-272
2.4516e-272,2.4516e-272,2.4516e-272,2.4516e-272,2.4516e-272
7.3547e-273,7.3547e-273,7.3547e-273,7.3547e-273,7.3547e-273
2.2064e-273,2.2064e-273,2.2064e-273,2.2064e-273,2.2064e-273
6.6192e-274,6.6192e-274,6.6192e-274,6.6192e-274,6.6192e-274
1.9858e-274,1.9858e-274,1.9858e-274,1.9858e-274,1.9858e-274
5.9573e-275,5.9573e-275,5.9573e-275,5.9573e-275,5.9573e-275
1.7872e-275,1.7872e-275,1.7872e-275,1.7872e-275,1.7872e-275
5.3616e-276,5.3616e-276,5.3616e-276,5.3616e-276,5.3616e-276
1.6085e-276,1.6085e-276,1.6085e-276,1.6085e-276,1.6085e-276
4.8254e-277,4.8254e-277,4.8254e-277,4.8254e-277,4.8254e-277
1.4476e-277,1.4476e-277,1.4476e-277,1.4476e-277,1.4476e-277
4.3429e-278,4.3429e-278,4.3429e-278,4.3429e-278,4.3429e-278
1.3029e-278,1.3029e-278,1.3029e-278,1.3029e-278,1.3029e-278
3.9086e-279,3.9086e-279,3.9086e-279,3.9086e-279,3.9086e-279
1.1726e-279,1.1726e-279,1.1726e-279,1.1726e-279,1.1726e-279
3.5177e-280,3.5177e-280,3.5177e-280,3.5177e-280,3.5177e-280
1.0553e-280,1.0553e-280,1.0553e-280,1.0553e-280,1.0553e-280
3.166e-281,3.166e-281,3.166e-281,3.166e-281,3.166e-281
9.4979e-282,9.4979e-282,9.4979e-282,9.4979e-282,9.4979e-282
2.8494e-282,2.8494e-282,2.8494e-282,2.8494e-282,2.8494e-282
8.5481e-283,8.5481e-283,8.5481e-283,8.5481e-283,8.5481e-283
2.5644e-283,2.5644e-283,2.5644e-283,2.5644e-283,2.5644e-283
7.6933e-284,7.6933e-284,7.6933e-284,7.6933e-284,7.6933e-284
2.308e-284,2.308e-284,2.308e-284,2.308e-284,2.308e-284
6.9239e-285,6.9239e-285,6.9239e-285,6.9239e-285,6.9239e-285
2.0772e-285,2.0772e-285,2.0772e-285,2.0772e-285,2.0772e-285
6.2316e-286,6.2316e-286,6.2316e-286,6.2316e-286,6.2316e-286
1.8695e-286,1.8695e-286,1.8695e-286,1.8695e-286,1.8695e-286
5.6084e-287,5.6084e-287,5.6084e-287,5.6084e-287,5.6084e-287
1.6825e-287,1.6825e-287,1.6825e-287,1.6825e-287,1.6825e-287
5.0476e-288,5.0476e-288,5.0476e-288,5.0476e-288,5.0476e-288
1.5143e-288,1.5143e-288,1.5143e-288,1.5143e-288,1.5143e-288
4.5428e-289,4.5428e-289,4.5428e-289,4.5428e-289,4.5428e-289
1.3628e-289,1.3628e-289,1.3628e-289,1.3628e-289,1.3628e-289
4.0885e-290,4.0885e-290,4.0885e-290,4.0885e-290,4.0885e-290
1.2266e-290,1.2266e-290,1.2266e-290,1.2266e-290,1.2266e-290
3.6797e-291,3.6797e-291,3.6797e-291,3.6797e-291,3.6797e-291
1.1039e-291,1.1039e-291,1.1039e-291,1.1039e-291,1.1039e-291
3.3117e-292,3.3117e-292,3.3117e-292,3.3117e-292,3.3117e-292
9.9351e-293,9.9351e-293,9.9351e-293,9.9351e-293,9.9351e-293
2.9805e-293,2.9805e-293,2.9805e-293,2.9805e-293,2.9805e-293
8.9416e-294,8.9416e-294,8.9416e-294,8.9416e-294,8.9416e-294
2.6825e-294,2.6825e-294,2.6825e-294,2.6825e-294,2.6825e-294
8.0474e-295,8.0474e-295,8.0474e-295,8.0474e-295,8.0474e-295
2.4142e-295,2.4142e-295,2.4142e-295,2.4142e-295,2.4142e-295
7.2427e-296,7.2427e-296,7.2427e-296,7.2427e-296,7.2427e-296
2.1728e-296,2.1728e-296,2.1728e-296,2.1728e-296,2.1728e-296
6.5184e-297,6.5184e-297,6.5184e-297,6.5184e-297,6.5184e-297
1.9555e-297,1.9555e-297,1.9555e-297,1.9555e-297,1.9555e-297
5.8666e-298,5.8666e-298,5.8666e-298,5.8666e-298,5.8666e-298
1.76e-298,1.76e-298,1.76e-298,1.76e-298,1.76e-298
5.2799e-299,5.2799e-299,5.2799e-299,5.2799e-299,5.2799e-299
1.584e-299,1.584e-299,1.584e-299,1.584e-299,1.584e-299
4.7519e-300,4.7519e-300,4.7519e-300,4.7519e-300,4.7519e-300
1.4256e-300,1.4256e-300,1.4256e-300,1.4256e-300,1.4256e-300
4.2767e-301,4.2767e-301,4.2767e-301,4.2767e-301,4.2767e-301
1.283e-301,1.283e-301,1.283e-301,1.283e-301,1.283e-301
3.8491e-302,3.8491e-302,3.8491e-302,3.8491e-302,3.8491e-302
1.1547e-302,1.1547e-302,1.1547e-302,1.1547e-302,1.1547e-302
3.4642e-303,3.4642e-303,3.4642e-303,3.4642e-303,3.4642e-303
1.0392e-303,1.0392e-303,1.0392e-303,1.0392e-303,1.0392e-303
3.1177e-304,3.1177e-304,3.1177e-304,3.1177e-304,3.1177e-304
9.3532e-305,9.3532e-305,9.3532e-305,9.3532e-305,9.3532e-305
2.806e-305,2.806e-305,2.806e-305,2.806e-305,2.806e-305
8.4179e-306,8.4179e-306,8.4179e-306,8.4179e-306,8.4179e-306
2.5254e-306,2.5254e-306,2.5254e-306,2.5254e-306,2.5254e-306
7.5761e-307,7.5761e-307,7.5761e-307,7.5761e-307,7.5761e-307
2.2728e-307,2.2728e-307,2.2728e-307,2.2728e-307,2.2728e-307
6.8185e-308,6.8185e-308,6.8185e-308,6.8185e-308,6.8185e-308
2.0456e-308,2.0456e-308,2.0456e-308,2.0456e-308,2.0456e-308
6.1367e-309,6.1367e-309,6.1367e-309,6.1367e-309,6.1367e-309
1.841e-309,1.841e-309,1.841e-309,1.841e-309,1.841e-309
5.523e-310,5.523e-310,5.523e-310,5.523e-310,5.523e-310
1.6569e-310,1.6569e-310,1.6569e-310,1.6569e-310,1.6569e-310
4.9707e-311,4.9707e-311,4.9707e-311,4.9707e-311,4.9707e-311
1.4912e-311,1.4912e-311,1.4912e-311,1.4912e-311,1.4912e-311
4.4736e-312,4.4736e-312,4.4736e-312,4.4736e-312,4.4736e-312
1.3421e-312,1.3421e-312,1.3421e-312,1.3421e-312,1.3421e-312
4.0263e-313,4.0263e-313,4.0263e-313,4.0263e-313,4.0263e-313
1.2079e-313,1.2079e-313,1.2079e-313,1.2079e-313,1.2079e-313
3.6236e-314,3.6236e-314,3.6236e-314,3.6236e-314,3.6236e-314
1.0871e-314,1.0871e-314,1.0871e-314,1.0871e-314,1.0871e-314
3.2613e-315,3.2613e-315,3.2613e-315,3.2613e-315,3.2613e-315
9.7838e-316,9.7838e-316,9.7838e-316,9.7838e-316,9.7838e-316
2.9351e-316,2.9351e-316,2.9351e-316,2.9351e-316,2.9351e-316
8.8054e-317,8.8054e-317,8.8054e-317,8.8054e-317,8.8054e-317
2.6416e-317,2.6416e-317,2.6416e-317,2.6416e-317,2.6416e-317
7.9249e-318,7.9249e-318,7.9249e-318,7.9249e-318,7.9249e-318
2.3775e-318,2.3775e-318,2.3775e-318,2.3775e-318,2.3775e-318
7.1324e-319,7.1324e-319,7.1324e-319,7.1324e-319,7.1324e-319
2.1397e-319,2.1397e-319,2.1397e-319,2.1397e-319,2.1397e-319
6.4194e-320,6.4194e-320,6.4194e-320,6.4194e-320,6.4194e-320
1.9259e-320,1.9259e-320,1.9259e-320,1.9259e-320,1.9259e-320
5.7707e-321,5.7707e-321,5.7707e-321,5.7707e-321,5.7707e-321
1.7342e-321,1.7342e-321,1.7342e-321,1.7342e-321,1.7342e-321
5.1877e-322,5.1877e-322,5.1877e-322,5.1877e-322,5.1877e-322
1.581e-322,1.581e-322,1.581e-322,1.581e-322,1.581e-322
4.4466e-323,4.4466e-323,4.4466e-323,4.4466e-323,4.4466e-323
9.8813e-324,9.8813e-324,9.8813e-324,9.8813e-324,9.8813e-324
4.9407e-324,4.9407e-324,4.9407e-324,4.9407e-324,4.9407e-324
0,0,0,0,0
0,0,0,0,0
0,0,0,0,0
0,0,0,0,0
0,0,0,0,0
0,0,0,0,0
0,0,0,0,0
0,0,0,0,0
0,0,0,0,0
0,0,0,0,0
0,0,0,0,0
0,0,0,0,0
0,0,0,0,0
0,0,0,0,0
0,0,0,0,0
0,0,0,0,0
0,0,0,0,0
0,0,0,0,0
0,0,0,0,0
0,0,0,0,0
0,0,0,0,0
0,0,0,0,0
0,0,0,0,0
0,0,0,0,0
0,0,0,0,0
0,0,0,0,0
0,0,0,0,0
0,0,0,0,0
0,0,0,0,0
0,0,0,0,0
0,0,0,0,0
0,0,0,0,0
0,0,0,0,0
0,0,0,0,0
0,0,0,0,0
0,0,0,0,0
0,0,0,0,0
0,0,0,0,0
0,0,0,0,0
0,0,0,0,0
0,0,0,0,0
0,0,0,0,0
0,0,0,0,0
0,0,0,0,0
0,0,0,0,0
0,0,0,0,0
0,0,0,0,0
0,0,0,0,0
0,0,0,0,0
0,0,0,0,0
0,0,0,0,0
0,0,0,0,0
0,0,0,0,0
0,0,0,0,0
0,0,0,0,0
0,0,0,0,0
0,0,0,0,0
0,0,0,0,0
0,0,0,0,0
0,0,0,0,0
0,0,0,0,0
0,0,0,0,0
0,0,0,0,0
0,0,0,0,0
0,0,0,0,0
0,0,0,0,0
0,0,0,0,0
0,0,0,0,0
0,0,0,0,0
0,0,0,0,0
0,0,0,0,0
0,0,0,0,0
0,0,0,0,0
0,0,0,0,0
0,0,0,0,0
0,0,0,0,0
0,0,0,0,0
0,0,0,0,0
0,0,0,0,0
0,0,0,0,0
0,0,0,0,0
0,0,0,0,0
0,0,0,0,0
0,0,0,0,0
0,0,0,0,0
0,0,0,0,0
0,0,0,0,0
0,0,0,0,0
0,0,0,0,0
0,0,0,0,0
0,0,0,0,0
0,0,0,0,0
0,0,0,0,0
0,0,0,0,0
0,0,0,0,0
0,0,0,0,0
0,0,0,0,0
0,0,0,0,0
0,0,0,0,0
0,0,0,0,0
0,0,0,0,0
0,0,0,0,0
0,0,0,0,0
0,0,0,0,0
0,0,0,0,0
0,0,0,0,0
0,0,0,0,0
0,0,0,0,0
0,0,0,0,0
0,0,0,0,0
0,0,0,0,0
0,0,0,0,0
0,0,0,0,0
0,0,0,0,0
0,0,0,0,0
0,0,0,0,0
0,0,0,0,0
0,0,0,0,0
0,0,0,0,0
0,0,0,0,0
0,0,0,0,0
0,0,0,0,0
0,0,0,0,0
0,0,0,0,0
0,0,0,0,0
0,0,0,0,0
0,0,0,0,0
0,0,0,0,0
0,0,0,0,0
0,0,0,0,0
0,0,0,0,0
0,0,0,0,0
0,0,0,0,0
0,0,0,0,0
0,0,0,0,0
0,0,0,0,0
0,0,0,0,0
0,0,0,0,0
0,0,0,0,0
0,0,0,0,0
0,0,0,0,0
0,0,0,0,0
0,0,0,0,0
0,0,0,0,0
0,0,0,0,0
0,0,0,0,0
0,0,0,0,0
0,0,0,0,0
0,0,0,0,0
0,0,0,0,0
0,0,0,0,0
0,0,0,0,0
0,0,0,0,0
0,0,0,0,0
0,0,0,0,0
0,0,0,0,0
0,0,0,0,0
0,0,0,0,0
0,0,0,0,0
0,0,0,0,0
0,0,0,0,0
0,0,0,0,0
0,0,0,0,0
0,0,0,0,0
0,0,0,0,0
0,0,0,0,0
0,0,0,0,0
0,0,0,0,0
0,0,0,0,0
0,0,0,0,0
0,0,0,0,0
0,0,0,0,0
0,0,0,0,0
0,0,0,0,0
0,0,0,0,0
0,0,0,0,0
0,0,0,0,0
0,0,0,0,0
0,0,0,0,0
0,0,0,0,0
0,0,0,0,0
0,0,0,0,0
0,0,0,0,0
0,0,0,0,0
0,0,0,0,0
0,0,0,0,0
0,0,0,0,0
0,0,0,0,0
0,0,0,0,0
0,0,0,0,0
0,0,0,0,0
0,0,0,0,0
0,0,0,0,0
0,0,0,0,0
0,0,0,0,0
0,0,0,0,0
0,0,0,0,0
0,0,0,0,0
0,0,0,0,0
0,0,0,0,0
0,0,0,0,0
0,0,0,0,0
0,0,0,0,0
0,0,0,0,0
0,0,0,0,0
0,0,0,0,0
0,0,0,0,0
0,0,0,0,0
0,0,0,0,0
0,0,0,0,0
0,0,0,0,0
0,0,0,0,0
0,0,0,0,0
0,0,0,0,0
0,0,0,0,0
0,0,0,0,0
0,0,0,0,0
0,0,0,0,0
0,0,0,0,0
0,0,0,0,0
0,0,0,0,0
0,0,0,0,0
0,0,0,0,0
0,0,0,0,0
0,0,0,0,0
0,0,0,0,0
0,0,0,0,0
0,0,0,0,0
0,0,0,0,0
0,0,0,0,0
0,0,0,0,0
0,0,0,0,0
0,0,0,0,0
0,0,0,0,0
0,0,0,0,0
0,0,0,0,0
0,0,0,0,0
0,0,0,0,0
0,0,0,0,0
0,0,0,0,0
0,0,0,0,0
0,0,0,0,0
0,0,0,0,0
0,0,0,0,0
0,0,0,0,0
0,0,0,0,0
0,0,0,0,0
0,0,0,0,0
0,0,0,0,0
0,0,0,0,0
0,0,0,0,0
0,0,0,0,0
0,0,0,0,0
0,0,0,0,0
0,0,0,0,0
0,0,0,0,0
0,0,0,0,0
0,0,0,0,0
0,0,0,0,0
0,0,0,0,0
0,0,0,0,0
0,0,0,0,0
0,0,0,0,0
0,0,0,0,0
0,0,0,0,0
0,0,0,0,0
0,0,0,0,0
0,0,0,0,0
0,0,0,0,0
0,0,0,0,0
0,0,0,0,0
0,0,0,0,0
0,0,0,0,0
0,0,0,0,0
0,0,0,0,0
0,0,0,0,0
0,0,0,0,0
0,0,0,0,0
0,0,0,0,0
0,0,0,0,0
0,0,0,0,0
0,0,0,0,0
0,0,0,0,0
0,0,0,0,0
0,0,0,0,0
0,0,0,0,0
0,0,0,0,0
0,0,0,0,0
0,0,0,0,0
0,0,0,0,0
0,0,0,0,0
0,0,0,0,0
0,0,0,0,0
0,0,0,0,0
0,0,0,0,0
0,0,0,0,0
0,0,0,0,0
0,0,0,0,0
0,0,0,0,0
0,0,0,0,0
0,0,0,0,0
0,0,0,0,0
0,0,0,0,0
0,0,0,0,0
0,0,0,0,0
0,0,0,0,0
0,0,0,0,0
0,0,0,0,0
0,0,0,0,0
0,0,0,0,0
0,0,0,0,0
0,0,0,0,0
0,0,0,0,0
0,0,0,0,0
0,0,0,0,0
0,0,0,0,0
0,0,0,0,0
0,0,0,0,0
0,0,0,0,0
0,0,0,0,0
0,0,0,0,0
0,0,0,0,0
0,0,0,0,0
0,0,0,0,0
0,0,0,0,0
0,0,0,0,0
0,0,0,0,0
0,0,0,0,0
0,0,0,0,0
0,0,0,0,0
0,0,0,0,0
0,0,0,0,0
0,0,0,0,0
0,0,0,0,0
0,0,0,0,0
0,0,0,0,0
0,0,0,0,0
0,0,0,0,0
0,0,0,0,0
0,0,0,0,0
0,0,0,0,0
0,0,0,0,0
0,0,0,0,0
0,0,0,0,0
0,0,0,0,0
0,0,0,0,0
0,0,0,0,0
0,0,0,0,0
0,0,0,0,0
0,0,0,0,0
0,0,0,0,0
0,0,0,0,0
0,0,0,0,0
0,0,0,0,0
0,0,0,0,0
0,0,0,0,0
0,0,0,0,0
0,0,0,0,0
0,0,0,0,0
0,0,0,0,0
0,0,0,0,0
0,0,0,0,0
0,0,0,0,0
0,0,0,0,0
0,0,0,0,0
0,0,0,0,0
0,0,0,0,0
0,0,0,0,0
0,0,0,0,0
0,0,0,0,0
0,0,0,0,0
0,0,0,0,0
0,0,0,0,0
0,0,0,0,0
0,0,0,0,0
0,0,0,0,0
0,0,0,0,0
0,0,0,0,0
0,0,0,0,0
0,0,0,0,0
0,0,0,0,0
0,0,0,0,0
