0.1,0.2,0.3,0.5,0.6
0.6764,0.5776,0.7828,0.874,0.6992
0.85688,0.77656,0.66745,0.66182,0.65993
0.69806,0.65565,0.77263,0.8486,0.69716
0.82427,0.75898,0.67197,0.68558,0.67612
0.72099,0.69424,0.77322,0.83172,0.71425
0.78577,0.73363,0.66865,0.68313,0.67362
0.75915,0.74116,0.79444,0.83546,0.75199
0.71404,0.67194,0.62466,0.63618,0.62861
0.8451,0.83427,0.86507,0.88714,0.8396
0.51435,0.48148,0.45106,0.45822,0.45351
0.94604,0.94579,0.945,0.94175,0.94539
0.19521,0.19556,0.20082,0.19916,0.20022
0.60192,0.60231,0.60353,0.60857,0.60293
0.91009,0.90996,0.90803,0.90864,0.90824
0.3134,0.31359,0.31418,0.31671,0.31389
0.81807,0.81818,0.81987,0.81934,0.81968
0.56389,0.56376,0.56335,0.56163,0.56355
0.93458,0.93461,0.935,0.93487,0.93495
0.2318,0.23176,0.23163,0.23109,0.2317
0.67655,0.67651,0.67599,0.67615,0.67605
0.83184,0.83186,0.83194,0.83223,0.8319
0.53146,0.53144,0.53108,0.5312,0.53112
0.94627,0.94628,0.94628,0.94632,0.94628
0.19318,0.19318,0.19312,0.19314,0.19313
0.59222,0.59222,0.5922,0.59215,0.59221
0.91769,0.91769,0.91771,0.9177,0.9177
0.28702,0.28702,0.28702,0.28699,0.28702
0.77763,0.77763,0.77761,0.77762,0.77761
0.65711,0.65712,0.65712,0.65714,0.65712
0.85619,0.85619,0.85618,0.85619,0.85619
0.46789,0.46789,0.46789,0.4679,0.46789
0.94608,0.94608,0.94608,0.94608,0.94608
0.19384,0.19384,0.19384,0.19384,0.19384
0.59381,0.59381,0.59381,0.59381,0.59381
0.91656,0.91656,0.91656,0.91656,0.91656
0.29062,0.29062,0.29062,0.29062,0.29062
0.78341,0.78341,0.78341,0.78341,0.78341
0.64478,0.64478,0.64478,0.64478,0.64478
0.87035,0.87035,0.87035,0.87035,0.87035
0.4288,0.4288,0.4288,0.4288,0.4288
0.93073,0.93073,0.93073,0.93073,0.93073
0.24498,0.24498,0.24498,0.24498,0.24498
0.70286,0.70286,0.70286,0.70286,0.70286
0.79362,0.79362,0.79362,0.79362,0.79362
0.62239,0.62239,0.62239,0.62239,0.62239
0.89308,0.89308,0.89308,0.89308,0.89308
0.36285,0.36285,0.36285,0.36285,0.36285
0.87853,0.87853,0.87853,0.87853,0.87853
0.40553,0.40553,0.40553,0.40553,0.40553
0.91608,0.91608,0.91608,0.91608,0.91608
0.29212,0.29212,0.29212,0.29212,0.29212
0.78579,0.78579,0.78579,0.78579,0.78579
0.63964,0.63964,0.63964,0.63964,0.63964
0.8759,0.8759,0.8759,0.8759,0.8759
0.41305,0.41305,0.41305,0.41305,0.41305
0.92127,0.92127,0.92127,0.92127,0.92127
0.27561,0.27561,0.27561,0.27561,0.27561
0.75867,0.75867,0.75867,0.75867,0.75867
0.69574,0.69574,0.69574,0.69574,0.69574
0.80441,0.80441,0.80441,0.80441,0.80441
0.59787,0.59787,0.59787,0.59787,0.59787
0.9136,0.9136,0.9136,0.9136,0.9136
0.29996,0.29996,0.29996,0.29996,0.29996
0.79794,0.79794,0.79794,0.79794,0.79794
0.61268,0.61268,0.61268,0.61268,0.61268
0.90175,0.90175,0.90175,0.90175,0.90175
0.33667,0.33667,0.33667,0.33667,0.33667
0.84863,0.84863,0.84863,0.84863,0.84863
0.48813,0.48813,0.48813,0.48813,0.48813
0.94946,0.94946,0.94946,0.94946,0.94946
0.18233,0.18233,0.18233,0.18233,0.18233
0.56653,0.56653,0.56653,0.56653,0.56653
0.93318,0.93318,0.93318,0.93318,0.93318
0.23694,0.23694,0.23694,0.23694,0.23694
0.68704,0.68704,0.68704,0.68704,0.68704
0.81706,0.81706,0.81706,0.81706,0.81706
0.568,0.568,0.568,0.568,0.568
0.93243,0.93243,0.93243,0.93243,0.93243
0.23943,0.23943,0.23943,0.23943,0.23943
0.69199,0.69199,0.69199,0.69199,0.69199
0.80994,0.80994,0.80994,0.80994,0.80994
0.58497,0.58497,0.58497,0.58497,0.58497
0.92257,0.92257,0.92257,0.92257,0.92257
0.27147,0.27147,0.27147,0.27147,0.27147
0.75154,0.75154,0.75154,0.75154,0.75154
0.70957,0.70957,0.70957,0.70957,0.70957
0.7831,0.7831,0.7831,0.7831,0.7831
0.64545,0.64545,0.64545,0.64545,0.64545
0.86961,0.86961,0.86961,0.86961,0.86961
0.43087,0.43087,0.43087,0.43087,0.43087
0.93184,0.93184,0.93184,0.93184,0.93184
0.24135,0.24135,0.24135,0.24135,0.24135
0.69578,0.69578,0.69578,0.69578,0.69578
0.80434,0.80434,0.80434,0.80434,0.80434
0.59802,0.59802,0.59802,0.59802,0.59802
0.91349,0.91349,0.91349,0.91349,0.91349
0.30031,0.30031,0.30031,0.30031,0.30031
0.79846,0.79846,0.79846,0.79846,0.79846
0.61149,0.61149,0.61149,0.61149,0.61149
0.90276,0.90276,0.90276,0.90276,0.90276
0.33357,0.33357,0.33357,0.33357,0.33357
0.84474,0.84474,0.84474,0.84474,0.84474
0.49838,0.49838,0.49838,0.49838,0.49838
0.94999,0.94999,0.94999,0.94999,0.94999
0.18053,0.18053,0.18053,0.18053,0.18053
0.56218,0.56218,0.56218,0.56218,0.56218
0.93531,0.93531,0.93531,0.93531,0.93531
0.22992,0.22992,0.22992,0.22992,0.22992
0.67282,0.67282,0.67282,0.67282,0.67282
0.8365,0.8365,0.8365,0.8365,0.8365
0.51972,0.51972,0.51972,0.51972,0.51972
0.94852,0.94852,0.94852,0.94852,0.94852
0.18554,0.18554,0.18554,0.18554,0.18554
0.57425,0.57425,0.57425,0.57425,0.57425
0.92905,0.92905,0.92905,0.92905,0.92905
0.25047,0.25047,0.25047,0.25047,0.25047
0.71339,0.71339,0.71339,0.71339,0.71339
0.77696,0.77696,0.77696,0.77696,0.77696
0.65851,0.65851,0.65851,0.65851,0.65851
0.85452,0.85452,0.85452,0.85452,0.85452
0.47241,0.47241,0.47241,0.47241,0.47241
0.94711,0.94711,0.94711,0.94711,0.94711
0.19036,0.19036,0.19036,0.19036,0.19036
0.58568,0.58568,0.58568,0.58568,0.58568
0.92211,0.92211,0.92211,0.92211,0.92211
0.27294,0.27294,0.27294,0.27294,0.27294
0.75409,0.75409,0.75409,0.75409,0.75409
0.70467,0.70467,0.70467,0.70467,0.70467
0.79082,0.79082,0.79082,0.79082,0.79082
0.62862,0.62862,0.62862,0.62862,0.62862
0.88714,0.88714,0.88714,0.88714,0.88714
0.38047,0.38047,0.38047,0.38047,0.38047
0.89571,0.89571,0.89571,0.89571,0.89571
0.35497,0.35497,0.35497,0.35497,0.35497
0.87007,0.87007,0.87007,0.87007,0.87007
0.42957,0.42957,0.42957,0.42957,0.42957
0.93115,0.93115,0.93115,0.93115,0.93115
0.24361,0.24361,0.24361,0.24361,0.24361
0.70021,0.70021,0.70021,0.70021,0.70021
0.79768,0.79768,0.79768,0.79768,0.79768
0.61327,0.61327,0.61327,0.61327,0.61327
0.90125,0.90125,0.90125,0.90125,0.90125
0.3382,0.3382,0.3382,0.3382,0.3382
0.85052,0.85052,0.85052,0.85052,0.85052
0.48312,0.48312,0.48312,0.48312,0.48312
0.94892,0.94892,0.94892,0.94892,0.94892
0.1842,0.1842,0.1842,0.1842,0.1842
0.57102,0.57102,0.57102,0.57102,0.57102
0.93083,0.93083,0.93083,0.93083,0.93083
0.24466,0.24466,0.24466,0.24466,0.24466
0.70224,0.70224,0.70224,0.70224,0.70224
0.79458,0.79458,0.79458,0.79458,0.79458
0.62024,0.62024,0.62024,0.62024,0.62024
0.89506,0.89506,0.89506,0.89506,0.89506
0.35693,0.35693,0.35693,0.35693,0.35693
0.87221,0.87221,0.87221,0.87221,0.87221
0.42354,0.42354,0.42354,0.42354,0.42354
0.92778,0.92778,0.92778,0.92778,0.92778
0.2546,0.2546,0.2546,0.2546,0.2546
0.72116,0.72116,0.72116,0.72116,0.72116
0.76413,0.76413,0.76413,0.76413,0.76413
0.68489,0.68489,0.68489,0.68489,0.68489
0.8201,0.8201,0.8201,0.8201,0.8201
0.56064,0.56064,0.56064,0.56064,0.56064
0.93603,0.93603,0.93603,0.93603,0.93603
0.22755,0.22755,0.22755,0.22755,0.22755
0.66792,0.66792,0.66792,0.66792,0.66792
0.84285,0.84285,0.84285,0.84285,0.84285
0.50333,0.50333,0.50333,0.50333,0.50333
0.94996,0.94996,0.94996,0.94996,0.94996
0.18064,0.18064,0.18064,0.18064,0.18064
0.56245,0.56245,0.56245,0.56245,0.56245
0.93518,0.93518,0.93518,0.93518,0.93518
0.23034,0.23034,0.23034,0.23034,0.23034
0.67368,0.67368,0.67368,0.67368,0.67368
0.83537,0.83537,0.83537,0.83537,0.83537
0.5226,0.5226,0.5226,0.5226,0.5226
0.94806,0.94806,0.94806,0.94806,0.94806
0.18712,0.18712,0.18712,0.18712,0.18712
0.57801,0.57801,0.57801,0.57801,0.57801
0.92687,0.92687,0.92687,0.92687,0.92687
0.25756,0.25756,0.25756,0.25756,0.25756
0.72665,0.72665,0.72665,0.72665,0.72665
0.75479,0.75479,0.75479,0.75479,0.75479
0.70331,0.70331,0.70331,0.70331,0.70331
0.79293,0.79293,0.79293,0.79293,0.79293
0.62392,0.62392,0.62392,0.62392,0.62392
0.89165,0.89165,0.89165,0.89165,0.89165
0.36713,0.36713,0.36713,0.36713,0.36713
0.88291,0.88291,0.88291,0.88291,0.88291
0.39284,0.39284,0.39284,0.39284,0.39284
0.90636,0.90636,0.90636,0.90636,0.90636
0.3225,0.3225,0.3225,0.3225,0.3225
0.83028,0.83028,0.83028,0.83028,0.83028
0.53548,0.53548,0.53548,0.53548,0.53548
0.94522,0.94522,0.94522,0.94522,0.94522
0.19677,0.19677,0.19677,0.19677,0.19677
0.60059,0.60059,0.60059,0.60059,0.60059
0.91155,0.91155,0.91155,0.91155,0.91155
0.30639,0.30639,0.30639,0.30639,0.30639
0.80755,0.80755,0.80755,0.80755,0.80755
0.59056,0.59056,0.59056,0.59056,0.59056
0.91883,0.91883,0.91883,0.91883,0.91883
0.2834,0.2834,0.2834,0.2834,0.2834
0.77172,0.77172,0.77172,0.77172,0.77172
0.66943,0.66943,0.66943,0.66943,0.66943
0.84091,0.84091,0.84091,0.84091,0.84091
0.50836,0.50836,0.50836,0.50836,0.50836
0.94973,0.94973,0.94973,0.94973,0.94973
0.18141,0.18141,0.18141,0.18141,0.18141
0.5643,0.5643,0.5643,0.5643,0.5643
0.93429,0.93429,0.93429,0.93429,0.93429
0.23329,0.23329,0.23329,0.23329,0.23329
0.67969,0.67969,0.67969,0.67969,0.67969
0.82731,0.82731,0.82731,0.82731,0.82731
0.54291,0.54291,0.54291,0.54291,0.54291
0.943,0.943,0.943,0.943,0.943
0.20424,0.20424,0.20424,0.20424,0.20424
0.6176,0.6176,0.6176,0.6176,0.6176
0.89744,0.89744,0.89744,0.89744,0.89744
0.34975,0.34975,0.34975,0.34975,0.34975
0.86421,0.86421,0.86421,0.86421,0.86421
0.44593,0.44593,0.44593,0.44593,0.44593
0.93889,0.93889,0.93889,0.93889,0.93889
0.21802,0.21802,0.21802,0.21802,0.21802
0.64785,0.64785,0.64785,0.64785,0.64785
0.86693,0.86693,0.86693,0.86693,0.86693
0.43837,0.43837,0.43837,0.43837,0.43837
0.93557,0.93557,0.93557,0.93557,0.93557
0.22907,0.22907,0.22907,0.22907,0.22907
0.67106,0.67106,0.67106,0.67106,0.67106
0.83881,0.83881,0.83881,0.83881,0.83881
0.5138,0.5138,0.5138,0.5138,0.5138
0.94928,0.94928,0.94928,0.94928,0.94928
0.18297,0.18297,0.18297,0.18297,0.18297
0.56808,0.56808,0.56808,0.56808,0.56808
0.93239,0.93239,0.93239,0.93239,0.93239
0.23955,0.23955,0.23955,0.23955,0.23955
0.69224,0.69224,0.69224,0.69224,0.69224
0.80957,0.80957,0.80957,0.80957,0.80957
0.58583,0.58583,0.58583,0.58583,0.58583
0.92201,0.92201,0.92201,0.92201,0.92201
0.27326,0.27326,0.27326,0.27326,0.27326
0.75464,0.75464,0.75464,0.75464,0.75464
0.70359,0.70359,0.70359,0.70359,0.70359
0.79249,0.79249,0.79249,0.79249,0.79249
0.62491,0.62491,0.62491,0.62491,0.62491
0.89071,0.89071,0.89071,0.89071,0.89071
0.36992,0.36992,0.36992,0.36992,0.36992
0.8857,0.8857,0.8857,0.8857,0.8857
0.3847,0.3847,0.3847,0.3847,0.3847
0.89948,0.89948,0.89948,0.89948,0.89948
0.34358,0.34358,0.34358,0.34358,0.34358
0.85702,0.85702,0.85702,0.85702,0.85702
0.46563,0.46563,0.46563,0.46563,0.46563
0.94551,0.94551,0.94551,0.94551,0.94551
0.19577,0.19577,0.19577,0.19577,0.19577
0.59829,0.59829,0.59829,0.59829,0.59829
0.91329,0.91329,0.91329,0.91329,0.91329
0.30094,0.30094,0.30094,0.30094,0.30094
0.79942,0.79942,0.79942,0.79942,0.79942
0.60931,0.60931,0.60931,0.60931,0.60931
0.90459,0.90459,0.90459,0.90459,0.90459
0.32795,0.32795,0.32795,0.32795,0.32795
0.83752,0.83752,0.83752,0.83752,0.83752
0.51711,0.51711,0.51711,0.51711,0.51711
0.94889,0.94889,0.94889,0.94889,0.94889
0.1843,0.1843,0.1843,0.1843,0.1843
0.57127,0.57127,0.57127,0.57127,0.57127
0.9307,0.9307,0.9307,0.9307,0.9307
0.24509,0.24509,0.24509,0.24509,0.24509
0.70308,0.70308,0.70308,0.70308,0.70308
0.79329,0.79329,0.79329,0.79329,0.79329
0.62313,0.62313,0.62313,0.62313,0.62313
0.89239,0.89239,0.89239,0.89239,0.89239
0.36493,0.36493,0.36493,0.36493,0.36493
0.88067,0.88067,0.88067,0.88067,0.88067
0.39934,0.39934,0.39934,0.39934,0.39934
0.9115,0.9115,0.9115,0.9115,0.9115
0.30655,0.30655,0.30655,0.30655,0.30655
0.80779,0.80779,0.80779,0.80779,0.80779
0.59,0.59,0.59,0.59,0.59
0.91922,0.91922,0.91922,0.91922,0.91922
0.28217,0.28217,0.28217,0.28217,0.28217
0.76969,0.76969,0.76969,0.76969,0.76969
0.67361,0.67361,0.67361,0.67361,0.67361
0.83547,0.83547,0.83547,0.83547,0.83547
0.52235,0.52235,0.52235,0.52235,0.52235
0.9481,0.9481,0.9481,0.9481,0.9481
0.18698,0.18698,0.18698,0.18698,0.18698
0.57766,0.57766,0.57766,0.57766,0.57766
0.92708,0.92708,0.92708,0.92708,0.92708
0.25688,0.25688,0.25688,0.25688,0.25688
0.7254,0.7254,0.7254,0.7254,0.7254
0.75695,0.75695,0.75695,0.75695,0.75695
0.69912,0.69912,0.69912,0.69912,0.69912
0.79934,0.79934,0.79934,0.79934,0.79934
0.6095,0.6095,0.6095,0.6095,0.6095
0.90444,0.90444,0.90444,0.90444,0.90444
0.32843,0.32843,0.32843,0.32843,0.32843
0.83815,0.83815,0.83815,0.83815,0.83815
0.5155,0.5155,0.5155,0.5155,0.5155
0.94909,0.94909,0.94909,0.94909,0.94909
0.18362,0.18362,0.18362,0.18362,0.18362
0.56963,0.56963,0.56963,0.56963,0.56963
0.93158,0.93158,0.93158,0.93158,0.93158
0.24222,0.24222,0.24222,0.24222,0.24222
0.69749,0.69749,0.69749,0.69749,0.69749
0.80179,0.80179,0.80179,0.80179,0.80179
0.60391,0.60391,0.60391,0.60391,0.60391
0.90897,0.90897,0.90897,0.90897,0.90897
0.31441,0.31441,0.31441,0.31441,0.31441
0.81912,0.81912,0.81912,0.81912,0.81912
0.56302,0.56302,0.56302,0.56302,0.56302
0.93491,0.93491,0.93491,0.93491,0.93491
0.23125,0.23125,0.23125,0.23125,0.23125
0.67554,0.67554,0.67554,0.67554,0.67554
0.8329,0.8329,0.8329,0.8329,0.8329
0.52887,0.52887,0.52887,0.52887,0.52887
0.94683,0.94683,0.94683,0.94683,0.94683
0.1913,0.1913,0.1913,0.1913,0.1913
0.58787,0.58787,0.58787,0.58787,0.58787
0.92066,0.92066,0.92066,0.92066,0.92066
0.27757,0.27757,0.27757,0.27757,0.27757
0.762,0.762,0.762,0.762,0.762
0.68915,0.68915,0.68915,0.68915,0.68915
0.81404,0.81404,0.81404,0.81404,0.81404
0.57524,0.57524,0.57524,0.57524,0.57524
0.92849,0.92849,0.92849,0.92849,0.92849
0.25231,0.25231,0.25231,0.25231,0.25231
0.71687,0.71687,0.71687,0.71687,0.71687
0.77127,0.77127,0.77127,0.77127,0.77127
0.67036,0.67036,0.67036,0.67036,0.67036
0.83971,0.83971,0.83971,0.83971,0.83971
0.51147,0.51147,0.51147,0.51147,0.51147
0.9495,0.9495,0.9495,0.9495,0.9495
0.18221,0.18221,0.18221,0.18221,0.18221
0.56623,0.56623,0.56623,0.56623,0.56623
0.93333,0.93333,0.93333,0.93333,0.93333
0.23645,0.23645,0.23645,0.23645,0.23645
0.68606,0.68606,0.68606,0.68606,0.68606
0.81846,0.81846,0.81846,0.81846,0.81846
0.56463,0.56463,0.56463,0.56463,0.56463
0.93413,0.93413,0.93413,0.93413,0.93413
0.23382,0.23382,0.23382,0.23382,0.23382
0.68077,0.68077,0.68077,0.68077,0.68077
0.82582,0.82582,0.82582,0.82582,0.82582
0.54659,0.54659,0.54659,0.54659,0.54659
0.94175,0.94175,0.94175,0.94175,0.94175
0.20845,0.20845,0.20845,0.20845,0.20845
0.627,0.627,0.627,0.627,0.627
0.88871,0.88871,0.88871,0.88871,0.88871
0.37585,0.37585,0.37585,0.37585,0.37585
0.89143,0.89143,0.89143,0.89143,0.89143
0.36777,0.36777,0.36777,0.36777,0.36777
0.88356,0.88356,0.88356,0.88356,0.88356
0.39095,0.39095,0.39095,0.39095,0.39095
0.90481,0.90481,0.90481,0.90481,0.90481
0.32728,0.32728,0.32728,0.32728,0.32728
0.83664,0.83664,0.83664,0.83664,0.83664
0.51936,0.51936,0.51936,0.51936,0.51936
0.94858,0.94858,0.94858,0.94858,0.94858
0.18536,0.18536,0.18536,0.18536,0.18536
0.57382,0.57382,0.57382,0.57382,0.57382
0.92929,0.92929,0.92929,0.92929,0.92929
0.24969,0.24969,0.24969,0.24969,0.24969
0.7119,0.7119,0.7119,0.7119,0.7119
0.77937,0.77937,0.77937,0.77937,0.77937
0.65343,0.65343,0.65343,0.65343,0.65343
0.86055,0.86055,0.86055,0.86055,0.86055
0.45602,0.45602,0.45602,0.45602,0.45602
0.94265,0.94265,0.94265,0.94265,0.94265
0.20544,0.20544,0.20544,0.20544,0.20544
0.62028,0.62028,0.62028,0.62028,0.62028
0.89502,0.89502,0.89502,0.89502,0.89502
0.35703,0.35703,0.35703,0.35703,0.35703
0.87233,0.87233,0.87233,0.87233,0.87233
0.42321,0.42321,0.42321,0.42321,0.42321
0.92759,0.92759,0.92759,0.92759,0.92759
0.25522,0.25522,0.25522,0.25522,0.25522
0.72231,0.72231,0.72231,0.72231,0.72231
0.7622,0.7622,0.7622,0.7622,0.7622
0.68876,0.68876,0.68876,0.68876,0.68876
0.8146,0.8146,0.8146,0.8146,0.8146
0.5739,0.5739,0.5739,0.5739,0.5739
0.92925,0.92925,0.92925,0.92925,0.92925
0.24983,0.24983,0.24983,0.24983,0.24983
0.71217,0.71217,0.71217,0.71217,0.71217
0.77893,0.77893,0.77893,0.77893,0.77893
0.65435,0.65435,0.65435,0.65435,0.65435
0.85947,0.85947,0.85947,0.85947,0.85947
0.45897,0.45897,0.45897,0.45897,0.45897
0.9436,0.9436,0.9436,0.9436,0.9436
0.20223,0.20223,0.20223,0.20223,0.20223
0.61306,0.61306,0.61306,0.61306,0.61306
0.90143,0.90143,0.90143,0.90143,0.90143
0.33765,0.33765,0.33765,0.33765,0.33765
0.84985,0.84985,0.84985,0.84985,0.84985
0.48491,0.48491,0.48491,0.48491,0.48491
0.94913,0.94913,0.94913,0.94913,0.94913
0.18346,0.18346,0.18346,0.18346,0.18346
0.56924,0.56924,0.56924,0.56924,0.56924
0.93178,0.93178,0.93178,0.93178,0.93178
0.24154,0.24154,0.24154,0.24154,0.24154
0.69616,0.69616,0.69616,0.69616,0.69616
0.80378,0.80378,0.80378,0.80378,0.80378
0.59932,0.59932,0.59932,0.59932,0.59932
0.91252,0.91252,0.91252,0.91252,0.91252
0.30336,0.30336,0.30336,0.30336,0.30336
0.80306,0.80306,0.80306,0.80306,0.80306
0.60099,0.60099,0.60099,0.60099,0.60099
0.91124,0.91124,0.91124,0.91124,0.91124
0.30735,0.30735,0.30735,0.30735,0.30735
0.80896,0.80896,0.80896,0.80896,0.80896
0.58726,0.58726,0.58726,0.58726,0.58726
0.92106,0.92106,0.92106,0.92106,0.92106
0.27628,0.27628,0.27628,0.27628,0.27628
0.75982,0.75982,0.75982,0.75982,0.75982
0.69348,0.69348,0.69348,0.69348,0.69348
0.80774,0.80774,0.80774,0.80774,0.80774
0.59012,0.59012,0.59012,0.59012,0.59012
0.91914,0.91914,0.91914,0.91914,0.91914
0.28243,0.28243,0.28243,0.28243,0.28243
0.77011,0.77011,0.77011,0.77011,0.77011
0.67275,0.67275,0.67275,0.67275,0.67275
0.8366,0.8366,0.8366,0.8366,0.8366
0.51946,0.51946,0.51946,0.51946,0.51946
0.94856,0.94856,0.94856,0.94856,0.94856
0.18541,0.18541,0.18541,0.18541,0.18541
0.57393,0.57393,0.57393,0.57393,0.57393
0.92923,0.92923,0.92923,0.92923,0.92923
0.2499,0.2499,0.2499,0.2499,0.2499
0.71231,0.71231,0.71231,0.71231,0.71231
0.77872,0.77872,0.77872,0.77872,0.77872
0.6548,0.6548,0.6548,0.6548,0.6548
0.85895,0.85895,0.85895,0.85895,0.85895
0.4604,0.4604,0.4604,0.4604,0.4604
0.94404,0.94404,0.94404,0.94404,0.94404
0.20074,0.20074,0.20074,0.20074,0.20074
0.60969,0.60969,0.60969,0.60969,0.60969
0.90427,0.90427,0.90427,0.90427,0.90427
0.32894,0.32894,0.32894,0.32894,0.32894
0.8388,0.8388,0.8388,0.8388,0.8388
0.51382,0.51382,0.51382,0.51382,0.51382
0.94927,0.94927,0.94927,0.94927,0.94927
0.18298,0.18298,0.18298,0.18298,0.18298
0.56809,0.56809,0.56809,0.56809,0.56809
0.93238,0.93238,0.93238,0.93238,0.93238
0.23957,0.23957,0.23957,0.23957,0.23957
0.69228,0.69228,0.69228,0.69228,0.69228
0.80951,0.80951,0.80951,0.80951,0.80951
0.58596,0.58596,0.58596,0.58596,0.58596
0.92192,0.92192,0.92192,0.92192,0.92192
0.27354,0.27354,0.27354,0.27354,0.27354
0.75513,0.75513,0.75513,0.75513,0.75513
0.70266,0.70266,0.70266,0.70266,0.70266
0.79393,0.79393,0.79393,0.79393,0.79393
0.6217,0.6217,0.6217,0.6217,0.6217
0.89372,0.89372,0.89372,0.89372,0.89372
0.36095,0.36095,0.36095,0.36095,0.36095
0.87653,0.87653,0.87653,0.87653,0.87653
0.41126,0.41126,0.41126,0.41126,0.41126
0.92008,0.92008,0.92008,0.92008,0.92008
0.27943,0.27943,0.27943,0.27943,0.27943
0.76513,0.76513,0.76513,0.76513,0.76513
0.68288,0.68288,0.68288,0.68288,0.68288
0.82291,0.82291,0.82291,0.82291,0.82291
0.55378,0.55378,0.55378,0.55378,0.55378
0.93901,0.93901,0.93901,0.93901,0.93901
0.21762,0.21762,0.21762,0.21762,0.21762
0.647,0.647,0.647,0.647,0.647
0.86788,0.86788,0.86788,0.86788,0.86788
0.43572,0.43572,0.43572,0.43572,0.43572
0.9343,0.9343,0.9343,0.9343,0.9343
0.23327,0.23327,0.23327,0.23327,0.23327
0.67964,0.67964,0.67964,0.67964,0.67964
0.82737,0.82737,0.82737,0.82737,0.82737
0.54276,0.54276,0.54276,0.54276,0.54276
0.94305,0.94305,0.94305,0.94305,0.94305
0.20408,0.20408,0.20408,0.20408,0.20408
0.61723,0.61723,0.61723,0.61723,0.61723
0.89777,0.89777,0.89777,0.89777,0.89777
0.34875,0.34875,0.34875,0.34875,0.34875
0.86307,0.86307,0.86307,0.86307,0.86307
0.44909,0.44909,0.44909,0.44909,0.44909
0.94015,0.94015,0.94015,0.94015,0.94015
0.21382,0.21382,0.21382,0.21382,0.21382
0.63877,0.63877,0.63877,0.63877,0.63877
0.87682,0.87682,0.87682,0.87682,0.87682
0.41043,0.41043,0.41043,0.41043,0.41043
0.91951,0.91951,0.91951,0.91951,0.91951
0.28124,0.28124,0.28124,0.28124,0.28124
0.76814,0.76814,0.76814,0.76814,0.76814
0.67678,0.67678,0.67678,0.67678,0.67678
0.83125,0.83125,0.83125,0.83125,0.83125
0.53304,0.53304,0.53304,0.53304,0.53304
0.94585,0.94585,0.94585,0.94585,0.94585
0.19462,0.19462,0.19462,0.19462,0.19462
0.59563,0.59563,0.59563,0.59563,0.59563
0.91525,0.91525,0.91525,0.91525,0.91525
0.29477,0.29477,0.29477,0.29477,0.29477
0.78994,0.78994,0.78994,0.78994,0.78994
0.63054,0.63054,0.63054,0.63054,0.63054
0.88524,0.88524,0.88524,0.88524,0.88524
0.38604,0.38604,0.38604,0.38604,0.38604
0.90065,0.90065,0.90065,0.90065,0.90065
0.34003,0.34003,0.34003,0.34003,0.34003
0.85275,0.85275,0.85275,0.85275,0.85275
0.47715,0.47715,0.47715,0.47715,0.47715
0.94802,0.94802,0.94802,0.94802,0.94802
0.18727,0.18727,0.18727,0.18727,0.18727
0.57836,0.57836,0.57836,0.57836,0.57836
0.92666,0.92666,0.92666,0.92666,0.92666
0.25824,0.25824,0.25824,0.25824,0.25824
0.72789,0.72789,0.72789,0.72789,0.72789
0.75265,0.75265,0.75265,0.75265,0.75265
0.70745,0.70745,0.70745,0.70745,0.70745
0.78647,0.78647,0.78647,0.78647,0.78647
0.63815,0.63815,0.63815,0.63815,0.63815
0.87747,0.87747,0.87747,0.87747,0.87747
0.40855,0.40855,0.40855,0.40855,0.40855
0.91822,0.91822,0.91822,0.91822,0.91822
0.28535,0.28535,0.28535,0.28535,0.28535
0.77492,0.77492,0.77492,0.77492,0.77492
0.6628,0.6628,0.6628,0.6628,0.6628
0.84928,0.84928,0.84928,0.84928,0.84928
0.48641,0.48641,0.48641,0.48641,0.48641
0.9493,0.9493,0.9493,0.9493,0.9493
0.1829,0.1829,0.1829,0.1829,0.1829
0.5679,0.5679,0.5679,0.5679,0.5679
0.93248,0.93248,0.93248,0.93248,0.93248
0.23925,0.23925,0.23925,0.23925,0.23925
0.69164,0.69164,0.69164,0.69164,0.69164
0.81045,0.81045,0.81045,0.81045,0.81045
0.58377,0.58377,0.58377,0.58377,0.58377
0.92334,0.92334,0.92334,0.92334,0.92334
0.26899,0.26899,0.26899,0.26899,0.26899
0.74721,0.74721,0.74721,0.74721,0.74721
0.71778,0.71778,0.71778,0.71778,0.71778
0.76978,0.76978,0.76978,0.76978,0.76978
0.67343,0.67343,0.67343,0.67343,0.67343
0.8357,0.8357,0.8357,0.8357,0.8357
0.52176,0.52176,0.52176,0.52176,0.52176
0.9482,0.9482,0.9482,0.9482,0.9482
0.18664,0.18664,0.18664,0.18664,0.18664
0.57686,0.57686,0.57686,0.57686,0.57686
0.92755,0.92755,0.92755,0.92755,0.92755
0.25535,0.25535,0.25535,0.25535,0.25535
0.72257,0.72257,0.72257,0.72257,0.72257
0.76177,0.76177,0.76177,0.76177,0.76177
0.68962,0.68962,0.68962,0.68962,0.68962
0.81337,0.81337,0.81337,0.81337,0.81337
0.57683,0.57683,0.57683,0.57683,0.57683
0.92757,0.92757,0.92757,0.92757,0.92757
0.25531,0.25531,0.25531,0.25531,0.25531
0.72248,0.72248,0.72248,0.72248,0.72248
0.76191,0.76191,0.76191,0.76191,0.76191
0.68934,0.68934,0.68934,0.68934,0.68934
0.81377,0.81377,0.81377,0.81377,0.81377
0.57588,0.57588,0.57588,0.57588,0.57588
0.92812,0.92812,0.92812,0.92812,0.92812
0.25352,0.25352,0.25352,0.25352,0.25352
0.71913,0.71913,0.71913,0.71913,0.71913
0.76753,0.76753,0.76753,0.76753,0.76753
0.67803,0.67803,0.67803,0.67803,0.67803
0.82956,0.82956,0.82956,0.82956,0.82956
0.53729,0.53729,0.53729,0.53729,0.53729
0.94472,0.94472,0.94472,0.94472,0.94472
0.19847,0.19847,0.19847,0.19847,0.19847
0.60449,0.60449,0.60449,0.60449,0.60449
0.90851,0.90851,0.90851,0.90851,0.90851
0.31586,0.31586,0.31586,0.31586,0.31586
0.82115,0.82115,0.82115,0.82115,0.82115
0.55808,0.55808,0.55808,0.55808,0.55808
0.93718,0.93718,0.93718,0.93718,0.93718
0.22372,0.22372,0.22372,0.22372,0.22372
0.65994,0.65994,0.65994,0.65994,0.65994
0.8528,0.8528,0.8528,0.8528,0.8528
0.47703,0.47703,0.47703,0.47703,0.47703
0.94799,0.94799,0.94799,0.94799,0.94799
0.18734,0.18734,0.18734,0.18734,0.18734
0.57853,0.57853,0.57853,0.57853,0.57853
0.92656,0.92656,0.92656,0.92656,0.92656
0.25857,0.25857,0.25857,0.25857,0.25857
0.7285,0.7285,0.7285,0.7285,0.7285
0.7516,0.7516,0.7516,0.7516,0.7516
0.70945,0.70945,0.70945,0.70945,0.70945
0.78329,0.78329,0.78329,0.78329,0.78329
0.64504,0.64504,0.64504,0.64504,0.64504
0.87007,0.87007,0.87007,0.87007,0.87007
0.42959,0.42959,0.42959,0.42959,0.42959
0.93116,0.93116,0.93116,0.93116,0.93116
0.24357,0.24357,0.24357,0.24357,0.24357
0.70013,0.70013,0.70013,0.70013,0.70013
0.7978,0.7978,0.7978,0.7978,0.7978
0.61299,0.61299,0.61299,0.61299,0.61299
0.90149,0.90149,0.90149,0.90149,0.90149
0.33747,0.33747,0.33747,0.33747,0.33747
0.84962,0.84962,0.84962,0.84962,0.84962
0.48551,0.48551,0.48551,0.48551,0.48551
0.9492,0.9492,0.9492,0.9492,0.9492
0.18323,0.18323,0.18323,0.18323,0.18323
0.56869,0.56869,0.56869,0.56869,0.56869
0.93207,0.93207,0.93207,0.93207,0.93207
0.24059,0.24059,0.24059,0.24059,0.24059
0.69429,0.69429,0.69429,0.69429,0.69429
0.80656,0.80656,0.80656,0.80656,0.80656
0.59288,0.59288,0.59288,0.59288,0.59288
0.91722,0.91722,0.91722,0.91722,0.91722
0.28853,0.28853,0.28853,0.28853,0.28853
0.78006,0.78006,0.78006,0.78006,0.78006
0.65195,0.65195,0.65195,0.65195,0.65195
0.86226,0.86226,0.86226,0.86226,0.86226
0.45131,0.45131,0.45131,0.45131,0.45131
0.94099,0.94099,0.94099,0.94099,0.94099
0.211,0.211,0.211,0.211,0.211
0.63261,0.63261,0.63261,0.63261,0.63261
0.88317,0.88317,0.88317,0.88317,0.88317
0.39208,0.39208,0.39208,0.39208,0.39208
0.90574,0.90574,0.90574,0.90574,0.90574
0.32442,0.32442,0.32442,0.32442,0.32442
0.83285,0.83285,0.83285,0.83285,0.83285
0.52901,0.52901,0.52901,0.52901,0.52901
0.9468,0.9468,0.9468,0.9468,0.9468
0.19139,0.19139,0.19139,0.19139,0.19139
0.5881,0.5881,0.5881,0.5881,0.5881
0.92051,0.92051,0.92051,0.92051,0.92051
0.27806,0.27806,0.27806,0.27806,0.27806
0.76282,0.76282,0.76282,0.76282,0.76282
0.68751,0.68751,0.68751,0.68751,0.68751
0.81639,0.81639,0.81639,0.81639,0.81639
0.5696,0.5696,0.5696,0.5696,0.5696
0.93159,0.93159,0.93159,0.93159,0.93159
0.24217,0.24217,0.24217,0.24217,0.24217
0.69739,0.69739,0.69739,0.69739,0.69739
0.80194,0.80194,0.80194,0.80194,0.80194
0.60357,0.60357,0.60357,0.60357,0.60357
0.90924,0.90924,0.90924,0.90924,0.90924
0.31359,0.31359,0.31359,0.31359,0.31359
0.81796,0.81796,0.81796,0.81796,0.81796
0.56584,0.56584,0.56584,0.56584,0.56584
0.93353,0.93353,0.93353,0.93353,0.93353
0.2358,0.2358,0.2358,0.2358,0.2358
0.68475,0.68475,0.68475,0.68475,0.68475
0.8203,0.8203,0.8203,0.8203,0.8203
0.56016,0.56016,0.56016,0.56016,0.56016
0.93625,0.93625,0.93625,0.93625,0.93625
0.22681,0.22681,0.22681,0.22681,0.22681
0.6664,0.6664,0.6664,0.6664,0.6664
0.84479,0.84479,0.84479,0.84479,0.84479
0.49826,0.49826,0.49826,0.49826,0.49826
0.94999,0.94999,0.94999,0.94999,0.94999
0.18054,0.18054,0.18054,0.18054,0.18054
0.56219,0.56219,0.56219,0.56219,0.56219
0.9353,0.9353,0.9353,0.9353,0.9353
0.22994,0.22994,0.22994,0.22994,0.22994
0.67286,0.67286,0.67286,0.67286,0.67286
0.83645,0.83645,0.83645,0.83645,0.83645
0.51984,0.51984,0.51984,0.51984,0.51984
0.9485,0.9485,0.9485,0.9485,0.9485
0.18561,0.18561,0.18561,0.18561,0.18561
0.5744,0.5744,0.5744,0.5744,0.5744
0.92897,0.92897,0.92897,0.92897,0.92897
0.25076,0.25076,0.25076,0.25076,0.25076
0.71394,0.71394,0.71394,0.71394,0.71394
0.77608,0.77608,0.77608,0.77608,0.77608
0.66037,0.66037,0.66037,0.66037,0.66037
0.85227,0.85227,0.85227,0.85227,0.85227
0.47844,0.47844,0.47844,0.47844,0.47844
0.94823,0.94823,0.94823,0.94823,0.94823
0.18653,0.18653,0.18653,0.18653,0.18653
0.57659,0.57659,0.57659,0.57659,0.57659
0.92771,0.92771,0.92771,0.92771,0.92771
0.25485,0.25485,0.25485,0.25485,0.25485
0.72163,0.72163,0.72163,0.72163,0.72163
0.76335,0.76335,0.76335,0.76335,0.76335
0.68645,0.68645,0.68645,0.68645,0.68645
0.81789,0.81789,0.81789,0.81789,0.81789
0.56599,0.56599,0.56599,0.56599,0.56599
0.93345,0.93345,0.93345,0.93345,0.93345
0.23605,0.23605,0.23605,0.23605,0.23605
0.68525,0.68525,0.68525,0.68525,0.68525
0.81959,0.81959,0.81959,0.81959,0.81959
0.56187,0.56187,0.56187,0.56187,0.56187
0.93545,0.93545,0.93545,0.93545,0.93545
0.22945,0.22945,0.22945,0.22945,0.22945
0.67184,0.67184,0.67184,0.67184,0.67184
0.83778,0.83778,0.83778,0.83778,0.83778
0.51643,0.51643,0.51643,0.51643,0.51643
0.94897,0.94897,0.94897,0.94897,0.94897
0.184,0.184,0.184,0.184,0.184
0.57056,0.57056,0.57056,0.57056,0.57056
0.93108,0.93108,0.93108,0.93108,0.93108
0.24383,0.24383,0.24383,0.24383,0.24383
0.70064,0.70064,0.70064,0.70064,0.70064
0.79702,0.79702,0.79702,0.79702,0.79702
0.61475,0.61475,0.61475,0.61475,0.61475
0.89996,0.89996,0.89996,0.89996,0.89996
0.34212,0.34212,0.34212,0.34212,0.34212
0.85528,0.85528,0.85528,0.85528,0.85528
0.47035,0.47035,0.47035,0.47035,0.47035
0.94666,0.94666,0.94666,0.94666,0.94666
0.19188,0.19188,0.19188,0.19188,0.19188
0.58924,0.58924,0.58924,0.58924,0.58924
0.91974,0.91974,0.91974,0.91974,0.91974
0.28052,0.28052,0.28052,0.28052,0.28052
0.76694,0.76694,0.76694,0.76694,0.76694
0.67921,0.67921,0.67921,0.67921,0.67921
0.82795,0.82795,0.82795,0.82795,0.82795
0.5413,0.5413,0.5413,0.5413,0.5413
0.94352,0.94352,0.94352,0.94352,0.94352
0.20251,0.20251,0.20251,0.20251,0.20251
0.61369,0.61369,0.61369,0.61369,0.61369
0.90088,0.90088,0.90088,0.90088,0.90088
0.33932,0.33932,0.33932,0.33932,0.33932
0.85189,0.85189,0.85189,0.85189,0.85189
0.47945,0.47945,0.47945,0.47945,0.47945
0.9484,0.9484,0.9484,0.9484,0.9484
0.18598,0.18598,0.18598,0.18598,0.18598
0.57528,0.57528,0.57528,0.57528,0.57528
0.92846,0.92846,0.92846,0.92846,0.92846
0.25239,0.25239,0.25239,0.25239,0.25239
0.71702,0.71702,0.71702,0.71702,0.71702
0.77102,0.77102,0.77102,0.77102,0.77102
0.67087,0.67087,0.67087,0.67087,0.67087
0.83905,0.83905,0.83905,0.83905,0.83905
0.51318,0.51318,0.51318,0.51318,0.51318
0.94934,0.94934,0.94934,0.94934,0.94934
0.18275,0.18275,0.18275,0.18275,0.18275
0.56755,0.56755,0.56755,0.56755,0.56755
0.93266,0.93266,0.93266,0.93266,0.93266
0.23866,0.23866,0.23866,0.23866,0.23866
0.69046,0.69046,0.69046,0.69046,0.69046
0.81215,0.81215,0.81215,0.81215,0.81215
0.57973,0.57973,0.57973,0.57973,0.57973
0.92584,0.92584,0.92584,0.92584,0.92584
0.26089,0.26089,0.26089,0.26089,0.26089
0.73275,0.73275,0.73275,0.73275,0.73275
0.74415,0.74415,0.74415,0.74415,0.74415
0.72349,0.72349,0.72349,0.72349,0.72349
0.7602,0.7602,0.7602,0.7602,0.7602
0.69272,0.69272,0.69272,0.69272,0.69272
0.80887,0.80887,0.80887,0.80887,0.80887
0.58748,0.58748,0.58748,0.58748,0.58748
0.92092,0.92092,0.92092,0.92092,0.92092
0.27675,0.27675,0.27675,0.27675,0.27675
0.7606,0.7606,0.7606,0.7606,0.7606
0.69194,0.69194,0.69194,0.69194,0.69194
0.81001,0.81001,0.81001,0.81001,0.81001
0.5848,0.5848,0.5848,0.5848,0.5848
0.92268,0.92268,0.92268,0.92268,0.92268
0.27111,0.27111,0.27111,0.27111,0.27111
0.75091,0.75091,0.75091,0.75091,0.75091
0.71077,0.71077,0.71077,0.71077,0.71077
0.78119,0.78119,0.78119,0.78119,0.78119
0.64953,0.64953,0.64953,0.64953,0.64953
0.86503,0.86503,0.86503,0.86503,0.86503
0.44366,0.44366,0.44366,0.44366,0.44366
0.93794,0.93794,0.93794,0.93794,0.93794
0.2212,0.2212,0.2212,0.2212,0.2212
0.65462,0.65462,0.65462,0.65462,0.65462
0.85915,0.85915,0.85915,0.85915,0.85915
0.45983,0.45983,0.45983,0.45983,0.45983
0.94387,0.94387,0.94387,0.94387,0.94387
0.20132,0.20132,0.20132,0.20132,0.20132
0.61101,0.61101,0.61101,0.61101,0.61101
0.90317,0.90317,0.90317,0.90317,0.90317
0.33232,0.33232,0.33232,0.33232,0.33232
0.84316,0.84316,0.84316,0.84316,0.84316
0.50251,0.50251,0.50251,0.50251,0.50251
0.94998,0.94998,0.94998,0.94998,0.94998
0.18058,0.18058,0.18058,0.18058,0.18058
0.56229,0.56229,0.56229,0.56229,0.56229
0.93525,0.93525,0.93525,0.93525,0.93525
0.23011,0.23011,0.23011,0.23011,0.23011
0.6732,0.6732,0.6732,0.6732,0.6732
0.83601,0.83601,0.83601,0.83601,0.83601
0.52097,0.52097,0.52097,0.52097,0.52097
0.94833,0.94833,0.94833,0.94833,0.94833
0.1862,0.1862,0.1862,0.1862,0.1862
0.57582,0.57582,0.57582,0.57582,0.57582
0.92815,0.92815,0.92815,0.92815,0.92815
0.2534,0.2534,0.2534,0.2534,0.2534
0.71892,0.71892,0.71892,0.71892,0.71892
0.76789,0.76789,0.76789,0.76789,0.76789
0.6773,0.6773,0.6773,0.6773,0.6773
0.83055,0.83055,0.83055,0.83055,0.83055
0.53479,0.53479,0.53479,0.53479,0.53479
0.9454,0.9454,0.9454,0.9454,0.9454
0.19615,0.19615,0.19615,0.19615,0.19615
0.59917,0.59917,0.59917,0.59917,0.59917
0.91263,0.91263,0.91263,0.91263,0.91263
0.30301,0.30301,0.30301,0.30301,0.30301
0.80254,0.80254,0.80254,0.80254,0.80254
0.60218,0.60218,0.60218,0.60218,0.60218
0.91033,0.91033,0.91033,0.91033,0.91033
0.3102,0.3102,0.3102,0.3102,0.3102
0.81311,0.81311,0.81311,0.81311,0.81311
0.57746,0.57746,0.57746,0.57746,0.57746
0.9272,0.9272,0.9272,0.9272,0.9272
0.2565,0.2565,0.2565,0.2565,0.2565
0.72468,0.72468,0.72468,0.72468,0.72468
0.75817,0.75817,0.75817,0.75817,0.75817
0.69673,0.69673,0.69673,0.69673,0.69673
0.80293,0.80293,0.80293,0.80293,0.80293
0.60128,0.60128,0.60128,0.60128,0.60128
0.91102,0.91102,0.91102,0.91102,0.91102
0.30805,0.30805,0.30805,0.30805,0.30805
0.80998,0.80998,0.80998,0.80998,0.80998
0.58486,0.58486,0.58486,0.58486,0.58486
0.92264,0.92264,0.92264,0.92264,0.92264
0.27123,0.27123,0.27123,0.27123,0.27123
0.75113,0.75113,0.75113,0.75113,0.75113
0.71035,0.71035,0.71035,0.71035,0.71035
0.78186,0.78186,0.78186,0.78186,0.78186
0.64811,0.64811,0.64811,0.64811,0.64811
0.86665,0.86665,0.86665,0.86665,0.86665
0.43917,0.43917,0.43917,0.43917,0.43917
0.93594,0.93594,0.93594,0.93594,0.93594
0.22784,0.22784,0.22784,0.22784,0.22784
0.66853,0.66853,0.66853,0.66853,0.66853
0.84207,0.84207,0.84207,0.84207,0.84207
0.50537,0.50537,0.50537,0.50537,0.50537
0.94989,0.94989,0.94989,0.94989,0.94989
0.18087,0.18087,0.18087,0.18087,0.18087
0.563,0.563,0.563,0.563,0.563
0.93492,0.93492,0.93492,0.93492,0.93492
0.23122,0.23122,0.23122,0.23122,0.23122
0.67548,0.67548,0.67548,0.67548,0.67548
0.83298,0.83298,0.83298,0.83298,0.83298
0.52867,0.52867,0.52867,0.52867,0.52867
0.94688,0.94688,0.94688,0.94688,0.94688
0.19114,0.19114,0.19114,0.19114,0.19114
0.58751,0.58751,0.58751,0.58751,0.58751
0.9209,0.9209,0.9209,0.9209,0.9209
0.2768,0.2768,0.2768,0.2768,0.2768
0.7607,0.7607,0.7607,0.7607,0.7607
0.69174,0.69174,0.69174,0.69174,0.69174
0.8103,0.8103,0.8103,0.8103,0.8103
0.58412,0.58412,0.58412,0.58412,0.58412
0.92311,0.92311,0.92311,0.92311,0.92311
0.26971,0.26971,0.26971,0.26971,0.26971
0.74847,0.74847,0.74847,0.74847,0.74847
0.7154,0.7154,0.7154,0.7154,0.7154
0.77369,0.77369,0.77369,0.77369,0.77369
0.66536,0.66536,0.66536,0.66536,0.66536
0.84609,0.84609,0.84609,0.84609,0.84609
0.49485,0.49485,0.49485,0.49485,0.49485
0.9499,0.9499,0.9499,0.9499,0.9499
0.18085,0.18085,0.18085,0.18085,0.18085
0.56293,0.56293,0.56293,0.56293,0.56293
0.93495,0.93495,0.93495,0.93495,0.93495
0.23111,0.23111,0.23111,0.23111,0.23111
0.67525,0.67525,0.67525,0.67525,0.67525
0.83329,0.83329,0.83329,0.83329,0.83329
0.52789,0.52789,0.52789,0.52789,0.52789
0.94704,0.94704,0.94704,0.94704,0.94704
0.19058,0.19058,0.19058,0.19058,0.19058
0.58618,0.58618,0.58618,0.58618,0.58618
0.92178,0.92178,0.92178,0.92178,0.92178
0.27399,0.27399,0.27399,0.27399,0.27399
0.75589,0.75589,0.75589,0.75589,0.75589
0.70117,0.70117,0.70117,0.70117,0.70117
0.79621,0.79621,0.79621,0.79621,0.79621
0.61658,0.61658,0.61658,0.61658,0.61658
0.89835,0.89835,0.89835,0.89835,0.89835
0.347,0.347,0.347,0.347,0.347
0.86105,0.86105,0.86105,0.86105,0.86105
0.45464,0.45464,0.45464,0.45464,0.45464
0.94218,0.94218,0.94218,0.94218,0.94218
0.207,0.207,0.207,0.207,0.207
0.62378,0.62378,0.62378,0.62378,0.62378
0.89178,0.89178,0.89178,0.89178,0.89178
0.36674,0.36674,0.36674,0.36674,0.36674
0.88252,0.88252,0.88252,0.88252,0.88252
0.39397,0.39397,0.39397,0.39397,0.39397
0.90728,0.90728,0.90728,0.90728,0.90728
0.31966,0.31966,0.31966,0.31966,0.31966
0.82642,0.82642,0.82642,0.82642,0.82642
0.54512,0.54512,0.54512,0.54512,0.54512
0.94226,0.94226,0.94226,0.94226,0.94226
0.20673,0.20673,0.20673,0.20673,0.20673
0.62317,0.62317,0.62317,0.62317,0.62317
0.89235,0.89235,0.89235,0.89235,0.89235
0.36502,0.36502,0.36502,0.36502,0.36502
0.88077,0.88077,0.88077,0.88077,0.88077
0.39906,0.39906,0.39906,0.39906,0.39906
0.91128,0.91128,0.91128,0.91128,0.91128
0.30723,0.30723,0.30723,0.30723,0.30723
0.80879,0.80879,0.80879,0.80879,0.80879
0.58767,0.58767,0.58767,0.58767,0.58767
0.9208,0.9208,0.9208,0.9208,0.9208
0.27714,0.27714,0.27714,0.27714,0.27714
0.76127,0.76127,0.76127,0.76127,0.76127
0.69061,0.69061,0.69061,0.69061,0.69061
0.81193,0.81193,0.81193,0.81193,0.81193
0.58025,0.58025,0.58025,0.58025,0.58025
0.92553,0.92553,0.92553,0.92553,0.92553
0.26192,0.26192,0.26192,0.26192,0.26192
0.73461,0.73461,0.73461,0.73461,0.73461
0.74084,0.74084,0.74084,0.74084,0.74084
0.72958,0.72958,0.72958,0.72958,0.72958
0.74971,0.74971,0.74971,0.74971,0.74971
0.71306,0.71306,0.71306,0.71306,0.71306
0.77751,0.77751,0.77751,0.77751,0.77751
0.65737,0.65737,0.65737,0.65737,0.65737
0.8559,0.8559,0.8559,0.8559,0.8559
0.46868,0.46868,0.46868,0.46868,0.46868
0.94627,0.94627,0.94627,0.94627,0.94627
0.19319,0.19319,0.19319,0.19319,0.19319
0.59231,0.59231,0.59231,0.59231,0.59231
0.91762,0.91762,0.91762,0.91762,0.91762
0.28725,0.28725,0.28725,0.28725,0.28725
0.778,0.778,0.778,0.778,0.778
0.65631,0.65631,0.65631,0.65631,0.65631
0.85715,0.85715,0.85715,0.85715,0.85715
0.46528,0.46528,0.46528,0.46528,0.46528
0.94542,0.94542,0.94542,0.94542,0.94542
0.19608,0.19608,0.19608,0.19608,0.19608
0.59901,0.59901,0.59901,0.59901,0.59901
0.91275,0.91275,0.91275,0.91275,0.91275
0.30263,0.30263,0.30263,0.30263,0.30263
0.80197,0.80197,0.80197,0.80197,0.80197
0.6035,0.6035,0.6035,0.6035,0.6035
0.90929,0.90929,0.90929,0.90929,0.90929
0.31342,0.31342,0.31342,0.31342,0.31342
0.81771,0.81771,0.81771,0.81771,0.81771
0.56643,0.56643,0.56643,0.56643,0.56643
0.93323,0.93323,0.93323,0.93323,0.93323
0.23678,0.23678,0.23678,0.23678,0.23678
0.68673,0.68673,0.68673,0.68673,0.68673
0.81751,0.81751,0.81751,0.81751,0.81751
0.56692,0.56692,0.56692,0.56692,0.56692
0.93298,0.93298,0.93298,0.93298,0.93298
0.2376,0.2376,0.2376,0.2376,0.2376
0.68835,0.68835,0.68835,0.68835,0.68835
0.81519,0.81519,0.81519,0.81519,0.81519
0.57249,0.57249,0.57249,0.57249,0.57249
0.93003,0.93003,0.93003,0.93003,0.93003
0.24728,0.24728,0.24728,0.24728,0.24728
0.70729,0.70729,0.70729,0.70729,0.70729
0.78671,0.78671,0.78671,0.78671,0.78671
0.63763,0.63763,0.63763,0.63763,0.63763
0.87802,0.87802,0.87802,0.87802,0.87802
0.40698,0.40698,0.40698,0.40698,0.40698
0.91712,0.91712,0.91712,0.91712,0.91712
0.28884,0.28884,0.28884,0.28884,0.28884
0.78056,0.78056,0.78056,0.78056,0.78056
0.6509,0.6509,0.6509,0.6509,0.6509
0.86348,0.86348,0.86348,0.86348,0.86348
0.44796,0.44796,0.44796,0.44796,0.44796
0.93971,0.93971,0.93971,0.93971,0.93971
0.21529,0.21529,0.21529,0.21529,0.21529
0.64197,0.64197,0.64197,0.64197,0.64197
0.87341,0.87341,0.87341,0.87341,0.87341
0.42015,0.42015,0.42015,0.42015,0.42015
0.92577,0.92577,0.92577,0.92577,0.92577
0.26114,0.26114,0.26114,0.26114,0.26114
0.73319,0.73319,0.73319,0.73319,0.73319
0.74336,0.74336,0.74336,0.74336,0.74336
0.72495,0.72495,0.72495,0.72495,0.72495
0.75771,0.75771,0.75771,0.75771,0.75771
0.69763,0.69763,0.69763,0.69763,0.69763
0.80158,0.80158,0.80158,0.80158,0.80158
0.60439,0.60439,0.60439,0.60439,0.60439
0.90859,0.90859,0.90859,0.90859,0.90859
0.31561,0.31561,0.31561,0.31561,0.31561
0.8208,0.8208,0.8208,0.8208,0.8208
0.55893,0.55893,0.55893,0.55893,0.55893
0.93681,0.93681,0.93681,0.93681,0.93681
0.22496,0.22496,0.22496,0.22496,0.22496
0.66255,0.66255,0.66255,0.66255,0.66255
0.8496,0.8496,0.8496,0.8496,0.8496
0.48557,0.48557,0.48557,0.48557,0.48557
0.94921,0.94921,0.94921,0.94921,0.94921
0.1832,0.1832,0.1832,0.1832,0.1832
0.56863,0.56863,0.56863,0.56863,0.56863
0.9321,0.9321,0.9321,0.9321,0.9321
0.24049,0.24049,0.24049,0.24049,0.24049
0.69409,0.69409,0.69409,0.69409,0.69409
0.80684,0.80684,0.80684,0.80684,0.80684
0.59222,0.59222,0.59222,0.59222,0.59222
0.91769,0.91769,0.91769,0.91769,0.91769
0.28705,0.28705,0.28705,0.28705,0.28705
0.77768,0.77768,0.77768,0.77768,0.77768
0.657,0.657,0.657,0.657,0.657
0.85633,0.85633,0.85633,0.85633,0.85633
0.46751,0.46751,0.46751,0.46751,0.46751
0.94599,0.94599,0.94599,0.94599,0.94599
0.19416,0.19416,0.19416,0.19416,0.19416
0.59455,0.59455,0.59455,0.59455,0.59455
0.91603,0.91603,0.91603,0.91603,0.91603
0.29229,0.29229,0.29229,0.29229,0.29229
0.78605,0.78605,0.78605,0.78605,0.78605
0.63907,0.63907,0.63907,0.63907,0.63907
0.87651,0.87651,0.87651,0.87651,0.87651
0.41132,0.41132,0.41132,0.41132,0.41132
0.92012,0.92012,0.92012,0.92012,0.92012
0.2793,0.2793,0.2793,0.2793,0.2793
