0.1,0.2,0.3,0.5,0.6
0.0938,0.1092,0.1456,0.168,0.1484
0.067012,0.070172,0.085435,0.093815,0.084547
0.04623,0.047096,0.053854,0.057481,0.053163
0.031849,0.032155,0.035268,0.036935,0.034899
0.022023,0.022151,0.023627,0.024418,0.023443
0.015283,0.015342,0.016056,0.01644,0.015966
0.010635,0.010664,0.011014,0.011203,0.010969
0.0074152,0.0074291,0.0076028,0.0076962,0.0075804
0.0051769,0.0051838,0.0052704,0.005317,0.0052593
0.0036174,0.0036209,0.0036643,0.0036877,0.0036587
0.0025292,0.002531,0.0025528,0.0025646,0.00255
0.0017691,0.00177,0.001781,0.0017869,0.0017796
0.0012378,0.0012382,0.0012438,0.0012468,0.0012431
0.00086617,0.0008664,0.0008692,0.00087072,0.00086884
0.0006062,0.00060631,0.00060773,0.0006085,0.00060755
0.00042429,0.00042435,0.00042506,0.00042545,0.00042497
0.00029698,0.00029701,0.00029737,0.00029757,0.00029732
0.00020788,0.00020789,0.00020807,0.00020817,0.00020805
0.00014551,0.00014552,0.00014561,0.00014566,0.0001456
0.00010186,0.00010186,0.00010191,0.00010193,0.0001019
7.1298e-05,7.13e-05,7.1324e-05,7.1337e-05,7.1321e-05
4.9909e-05,4.991e-05,4.9922e-05,4.9928e-05,4.992e-05
3.4936e-05,3.4937e-05,3.4943e-05,3.4946e-05,3.4942e-05
2.4455e-05,2.4456e-05,2.4459e-05,2.446e-05,2.4458e-05
1.7119e-05,1.7119e-05,1.712e-05,1.7121e-05,1.712e-05
1.1983e-05,1.1983e-05,1.1984e-05,1.1984e-05,1.1984e-05
8.3882e-06,8.3882e-06,8.3886e-06,8.3889e-06,8.3886e-06
5.8717e-06,5.8718e-06,5.872e-06,5.8721e-06,5.8719e-06
4.1102e-06,4.1102e-06,4.1103e-06,4.1104e-06,4.1103e-06
2.8772e-06,2.8772e-06,2.8772e-06,2.8772e-06,2.8772e-06
2.014e-06,2.014e-06,2.014e-06,2.0141e-06,2.014e-06
1.4098e-06,1.4098e-06,1.4098e-06,1.4098e-06,1.4098e-06
9.8687e-07,9.8687e-07,9.8688e-07,9.8688e-07,9.8688e-07
6.9081e-07,6.9081e-07,6.9081e-07,6.9081e-07,6.9081e-07
4.8357e-07,4.8357e-07,4.8357e-07,4.8357e-07,4.8357e-07
3.385e-07,3.385e-07,3.385e-07,3.385e-07,3.385e-07
2.3695e-07,2.3695e-07,2.3695e-07,2.3695e-07,2.3695e-07
1.6586e-07,1.6586e-07,1.6586e-07,1.6586e-07,1.6586e-07
1.161e-07,1.161e-07,1.161e-07,1.161e-07,1.161e-07
8.1273e-08,8.1273e-08,8.1273e-08,8.1273e-08,8.1273e-08
5.6891e-08,5.6891e-08,5.6891e-08,5.6891e-08,5.6891e-08
3.9824e-08,3.9824e-08,3.9824e-08,3.9824e-08,3.9824e-08
2.7877e-08,2.7877e-08,2.7877e-08,2.7877e-08,2.7877e-08
1.9514e-08,1.9514e-08,1.9514e-08,1.9514e-08,1.9514e-08
1.366e-08,1.366e-08,1.366e-08,1.366e-08,1.366e-08
9.5617e-09,9.5617e-09,9.5617e-09,9.5617e-09,9.5617e-09
6.6932e-09,6.6932e-09,6.6932e-09,6.6932e-09,6.6932e-09
4.6852e-09,4.6852e-09,4.6852e-09,4.6852e-09,4.6852e-09
3.2797e-09,3.2797e-09,3.2797e-09,3.2797e-09,3.2797e-09
2.2958e-09,2.2958e-09,2.2958e-09,2.2958e-09,2.2958e-09
1.607e-09,1.607e-09,1.607e-09,1.607e-09,1.607e-09
1.1249e-09,1.1249e-09,1.1249e-09,1.1249e-09,1.1249e-09
7.8745e-10,7.8745e-10,7.8745e-10,7.8745e-10,7.8745e-10
5.5121e-10,5.5121e-10,5.5121e-10,5.5121e-10,5.5121e-10
3.8585e-10,3.8585e-10,3.8585e-10,3.8585e-10,3.8585e-10
2.7009e-10,2.7009e-10,2.7009e-10,2.7009e-10,2.7009e-10
1.8907e-10,1.8907e-10,1.8907e-10,1.8907e-10,1.8907e-10
1.3235e-10,1.3235e-10,1.3235e-10,1.3235e-10,1.3235e-10
9.2642e-11,9.2642e-11,9.2642e-11,9.2642e-11,9.2642e-11
6.485e-11,6.485e-11,6.485e-11,6.485e-11,6.485e-11
4.5395e-11,4.5395e-11,4.5395e-11,4.5395e-11,4.5395e-11
3.1776e-11,3.1776e-11,3.1776e-11,3.1776e-11,3.1776e-11
2.2243e-11,2.2243e-11,2.2243e-11,2.2243e-11,2.2243e-11
1.557e-11,1.557e-11,1.557e-11,1.557e-11,1.557e-11
1.0899e-11,1.0899e-11,1.0899e-11,1.0899e-11,1.0899e-11
7.6295e-12,7.6295e-12,7.6295e-12,7.6295e-12,7.6295e-12
5.3406e-12,5.3406e-12,5.3406e-12,5.3406e-12,5.3406e-12
3.7385e-12,3.7385e-12,3.7385e-12,3.7385e-12,3.7385e-12
2.6169e-12,2.6169e-12,2.6169e-12,2.6169e-12,2.6169e-12
1.8318e-12,1.8318e-12,1.8318e-12,1.8318e-12,1.8318e-12
1.2823e-12,1.2823e-12,1.2823e-12,1.2823e-12,1.2823e-12
8.976e-13,8.976e-13,8.976e-13,8.976e-13,8.976e-13
6.2832e-13,6.2832e-13,6.2832e-13,6.2832e-13,6.2832e-13
4.3983e-13,4.3983e-13,4.3983e-13,4.3983e-13,4.3983e-13
3.0788e-13,3.0788e-13,3.0788e-13,3.0788e-13,3.0788e-13
2.1551e-13,2.1551e-13,2.1551e-13,2.1551e-13,2.1551e-13
1.5086e-13,1.5086e-13,1.5086e-13,1.5086e-13,1.5086e-13
1.056e-13,1.056e-13,1.056e-13,1.056e-13,1.056e-13
7.3921e-14,7.3921e-14,7.3921e-14,7.3921e-14,7.3921e-14
5.1745e-14,5.1745e-14,5.1745e-14,5.1745e-14,5.1745e-14
3.6221e-14,3.6221e-14,3.6221e-14,3.6221e-14,3.6221e-14
2.5355e-14,2.5355e-14,2.5355e-14,2.5355e-14,2.5355e-14
1.7749e-14,1.7749e-14,1.7749e-14,1.7749e-14,1.7749e-14
1.2424e-14,1.2424e-14,1.2424e-14,1.2424e-14,1.2424e-14
8.6968e-15,8.6968e-15,8.6968e-15,8.6968e-15,8.6968e-15
6.0877e-15,6.0877e-15,6.0877e-15,6.0877e-15,6.0877e-15
4.2614e-15,4.2614e-15,4.2614e-15,4.2614e-15,4.2614e-15
2.983e-15,2.983e-15,2.983e-15,2.983e-15,2.983e-15
2.0881e-15,2.0881e-15,2.0881e-15,2.0881e-15,2.0881e-15
1.4617e-15,1.4617e-15,1.4617e-15,1.4617e-15,1.4617e-15
1.0232e-15,1.0232e-15,1.0232e-15,1.0232e-15,1.0232e-15
7.1622e-16,7.1622e-16,7.1622e-16,7.1622e-16,7.1622e-16
5.0135e-16,5.0135e-16,5.0135e-16,5.0135e-16,5.0135e-16
3.5095e-16,3.5095e-16,3.5095e-16,3.5095e-16,3.5095e-16
2.4566e-16,2.4566e-16,2.4566e-16,2.4566e-16,2.4566e-16
1.7196e-16,1.7196e-16,1.7196e-16,1.7196e-16,1.7196e-16
1.2037e-16,1.2037e-16,1.2037e-16,1.2037e-16,1.2037e-16
8.4262e-17,8.4262e-17,8.4262e-17,8.4262e-17,8.4262e-17
5.8984e-17,5.8984e-17,5.8984e-17,5.8984e-17,5.8984e-17
4.1289e-17,4.1289e-17,4.1289e-17,4.1289e-17,4.1289e-17
2.8902e-17,2.8902e-17,2.8902e-17,2.8902e-17,2.8902e-17
2.0231e-17,2.0231e-17,2.0231e-17,2.0231e-17,2.0231e-17
1.4162e-17,1.4162e-17,1.4162e-17,1.4162e-17,1.4162e-17
9.9134e-18,9.9134e-18,9.9134e-18,9.9134e-18,9.9134e-18
6.9394e-18,6.9394e-18,6.9394e-18,6.9394e-18,6.9394e-18
4.8576e-18,4.8576e-18,4.8576e-18,4.8576e-18,4.8576e-18
3.4003e-18,3.4003e-18,3.4003e-18,3.4003e-18,3.4003e-18
2.3802e-18,2.3802e-18,2.3802e-18,2.3802e-18,2.3802e-18
1.6661e-18,1.6661e-18,1.6661e-18,1.6661e-18,1.6661e-18
1.1663e-18,1.1663e-18,1.1663e-18,1.1663e-18,1.1663e-18
8.1641e-19,8.1641e-19,8.1641e-19,8.1641e-19,8.1641e-19
5.7149e-19,5.7149e-19,5.7149e-19,5.7149e-19,5.7149e-19
4.0004e-19,4.0004e-19,4.0004e-19,4.0004e-19,4.0004e-19
2.8003e-19,2.8003e-19,2.8003e-19,2.8003e-19,2.8003e-19
1.9602e-19,1.9602e-19,1.9602e-19,1.9602e-19,1.9602e-19
1.3721e-19,1.3721e-19,1.3721e-19,1.3721e-19,1.3721e-19
9.605e-20,9.605e-20,9.605e-20,9.605e-20,9.605e-20
6.7235e-20,6.7235e-20,6.7235e-20,6.7235e-20,6.7235e-20
4.7064e-20,4.7064e-20,4.7064e-20,4.7064e-20,4.7064e-20
3.2945e-20,3.2945e-20,3.2945e-20,3.2945e-20,3.2945e-20
2.3062e-20,2.3062e-20,2.3062e-20,2.3062e-20,2.3062e-20
1.6143e-20,1.6143e-20,1.6143e-20,1.6143e-20,1.6143e-20
1.13e-20,1.13e-20,1.13e-20,1.13e-20,1.13e-20
7.9101e-21,7.9101e-21,7.9101e-21,7.9101e-21,7.9101e-21
5.5371e-21,5.5371e-21,5.5371e-21,5.5371e-21,5.5371e-21
3.876e-21,3.876e-21,3.876e-21,3.876e-21,3.876e-21
2.7132e-21,2.7132e-21,2.7132e-21,2.7132e-21,2.7132e-21
1.8992e-21,1.8992e-21,1.8992e-21,1.8992e-21,1.8992e-21
1.3295e-21,1.3295e-21,1.3295e-21,1.3295e-21,1.3295e-21
9.3062e-22,9.3062e-22,9.3062e-22,9.3062e-22,9.3062e-22
6.5143e-22,6.5143e-22,6.5143e-22,6.5143e-22,6.5143e-22
4.56e-22,4.56e-22,4.56e-22,4.56e-22,4.56e-22
3.192e-22,3.192e-22,3.192e-22,3.192e-22,3.192e-22
2.2344e-22,2.2344e-22,2.2344e-22,2.2344e-22,2.2344e-22
1.5641e-22,1.5641e-22,1.5641e-22,1.5641e-22,1.5641e-22
1.0949e-22,1.0949e-22,1.0949e-22,1.0949e-22,1.0949e-22
7.664e-23,7.664e-23,7.664e-23,7.664e-23,7.664e-23
5.3648e-23,5.3648e-23,5.3648e-23,5.3648e-23,5.3648e-23
3.7554e-23,3.7554e-23,3.7554e-23,3.7554e-23,3.7554e-23
2.6288e-23,2.6288e-23,2.6288e-23,2.6288e-23,2.6288e-23
1.8401e-23,1.8401e-23,1.8401e-23,1.8401e-23,1.8401e-23
1.2881e-23,1.2881e-23,1.2881e-23,1.2881e-23,1.2881e-23
9.0166e-24,9.0166e-24,9.0166e-24,9.0166e-24,9.0166e-24
6.3116e-24,6.3116e-24,6.3116e-24,6.3116e-24,6.3116e-24
4.4182e-24,4.4182e-24,4.4182e-24,4.4182e-24,4.4182e-24
3.0927e-24,3.0927e-24,3.0927e-24,3.0927e-24,3.0927e-24
2.1649e-24,2.1649e-24,2.1649e-24,2.1649e-24,2.1649e-24
1.5154e-24,1.5154e-24,1.5154e-24,1.5154e-24,1.5154e-24
1.0608e-24,1.0608e-24,1.0608e-24,1.0608e-24,1.0608e-24
7.4256e-25,7.4256e-25,7.4256e-25,7.4256e-25,7.4256e-25
5.1979e-25,5.1979e-25,5.1979e-25,5.1979e-25,5.1979e-25
3.6385e-25,3.6385e-25,3.6385e-25,3.6385e-25,3.6385e-25
2.547e-25,2.547e-25,2.547e-25,2.547e-25,2.547e-25
1.7829e-25,1.7829e-25,1.7829e-25,1.7829e-25,1.7829e-25
1.248e-25,1.248e-25,1.248e-25,1.248e-25,1.248e-25
8.7361e-26,8.7361e-26,8.7361e-26,8.7361e-26,8.7361e-26
6.1153e-26,6.1153e-26,6.1153e-26,6.1153e-26,6.1153e-26
4.2807e-26,4.2807e-26,4.2807e-26,4.2807e-26,4.2807e-26
2.9965e-26,2.9965e-26,2.9965e-26,2.9965e-26,2.9965e-26
2.0975e-26,2.0975e-26,2.0975e-26,2.0975e-26,2.0975e-26
1.4683e-26,1.4683e-26,1.4683e-26,1.4683e-26,1.4683e-26
1.0278e-26,1.0278e-26,1.0278e-26,1.0278e-26,1.0278e-26
7.1946e-27,7.1946e-27,7.1946e-27,7.1946e-27,7.1946e-27
5.0362e-27,5.0362e-27,5.0362e-27,5.0362e-27,5.0362e-27
3.5253e-27,3.5253e-27,3.5253e-27,3.5253e-27,3.5253e-27
2.4677e-27,2.4677e-27,2.4677e-27,2.4677e-27,2.4677e-27
1.7274e-27,1.7274e-27,1.7274e-27,1.7274e-27,1.7274e-27
1.2092e-27,1.2092e-27,1.2092e-27,1.2092e-27,1.2092e-27
8.4644e-28,8.4644e-28,8.4644e-28,8.4644e-28,8.4644e-28
5.925e-28,5.925e-28,5.925e-28,5.925e-28,5.925e-28
4.1475e-28,4.1475e-28,4.1475e-28,4.1475e-28,4.1475e-28
2.9033e-28,2.9033e-28,2.9033e-28,2.9033e-28,2.9033e-28
2.0323e-28,2.0323e-28,2.0323e-28,2.0323e-28,2.0323e-28
1.4226e-28,1.4226e-28,1.4226e-28,1.4226e-28,1.4226e-28
9.9582e-29,9.9582e-29,9.9582e-29,9.9582e-29,9.9582e-29
6.9708e-29,6.9708e-29,6.9708e-29,6.9708e-29,6.9708e-29
4.8795e-29,4.8795e-29,4.8795e-29,4.8795e-29,4.8795e-29
3.4157e-29,3.4157e-29,3.4157e-29,3.4157e-29,3.4157e-29
2.391e-29,2.391e-29,2.391e-29,2.391e-29,2.391e-29
1.6737e-29,1.6737e-29,1.6737e-29,1.6737e-29,1.6737e-29
1.1716e-29,1.1716e-29,1.1716e-29,1.1716e-29,1.1716e-29
8.201e-30,8.201e-30,8.201e-30,8.201e-30,8.201e-30
5.7407e-30,5.7407e-30,5.7407e-30,5.7407e-30,5.7407e-30
4.0185e-30,4.0185e-30,4.0185e-30,4.0185e-30,4.0185e-30
2.813e-30,2.813e-30,2.813e-30,2.813e-30,2.813e-30
1.9691e-30,1.9691e-30,1.9691e-30,1.9691e-30,1.9691e-30
1.3783e-30,1.3783e-30,1.3783e-30,1.3783e-30,1.3783e-30
9.6484e-31,9.6484e-31,9.6484e-31,9.6484e-31,9.6484e-31
6.7539e-31,6.7539e-31,6.7539e-31,6.7539e-31,6.7539e-31
4.7277e-31,4.7277e-31,4.7277e-31,4.7277e-31,4.7277e-31
3.3094e-31,3.3094e-31,3.3094e-31,3.3094e-31,3.3094e-31
2.3166e-31,2.3166e-31,2.3166e-31,2.3166e-31,2.3166e-31
1.6216e-31,1.6216e-31,1.6216e-31,1.6216e-31,1.6216e-31
1.1351e-31,1.1351e-31,1.1351e-31,1.1351e-31,1.1351e-31
7.9459e-32,7.9459e-32,7.9459e-32,7.9459e-32,7.9459e-32
5.5621e-32,5.5621e-32,5.5621e-32,5.5621e-32,5.5621e-32
3.8935e-32,3.8935e-32,3.8935e-32,3.8935e-32,3.8935e-32
2.7254e-32,2.7254e-32,2.7254e-32,2.7254e-32,2.7254e-32
1.9078e-32,1.9078e-32,1.9078e-32,1.9078e-32,1.9078e-32
1.3355e-32,1.3355e-32,1.3355e-32,1.3355e-32,1.3355e-32
9.3483e-33,9.3483e-33,9.3483e-33,9.3483e-33,9.3483e-33
6.5438e-33,6.5438e-33,6.5438e-33,6.5438e-33,6.5438e-33
4.5807e-33,4.5807e-33,4.5807e-33,4.5807e-33,4.5807e-33
3.2065e-33,3.2065e-33,3.2065e-33,3.2065e-33,3.2065e-33
2.2445e-33,2.2445e-33,2.2445e-33,2.2445e-33,2.2445e-33
1.5712e-33,1.5712e-33,1.5712e-33,1.5712e-33,1.5712e-33
1.0998e-33,1.0998e-33,1.0998e-33,1.0998e-33,1.0998e-33
7.6987e-34,7.6987e-34,7.6987e-34,7.6987e-34,7.6987e-34
5.3891e-34,5.3891e-34,5.3891e-34,5.3891e-34,5.3891e-34
3.7724e-34,3.7724e-34,3.7724e-34,3.7724e-34,3.7724e-34
2.6407e-34,2.6407e-34,2.6407e-34,2.6407e-34,2.6407e-34
1.8485e-34,1.8485e-34,1.8485e-34,1.8485e-34,1.8485e-34
1.2939e-34,1.2939e-34,1.2939e-34,1.2939e-34,1.2939e-34
9.0574e-35,9.0574e-35,9.0574e-35,9.0574e-35,9.0574e-35
6.3402e-35,6.3402e-35,6.3402e-35,6.3402e-35,6.3402e-35
4.4381e-35,4.4381e-35,4.4381e-35,4.4381e-35,4.4381e-35
3.1067e-35,3.1067e-35,3.1067e-35,3.1067e-35,3.1067e-35
2.1747e-35,2.1747e-35,2.1747e-35,2.1747e-35,2.1747e-35
1.5223e-35,1.5223e-35,1.5223e-35,1.5223e-35,1.5223e-35
1.0656e-35,1.0656e-35,1.0656e-35,1.0656e-35,1.0656e-35
7.4592e-36,7.4592e-36,7.4592e-36,7.4592e-36,7.4592e-36
5.2214e-36,5.2214e-36,5.2214e-36,5.2214e-36,5.2214e-36
3.655e-36,3.655e-36,3.655e-36,3.655e-36,3.655e-36
2.5585e-36,2.5585e-36,2.5585e-36,2.5585e-36,2.5585e-36
1.791e-36,1.791e-36,1.791e-36,1.791e-36,1.791e-36
1.2537e-36,1.2537e-36,1.2537e-36,1.2537e-36,1.2537e-36
8.7757e-37,8.7757e-37,8.7757e-37,8.7757e-37,8.7757e-37
6.143e-37,6.143e-37,6.143e-37,6.143e-37,6.143e-37
4.3001e-37,4.3001e-37,4.3001e-37,4.3001e-37,4.3001e-37
3.0101e-37,3.0101e-37,3.0101e-37,3.0101e-37,3.0101e-37
2.107e-37,2.107e-37,2.107e-37,2.107e-37,2.107e-37
1.4749e-37,1.4749e-37,1.4749e-37,1.4749e-37,1.4749e-37
1.0324e-37,1.0324e-37,1.0324e-37,1.0324e-37,1.0324e-37
7.2271e-38,7.2271e-38,7.2271e-38,7.2271e-38,7.2271e-38
5.059e-38,5.059e-38,5.059e-38,5.059e-38,5.059e-38
3.5413e-38,3.5413e-38,3.5413e-38,3.5413e-38,3.5413e-38
2.4789e-38,2.4789e-38,2.4789e-38,2.4789e-38,2.4789e-38
1.7352e-38,1.7352e-38,1.7352e-38,1.7352e-38,1.7352e-38
1.2147e-38,1.2147e-38,1.2147e-38,1.2147e-38,1.2147e-38
8.5027e-39,8.5027e-39,8.5027e-39,8.5027e-39,8.5027e-39
5.9519e-39,5.9519e-39,5.9519e-39,5.9519e-39,5.9519e-39
4.1663e-39,4.1663e-39,4.1663e-39,4.1663e-39,4.1663e-39
2.9164e-39,2.9164e-39,2.9164e-39,2.9164e-39,2.9164e-39
2.0415e-39,2.0415e-39,2.0415e-39,2.0415e-39,2.0415e-39
1.429e-39,1.429e-39,1.429e-39,1.429e-39,1.429e-39
1.0003e-39,1.0003e-39,1.0003e-39,1.0003e-39,1.0003e-39
7.0023e-40,7.0023e-40,7.0023e-40,7.0023e-40,7.0023e-40
4.9016e-40,4.9016e-40,4.9016e-40,4.9016e-40,4.9016e-40
3.4311e-40,3.4311e-40,3.4311e-40,3.4311e-40,3.4311e-40
2.4018e-40,2.4018e-40,2.4018e-40,2.4018e-40,2.4018e-40
1.6813e-40,1.6813e-40,1.6813e-40,1.6813e-40,1.6813e-40
1.1769e-40,1.1769e-40,1.1769e-40,1.1769e-40,1.1769e-40
8.2381e-41,8.2381e-41,8.2381e-41,8.2381e-41,8.2381e-41
5.7667e-41,5.7667e-41,5.7667e-41,5.7667e-41,5.7667e-41
4.0367e-41,4.0367e-41,4.0367e-41,4.0367e-41,4.0367e-41
2.8257e-41,2.8257e-41,2.8257e-41,2.8257e-41,2.8257e-41
1.978e-41,1.978e-41,1.978e-41,1.978e-41,1.978e-41
1.3846e-41,1.3846e-41,1.3846e-41,1.3846e-41,1.3846e-41
9.6921e-42,9.6921e-42,9.6921e-42,9.6921e-42,9.6921e-42
6.7845e-42,6.7845e-42,6.7845e-42,6.7845e-42,6.7845e-42
4.7491e-42,4.7491e-42,4.7491e-42,4.7491e-42,4.7491e-42
3.3244e-42,3.3244e-42,3.3244e-42,3.3244e-42,3.3244e-42
2.3271e-42,2.3271e-42,2.3271e-42,2.3271e-42,2.3271e-42
1.6289e-42,1.6289e-42,1.6289e-42,1.6289e-42,1.6289e-42
1.1403e-42,1.1403e-42,1.1403e-42,1.1403e-42,1.1403e-42
7.9819e-43,7.9819e-43,7.9819e-43,7.9819e-43,7.9819e-43
5.5873e-43,5.5873e-43,5.5873e-43,5.5873e-43,5.5873e-43
3.9111e-43,3.9111e-43,3.9111e-43,3.9111e-43,3.9111e-43
2.7378e-43,2.7378e-43,2.7378e-43,2.7378e-43,2.7378e-43
1.9164e-43,1.9164e-43,1.9164e-43,1.9164e-43,1.9164e-43
1.3415e-43,1.3415e-43,1.3415e-43,1.3415e-43,1.3415e-43
9.3906e-44,9.3906e-44,9.3906e-44,9.3906e-44,9.3906e-44
6.5734e-44,6.5734e-44,6.5734e-44,6.5734e-44,6.5734e-44
4.6014e-44,4.6014e-44,4.6014e-44,4.6014e-44,4.6014e-44
3.221e-44,3.221e-44,3.221e-44,3.221e-44,3.221e-44
2.2547e-44,2.2547e-44,2.2547e-44,2.2547e-44,2.2547e-44
1.5783e-44,1.5783e-44,1.5783e-44,1.5783e-44,1.5783e-44
1.1048e-44,1.1048e-44,1.1048e-44,1.1048e-44,1.1048e-44
7.7335e-45,7.7335e-45,7.7335e-45,7.7335e-45,7.7335e-45
5.4135e-45,5.4135e-45,5.4135e-45,5.4135e-45,5.4135e-45
3.7894e-45,3.7894e-45,3.7894e-45,3.7894e-45,3.7894e-45
2.6526e-45,2.6526e-45,2.6526e-45,2.6526e-45,2.6526e-45
1.8568e-45,1.8568e-45,1.8568e-45,1.8568e-45,1.8568e-45
1.2998e-45,1.2998e-45,1.2998e-45,1.2998e-45,1.2998e-45
9.0984e-46,9.0984e-46,9.0984e-46,9.0984e-46,9.0984e-46
6.3689e-46,6.3689e-46,6.3689e-46,6.3689e-46,6.3689e-46
4.4582e-46,4.4582e-46,4.4582e-46,4.4582e-46,4.4582e-46
3.1208e-46,3.1208e-46,3.1208e-46,3.1208e-46,3.1208e-46
2.1845e-46,2.1845e-46,2.1845e-46,2.1845e-46,2.1845e-46
1.5292e-46,1.5292e-46,1.5292e-46,1.5292e-46,1.5292e-46
1.0704e-46,1.0704e-46,1.0704e-46,1.0704e-46,1.0704e-46
7.4929e-47,7.4929e-47,7.4929e-47,7.4929e-47,7.4929e-47
5.2451e-47,5.2451e-47,5.2451e-47,5.2451e-47,5.2451e-47
3.6715e-47,3.6715e-47,3.6715e-47,3.6715e-47,3.6715e-47
2.5701e-47,2.5701e-47,2.5701e-47,2.5701e-47,2.5701e-47
1.7991e-47,1.7991e-47,1.7991e-47,1.7991e-47,1.7991e-47
1.2593e-47,1.2593e-47,1.2593e-47,1.2593e-47,1.2593e-47
8.8154e-48,8.8154e-48,8.8154e-48,8.8154e-48,8.8154e-48
6.1708e-48,6.1708e-48,6.1708e-48,6.1708e-48,6.1708e-48
4.3195e-48,4.3195e-48,4.3195e-48,4.3195e-48,4.3195e-48
3.0237e-48,3.0237e-48,3.0237e-48,3.0237e-48,3.0237e-48
2.1166e-48,2.1166e-48,2.1166e-48,2.1166e-48,2.1166e-48
1.4816e-48,1.4816e-48,1.4816e-48,1.4816e-48,1.4816e-48
1.0371e-48,1.0371e-48,1.0371e-48,1.0371e-48,1.0371e-48
7.2598e-49,7.2598e-49,7.2598e-49,7.2598e-49,7.2598e-49
5.0819e-49,5.0819e-49,5.0819e-49,5.0819e-49,5.0819e-49
3.5573e-49,3.5573e-49,3.5573e-49,3.5573e-49,3.5573e-49
2.4901e-49,2.4901e-49,2.4901e-49,2.4901e-49,2.4901e-49
1.7431e-49,1.7431e-49,1.7431e-49,1.7431e-49,1.7431e-49
1.2202e-49,1.2202e-49,1.2202e-49,1.2202e-49,1.2202e-49
8.5411e-50,8.5411e-50,8.5411e-50,8.5411e-50,8.5411e-50
5.9788e-50,5.9788e-50,5.9788e-50,5.9788e-50,5.9788e-50
4.1852e-50,4.1852e-50,4.1852e-50,4.1852e-50,4.1852e-50
2.9296e-50,2.9296e-50,2.9296e-50,2.9296e-50,2.9296e-50
2.0507e-50,2.0507e-50,2.0507e-50,2.0507e-50,2.0507e-50
1.4355e-50,1.4355e-50,1.4355e-50,1.4355e-50,1.4355e-50
1.0049e-50,1.0049e-50,1.0049e-50,1.0049e-50,1.0049e-50
7.034e-51,7.034e-51,7.034e-51,7.034e-51,7.034e-51
4.9238e-51,4.9238e-51,4.9238e-51,4.9238e-51,4.9238e-51
3.4467e-51,3.4467e-51,3.4467e-51,3.4467e-51,3.4467e-51
2.4127e-51,2.4127e-51,2.4127e-51,2.4127e-51,2.4127e-51
1.6889e-51,1.6889e-51,1.6889e-51,1.6889e-51,1.6889e-51
1.1822e-51,1.1822e-51,1.1822e-51,1.1822e-51,1.1822e-51
8.2754e-52,8.2754e-52,8.2754e-52,8.2754e-52,8.2754e-52
5.7928e-52,5.7928e-52,5.7928e-52,5.7928e-52,5.7928e-52
4.055e-52,4.055e-52,4.055e-52,4.055e-52,4.055e-52
2.8385e-52,2.8385e-52,2.8385e-52,2.8385e-52,2.8385e-52
1.9869e-52,1.9869e-52,1.9869e-52,1.9869e-52,1.9869e-52
1.3908e-52,1.3908e-52,1.3908e-52,1.3908e-52,1.3908e-52
9.7359e-53,9.7359e-53,9.7359e-53,9.7359e-53,9.7359e-53
6.8152e-53,6.8152e-53,6.8152e-53,6.8152e-53,6.8152e-53
4.7706e-53,4.7706e-53,4.7706e-53,4.7706e-53,4.7706e-53
3.3394e-53,3.3394e-53,3.3394e-53,3.3394e-53,3.3394e-53
2.3376e-53,2.3376e-53,2.3376e-53,2.3376e-53,2.3376e-53
1.6363e-53,1.6363e-53,1.6363e-53,1.6363e-53,1.6363e-53
1.1454e-53,1.1454e-53,1.1454e-53,1.1454e-53,1.1454e-53
8.018e-54,8.018e-54,8.018e-54,8.018e-54,8.018e-54
5.6126e-54,5.6126e-54,5.6126e-54,5.6126e-54,5.6126e-54
3.9288e-54,3.9288e-54,3.9288e-54,3.9288e-54,3.9288e-54
2.7502e-54,2.7502e-54,2.7502e-54,2.7502e-54,2.7502e-54
1.9251e-54,1.9251e-54,1.9251e-54,1.9251e-54,1.9251e-54
1.3476e-54,1.3476e-54,1.3476e-54,1.3476e-54,1.3476e-54
9.4331e-55,9.4331e-55,9.4331e-55,9.4331e-55,9.4331e-55
6.6031e-55,6.6031e-55,6.6031e-55,6.6031e-55,6.6031e-55
4.6222e-55,4.6222e-55,4.6222e-55,4.6222e-55,4.6222e-55
3.2355e-55,3.2355e-55,3.2355e-55,3.2355e-55,3.2355e-55
2.2649e-55,2.2649e-55,2.2649e-55,2.2649e-55,2.2649e-55
1.5854e-55,1.5854e-55,1.5854e-55,1.5854e-55,1.5854e-55
1.1098e-55,1.1098e-55,1.1098e-55,1.1098e-55,1.1098e-55
7.7685e-56,7.7685e-56,7.7685e-56,7.7685e-56,7.7685e-56
5.438e-56,5.438e-56,5.438e-56,5.438e-56,5.438e-56
3.8066e-56,3.8066e-56,3.8066e-56,3.8066e-56,3.8066e-56
2.6646e-56,2.6646e-56,2.6646e-56,2.6646e-56,2.6646e-56
1.8652e-56,1.8652e-56,1.8652e-56,1.8652e-56,1.8652e-56
1.3057e-56,1.3057e-56,1.3057e-56,1.3057e-56,1.3057e-56
9.1396e-57,9.1396e-57,9.1396e-57,9.1396e-57,9.1396e-57
6.3977e-57,6.3977e-57,6.3977e-57,6.3977e-57,6.3977e-57
4.4784e-57,4.4784e-57,4.4784e-57,4.4784e-57,4.4784e-57
3.1349e-57,3.1349e-57,3.1349e-57,3.1349e-57,3.1349e-57
2.1944e-57,2.1944e-57,2.1944e-57,2.1944e-57,2.1944e-57
1.5361e-57,1.5361e-57,1.5361e-57,1.5361e-57,1.5361e-57
1.0753e-57,1.0753e-57,1.0753e-57,1.0753e-57,1.0753e-57
7.5269e-58,7.5269e-58,7.5269e-58,7.5269e-58,7.5269e-58
5.2688e-58,5.2688e-58,5.2688e-58,5.2688e-58,5.2688e-58
3.6882e-58,3.6882e-58,3.6882e-58,3.6882e-58,3.6882e-58
2.5817e-58,2.5817e-58,2.5817e-58,2.5817e-58,2.5817e-58
1.8072e-58,1.8072e-58,1.8072e-58,1.8072e-58,1.8072e-58
1.265e-58,1.265e-58,1.265e-58,1.265e-58,1.265e-58
8.8553e-59,8.8553e-59,8.8553e-59,8.8553e-59,8.8553e-59
6.1987e-59,6.1987e-59,6.1987e-59,6.1987e-59,6.1987e-59
4.3391e-59,4.3391e-59,4.3391e-59,4.3391e-59,4.3391e-59
3.0374e-59,3.0374e-59,3.0374e-59,3.0374e-59,3.0374e-59
2.1262e-59,2.1262e-59,2.1262e-59,2.1262e-59,2.1262e-59
1.4883e-59,1.4883e-59,1.4883e-59,1.4883e-59,1.4883e-59
1.0418e-59,1.0418e-59,1.0418e-59,1.0418e-59,1.0418e-59
7.2927e-60,7.2927e-60,7.2927e-60,7.2927e-60,7.2927e-60
5.1049e-60,5.1049e-60,5.1049e-60,5.1049e-60,5.1049e-60
3.5734e-60,3.5734e-60,3.5734e-60,3.5734e-60,3.5734e-60
2.5014e-60,2.5014e-60,2.5014e-60,2.5014e-60,2.5014e-60
1.751e-60,1.751e-60,1.751e-60,1.751e-60,1.751e-60
1.2257e-60,1.2257e-60,1.2257e-60,1.2257e-60,1.2257e-60
8.5798e-61,8.5798e-61,8.5798e-61,8.5798e-61,8.5798e-61
6.0058e-61,6.0058e-61,6.0058e-61,6.0058e-61,6.0058e-61
4.2041e-61,4.2041e-61,4.2041e-61,4.2041e-61,4.2041e-61
2.9429e-61,2.9429e-61,2.9429e-61,2.9429e-61,2.9429e-61
2.06e-61,2.06e-61,2.06e-61,2.06e-61,2.06e-61
1.442e-61,1.442e-61,1.442e-61,1.442e-61,1.442e-61
1.0094e-61,1.0094e-61,1.0094e-61,1.0094e-61,1.0094e-61
7.0658e-62,7.0658e-62,7.0658e-62,7.0658e-62,7.0658e-62
4.9461e-62,4.9461e-62,4.9461e-62,4.9461e-62,4.9461e-62
3.4623e-62,3.4623e-62,3.4623e-62,3.4623e-62,3.4623e-62
2.4236e-62,2.4236e-62,2.4236e-62,2.4236e-62,2.4236e-62
1.6965e-62,1.6965e-62,1.6965e-62,1.6965e-62,1.6965e-62
1.1876e-62,1.1876e-62,1.1876e-62,1.1876e-62,1.1876e-62
8.3129e-63,8.3129e-63,8.3129e-63,8.3129e-63,8.3129e-63
5.819e-63,5.819e-63,5.819e-63,5.819e-63,5.819e-63
4.0733e-63,4.0733e-63,4.0733e-63,4.0733e-63,4.0733e-63
2.8513e-63,2.8513e-63,2.8513e-63,2.8513e-63,2.8513e-63
1.9959e-63,1.9959e-63,1.9959e-63,1.9959e-63,1.9959e-63
1.3971e-63,1.3971e-63,1.3971e-63,1.3971e-63,1.3971e-63
9.78e-64,9.78e-64,9.78e-64,9.78e-64,9.78e-64
6.846e-64,6.846e-64,6.846e-64,6.846e-64,6.846e-64
4.7922e-64,4.7922e-64,4.7922e-64,4.7922e-64,4.7922e-64
3.3545e-64,3.3545e-64,3.3545e-64,3.3545e-64,3.3545e-64
2.3482e-64,2.3482e-64,2.3482e-64,2.3482e-64,2.3482e-64
1.6437e-64,1.6437e-64,1.6437e-64,1.6437e-64,1.6437e-64
1.1506e-64,1.1506e-64,1.1506e-64,1.1506e-64,1.1506e-64
8.0543e-65,8.0543e-65,8.0543e-65,8.0543e-65,8.0543e-65
5.638e-65,5.638e-65,5.638e-65,5.638e-65,5.638e-65
3.9466e-65,3.9466e-65,3.9466e-65,3.9466e-65,3.9466e-65
2.7626e-65,2.7626e-65,2.7626e-65,2.7626e-65,2.7626e-65
1.9338e-65,1.9338e-65,1.9338e-65,1.9338e-65,1.9338e-65
1.3537e-65,1.3537e-65,1.3537e-65,1.3537e-65,1.3537e-65
9.4758e-66,9.4758e-66,9.4758e-66,9.4758e-66,9.4758e-66
6.633e-66,6.633e-66,6.633e-66,6.633e-66,6.633e-66
4.6431e-66,4.6431e-66,4.6431e-66,4.6431e-66,4.6431e-66
3.2502e-66,3.2502e-66,3.2502e-66,3.2502e-66,3.2502e-66
2.2751e-66,2.2751e-66,2.2751e-66,2.2751e-66,2.2751e-66
1.5926e-66,1.5926e-66,1.5926e-66,1.5926e-66,1.5926e-66
1.1148e-66,1.1148e-66,1.1148e-66,1.1148e-66,1.1148e-66
7.8037e-67,7.8037e-67,7.8037e-67,7.8037e-67,7.8037e-67
5.4626e-67,5.4626e-67,5.4626e-67,5.4626e-67,5.4626e-67
3.8238e-67,3.8238e-67,3.8238e-67,3.8238e-67,3.8238e-67
2.6767e-67,2.6767e-67,2.6767e-67,2.6767e-67,2.6767e-67
1.8737e-67,1.8737e-67,1.8737e-67,1.8737e-67,1.8737e-67
1.3116e-67,1.3116e-67,1.3116e-67,1.3116e-67,1.3116e-67
9.181e-68,9.181e-68,9.181e-68,9.181e-68,9.181e-68
6.4267e-68,6.4267e-68,6.4267e-68,6.4267e-68,6.4267e-68
4.4987e-68,4.4987e-68,4.4987e-68,4.4987e-68,4.4987e-68
3.1491e-68,3.1491e-68,3.1491e-68,3.1491e-68,3.1491e-68
2.2043e-68,2.2043e-68,2.2043e-68,2.2043e-68,2.2043e-68
1.543e-68,1.543e-68,1.543e-68,1.543e-68,1.543e-68
1.0801e-68,1.0801e-68,1.0801e-68,1.0801e-68,1.0801e-68
7.5609e-69,7.5609e-69,7.5609e-69,7.5609e-69,7.5609e-69
5.2926e-69,5.2926e-69,5.2926e-69,5.2926e-69,5.2926e-69
3.7048e-69,3.7048e-69,3.7048e-69,3.7048e-69,3.7048e-69
2.5934e-69,2.5934e-69,2.5934e-69,2.5934e-69,2.5934e-69
1.8154e-69,1.8154e-69,1.8154e-69,1.8154e-69,1.8154e-69
1.2708e-69,1.2708e-69,1.2708e-69,1.2708e-69,1.2708e-69
8.8953e-70,8.8953e-70,8.8953e-70,8.8953e-70,8.8953e-70
6.2267e-70,6.2267e-70,6.2267e-70,6.2267e-70,6.2267e-70
4.3587e-70,4.3587e-70,4.3587e-70,4.3587e-70,4.3587e-70
3.0511e-70,3.0511e-70,3.0511e-70,3.0511e-70,3.0511e-70
2.1358e-70,2.1358e-70,2.1358e-70,2.1358e-70,2.1358e-70
1.495e-70,1.495e-70,1.495e-70,1.495e-70,1.495e-70
1.0465e-70,1.0465e-70,1.0465e-70,1.0465e-70,1.0465e-70
7.3257e-71,7.3257e-71,7.3257e-71,7.3257e-71,7.3257e-71
5.128e-71,5.128e-71,5.128e-71,5.128e-71,5.128e-71
3.5896e-71,3.5896e-71,3.5896e-71,3.5896e-71,3.5896e-71
2.5127e-71,2.5127e-71,2.5127e-71,2.5127e-71,2.5127e-71
1.7589e-71,1.7589e-71,1.7589e-71,1.7589e-71,1.7589e-71
1.2312e-71,1.2312e-71,1.2312e-71,1.2312e-71,1.2312e-71
8.6186e-72,8.6186e-72,8.6186e-72,8.6186e-72,8.6186e-72
6.033e-72,6.033e-72,6.033e-72,6.033e-72,6.033e-72
4.2231e-72,4.2231e-72,4.2231e-72,4.2231e-72,4.2231e-72
2.9562e-72,2.9562e-72,2.9562e-72,2.9562e-72,2.9562e-72
2.0693e-72,2.0693e-72,2.0693e-72,2.0693e-72,2.0693e-72
1.4485e-72,1.4485e-72,1.4485e-72,1.4485e-72,1.4485e-72
1.014e-72,1.014e-72,1.014e-72,1.014e-72,1.014e-72
7.0978e-73,7.0978e-73,7.0978e-73,7.0978e-73,7.0978e-73
4.9685e-73,4.9685e-73,4.9685e-73,4.9685e-73,4.9685e-73
3.4779e-73,3.4779e-73,3.4779e-73,3.4779e-73,3.4779e-73
2.4345e-73,2.4345e-73,2.4345e-73,2.4345e-73,2.4345e-73
1.7042e-73,1.7042e-73,1.7042e-73,1.7042e-73,1.7042e-73
1.1929e-73,1.1929e-73,1.1929e-73,1.1929e-73,1.1929e-73
8.3505e-74,8.3505e-74,8.3505e-74,8.3505e-74,8.3505e-74
5.8453e-74,5.8453e-74,5.8453e-74,5.8453e-74,5.8453e-74
4.0917e-74,4.0917e-74,4.0917e-74,4.0917e-74,4.0917e-74
2.8642e-74,2.8642e-74,2.8642e-74,2.8642e-74,2.8642e-74
2.005e-74,2.005e-74,2.005e-74,2.005e-74,2.005e-74
1.4035e-74,1.4035e-74,1.4035e-74,1.4035e-74,1.4035e-74
9.8243e-75,9.8243e-75,9.8243e-75,9.8243e-75,9.8243e-75
6.877e-75,6.877e-75,6.877e-75,6.877e-75,6.877e-75
4.8139e-75,4.8139e-75,4.8139e-75,4.8139e-75,4.8139e-75
3.3697e-75,3.3697e-75,3.3697e-75,3.3697e-75,3.3697e-75
2.3588e-75,2.3588e-75,2.3588e-75,2.3588e-75,2.3588e-75
1.6512e-75,1.6512e-75,1.6512e-75,1.6512e-75,1.6512e-75
1.1558e-75,1.1558e-75,1.1558e-75,1.1558e-75,1.1558e-75
8.0907e-76,8.0907e-76,8.0907e-76,8.0907e-76,8.0907e-76
5.6635e-76,5.6635e-76,5.6635e-76,5.6635e-76,5.6635e-76
3.9644e-76,3.9644e-76,3.9644e-76,3.9644e-76,3.9644e-76
2.7751e-76,2.7751e-76,2.7751e-76,2.7751e-76,2.7751e-76
1.9426e-76,1.9426e-76,1.9426e-76,1.9426e-76,1.9426e-76
1.3598e-76,1.3598e-76,1.3598e-76,1.3598e-76,1.3598e-76
9.5186e-77,9.5186e-77,9.5186e-77,9.5186e-77,9.5186e-77
6.663e-77,6.663e-77,6.663e-77,6.663e-77,6.663e-77
4.6641e-77,4.6641e-77,4.6641e-77,4.6641e-77,4.6641e-77
3.2649e-77,3.2649e-77,3.2649e-77,3.2649e-77,3.2649e-77
2.2854e-77,2.2854e-77,2.2854e-77,2.2854e-77,2.2854e-77
1.5998e-77,1.5998e-77,1.5998e-77,1.5998e-77,1.5998e-77
1.1199e-77,1.1199e-77,1.1199e-77,1.1199e-77,1.1199e-77
7.839e-78,7.839e-78,7.839e-78,7.839e-78,7.839e-78
5.4873e-78,5.4873e-78,5.4873e-78,5.4873e-78,5.4873e-78
3.8411e-78,3.8411e-78,3.8411e-78,3.8411e-78,3.8411e-78
2.6888e-78,2.6888e-78,2.6888e-78,2.6888e-78,2.6888e-78
1.8821e-78,1.8821e-78,1.8821e-78,1.8821e-78,1.8821e-78
1.3175e-78,1.3175e-78,1.3175e-78,1.3175e-78,1.3175e-78
9.2225e-79,9.2225e-79,9.2225e-79,9.2225e-79,9.2225e-79
6.4558e-79,6.4558e-79,6.4558e-79,6.4558e-79,6.4558e-79
4.519e-79,4.519e-79,4.519e-79,4.519e-79,4.519e-79
3.1633e-79,3.1633e-79,3.1633e-79,3.1633e-79,3.1633e-79
2.2143e-79,2.2143e-79,2.2143e-79,2.2143e-79,2.2143e-79
1.55e-79,1.55e-79,1.55e-79,1.55e-79,1.55e-79
1.085e-79,1.085e-79,1.085e-79,1.085e-79,1.085e-79
7.5951e-80,7.5951e-80,7.5951e-80,7.5951e-80,7.5951e-80
5.3166e-80,5.3166e-80,5.3166e-80,5.3166e-80,5.3166e-80
3.7216e-80,3.7216e-80,3.7216e-80,3.7216e-80,3.7216e-80
2.6051e-80,2.6051e-80,2.6051e-80,2.6051e-80,2.6051e-80
1.8236e-80,1.8236e-80,1.8236e-80,1.8236e-80,1.8236e-80
1.2765e-80,1.2765e-80,1.2765e-80,1.2765e-80,1.2765e-80
8.9356e-81,8.9356e-81,8.9356e-81,8.9356e-81,8.9356e-81
6.2549e-81,6.2549e-81,6.2549e-81,6.2549e-81,6.2549e-81
4.3784e-81,4.3784e-81,4.3784e-81,4.3784e-81,4.3784e-81
3.0649e-81,3.0649e-81,3.0649e-81,3.0649e-81,3.0649e-81
2.1454e-81,2.1454e-81,2.1454e-81,2.1454e-81,2.1454e-81
1.5018e-81,1.5018e-81,1.5018e-81,1.5018e-81,1.5018e-81
1.0513e-81,1.0513e-81,1.0513e-81,1.0513e-81,1.0513e-81
7.3588e-82,7.3588e-82,7.3588e-82,7.3588e-82,7.3588e-82
5.1512e-82,5.1512e-82,5.1512e-82,5.1512e-82,5.1512e-82
3.6058e-82,3.6058e-82,3.6058e-82,3.6058e-82,3.6058e-82
2.5241e-82,2.5241e-82,2.5241e-82,2.5241e-82,2.5241e-82
1.7669e-82,1.7669e-82,1.7669e-82,1.7669e-82,1.7669e-82
1.2368e-82,1.2368e-82,1.2368e-82,1.2368e-82,1.2368e-82
8.6576e-83,8.6576e-83,8.6576e-83,8.6576e-83,8.6576e-83
6.0603e-83,6.0603e-83,6.0603e-83,6.0603e-83,6.0603e-83
4.2422e-83,4.2422e-83,4.2422e-83,4.2422e-83,4.2422e-83
2.9696e-83,2.9696e-83,2.9696e-83,2.9696e-83,2.9696e-83
2.0787e-83,2.0787e-83,2.0787e-83,2.0787e-83,2.0787e-83
1.4551e-83,1.4551e-83,1.4551e-83,1.4551e-83,1.4551e-83
1.0186e-83,1.0186e-83,1.0186e-83,1.0186e-83,1.0186e-83
7.1299e-84,7.1299e-84,7.1299e-84,7.1299e-84,7.1299e-84
4.9909e-84,4.9909e-84,4.9909e-84,4.9909e-84,4.9909e-84
3.4937e-84,3.4937e-84,3.4937e-84,3.4937e-84,3.4937e-84
2.4456e-84,2.4456e-84,2.4456e-84,2.4456e-84,2.4456e-84
1.7119e-84,1.7119e-84,1.7119e-84,1.7119e-84,1.7119e-84
1.1983e-84,1.1983e-84,1.1983e-84,1.1983e-84,1.1983e-84
8.3883e-85,8.3883e-85,8.3883e-85,8.3883e-85,8.3883e-85
5.8718e-85,5.8718e-85,5.8718e-85,5.8718e-85,5.8718e-85
4.1103e-85,4.1103e-85,4.1103e-85,4.1103e-85,4.1103e-85
2.8772e-85,2.8772e-85,2.8772e-85,2.8772e-85,2.8772e-85
2.014e-85,2.014e-85,2.014e-85,2.014e-85,2.014e-85
1.4098e-85,1.4098e-85,1.4098e-85,1.4098e-85,1.4098e-85
9.8687e-86,9.8687e-86,9.8687e-86,9.8687e-86,9.8687e-86
6.9081e-86,6.9081e-86,6.9081e-86,6.9081e-86,6.9081e-86
4.8357e-86,4.8357e-86,4.8357e-86,4.8357e-86,4.8357e-86
3.385e-86,3.385e-86,3.385e-86,3.385e-86,3.385e-86
2.3695e-86,2.3695e-86,2.3695e-86,2.3695e-86,2.3695e-86
1.6586e-86,1.6586e-86,1.6586e-86,1.6586e-86,1.6586e-86
1.161e-86,1.161e-86,1.161e-86,1.161e-86,1.161e-86
8.1273e-87,8.1273e-87,8.1273e-87,8.1273e-87,8.1273e-87
5.6891e-87,5.6891e-87,5.6891e-87,5.6891e-87,5.6891e-87
3.9824e-87,3.9824e-87,3.9824e-87,3.9824e-87,3.9824e-87
2.7877e-87,2.7877e-87,2.7877e-87,2.7877e-87,2.7877e-87
1.9514e-87,1.9514e-87,1.9514e-87,1.9514e-87,1.9514e-87
1.366e-87,1.366e-87,1.366e-87,1.366e-87,1.366e-87
9.5617e-88,9.5617e-88,9.5617e-88,9.5617e-88,9.5617e-88
6.6932e-88,6.6932e-88,6.6932e-88,6.6932e-88,6.6932e-88
4.6852e-88,4.6852e-88,4.6852e-88,4.6852e-88,4.6852e-88
3.2797e-88,3.2797e-88,3.2797e-88,3.2797e-88,3.2797e-88
2.2958e-88,2.2958e-88,2.2958e-88,2.2958e-88,2.2958e-88
1.607e-88,1.607e-88,1.607e-88,1.607e-88,1.607e-88
1.1249e-88,1.1249e-88,1.1249e-88,1.1249e-88,1.1249e-88
7.8745e-89,7.8745e-89,7.8745e-89,7.8745e-89,7.8745e-89
5.5121e-89,5.5121e-89,5.5121e-89,5.5121e-89,5.5121e-89
3.8585e-89,3.8585e-89,3.8585e-89,3.8585e-89,3.8585e-89
2.7009e-89,2.7009e-89,2.7009e-89,2.7009e-89,2.7009e-89
1.8907e-89,1.8907e-89,1.8907e-89,1.8907e-89,1.8907e-89
1.3235e-89,1.3235e-89,1.3235e-89,1.3235e-89,1.3235e-89
9.2642e-90,9.2642e-90,9.2642e-90,9.2642e-90,9.2642e-90
6.485e-90,6.485e-90,6.485e-90,6.485e-90,6.485e-90
4.5395e-90,4.5395e-90,4.5395e-90,4.5395e-90,4.5395e-90
3.1776e-90,3.1776e-90,3.1776e-90,3.1776e-90,3.1776e-90
2.2243e-90,2.2243e-90,2.2243e-90,2.2243e-90,2.2243e-90
1.557e-90,1.557e-90,1.557e-90,1.557e-90,1.557e-90
1.0899e-90,1.0899e-90,1.0899e-90,1.0899e-90,1.0899e-90
7.6295e-91,7.6295e-91,7.6295e-91,7.6295e-91,7.6295e-91
5.3407e-91,5.3407e-91,5.3407e-91,5.3407e-91,5.3407e-91
3.7385e-91,3.7385e-91,3.7385e-91,3.7385e-91,3.7385e-91
2.6169e-91,2.6169e-91,2.6169e-91,2.6169e-91,2.6169e-91
1.8318e-91,1.8318e-91,1.8318e-91,1.8318e-91,1.8318e-91
1.2823e-91,1.2823e-91,1.2823e-91,1.2823e-91,1.2823e-91
8.976e-92,8.976e-92,8.976e-92,8.976e-92,8.976e-92
6.2832e-92,6.2832e-92,6.2832e-92,6.2832e-92,6.2832e-92
4.3983e-92,4.3983e-92,4.3983e-92,4.3983e-92,4.3983e-92
3.0788e-92,3.0788e-92,3.0788e-92,3.0788e-92,3.0788e-92
2.1551e-92,2.1551e-92,2.1551e-92,2.1551e-92,2.1551e-92
1.5086e-92,1.5086e-92,1.5086e-92,1.5086e-92,1.5086e-92
1.056e-92,1.056e-92,1.056e-92,1.056e-92,1.056e-92
7.3921e-93,7.3921e-93,7.3921e-93,7.3921e-93,7.3921e-93
5.1745e-93,5.1745e-93,5.1745e-93,5.1745e-93,5.1745e-93
3.6222e-93,3.6222e-93,3.6222e-93,3.6222e-93,3.6222e-93
2.5355e-93,2.5355e-93,2.5355e-93,2.5355e-93,2.5355e-93
1.7749e-93,1.7749e-93,1.7749e-93,1.7749e-93,1.7749e-93
1.2424e-93,1.2424e-93,1.2424e-93,1.2424e-93,1.2424e-93
8.6968e-94,8.6968e-94,8.6968e-94,8.6968e-94,8.6968e-94
6.0878e-94,6.0878e-94,6.0878e-94,6.0878e-94,6.0878e-94
4.2614e-94,4.2614e-94,4.2614e-94,4.2614e-94,4.2614e-94
2.983e-94,2.983e-94,2.983e-94,2.983e-94,2.983e-94
2.0881e-94,2.0881e-94,2.0881e-94,2.0881e-94,2.0881e-94
1.4617e-94,1.4617e-94,1.4617e-94,1.4617e-94,1.4617e-94
1.0232e-94,1.0232e-94,1.0232e-94,1.0232e-94,1.0232e-94
7.1622e-95,7.1622e-95,7.1622e-95,7.1622e-95,7.1622e-95
5.0135e-95,5.0135e-95,5.0135e-95,5.0135e-95,5.0135e-95
3.5095e-95,3.5095e-95,3.5095e-95,3.5095e-95,3.5095e-95
2.4566e-95,2.4566e-95,2.4566e-95,2.4566e-95,2.4566e-95
1.7196e-95,1.7196e-95,1.7196e-95,1.7196e-95,1.7196e-95
1.2037e-95,1.2037e-95,1.2037e-95,1.2037e-95,1.2037e-95
8.4262e-96,8.4262e-96,8.4262e-96,8.4262e-96,8.4262e-96
5.8984e-96,5.8984e-96,5.8984e-96,5.8984e-96,5.8984e-96
4.1289e-96,4.1289e-96,4.1289e-96,4.1289e-96,4.1289e-96
2.8902e-96,2.8902e-96,2.8902e-96,2.8902e-96,2.8902e-96
2.0231e-96,2.0231e-96,2.0231e-96,2.0231e-96,2.0231e-96
1.4162e-96,1.4162e-96,1.4162e-96,1.4162e-96,1.4162e-96
9.9134e-97,9.9134e-97,9.9134e-97,9.9134e-97,9.9134e-97
6.9394e-97,6.9394e-97,6.9394e-97,6.9394e-97,6.9394e-97
4.8576e-97,4.8576e-97,4.8576e-97,4.8576e-97,4.8576e-97
3.4003e-97,3.4003e-97,3.4003e-97,3.4003e-97,3.4003e-97
2.3802e-97,2.3802e-97,2.3802e-97,2.3802e-97,2.3802e-97
1.6661e-97,1.6661e-97,1.6661e-97,1.6661e-97,1.6661e-97
1.1663e-97,1.1663e-97,1.1663e-97,1.1663e-97,1.1663e-97
8.1641e-98,8.1641e-98,8.1641e-98,8.1641e-98,8.1641e-98
5.7149e-98,5.7149e-98,5.7149e-98,5.7149e-98,5.7149e-98
4.0004e-98,4.0004e-98,4.0004e-98,4.0004e-98,4.0004e-98
2.8003e-98,2.8003e-98,2.8003e-98,2.8003e-98,2.8003e-98
1.9602e-98,1.9602e-98,1.9602e-98,1.9602e-98,1.9602e-98
1.3721e-98,1.3721e-98,1.3721e-98,1.3721e-98,1.3721e-98
9.605e-99,9.605e-99,9.605e-99,9.605e-99,9.605e-99
6.7235e-99,6.7235e-99,6.7235e-99,6.7235e-99,6.7235e-99
4.7064e-99,4.7064e-99,4.7064e-99,4.7064e-99,4.7064e-99
3.2945e-99,3.2945e-99,3.2945e-99,3.2945e-99,3.2945e-99
2.3062e-99,2.3062e-99,2.3062e-99,2.3062e-99,2.3062e-99
1.6143e-99,1.6143e-99,1.6143e-99,1.6143e-99,1.6143e-99
1.13e-99,1.13e-99,1.13e-99,1.13e-99,1.13e-99
7.9101e-100,7.9101e-100,7.9101e-100,7.9101e-100,7.9101e-100
5.5371e-100,5.5371e-100,5.5371e-100,5.5371e-100,5.5371e-100
3.876e-100,3.876e-100,3.876e-100,3.876e-100,3.876e-100
2.7132e-100,2.7132e-100,2.7132e-100,2.7132e-100,2.7132e-100
1.8992e-100,1.8992e-100,1.8992e-100,1.8992e-100,1.8992e-100
1.3295e-100,1.3295e-100,1.3295e-100,1.3295e-100,1.3295e-100
9.3062e-101,9.3062e-101,9.3062e-101,9.3062e-101,9.3062e-101
6.5143e-101,6.5143e-101,6.5143e-101,6.5143e-101,6.5143e-101
4.56e-101,4.56e-101,4.56e-101,4.56e-101,4.56e-101
3.192e-101,3.192e-101,3.192e-101,3.192e-101,3.192e-101
2.2344e-101,2.2344e-101,2.2344e-101,2.2344e-101,2.2344e-101
1.5641e-101,1.5641e-101,1.5641e-101,1.5641e-101,1.5641e-101
1.0949e-101,1.0949e-101,1.0949e-101,1.0949e-101,1.0949e-101
7.664e-102,7.664e-102,7.664e-102,7.664e-102,7.664e-102
5.3648e-102,5.3648e-102,5.3648e-102,5.3648e-102,5.3648e-102
3.7554e-102,3.7554e-102,3.7554e-102,3.7554e-102,3.7554e-102
2.6288e-102,2.6288e-102,2.6288e-102,2.6288e-102,2.6288e-102
1.8401e-102,1.8401e-102,1.8401e-102,1.8401e-102,1.8401e-102
1.2881e-102,1.2881e-102,1.2881e-102,1.2881e-102,1.2881e-102
9.0167e-103,9.0167e-103,9.0167e-103,9.0167e-103,9.0167e-103
6.3117e-103,6.3117e-103,6.3117e-103,6.3117e-103,6.3117e-103
4.4182e-103,4.4182e-103,4.4182e-103,4.4182e-103,4.4182e-103
3.0927e-103,3.0927e-103,3.0927e-103,3.0927e-103,3.0927e-103
2.1649e-103,2.1649e-103,2.1649e-103,2.1649e-103,2.1649e-103
1.5154e-103,1.5154e-103,1.5154e-103,1.5154e-103,1.5154e-103
1.0608e-103,1.0608e-103,1.0608e-103,1.0608e-103,1.0608e-103
7.4256e-104,7.4256e-104,7.4256e-104,7.4256e-104,7.4256e-104
5.1979e-104,5.1979e-104,5.1979e-104,5.1979e-104,5.1979e-104
3.6385e-104,3.6385e-104,3.6385e-104,3.6385e-104,3.6385e-104
2.547e-104,2.547e-104,2.547e-104,2.547e-104,2.547e-104
1.7829e-104,1.7829e-104,1.7829e-104,1.7829e-104,1.7829e-104
1.248e-104,1.248e-104,1.248e-104,1.248e-104,1.248e-104
8.7361e-105,8.7361e-105,8.7361e-105,8.7361e-105,8.7361e-105
6.1153e-105,6.1153e-105,6.1153e-105,6.1153e-105,6.1153e-105
4.2807e-105,4.2807e-105,4.2807e-105,4.2807e-105,4.2807e-105
2.9965e-105,2.9965e-105,2.9965e-105,2.9965e-105,2.9965e-105
2.0975e-105,2.0975e-105,2.0975e-105,2.0975e-105,2.0975e-105
1.4683e-105,1.4683e-105,1.4683e-105,1.4683e-105,1.4683e-105
1.0278e-105,1.0278e-105,1.0278e-105,1.0278e-105,1.0278e-105
7.1946e-106,7.1946e-106,7.1946e-106,7.1946e-106,7.1946e-106
5.0362e-106,5.0362e-106,5.0362e-106,5.0362e-106,5.0362e-106
3.5253e-106,3.5253e-106,3.5253e-106,3.5253e-106,3.5253e-106
2.4677e-106,2.4677e-106,2.4677e-106,2.4677e-106,2.4677e-106
1.7274e-106,1.7274e-106,1.7274e-106,1.7274e-106,1.7274e-106
1.2092e-106,1.2092e-106,1.2092e-106,1.2092e-106,1.2092e-106
8.4644e-107,8.4644e-107,8.4644e-107,8.4644e-107,8.4644e-107
5.9251e-107,5.9251e-107,5.9251e-107,5.9251e-107,5.9251e-107
4.1475e-107,4.1475e-107,4.1475e-107,4.1475e-107,4.1475e-107
2.9033e-107,2.9033e-107,2.9033e-107,2.9033e-107,2.9033e-107
2.0323e-107,2.0323e-107,2.0323e-107,2.0323e-107,2.0323e-107
1.4226e-107,1.4226e-107,1.4226e-107,1.4226e-107,1.4226e-107
9.9582e-108,9.9582e-108,9.9582e-108,9.9582e-108,9.9582e-108
6.9708e-108,6.9708e-108,6.9708e-108,6.9708e-108,6.9708e-108
4.8795e-108,4.8795e-108,4.8795e-108,4.8795e-108,4.8795e-108
3.4157e-108,3.4157e-108,3.4157e-108,3.4157e-108,3.4157e-108
2.391e-108,2.391e-108,2.391e-108,2.391e-108,2.391e-108
1.6737e-108,1.6737e-108,1.6737e-108,1.6737e-108,1.6737e-108
1.1716e-108,1.1716e-108,1.1716e-108,1.1716e-108,1.1716e-108
8.201e-109,8.201e-109,8.201e-109,8.201e-109,8.201e-109
5.7407e-109,5.7407e-109,5.7407e-109,5.7407e-109,5.7407e-109
4.0185e-109,4.0185e-109,4.0185e-109,4.0185e-109,4.0185e-109
2.813e-109,2.813e-109,2.813e-109,2.813e-109,2.813e-109
1.9691e-109,1.9691e-109,1.9691e-109,1.9691e-109,1.9691e-109
1.3783e-109,1.3783e-109,1.3783e-109,1.3783e-109,1.3783e-109
9.6484e-110,9.6484e-110,9.6484e-110,9.6484e-110,9.6484e-110
6.7539e-110,6.7539e-110,6.7539e-110,6.7539e-110,6.7539e-110
4.7277e-110,4.7277e-110,4.7277e-110,4.7277e-110,4.7277e-110
3.3094e-110,3.3094e-110,3.3094e-110,3.3094e-110,3.3094e-110
2.3166e-110,2.3166e-110,2.3166e-110,2.3166e-110,2.3166e-110
1.6216e-110,1.6216e-110,1.6216e-110,1.6216e-110,1.6216e-110
1.1351e-110,1.1351e-110,1.1351e-110,1.1351e-110,1.1351e-110
7.9459e-111,7.9459e-111,7.9459e-111,7.9459e-111,7.9459e-111
5.5621e-111,5.5621e-111,5.5621e-111,5.5621e-111,5.5621e-111
3.8935e-111,3.8935e-111,3.8935e-111,3.8935e-111,3.8935e-111
2.7254e-111,2.7254e-111,2.7254e-111,2.7254e-111,2.7254e-111
1.9078e-111,1.9078e-111,1.9078e-111,1.9078e-111,1.9078e-111
1.3355e-111,1.3355e-111,1.3355e-111,1.3355e-111,1.3355e-111
9.3483e-112,9.3483e-112,9.3483e-112,9.3483e-112,9.3483e-112
6.5438e-112,6.5438e-112,6.5438e-112,6.5438e-112,6.5438e-112
4.5807e-112,4.5807e-112,4.5807e-112,4.5807e-112,4.5807e-112
3.2065e-112,3.2065e-112,3.2065e-112,3.2065e-112,3.2065e-112
2.2445e-112,2.2445e-112,2.2445e-112,2.2445e-112,2.2445e-112
1.5712e-112,1.5712e-112,1.5712e-112,1.5712e-112,1.5712e-112
1.0998e-112,1.0998e-112,1.0998e-112,1.0998e-112,1.0998e-112
7.6987e-113,7.6987e-113,7.6987e-113,7.6987e-113,7.6987e-113
5.3891e-113,5.3891e-113,5.3891e-113,5.3891e-113,5.3891e-113
3.7724e-113,3.7724e-113,3.7724e-113,3.7724e-113,3.7724e-113
2.6407e-113,2.6407e-113,2.6407e-113,2.6407e-113,2.6407e-113
1.8485e-113,1.8485e-113,1.8485e-113,1.8485e-113,1.8485e-113
1.2939e-113,1.2939e-113,1.2939e-113,1.2939e-113,1.2939e-113
9.0575e-114,9.0575e-114,9.0575e-114,9.0575e-114,9.0575e-114
6.3402e-114,6.3402e-114,6.3402e-114,6.3402e-114,6.3402e-114
4.4382e-114,4.4382e-114,4.4382e-114,4.4382e-114,4.4382e-114
3.1067e-114,3.1067e-114,3.1067e-114,3.1067e-114,3.1067e-114
2.1747e-114,2.1747e-114,2.1747e-114,2.1747e-114,2.1747e-114
1.5223e-114,1.5223e-114,1.5223e-114,1.5223e-114,1.5223e-114
1.0656e-114,1.0656e-114,1.0656e-114,1.0656e-114,1.0656e-114
7.4592e-115,7.4592e-115,7.4592e-115,7.4592e-115,7.4592e-115
5.2214e-115,5.2214e-115,5.2214e-115,5.2214e-115,5.2214e-115
3.655e-115,3.655e-115,3.655e-115,3.655e-115,3.655e-115
2.5585e-115,2.5585e-115,2.5585e-115,2.5585e-115,2.5585e-115
1.791e-115,1.791e-115,1.791e-115,1.791e-115,1.791e-115
1.2537e-115,1.2537e-115,1.2537e-115,1.2537e-115,1.2537e-115
8.7757e-116,8.7757e-116,8.7757e-116,8.7757e-116,8.7757e-116
6.143e-116,6.143e-116,6.143e-116,6.143e-116,6.143e-116
4.3001e-116,4.3001e-116,4.3001e-116,4.3001e-116,4.3001e-116
3.0101e-116,3.0101e-116,3.0101e-116,3.0101e-116,3.0101e-116
2.107e-116,2.107e-116,2.107e-116,2.107e-116,2.107e-116
1.4749e-116,1.4749e-116,1.4749e-116,1.4749e-116,1.4749e-116
1.0324e-116,1.0324e-116,1.0324e-116,1.0324e-116,1.0324e-116
7.2271e-117,7.2271e-117,7.2271e-117,7.2271e-117,7.2271e-117
5.059e-117,5.059e-117,5.059e-117,5.059e-117,5.059e-117
3.5413e-117,3.5413e-117,3.5413e-117,3.5413e-117,3.5413e-117
2.4789e-117,2.4789e-117,2.4789e-117,2.4789e-117,2.4789e-117
1.7352e-117,1.7352e-117,1.7352e-117,1.7352e-117,1.7352e-117
1.2147e-117,1.2147e-117,1.2147e-117,1.2147e-117,1.2147e-117
8.5027e-118,8.5027e-118,8.5027e-118,8.5027e-118,8.5027e-118
5.9519e-118,5.9519e-118,5.9519e-118,5.9519e-118,5.9519e-118
4.1663e-118,4.1663e-118,4.1663e-118,4.1663e-118,4.1663e-118
2.9164e-118,2.9164e-118,2.9164e-118,2.9164e-118,2.9164e-118
2.0415e-118,2.0415e-118,2.0415e-118,2.0415e-118,2.0415e-118
1.429e-118,1.429e-118,1.429e-118,1.429e-118,1.429e-118
1.0003e-118,1.0003e-118,1.0003e-118,1.0003e-118,1.0003e-118
7.0023e-119,7.0023e-119,7.0023e-119,7.0023e-119,7.0023e-119
4.9016e-119,4.9016e-119,4.9016e-119,4.9016e-119,4.9016e-119
3.4311e-119,3.4311e-119,3.4311e-119,3.4311e-119,3.4311e-119
2.4018e-119,2.4018e-119,2.4018e-119,2.4018e-119,2.4018e-119
1.6813e-119,1.6813e-119,1.6813e-119,1.6813e-119,1.6813e-119
1.1769e-119,1.1769e-119,1.1769e-119,1.1769e-119,1.1769e-119
8.2381e-120,8.2381e-120,8.2381e-120,8.2381e-120,8.2381e-120
5.7667e-120,5.7667e-120,5.7667e-120,5.7667e-120,5.7667e-120
4.0367e-120,4.0367e-120,4.0367e-120,4.0367e-120,4.0367e-120
2.8257e-120,2.8257e-120,2.8257e-120,2.8257e-120,2.8257e-120
1.978e-120,1.978e-120,1.978e-120,1.978e-120,1.978e-120
1.3846e-120,1.3846e-120,1.3846e-120,1.3846e-120,1.3846e-120
9.6921e-121,9.6921e-121,9.6921e-121,9.6921e-121,9.6921e-121
6.7845e-121,6.7845e-121,6.7845e-121,6.7845e-121,6.7845e-121
4.7491e-121,4.7491e-121,4.7491e-121,4.7491e-121,4.7491e-121
3.3244e-121,3.3244e-121,3.3244e-121,3.3244e-121,3.3244e-121
2.3271e-121,2.3271e-121,2.3271e-121,2.3271e-121,2.3271e-121
1.629e-121,1.629e-121,1.629e-121,1.629e-121,1.629e-121
1.1403e-121,1.1403e-121,1.1403e-121,1.1403e-121,1.1403e-121
7.9819e-122,7.9819e-122,7.9819e-122,7.9819e-122,7.9819e-122
5.5873e-122,5.5873e-122,5.5873e-122,5.5873e-122,5.5873e-122
3.9111e-122,3.9111e-122,3.9111e-122,3.9111e-122,3.9111e-122
2.7378e-122,2.7378e-122,2.7378e-122,2.7378e-122,2.7378e-122
1.9164e-122,1.9164e-122,1.9164e-122,1.9164e-122,1.9164e-122
1.3415e-122,1.3415e-122,1.3415e-122,1.3415e-122,1.3415e-122
9.3906e-123,9.3906e-123,9.3906e-123,9.3906e-123,9.3906e-123
6.5734e-123,6.5734e-123,6.5734e-123,6.5734e-123,6.5734e-123
4.6014e-123,4.6014e-123,4.6014e-123,4.6014e-123,4.6014e-123
3.221e-123,3.221e-123,3.221e-123,3.221e-123,3.221e-123
2.2547e-123,2.2547e-123,2.2547e-123,2.2547e-123,2.2547e-123
1.5783e-123,1.5783e-123,1.5783e-123,1.5783e-123,1.5783e-123
1.1048e-123,1.1048e-123,1.1048e-123,1.1048e-123,1.1048e-123
7.7335e-124,7.7335e-124,7.7335e-124,7.7335e-124,7.7335e-124
5.4135e-124,5.4135e-124,5.4135e-124,5.4135e-124,5.4135e-124
3.7894e-124,3.7894e-124,3.7894e-124,3.7894e-124,3.7894e-124
2.6526e-124,2.6526e-124,2.6526e-124,2.6526e-124,2.6526e-124
1.8568e-124,1.8568e-124,1.8568e-124,1.8568e-124,1.8568e-124
1.2998e-124,1.2998e-124,1.2998e-124,1.2998e-124,1.2998e-124
9.0984e-125,9.0984e-125,9.0984e-125,9.0984e-125,9.0984e-125
6.3689e-125,6.3689e-125,6.3689e-125,6.3689e-125,6.3689e-125
4.4582e-125,4.4582e-125,4.4582e-125,4.4582e-125,4.4582e-125
3.1208e-125,3.1208e-125,3.1208e-125,3.1208e-125,3.1208e-125
2.1845e-125,2.1845e-125,2.1845e-125,2.1845e-125,2.1845e-125
1.5292e-125,1.5292e-125,1.5292e-125,1.5292e-125,1.5292e-125
1.0704e-125,1.0704e-125,1.0704e-125,1.0704e-125,1.0704e-125
7.493e-126,7.493e-126,7.493e-126,7.493e-126,7.493e-126
5.2451e-126,5.2451e-126,5.2451e-126,5.2451e-126,5.2451e-126
3.6715e-126,3.6715e-126,3.6715e-126,3.6715e-126,3.6715e-126
2.5701e-126,2.5701e-126,2.5701e-126,2.5701e-126,2.5701e-126
1.7991e-126,1.7991e-126,1.7991e-126,1.7991e-126,1.7991e-126
1.2593e-126,1.2593e-126,1.2593e-126,1.2593e-126,1.2593e-126
8.8154e-127,8.8154e-127,8.8154e-127,8.8154e-127,8.8154e-127
6.1708e-127,6.1708e-127,6.1708e-127,6.1708e-127,6.1708e-127
4.3195e-127,4.3195e-127,4.3195e-127,4.3195e-127,4.3195e-127
3.0237e-127,3.0237e-127,3.0237e-127,3.0237e-127,3.0237e-127
2.1166e-127,2.1166e-127,2.1166e-127,2.1166e-127,2.1166e-127
1.4816e-127,1.4816e-127,1.4816e-127,1.4816e-127,1.4816e-127
1.0371e-127,1.0371e-127,1.0371e-127,1.0371e-127,1.0371e-127
7.2599e-128,7.2599e-128,7.2599e-128,7.2599e-128,7.2599e-128
5.0819e-128,5.0819e-128,5.0819e-128,5.0819e-128,5.0819e-128
3.5573e-128,3.5573e-128,3.5573e-128,3.5573e-128,3.5573e-128
2.4901e-128,2.4901e-128,2.4901e-128,2.4901e-128,2.4901e-128
1.7431e-128,1.7431e-128,1.7431e-128,1.7431e-128,1.7431e-128
1.2202e-128,1.2202e-128,1.2202e-128,1.2202e-128,1.2202e-128
8.5411e-129,8.5411e-129,8.5411e-129,8.5411e-129,8.5411e-129
5.9788e-129,5.9788e-129,5.9788e-129,5.9788e-129,5.9788e-129
4.1852e-129,4.1852e-129,4.1852e-129,4.1852e-129,4.1852e-129
2.9296e-129,2.9296e-129,2.9296e-129,2.9296e-129,2.9296e-129
2.0507e-129,2.0507e-129,2.0507e-129,2.0507e-129,2.0507e-129
1.4355e-129,1.4355e-129,1.4355e-129,1.4355e-129,1.4355e-129
1.0049e-129,1.0049e-129,1.0049e-129,1.0049e-129,1.0049e-129
7.034e-130,7.034e-130,7.034e-130,7.034e-130,7.034e-130
4.9238e-130,4.9238e-130,4.9238e-130,4.9238e-130,4.9238e-130
3.4467e-130,3.4467e-130,3.4467e-130,3.4467e-130,3.4467e-130
2.4127e-130,2.4127e-130,2.4127e-130,2.4127e-130,2.4127e-130
1.6889e-130,1.6889e-130,1.6889e-130,1.6889e-130,1.6889e-130
1.1822e-130,1.1822e-130,1.1822e-130,1.1822e-130,1.1822e-130
8.2754e-131,8.2754e-131,8.2754e-131,8.2754e-131,8.2754e-131
5.7928e-131,5.7928e-131,5.7928e-131,5.7928e-131,5.7928e-131
4.055e-131,4.055e-131,4.055e-131,4.055e-131,4.055e-131
2.8385e-131,2.8385e-131,2.8385e-131,2.8385e-131,2.8385e-131
1.9869e-131,1.9869e-131,1.9869e-131,1.9869e-131,1.9869e-131
1.3909e-131,1.3909e-131,1.3909e-131,1.3909e-131,1.3909e-131
9.736e-132,9.736e-132,9.736e-132,9.736e-132,9.736e-132
6.8152e-132,6.8152e-132,6.8152e-132,6.8152e-132,6.8152e-132
4.7706e-132,4.7706e-132,4.7706e-132,4.7706e-132,4.7706e-132
3.3394e-132,3.3394e-132,3.3394e-132,3.3394e-132,3.3394e-132
2.3376e-132,2.3376e-132,2.3376e-132,2.3376e-132,2.3376e-132
1.6363e-132,1.6363e-132,1.6363e-132,1.6363e-132,1.6363e-132
1.1454e-132,1.1454e-132,1.1454e-132,1.1454e-132,1.1454e-132
8.018e-133,8.018e-133,8.018e-133,8.018e-133,8.018e-133
5.6126e-133,5.6126e-133,5.6126e-133,5.6126e-133,5.6126e-133
3.9288e-133,3.9288e-133,3.9288e-133,3.9288e-133,3.9288e-133
2.7502e-133,2.7502e-133,2.7502e-133,2.7502e-133,2.7502e-133
1.9251e-133,1.9251e-133,1.9251e-133,1.9251e-133,1.9251e-133
1.3476e-133,1.3476e-133,1.3476e-133,1.3476e-133,1.3476e-133
9.4331e-134,9.4331e-134,9.4331e-134,9.4331e-134,9.4331e-134
6.6032e-134,6.6032e-134,6.6032e-134,6.6032e-134,6.6032e-134
4.6222e-134,4.6222e-134,4.6222e-134,4.6222e-134,4.6222e-134
3.2355e-134,3.2355e-134,3.2355e-134,3.2355e-134,3.2355e-134
2.2649e-134,2.2649e-134,2.2649e-134,2.2649e-134,2.2649e-134
1.5854e-134,1.5854e-134,1.5854e-134,1.5854e-134,1.5854e-134
1.1098e-134,1.1098e-134,1.1098e-134,1.1098e-134,1.1098e-134
7.7685e-135,7.7685e-135,7.7685e-135,7.7685e-135,7.7685e-135
5.438e-135,5.438e-135,5.438e-135,5.438e-135,5.438e-135
3.8066e-135,3.8066e-135,3.8066e-135,3.8066e-135,3.8066e-135
2.6646e-135,2.6646e-135,2.6646e-135,2.6646e-135,2.6646e-135
1.8652e-135,1.8652e-135,1.8652e-135,1.8652e-135,1.8652e-135
1.3057e-135,1.3057e-135,1.3057e-135,1.3057e-135,1.3057e-135
9.1396e-136,9.1396e-136,9.1396e-136,9.1396e-136,9.1396e-136
6.3977e-136,6.3977e-136,6.3977e-136,6.3977e-136,6.3977e-136
4.4784e-136,4.4784e-136,4.4784e-136,4.4784e-136,4.4784e-136
3.1349e-136,3.1349e-136,3.1349e-136,3.1349e-136,3.1349e-136
2.1944e-136,2.1944e-136,2.1944e-136,2.1944e-136,2.1944e-136
1.5361e-136,1.5361e-136,1.5361e-136,1.5361e-136,1.5361e-136
1.0753e-136,1.0753e-136,1.0753e-136,1.0753e-136,1.0753e-136
7.5269e-137,7.5269e-137,7.5269e-137,7.5269e-137,7.5269e-137
5.2688e-137,5.2688e-137,5.2688e-137,5.2688e-137,5.2688e-137
3.6882e-137,3.6882e-137,3.6882e-137,3.6882e-137,3.6882e-137
2.5817e-137,2.5817e-137,2.5817e-137,2.5817e-137,2.5817e-137
1.8072e-137,1.8072e-137,1.8072e-137,1.8072e-137,1.8072e-137
1.265e-137,1.265e-137,1.265e-137,1.265e-137,1.265e-137
8.8553e-138,8.8553e-138,8.8553e-138,8.8553e-138,8.8553e-138
6.1987e-138,6.1987e-138,6.1987e-138,6.1987e-138,6.1987e-138
4.3391e-138,4.3391e-138,4.3391e-138,4.3391e-138,4.3391e-138
3.0374e-138,3.0374e-138,3.0374e-138,3.0374e-138,3.0374e-138
2.1262e-138,2.1262e-138,2.1262e-138,2.1262e-138,2.1262e-138
1.4883e-138,1.4883e-138,1.4883e-138,1.4883e-138,1.4883e-138
1.0418e-138,1.0418e-138,1.0418e-138,1.0418e-138,1.0418e-138
7.2927e-139,7.2927e-139,7.2927e-139,7.2927e-139,7.2927e-139
5.1049e-139,5.1049e-139,5.1049e-139,5.1049e-139,5.1049e-139
3.5734e-139,3.5734e-139,3.5734e-139,3.5734e-139,3.5734e-139
2.5014e-139,2.5014e-139,2.5014e-139,2.5014e-139,2.5014e-139
1.751e-139,1.751e-139,1.751e-139,1.751e-139,1.751e-139
1.2257e-139,1.2257e-139,1.2257e-139,1.2257e-139,1.2257e-139
8.5798e-140,8.5798e-140,8.5798e-140,8.5798e-140,8.5798e-140
6.0059e-140,6.0059e-140,6.0059e-140,6.0059e-140,6.0059e-140
4.2041e-140,4.2041e-140,4.2041e-140,4.2041e-140,4.2041e-140
2.9429e-140,2.9429e-140,2.9429e-140,2.9429e-140,2.9429e-140
2.06e-140,2.06e-140,2.06e-140,2.06e-140,2.06e-140
1.442e-140,1.442e-140,1.442e-140,1.442e-140,1.442e-140
1.0094e-140,1.0094e-140,1.0094e-140,1.0094e-140,1.0094e-140
7.0658e-141,7.0658e-141,7.0658e-141,7.0658e-141,7.0658e-141
4.9461e-141,4.9461e-141,4.9461e-141,4.9461e-141,4.9461e-141
3.4623e-141,3.4623e-141,3.4623e-141,3.4623e-141,3.4623e-141
2.4236e-141,2.4236e-141,2.4236e-141,2.4236e-141,2.4236e-141
1.6965e-141,1.6965e-141,1.6965e-141,1.6965e-141,1.6965e-141
1.1876e-141,1.1876e-141,1.1876e-141,1.1876e-141,1.1876e-141
8.3129e-142,8.3129e-142,8.3129e-142,8.3129e-142,8.3129e-142
5.819e-142,5.819e-142,5.819e-142,5.819e-142,5.819e-142
4.0733e-142,4.0733e-142,4.0733e-142,4.0733e-142,4.0733e-142
2.8513e-142,2.8513e-142,2.8513e-142,2.8513e-142,2.8513e-142
1.9959e-142,1.9959e-142,1.9959e-142,1.9959e-142,1.9959e-142
1.3971e-142,1.3971e-142,1.3971e-142,1.3971e-142,1.3971e-142
9.78e-143,9.78e-143,9.78e-143,9.78e-143,9.78e-143
6.846e-143,6.846e-143,6.846e-143,6.846e-143,6.846e-143
4.7922e-143,4.7922e-143,4.7922e-143,4.7922e-143,4.7922e-143
3.3545e-143,3.3545e-143,3.3545e-143,3.3545e-143,3.3545e-143
2.3482e-143,2.3482e-143,2.3482e-143,2.3482e-143,2.3482e-143
1.6437e-143,1.6437e-143,1.6437e-143,1.6437e-143,1.6437e-143
1.1506e-143,1.1506e-143,1.1506e-143,1.1506e-143,1.1506e-143
8.0543e-144,8.0543e-144,8.0543e-144,8.0543e-144,8.0543e-144
5.638e-144,5.638e-144,5.638e-144,5.638e-144,5.638e-144
3.9466e-144,3.9466e-144,3.9466e-144,3.9466e-144,3.9466e-144
2.7626e-144,2.7626e-144,2.7626e-144,2.7626e-144,2.7626e-144
1.9338e-144,1.9338e-144,1.9338e-144,1.9338e-144,1.9338e-144
1.3537e-144,1.3537e-144,1.3537e-144,1.3537e-144,1.3537e-144
9.4758e-145,9.4758e-145,9.4758e-145,9.4758e-145,9.4758e-145
6.633e-145,6.633e-145,6.633e-145,6.633e-145,6.633e-145
4.6431e-145,4.6431e-145,4.6431e-145,4.6431e-145,4.6431e-145
3.2502e-145,3.2502e-145,3.2502e-145,3.2502e-145,3.2502e-145
2.2751e-145,2.2751e-145,2.2751e-145,2.2751e-145,2.2751e-145
1.5926e-145,1.5926e-145,1.5926e-145,1.5926e-145,1.5926e-145
1.1148e-145,1.1148e-145,1.1148e-145,1.1148e-145,1.1148e-145
7.8037e-146,7.8037e-146,7.8037e-146,7.8037e-146,7.8037e-146
5.4626e-146,5.4626e-146,5.4626e-146,5.4626e-146,5.4626e-146
3.8238e-146,3.8238e-146,3.8238e-146,3.8238e-146,3.8238e-146
2.6767e-146,2.6767e-146,2.6767e-146,2.6767e-146,2.6767e-146
1.8737e-146,1.8737e-146,1.8737e-146,1.8737e-146,1.8737e-146
1.3116e-146,1.3116e-146,1.3116e-146,1.3116e-146,1.3116e-146
9.181e-147,9.181e-147,9.181e-147,9.181e-147,9.181e-147
6.4267e-147,6.4267e-147,6.4267e-147,6.4267e-147,6.4267e-147
4.4987e-147,4.4987e-147,4.4987e-147,4.4987e-147,4.4987e-147
3.1491e-147,3.1491e-147,3.1491e-147,3.1491e-147,3.1491e-147
2.2044e-147,2.2044e-147,2.2044e-147,2.2044e-147,2.2044e-147
1.543e-147,1.543e-147,1.543e-147,1.543e-147,1.543e-147
1.0801e-147,1.0801e-147,1.0801e-147,1.0801e-147,1.0801e-147
7.5609e-148,7.5609e-148,7.5609e-148,7.5609e-148,7.5609e-148
5.2926e-148,5.2926e-148,5.2926e-148,5.2926e-148,5.2926e-148
3.7049e-148,3.7049e-148,3.7049e-148,3.7049e-148,3.7049e-148
2.5934e-148,2.5934e-148,2.5934e-148,2.5934e-148,2.5934e-148
1.8154e-148,1.8154e-148,1.8154e-148,1.8154e-148,1.8154e-148
1.2708e-148,1.2708e-148,1.2708e-148,1.2708e-148,1.2708e-148
8.8954e-149,8.8954e-149,8.8954e-149,8.8954e-149,8.8954e-149
6.2267e-149,6.2267e-149,6.2267e-149,6.2267e-149,6.2267e-149
4.3587e-149,4.3587e-149,4.3587e-149,4.3587e-149,4.3587e-149
3.0511e-149,3.0511e-149,3.0511e-149,3.0511e-149,3.0511e-149
2.1358e-149,2.1358e-149,2.1358e-149,2.1358e-149,2.1358e-149
1.495e-149,1.495e-149,1.495e-149,1.495e-149,1.495e-149
1.0465e-149,1.0465e-149,1.0465e-149,1.0465e-149,1.0465e-149
7.3257e-150,7.3257e-150,7.3257e-150,7.3257e-150,7.3257e-150
5.128e-150,5.128e-150,5.128e-150,5.128e-150,5.128e-150
3.5896e-150,3.5896e-150,3.5896e-150,3.5896e-150,3.5896e-150
2.5127e-150,2.5127e-150,2.5127e-150,2.5127e-150,2.5127e-150
1.7589e-150,1.7589e-150,1.7589e-150,1.7589e-150,1.7589e-150
1.2312e-150,1.2312e-150,1.2312e-150,1.2312e-150,1.2312e-150
8.6186e-151,8.6186e-151,8.6186e-151,8.6186e-151,8.6186e-151
6.033e-151,6.033e-151,6.033e-151,6.033e-151,6.033e-151
4.2231e-151,4.2231e-151,4.2231e-151,4.2231e-151,4.2231e-151
2.9562e-151,2.9562e-151,2.9562e-151,2.9562e-151,2.9562e-151
2.0693e-151,2.0693e-151,2.0693e-151,2.0693e-151,2.0693e-151
1.4485e-151,1.4485e-151,1.4485e-151,1.4485e-151,1.4485e-151
1.014e-151,1.014e-151,1.014e-151,1.014e-151,1.014e-151
7.0978e-152,7.0978e-152,7.0978e-152,7.0978e-152,7.0978e-152
4.9685e-152,4.9685e-152,4.9685e-152,4.9685e-152,4.9685e-152
3.4779e-152,3.4779e-152,3.4779e-152,3.4779e-152,3.4779e-152
2.4345e-152,2.4345e-152,2.4345e-152,2.4345e-152,2.4345e-152
1.7042e-152,1.7042e-152,1.7042e-152,1.7042e-152,1.7042e-152
1.1929e-152,1.1929e-152,1.1929e-152,1.1929e-152,1.1929e-152
8.3505e-153,8.3505e-153,8.3505e-153,8.3505e-153,8.3505e-153
5.8453e-153,5.8453e-153,5.8453e-153,5.8453e-153,5.8453e-153
4.0917e-153,4.0917e-153,4.0917e-153,4.0917e-153,4.0917e-153
2.8642e-153,2.8642e-153,2.8642e-153,2.8642e-153,2.8642e-153
2.005e-153,2.005e-153,2.005e-153,2.005e-153,2.005e-153
1.4035e-153,1.4035e-153,1.4035e-153,1.4035e-153,1.4035e-153
9.8243e-154,9.8243e-154,9.8243e-154,9.8243e-154,9.8243e-154
6.877e-154,6.877e-154,6.877e-154,6.877e-154,6.877e-154
4.8139e-154,4.8139e-154,4.8139e-154,4.8139e-154,4.8139e-154
3.3697e-154,3.3697e-154,3.3697e-154,3.3697e-154,3.3697e-154
2.3588e-154,2.3588e-154,2.3588e-154,2.3588e-154,2.3588e-154
1.6512e-154,1.6512e-154,1.6512e-154,1.6512e-154,1.6512e-154
1.1558e-154,1.1558e-154,1.1558e-154,1.1558e-154,1.1558e-154
8.0907e-155,8.0907e-155,8.0907e-155,8.0907e-155,8.0907e-155
5.6635e-155,5.6635e-155,5.6635e-155,5.6635e-155,5.6635e-155
3.9644e-155,3.9644e-155,3.9644e-155,3.9644e-155,3.9644e-155
2.7751e-155,2.7751e-155,2.7751e-155,2.7751e-155,2.7751e-155
1.9426e-155,1.9426e-155,1.9426e-155,1.9426e-155,1.9426e-155
1.3598e-155,1.3598e-155,1.3598e-155,1.3598e-155,1.3598e-155
9.5186e-156,9.5186e-156,9.5186e-156,9.5186e-156,9.5186e-156
6.663e-156,6.663e-156,6.663e-156,6.663e-156,6.663e-156
4.6641e-156,4.6641e-156,4.6641e-156,4.6641e-156,4.6641e-156
3.2649e-156,3.2649e-156,3.2649e-156,3.2649e-156,3.2649e-156
2.2854e-156,2.2854e-156,2.2854e-156,2.2854e-156,2.2854e-156
