0.1,0.2,0.3,0.5,0.6
0.5928,0.5852,0.7866,0.893,0.7524
0.85601,0.83551,0.6408,0.54897,0.66728
0.59712,0.61181,0.78881,0.89185,0.76025
0.8442,0.82516,0.63392,0.54431,0.66125
0.61975,0.63379,0.79997,0.89693,0.77318
0.82272,0.80386,0.61321,0.52287,0.64061
0.66389,0.67631,0.82466,0.91205,0.80062
0.77071,0.75197,0.56079,0.46873,0.58845
0.75731,0.76574,0.87089,0.93538,0.85345
0.62644,0.61036,0.4443,0.36263,0.46854
0.91069,0.90973,0.90989,0.91665,0.90876
0.31177,0.31102,0.30534,0.30412,0.30585
0.81246,0.81213,0.80795,0.80551,0.80857
0.58199,0.5825,0.58839,0.59147,0.58756
0.92328,0.92309,0.92083,0.91964,0.92115
0.27141,0.27178,0.27601,0.27825,0.27541
0.75369,0.75406,0.7583,0.76056,0.7577
0.70288,0.70246,0.69761,0.69504,0.69829
0.79589,0.79626,0.80056,0.80284,0.79995
0.6143,0.6138,0.60808,0.60505,0.60889
0.90186,0.9021,0.9049,0.90639,0.90451
0.33367,0.33323,0.3282,0.32553,0.32891
0.84288,0.84254,0.83873,0.83672,0.83927
0.50632,0.50682,0.51258,0.51564,0.51177
0.94973,0.9497,0.94943,0.94929,0.94947
0.18172,0.18177,0.18231,0.18261,0.18224
0.56547,0.56554,0.56631,0.56671,0.5662
0.93359,0.93357,0.93335,0.93323,0.93338
0.23582,0.23586,0.23629,0.23653,0.23623
0.68506,0.68511,0.68562,0.68589,0.68555
0.81963,0.81959,0.81917,0.81895,0.81923
0.5621,0.56215,0.56275,0.56307,0.56266
0.93526,0.93525,0.93508,0.93499,0.9351
0.23026,0.23029,0.23061,0.23078,0.23056
0.67371,0.67375,0.67414,0.67434,0.67408
0.83517,0.83514,0.83484,0.83468,0.83489
0.52335,0.52339,0.52384,0.52407,0.52377
0.9479,0.9479,0.94785,0.94783,0.94786
0.1877,0.18771,0.18781,0.18786,0.18779
0.57946,0.57947,0.5796,0.57967,0.57958
0.92598,0.92598,0.92593,0.92591,0.92594
0.26049,0.2605,0.26058,0.26063,0.26057
0.73206,0.73207,0.73216,0.73221,0.73215
0.74531,0.74531,0.74521,0.74516,0.74522
0.72138,0.72138,0.72149,0.72155,0.72147
0.76372,0.76371,0.76361,0.76355,0.76362
0.68578,0.6858,0.68592,0.68598,0.6859
0.81879,0.81878,0.81868,0.81862,0.81869
0.5639,0.56391,0.56406,0.56413,0.56404
0.93446,0.93446,0.93442,0.9344,0.93442
0.23277,0.23277,0.23285,0.23289,0.23284
0.67868,0.67869,0.67878,0.67883,0.67877
0.82864,0.82864,0.82856,0.82852,0.82857
0.53964,0.53964,0.53975,0.53981,0.53974
0.94402,0.94402,0.944,0.94399,0.944
0.20083,0.20084,0.20088,0.2009,0.20087
0.60993,0.60993,0.60998,0.61001,0.60998
0.90407,0.90407,0.90404,0.90403,0.90404
0.3296,0.3296,0.32964,0.32967,0.32964
0.83968,0.83968,0.83971,0.83973,0.83971
0.51153,0.51153,0.51148,0.51145,0.51148
0.9495,0.9495,0.9495,0.9495,0.9495
0.18222,0.18222,0.18221,0.18221,0.18222
0.56626,0.56626,0.56625,0.56624,0.56625
0.93332,0.93332,0.93332,0.93332,0.93332
0.23649,0.23649,0.23648,0.23648,0.23648
0.68613,0.68613,0.68612,0.68612,0.68613
0.81835,0.81835,0.81836,0.81836,0.81836
0.56487,0.56487,0.56486,0.56486,0.56487
0.93401,0.93401,0.93401,0.93401,0.93401
0.23421,0.23421,0.23421,0.23421,0.23421
0.68156,0.68156,0.68155,0.68155,0.68155
0.82474,0.82474,0.82475,0.82475,0.82475
0.54926,0.54926,0.54925,0.54925,0.54925
0.94078,0.94078,0.94078,0.94078,0.94078
0.21171,0.21171,0.2117,0.2117,0.21171
0.63417,0.63417,0.63417,0.63417,0.63417
0.88159,0.88159,0.8816,0.8816,0.8816
0.39666,0.39666,0.39666,0.39666,0.39666
0.90942,0.90942,0.90942,0.90942,0.90942
0.31302,0.31302,0.31303,0.31303,0.31303
0.81715,0.81715,0.81715,0.81716,0.81715
0.56777,0.56777,0.56777,0.56777,0.56777
0.93255,0.93255,0.93255,0.93255,0.93255
0.23903,0.23903,0.23903,0.23903,0.23903
0.6912,0.6912,0.6912,0.6912,0.6912
0.81108,0.81108,0.81108,0.81108,0.81108
0.58228,0.58228,0.58228,0.58227,0.58228
0.92428,0.92428,0.92428,0.92428,0.92428
0.26596,0.26596,0.26596,0.26596,0.26596
0.74186,0.74186,0.74186,0.74186,0.74186
0.72772,0.72772,0.72772,0.72772,0.72772
0.75295,0.75295,0.75295,0.75295,0.75295
0.70687,0.70687,0.70687,0.70687,0.70687
0.78738,0.78738,0.78738,0.78738,0.78738
0.63617,0.63617,0.63617,0.63617,0.63617
0.87954,0.87954,0.87954,0.87954,0.87954
0.4026,0.4026,0.40261,0.40261,0.40261
0.91395,0.91395,0.91395,0.91395,0.91395
0.29884,0.29884,0.29884,0.29884,0.29884
0.79623,0.79623,0.79623,0.79623,0.79623
0.61654,0.61654,0.61654,0.61654,0.61654
0.89839,0.89839,0.89839,0.89839,0.89839
0.34688,0.34688,0.34688,0.34688,0.34688
0.86091,0.86091,0.86091,0.86091,0.86091
0.45504,0.45504,0.45504,0.45504,0.45504
0.94232,0.94232,0.94232,0.94232,0.94232
0.20655,0.20655,0.20655,0.20655,0.20655
0.62277,0.62277,0.62277,0.62277,0.62277
0.89273,0.89273,0.89273,0.89273,0.89273
0.36391,0.36391,0.36391,0.36391,0.36391
0.87962,0.87962,0.87962,0.87962,0.87962
0.40237,0.40237,0.40237,0.40237,0.40237
0.91378,0.91378,0.91378,0.91378,0.91378
0.29938,0.29938,0.29938,0.29938,0.29938
0.79705,0.79705,0.79706,0.79706,0.79706
0.61468,0.61468,0.61468,0.61468,0.61468
0.90002,0.90002,0.90002,0.90002,0.90002
0.34193,0.34193,0.34193,0.34193,0.34193
0.85505,0.85505,0.85505,0.85505,0.85505
0.47097,0.47097,0.47097,0.47097,0.47097
0.9468,0.9468,0.9468,0.9468,0.9468
0.19141,0.19141,0.19141,0.19141,0.19141
0.58814,0.58814,0.58814,0.58814,0.58814
0.92048,0.92048,0.92048,0.92048,0.92048
0.27816,0.27816,0.27816,0.27816,0.27816
0.76298,0.76298,0.76298,0.76298,0.76298
0.68719,0.68719,0.68719,0.68719,0.68719
0.81685,0.81685,0.81685,0.81685,0.81685
0.5685,0.5685,0.5685,0.5685,0.5685
0.93217,0.93217,0.93217,0.93217,0.93217
0.24028,0.24028,0.24028,0.24028,0.24028
0.69367,0.69367,0.69367,0.69367,0.69367
0.80747,0.80747,0.80747,0.80747,0.80747
0.59075,0.59075,0.59075,0.59075,0.59075
0.91871,0.91871,0.91871,0.91871,0.91871
0.2838,0.28381,0.28381,0.28381,0.28381
0.77239,0.77239,0.77239,0.77239,0.77239
0.66806,0.66806,0.66806,0.66806,0.66806
0.84267,0.84267,0.84267,0.84267,0.84267
0.50379,0.50379,0.50379,0.50379,0.50379
0.94995,0.94995,0.94995,0.94995,0.94995
0.18069,0.18069,0.18069,0.18069,0.18069
0.56255,0.56255,0.56255,0.56255,0.56255
0.93513,0.93513,0.93513,0.93513,0.93513
0.2305,0.2305,0.2305,0.2305,0.2305
0.67401,0.67401,0.67401,0.67401,0.67401
0.83494,0.83494,0.83494,0.83494,0.83494
0.52371,0.52371,0.52371,0.52371,0.52371
0.94786,0.94786,0.94786,0.94786,0.94786
0.18779,0.18779,0.18779,0.18779,0.18779
0.57959,0.57959,0.57959,0.57959,0.57959
0.92593,0.92593,0.92593,0.92593,0.92593
0.26062,0.26062,0.26062,0.26062,0.26062
0.73225,0.73225,0.73225,0.73225,0.73225
0.74503,0.74503,0.74503,0.74503,0.74503
0.72184,0.72184,0.72184,0.72184,0.72184
0.76298,0.76298,0.76298,0.76298,0.76298
0.68719,0.68719,0.68719,0.68719,0.68719
0.81685,0.81685,0.81685,0.81685,0.81685
0.56851,0.56851,0.56851,0.56851,0.56851
0.93216,0.93216,0.93216,0.93216,0.93216
0.24029,0.24029,0.24029,0.24029,0.24029
0.6937,0.6937,0.6937,0.6937,0.6937
0.80743,0.80743,0.80743,0.80743,0.80743
0.59085,0.59085,0.59085,0.59085,0.59085
0.91864,0.91864,0.91864,0.91864,0.91864
0.28403,0.28403,0.28403,0.28403,0.28403
0.77276,0.77276,0.77276,0.77276,0.77276
0.6673,0.6673,0.6673,0.6673,0.6673
0.84365,0.84365,0.84365,0.84365,0.84365
0.50125,0.50125,0.50125,0.50125,0.50125
0.94999,0.94999,0.94999,0.94999,0.94999
0.18052,0.18052,0.18052,0.18052,0.18052
0.56214,0.56214,0.56214,0.56214,0.56214
0.93532,0.93532,0.93532,0.93532,0.93532
0.22987,0.22987,0.22987,0.22987,0.22987
0.67272,0.67272,0.67272,0.67272,0.67272
0.83664,0.83664,0.83664,0.83664,0.83664
0.51935,0.51935,0.51935,0.51935,0.51935
0.94858,0.94858,0.94858,0.94858,0.94858
0.18536,0.18536,0.18536,0.18536,0.18536
0.5738,0.5738,0.5738,0.5738,0.5738
0.9293,0.9293,0.9293,0.9293,0.9293
0.24966,0.24966,0.24966,0.24966,0.24966
0.71185,0.71185,0.71185,0.71185,0.71185
0.77946,0.77946,0.77946,0.77946,0.77946
0.65322,0.65322,0.65322,0.65322,0.65322
0.86079,0.86079,0.86079,0.86079,0.86079
0.45537,0.45537,0.45537,0.45537,0.45537
0.94243,0.94243,0.94243,0.94243,0.94243
0.20617,0.20617,0.20617,0.20617,0.20617
0.62192,0.62192,0.62192,0.62192,0.62192
0.89351,0.89351,0.89351,0.89351,0.89351
0.36156,0.36156,0.36156,0.36156,0.36156
0.87717,0.87717,0.87717,0.87717,0.87717
0.40942,0.40942,0.40942,0.40942,0.40942
0.91882,0.91882,0.91882,0.91882,0.91882
0.28343,0.28343,0.28343,0.28343,0.28343
0.77177,0.77177,0.77177,0.77177,0.77177
0.66933,0.66933,0.66933,0.66933,0.66933
0.84104,0.84104,0.84104,0.84104,0.84104
0.50803,0.50803,0.50803,0.50803,0.50803
0.94976,0.94976,0.94976,0.94976,0.94976
0.18134,0.18134,0.18134,0.18134,0.18134
0.56413,0.56413,0.56413,0.56413,0.56413
0.93437,0.93437,0.93437,0.93437,0.93437
0.23301,0.23301,0.23301,0.23301,0.23301
0.67913,0.67913,0.67913,0.67913,0.67913
0.82807,0.82807,0.82807,0.82807,0.82807
0.54101,0.54101,0.54101,0.54101,0.54101
0.94361,0.94361,0.94361,0.94361,0.94361
0.2022,0.2022,0.2022,0.2022,0.2022
0.613,0.613,0.613,0.613,0.613
0.90148,0.90148,0.90148,0.90148,0.90148
0.33749,0.33749,0.33749,0.33749,0.33749
0.84964,0.84964,0.84964,0.84964,0.84964
0.48546,0.48546,0.48546,0.48546,0.48546
0.9492,0.9492,0.9492,0.9492,0.9492
0.18325,0.18325,0.18325,0.18325,0.18325
0.56873,0.56873,0.56873,0.56873,0.56873
0.93205,0.93205,0.93205,0.93205,0.93205
0.24067,0.24067,0.24067,0.24067,0.24067
0.69445,0.69445,0.69445,0.69445,0.69445
0.80632,0.80632,0.80632,0.80632,0.80632
0.59344,0.59344,0.59344,0.59344,0.59344
0.91682,0.91682,0.91682,0.91682,0.91682
0.28979,0.28979,0.28979,0.28979,0.28979
0.78208,0.78208,0.78208,0.78208,0.78208
0.64764,0.64764,0.64764,0.64764,0.64764
0.86716,0.86716,0.86716,0.86716,0.86716
0.43772,0.43772,0.43772,0.43772,0.43772
0.93526,0.93526,0.93526,0.93526,0.93526
0.23008,0.23008,0.23008,0.23008,0.23008
0.67314,0.67314,0.67314,0.67314,0.67314
0.83608,0.83608,0.83608,0.83608,0.83608
0.52079,0.52079,0.52079,0.52079,0.52079
0.94836,0.94836,0.94836,0.94836,0.94836
0.1861,0.1861,0.1861,0.1861,0.1861
0.57558,0.57558,0.57558,0.57558,0.57558
0.92829,0.92829,0.92829,0.92829,0.92829
0.25295,0.25295,0.25295,0.25295,0.25295
0.71808,0.71808,0.71808,0.71808,0.71808
0.76927,0.76927,0.76927,0.76927,0.76927
0.67447,0.67447,0.67447,0.67447,0.67447
0.83433,0.83433,0.83433,0.83433,0.83433
0.52524,0.52524,0.52524,0.52524,0.52524
0.94758,0.94758,0.94758,0.94758,0.94758
0.18876,0.18876,0.18876,0.18876,0.18876
0.58188,0.58188,0.58188,0.58188,0.58188
0.92452,0.92452,0.92452,0.92452,0.92452
0.26517,0.26517,0.26517,0.26517,0.26517
0.74045,0.74045,0.74045,0.74045,0.74045
0.7303,0.7303,0.7303,0.7303,0.7303
0.74846,0.74846,0.74846,0.74846,0.74846
0.71542,0.71542,0.71542,0.71542,0.71542
0.77366,0.77366,0.77366,0.77366,0.77366
0.66541,0.66541,0.66541,0.66541,0.66541
0.84603,0.84603,0.84603,0.84603,0.84603
0.49501,0.49501,0.49501,0.49501,0.49501
0.94991,0.94991,0.94991,0.94991,0.94991
0.18082,0.18082,0.18082,0.18082,0.18082
0.56288,0.56288,0.56288,0.56288,0.56288
0.93497,0.93497,0.93497,0.93497,0.93497
0.23103,0.23103,0.23103,0.23103,0.23103
0.67509,0.67509,0.67509,0.67509,0.67509
0.83351,0.83351,0.83351,0.83351,0.83351
0.52733,0.52733,0.52733,0.52733,0.52733
0.94716,0.94716,0.94716,0.94716,0.94716
0.19018,0.19018,0.19018,0.19018,0.19018
0.58524,0.58524,0.58524,0.58524,0.58524
0.92239,0.92239,0.92239,0.92239,0.92239
0.27202,0.27202,0.27202,0.27202,0.27202
0.7525,0.7525,0.7525,0.7525,0.7525
0.70772,0.70772,0.70772,0.70772,0.70772
0.78604,0.78604,0.78604,0.78604,0.78604
0.63909,0.63909,0.63909,0.63909,0.63909
0.87648,0.87648,0.87648,0.87648,0.87648
0.4114,0.4114,0.4114,0.4114,0.4114
0.92017,0.92017,0.92017,0.92017,0.92017
0.27914,0.27914,0.27914,0.27914,0.27914
0.76464,0.76464,0.76464,0.76464,0.76464
0.68387,0.68387,0.68387,0.68387,0.68387
0.82153,0.82153,0.82153,0.82153,0.82153
0.55714,0.55714,0.55714,0.55714,0.55714
0.93759,0.93759,0.93759,0.93759,0.93759
0.22235,0.22235,0.22235,0.22235,0.22235
0.65705,0.65705,0.65705,0.65705,0.65705
0.85627,0.85627,0.85627,0.85627,0.85627
0.46767,0.46767,0.46767,0.46767,0.46767
0.94603,0.94603,0.94603,0.94603,0.94603
0.19402,0.19402,0.19402,0.19402,0.19402
0.59424,0.59424,0.59424,0.59424,0.59424
0.91625,0.91625,0.91625,0.91625,0.91625
0.29159,0.29159,0.29159,0.29159,0.29159
0.78495,0.78495,0.78495,0.78495,0.78495
0.64146,0.64146,0.64146,0.64146,0.64146
0.87396,0.87396,0.87396,0.87396,0.87396
0.41858,0.41858,0.41858,0.41858,0.41858
0.92481,0.92481,0.92481,0.92481,0.92481
0.26425,0.26425,0.26425,0.26425,0.26425
0.73881,0.73881,0.73881,0.73881,0.73881
0.73329,0.73329,0.73329,0.73329,0.73329
0.74318,0.74318,0.74318,0.74318,0.74318
0.72527,0.72527,0.72527,0.72527,0.72527
0.75716,0.75716,0.75716,0.75716,0.75716
0.69871,0.69871,0.69871,0.69871,0.69871
0.79996,0.79996,0.79996,0.79996,0.79996
0.60809,0.60809,0.60809,0.60809,0.60809
0.9056,0.9056,0.9056,0.9056,0.9056
0.32484,0.32484,0.32484,0.32484,0.32484
0.83342,0.83342,0.83342,0.83342,0.83342
0.52756,0.52756,0.52756,0.52756,0.52756
0.94711,0.94711,0.94711,0.94711,0.94711
0.19034,0.19034,0.19034,0.19034,0.19034
0.58562,0.58562,0.58562,0.58562,0.58562
0.92214,0.92214,0.92214,0.92214,0.92214
0.27283,0.27283,0.27283,0.27283,0.27283
0.7539,0.7539,0.7539,0.7539,0.7539
0.70504,0.70504,0.70504,0.70504,0.70504
0.79025,0.79025,0.79025,0.79025,0.79025
0.62988,0.62988,0.62988,0.62988,0.62988
0.8859,0.8859,0.8859,0.8859,0.8859
0.38411,0.38411,0.38411,0.38411,0.38411
0.89896,0.89896,0.89896,0.89896,0.89896
0.34514,0.34514,0.34514,0.34514,0.34514
0.85887,0.85887,0.85887,0.85887,0.85887
0.46059,0.46059,0.46059,0.46059,0.46059
0.9441,0.9441,0.9441,0.9441,0.9441
0.20055,0.20055,0.20055,0.20055,0.20055
0.60925,0.60925,0.60925,0.60925,0.60925
0.90465,0.90465,0.90465,0.90465,0.90465
0.32779,0.32779,0.32779,0.32779,0.32779
0.83731,0.83731,0.83731,0.83731,0.83731
0.51765,0.51765,0.51765,0.51765,0.51765
0.94882,0.94882,0.94882,0.94882,0.94882
0.18454,0.18454,0.18454,0.18454,0.18454
0.57185,0.57185,0.57185,0.57185,0.57185
0.93038,0.93038,0.93038,0.93038,0.93038
0.24613,0.24613,0.24613,0.24613,0.24613
0.70509,0.70509,0.70509,0.70509,0.70509
0.79016,0.79016,0.79016,0.79016,0.79016
0.63007,0.63007,0.63007,0.63007,0.63007
0.88571,0.88571,0.88571,0.88571,0.88571
0.38466,0.38466,0.38466,0.38466,0.38466
0.89945,0.89945,0.89945,0.89945,0.89945
0.34368,0.34368,0.34368,0.34368,0.34368
0.85715,0.85715,0.85715,0.85715,0.85715
0.4653,0.4653,0.4653,0.4653,0.4653
0.94542,0.94542,0.94542,0.94542,0.94542
0.19607,0.19607,0.19607,0.19607,0.19607
0.59899,0.59899,0.59899,0.59899,0.59899
0.91277,0.91277,0.91277,0.91277,0.91277
0.30257,0.30257,0.30257,0.30257,0.30257
0.80188,0.80188,0.80188,0.80188,0.80188
0.6037,0.6037,0.6037,0.6037,0.6037
0.90913,0.90913,0.90913,0.90913,0.90913
0.31392,0.31392,0.31392,0.31392,0.31392
0.81842,0.81842,0.81842,0.81842,0.81842
0.56472,0.56472,0.56472,0.56472,0.56472
0.93408,0.93408,0.93408,0.93408,0.93408
0.23398,0.23398,0.23398,0.23398,0.23398
0.68109,0.68109,0.68109,0.68109,0.68109
0.82539,0.82539,0.82539,0.82539,0.82539
0.54767,0.54767,0.54767,0.54767,0.54767
0.94136,0.94136,0.94136,0.94136,0.94136
0.20975,0.20975,0.20975,0.20975,0.20975
0.62987,0.62987,0.62987,0.62987,0.62987
0.88591,0.88591,0.88591,0.88591,0.88591
0.38408,0.38408,0.38408,0.38408,0.38408
0.89894,0.89894,0.89894,0.89894,0.89894
0.34523,0.34523,0.34523,0.34523,0.34523
0.85898,0.85898,0.85898,0.85898,0.85898
0.46031,0.46031,0.46031,0.46031,0.46031
0.94401,0.94401,0.94401,0.94401,0.94401
0.20084,0.20084,0.20084,0.20084,0.20084
0.60991,0.60991,0.60991,0.60991,0.60991
0.9041,0.9041,0.9041,0.9041,0.9041
0.32947,0.32947,0.32947,0.32947,0.32947
0.8395,0.8395,0.8395,0.8395,0.8395
0.51201,0.51201,0.51201,0.51201,0.51201
0.94945,0.94945,0.94945,0.94945,0.94945
0.18237,0.18237,0.18237,0.18237,0.18237
0.56663,0.56663,0.56663,0.56663,0.56663
0.93313,0.93313,0.93313,0.93313,0.93313
0.23712,0.23712,0.23712,0.23712,0.23712
0.68739,0.68739,0.68739,0.68739,0.68739
0.81656,0.81656,0.81656,0.81656,0.81656
0.56921,0.56921,0.56921,0.56921,0.56921
0.9318,0.9318,0.9318,0.9318,0.9318
0.24149,0.24149,0.24149,0.24149,0.24149
0.69606,0.69606,0.69606,0.69606,0.69606
0.80394,0.80394,0.80394,0.80394,0.80394
0.59896,0.59896,0.59896,0.59896,0.59896
0.91278,0.91278,0.91278,0.91278,0.91278
0.30252,0.30252,0.30252,0.30252,0.30252
0.80181,0.80181,0.80181,0.80181,0.80181
0.60387,0.60387,0.60387,0.60387,0.60387
0.909,0.909,0.909,0.909,0.909
0.31432,0.31432,0.31432,0.31432,0.31432
0.81899,0.81899,0.81899,0.81899,0.81899
0.56333,0.56333,0.56333,0.56333,0.56333
0.93476,0.93476,0.93476,0.93476,0.93476
0.23174,0.23174,0.23174,0.23174,0.23174
0.67653,0.67653,0.67653,0.67653,0.67653
0.83158,0.83158,0.83158,0.83158,0.83158
0.53222,0.53222,0.53222,0.53222,0.53222
0.94606,0.94606,0.94606,0.94606,0.94606
0.19393,0.19393,0.19393,0.19393,0.19393
0.59402,0.59402,0.59402,0.59402,0.59402
0.91641,0.91641,0.91641,0.91641,0.91641
0.29109,0.29109,0.29109,0.29109,0.29109
0.78416,0.78416,0.78416,0.78416,0.78416
0.64317,0.64317,0.64317,0.64317,0.64317
0.87211,0.87211,0.87211,0.87211,0.87211
0.42383,0.42383,0.42383,0.42383,0.42383
0.92796,0.92796,0.92796,0.92796,0.92796
0.25405,0.25405,0.25405,0.25405,0.25405
0.72012,0.72012,0.72012,0.72012,0.72012
0.76587,0.76587,0.76587,0.76587,0.76587
0.68139,0.68139,0.68139,0.68139,0.68139
0.82497,0.82497,0.82497,0.82497,0.82497
0.54869,0.54869,0.54869,0.54869,0.54869
0.94099,0.94099,0.94099,0.94099,0.94099
0.211,0.211,0.211,0.211,0.211
0.63262,0.63262,0.63262,0.63262,0.63262
0.88317,0.88317,0.88317,0.88317,0.88317
0.39209,0.39209,0.39209,0.39209,0.39209
0.90575,0.90575,0.90575,0.90575,0.90575
0.3244,0.3244,0.3244,0.3244,0.3244
0.83282,0.83282,0.83282,0.83282,0.83282
0.52908,0.52908,0.52908,0.52908,0.52908
0.94679,0.94679,0.94679,0.94679,0.94679
0.19145,0.19145,0.19145,0.19145,0.19145
0.58823,0.58823,0.58823,0.58823,0.58823
0.92042,0.92042,0.92042,0.92042,0.92042
0.27833,0.27833,0.27833,0.27833,0.27833
0.76328,0.76328,0.76328,0.76328,0.76328
0.68659,0.68659,0.68659,0.68659,0.68659
0.8177,0.8177,0.8177,0.8177,0.8177
0.56645,0.56645,0.56645,0.56645,0.56645
0.93322,0.93322,0.93322,0.93322,0.93322
0.23681,0.23681,0.23681,0.23681,0.23681
0.68678,0.68678,0.68678,0.68678,0.68678
0.81743,0.81743,0.81743,0.81743,0.81743
0.5671,0.5671,0.5671,0.5671,0.5671
0.93289,0.93289,0.93289,0.93289,0.93289
0.23791,0.23791,0.23791,0.23791,0.23791
0.68897,0.68897,0.68897,0.68897,0.68897
0.81431,0.81431,0.81431,0.81431,0.81431
0.5746,0.5746,0.5746,0.5746,0.5746
0.92885,0.92885,0.92885,0.92885,0.92885
0.25112,0.25112,0.25112,0.25112,0.25112
0.71462,0.71462,0.71462,0.71462,0.71462
0.77497,0.77497,0.77497,0.77497,0.77497
0.66269,0.66269,0.66269,0.66269,0.66269
0.84942,0.84942,0.84942,0.84942,0.84942
0.48603,0.48603,0.48603,0.48603,0.48603
0.94926,0.94926,0.94926,0.94926,0.94926
0.18303,0.18303,0.18303,0.18303,0.18303
0.56822,0.56822,0.56822,0.56822,0.56822
0.93231,0.93231,0.93231,0.93231,0.93231
0.2398,0.2398,0.2398,0.2398,0.2398
0.69272,0.69272,0.69272,0.69272,0.69272
0.80886,0.80886,0.80886,0.80886,0.80886
0.58749,0.58749,0.58749,0.58749,0.58749
0.92091,0.92091,0.92091,0.92091,0.92091
0.27677,0.27677,0.27677,0.27677,0.27677
0.76063,0.76063,0.76063,0.76063,0.76063
0.69187,0.69187,0.69187,0.69187,0.69187
0.81011,0.81011,0.81011,0.81011,0.81011
0.58457,0.58457,0.58457,0.58457,0.58457
0.92282,0.92282,0.92282,0.92282,0.92282
0.27064,0.27064,0.27064,0.27064,0.27064
0.7501,0.7501,0.7501,0.7501,0.7501
0.71231,0.71231,0.71231,0.71231,0.71231
0.77871,0.77871,0.77871,0.77871,0.77871
0.65482,0.65482,0.65482,0.65482,0.65482
0.85891,0.85891,0.85891,0.85891,0.85891
0.46049,0.46049,0.46049,0.46049,0.46049
0.94407,0.94407,0.94407,0.94407,0.94407
0.20065,0.20065,0.20065,0.20065,0.20065
0.60948,0.60948,0.60948,0.60948,0.60948
0.90445,0.90445,0.90445,0.90445,0.90445
0.32839,0.32839,0.32839,0.32839,0.32839
0.83808,0.83808,0.83808,0.83808,0.83808
0.51566,0.51566,0.51566,0.51566,0.51566
0.94907,0.94907,0.94907,0.94907,0.94907
0.18368,0.18368,0.18368,0.18368,0.18368
0.56979,0.56979,0.56979,0.56979,0.56979
0.93149,0.93149,0.93149,0.93149,0.93149
0.24249,0.24249,0.24249,0.24249,0.24249
0.69802,0.69802,0.69802,0.69802,0.69802
0.801,0.801,0.801,0.801,0.801
0.60571,0.60571,0.60571,0.60571,0.60571
0.90754,0.90754,0.90754,0.90754,0.90754
0.31888,0.31888,0.31888,0.31888,0.31888
0.82534,0.82534,0.82534,0.82534,0.82534
0.54778,0.54778,0.54778,0.54778,0.54778
0.94132,0.94132,0.94132,0.94132,0.94132
0.20989,0.20989,0.20989,0.20989,0.20989
0.63017,0.63017,0.63017,0.63017,0.63017
0.88561,0.88561,0.88561,0.88561,0.88561
0.38497,0.38497,0.38497,0.38497,0.38497
0.89971,0.89971,0.89971,0.89971,0.89971
0.34287,0.34287,0.34287,0.34287,0.34287
0.85618,0.85618,0.85618,0.85618,0.85618
0.46793,0.46793,0.46793,0.46793,0.46793
0.94609,0.94609,0.94609,0.94609,0.94609
0.19381,0.19381,0.19381,0.19381,0.19381
0.59374,0.59374,0.59374,0.59374,0.59374
0.91661,0.91661,0.91661,0.91661,0.91661
0.29046,0.29046,0.29046,0.29046,0.29046
0.78315,0.78315,0.78315,0.78315,0.78315
0.64533,0.64533,0.64533,0.64533,0.64533
0.86974,0.86974,0.86974,0.86974,0.86974
0.43052,0.43052,0.43052,0.43052,0.43052
0.93166,0.93166,0.93166,0.93166,0.93166
0.24196,0.24196,0.24196,0.24196,0.24196
0.69697,0.69697,0.69697,0.69697,0.69697
0.80257,0.80257,0.80257,0.80257,0.80257
0.60212,0.60212,0.60212,0.60212,0.60212
0.91037,0.91037,0.91037,0.91037,0.91037
0.31007,0.31007,0.31007,0.31007,0.31007
0.81292,0.81292,0.81292,0.81292,0.81292
0.57792,0.57792,0.57792,0.57792,0.57792
0.92693,0.92693,0.92693,0.92693,0.92693
0.25738,0.25738,0.25738,0.25738,0.25738
0.72632,0.72632,0.72632,0.72632,0.72632
0.75536,0.75536,0.75536,0.75536,0.75536
0.7022,0.7022,0.7022,0.7022,0.7022
0.79464,0.79464,0.79464,0.79464,0.79464
0.62012,0.62012,0.62012,0.62012,0.62012
0.89517,0.89517,0.89517,0.89517,0.89517
0.3566,0.3566,0.3566,0.3566,0.3566
0.87186,0.87186,0.87186,0.87186,0.87186
0.42454,0.42454,0.42454,0.42454,0.42454
0.92836,0.92836,0.92836,0.92836,0.92836
0.25272,0.25272,0.25272,0.25272,0.25272
0.71764,0.71764,0.71764,0.71764,0.71764
0.77001,0.77001,0.77001,0.77001,0.77001
0.67297,0.67297,0.67297,0.67297,0.67297
0.83631,0.83631,0.83631,0.83631,0.83631
0.5202,0.5202,0.5202,0.5202,0.5202
0.94845,0.94845,0.94845,0.94845,0.94845
0.18579,0.18579,0.18579,0.18579,0.18579
0.57484,0.57484,0.57484,0.57484,0.57484
0.92871,0.92871,0.92871,0.92871,0.92871
0.25158,0.25158,0.25158,0.25158,0.25158
0.71548,0.71548,0.71548,0.71548,0.71548
0.77355,0.77355,0.77355,0.77355,0.77355
0.66564,0.66564,0.66564,0.66564,0.66564
0.84574,0.84574,0.84574,0.84574,0.84574
0.49576,0.49576,0.49576,0.49576,0.49576
0.94993,0.94993,0.94993,0.94993,0.94993
0.18073,0.18073,0.18073,0.18073,0.18073
0.56266,0.56266,0.56266,0.56266,0.56266
0.93508,0.93508,0.93508,0.93508,0.93508
0.23068,0.23068,0.23068,0.23068,0.23068
0.67438,0.67438,0.67438,0.67438,0.67438
0.83445,0.83445,0.83445,0.83445,0.83445
0.52494,0.52494,0.52494,0.52494,0.52494
0.94764,0.94764,0.94764,0.94764,0.94764
0.18856,0.18856,0.18856,0.18856,0.18856
0.58143,0.58143,0.58143,0.58143,0.58143
0.9248,0.9248,0.9248,0.9248,0.9248
0.26426,0.26426,0.26426,0.26426,0.26426
0.73882,0.73882,0.73882,0.73882,0.73882
0.73326,0.73326,0.73326,0.73326,0.73326
0.74324,0.74324,0.74324,0.74324,0.74324
0.72517,0.72517,0.72517,0.72517,0.72517
0.75733,0.75733,0.75733,0.75733,0.75733
0.69837,0.69837,0.69837,0.69837,0.69837
0.80047,0.80047,0.80047,0.80047,0.80047
0.60692,0.60692,0.60692,0.60692,0.60692
0.90656,0.90656,0.90656,0.90656,0.90656
0.32189,0.32189,0.32189,0.32189,0.32189
0.82946,0.82946,0.82946,0.82946,0.82946
0.53754,0.53754,0.53754,0.53754,0.53754
0.94465,0.94465,0.94465,0.94465,0.94465
0.1987,0.1987,0.1987,0.1987,0.1987
0.60503,0.60503,0.60503,0.60503,0.60503
0.90808,0.90808,0.90808,0.90808,0.90808
0.3172,0.3172,0.3172,0.3172,0.3172
0.82302,0.82302,0.82302,0.82302,0.82302
0.55351,0.55351,0.55351,0.55351,0.55351
0.93912,0.93912,0.93912,0.93912,0.93912
0.21726,0.21726,0.21726,0.21726,0.21726
0.64623,0.64623,0.64623,0.64623,0.64623
0.86875,0.86875,0.86875,0.86875,0.86875
0.4333,0.4333,0.4333,0.4333,0.4333
0.93309,0.93309,0.93309,0.93309,0.93309
0.23724,0.23724,0.23724,0.23724,0.23724
0.68763,0.68763,0.68763,0.68763,0.68763
0.81622,0.81622,0.81622,0.81622,0.81622
0.57001,0.57001,0.57001,0.57001,0.57001
0.93137,0.93137,0.93137,0.93137,0.93137
0.24289,0.24289,0.24289,0.24289,0.24289
0.69879,0.69879,0.69879,0.69879,0.69879
0.79983,0.79983,0.79983,0.79983,0.79983
0.60838,0.60838,0.60838,0.60838,0.60838
0.90536,0.90536,0.90536,0.90536,0.90536
0.32559,0.32559,0.32559,0.32559,0.32559
0.83441,0.83441,0.83441,0.83441,0.83441
0.52505,0.52505,0.52505,0.52505,0.52505
0.94762,0.94762,0.94762,0.94762,0.94762
0.18863,0.18863,0.18863,0.18863,0.18863
0.58159,0.58159,0.58159,0.58159,0.58159
0.9247,0.9247,0.9247,0.9247,0.9247
0.26458,0.26458,0.26458,0.26458,0.26458
0.7394,0.7394,0.7394,0.7394,0.7394
0.73222,0.73222,0.73222,0.73222,0.73222
0.74508,0.74508,0.74508,0.74508,0.74508
0.72176,0.72176,0.72176,0.72176,0.72176
0.76313,0.76313,0.76313,0.76313,0.76313
0.6869,0.6869,0.6869,0.6869,0.6869
0.81726,0.81726,0.81726,0.81726,0.81726
0.56751,0.56751,0.56751,0.56751,0.56751
0.93268,0.93268,0.93268,0.93268,0.93268
0.23859,0.23859,0.23859,0.23859,0.23859
0.69033,0.69033,0.69033,0.69033,0.69033
0.81234,0.81234,0.81234,0.81234,0.81234
0.57929,0.57929,0.57929,0.57929,0.57929
0.92611,0.92611,0.92611,0.92611,0.92611
0.26003,0.26003,0.26003,0.26003,0.26003
0.73118,0.73118,0.73118,0.73118,0.73118
0.74692,0.74692,0.74692,0.74692,0.74692
0.71832,0.71832,0.71832,0.71832,0.71832
0.76888,0.76888,0.76888,0.76888,0.76888
0.67527,0.67527,0.67527,0.67527,0.67527
0.83327,0.83327,0.83327,0.83327,0.83327
0.52795,0.52795,0.52795,0.52795,0.52795
0.94703,0.94703,0.94703,0.94703,0.94703
0.19062,0.19062,0.19062,0.19062,0.19062
0.58627,0.58627,0.58627,0.58627,0.58627
0.92172,0.92172,0.92172,0.92172,0.92172
0.27418,0.27418,0.27418,0.27418,0.27418
0.75623,0.75623,0.75623,0.75623,0.75623
0.70052,0.70052,0.70052,0.70052,0.70052
0.79721,0.79721,0.79721,0.79721,0.79721
0.61434,0.61434,0.61434,0.61434,0.61434
0.90032,0.90032,0.90032,0.90032,0.90032
0.34102,0.34102,0.34102,0.34102,0.34102
0.85395,0.85395,0.85395,0.85395,0.85395
0.47393,0.47393,0.47393,0.47393,0.47393
0.94742,0.94742,0.94742,0.94742,0.94742
0.18931,0.18931,0.18931,0.18931,0.18931
0.58319,0.58319,0.58319,0.58319,0.58319
0.9237,0.9237,0.9237,0.9237,0.9237
0.2678,0.2678,0.2678,0.2678,0.2678
0.74512,0.74512,0.74512,0.74512,0.74512
0.72168,0.72168,0.72168,0.72168,0.72168
0.76325,0.76325,0.76325,0.76325,0.76325
0.68665,0.68665,0.68665,0.68665,0.68665
0.81762,0.81762,0.81762,0.81762,0.81762
0.56666,0.56666,0.56666,0.56666,0.56666
0.93312,0.93312,0.93312,0.93312,0.93312
0.23716,0.23716,0.23716,0.23716,0.23716
0.68747,0.68747,0.68747,0.68747,0.68747
0.81644,0.81644,0.81644,0.81644,0.81644
0.56948,0.56948,0.56948,0.56948,0.56948
0.93165,0.93165,0.93165,0.93165,0.93165
0.24196,0.24196,0.24196,0.24196,0.24196
0.69698,0.69698,0.69698,0.69698,0.69698
0.80255,0.80255,0.80255,0.80255,0.80255
0.60216,0.60216,0.60216,0.60216,0.60216
0.91034,0.91034,0.91034,0.91034,0.91034
0.31015,0.31015,0.31015,0.31015,0.31015
0.81304,0.81304,0.81304,0.81304,0.81304
0.57763,0.57763,0.57763,0.57763,0.57763
0.9271,0.9271,0.9271,0.9271,0.9271
0.25682,0.25682,0.25682,0.25682,0.25682
0.72528,0.72528,0.72528,0.72528,0.72528
0.75714,0.75714,0.75714,0.75714,0.75714
0.69874,0.69874,0.69874,0.69874,0.69874
0.7999,0.7999,0.7999,0.7999,0.7999
0.60822,0.60822,0.60822,0.60822,0.60822
0.90549,0.90549,0.90549,0.90549,0.90549
0.32519,0.32519,0.32519,0.32519,0.32519
0.83387,0.83387,0.83387,0.83387,0.83387
0.52641,0.52641,0.52641,0.52641,0.52641
0.94735,0.94735,0.94735,0.94735,0.94735
0.18954,0.18954,0.18954,0.18954,0.18954
0.58373,0.58373,0.58373,0.58373,0.58373
0.92336,0.92336,0.92336,0.92336,0.92336
0.26892,0.26892,0.26892,0.26892,0.26892
0.74709,0.74709,0.74709,0.74709,0.74709
0.71799,0.71799,0.71799,0.71799,0.71799
0.76942,0.76942,0.76942,0.76942,0.76942
0.67416,0.67416,0.67416,0.67416,0.67416
0.83474,0.83474,0.83474,0.83474,0.83474
0.52421,0.52421,0.52421,0.52421,0.52421
0.94777,0.94777,0.94777,0.94777,0.94777
0.1881,0.1881,0.1881,0.1881,0.1881
0.58032,0.58032,0.58032,0.58032,0.58032
0.92548,0.92548,0.92548,0.92548,0.92548
0.26206,0.26206,0.26206,0.26206,0.26206
0.73487,0.73487,0.73487,0.73487,0.73487
0.74038,0.74038,0.74038,0.74038,0.74038
0.73042,0.73042,0.73042,0.73042,0.73042
0.74824,0.74824,0.74824,0.74824,0.74824
0.71583,0.71583,0.71583,0.71583,0.71583
0.77298,0.77298,0.77298,0.77298,0.77298
0.66683,0.66683,0.66683,0.66683,0.66683
0.84423,0.84423,0.84423,0.84423,0.84423
0.49971,0.49971,0.49971,0.49971,0.49971
0.95,0.95,0.95,0.95,0.95
0.1805,0.1805,0.1805,0.1805,0.1805
0.5621,0.5621,0.5621,0.5621,0.5621
0.93535,0.93535,0.93535,0.93535,0.93535
0.2298,0.2298,0.2298,0.2298,0.2298
0.67257,0.67257,0.67257,0.67257,0.67257
0.83684,0.83684,0.83684,0.83684,0.83684
0.51885,0.51885,0.51885,0.51885,0.51885
0.94865,0.94865,0.94865,0.94865,0.94865
0.18511,0.18511,0.18511,0.18511,0.18511
0.57321,0.57321,0.57321,0.57321,0.57321
0.92963,0.92963,0.92963,0.92963,0.92963
0.24857,0.24857,0.24857,0.24857,0.24857
0.70978,0.70978,0.70978,0.70978,0.70978
0.78277,0.78277,0.78277,0.78277,0.78277
0.64616,0.64616,0.64616,0.64616,0.64616
0.86883,0.86883,0.86883,0.86883,0.86883
0.43308,0.43308,0.43308,0.43308,0.43308
0.93298,0.93298,0.93298,0.93298,0.93298
0.2376,0.2376,0.2376,0.2376,0.2376
0.68836,0.68836,0.68836,0.68836,0.68836
0.81518,0.81518,0.81518,0.81518,0.81518
0.57252,0.57252,0.57252,0.57252,0.57252
0.93002,0.93002,0.93002,0.93002,0.93002
0.24733,0.24733,0.24733,0.24733,0.24733
0.70739,0.70739,0.70739,0.70739,0.70739
0.78656,0.78656,0.78656,0.78656,0.78656
0.63796,0.63796,0.63796,0.63796,0.63796
0.87767,0.87767,0.87767,0.87767,0.87767
0.40798,0.40798,0.40798,0.40798,0.40798
0.91782,0.91782,0.91782,0.91782,0.91782
0.28661,0.28661,0.28661,0.28661,0.28661
0.77697,0.77697,0.77697,0.77697,0.77697
0.65849,0.65849,0.65849,0.65849,0.65849
0.85455,0.85455,0.85455,0.85455,0.85455
0.47233,0.47233,0.47233,0.47233,0.47233
0.94709,0.94709,0.94709,0.94709,0.94709
0.19042,0.19042,0.19042,0.19042,0.19042
0.58581,0.58581,0.58581,0.58581,0.58581
0.92202,0.92202,0.92202,0.92202,0.92202
0.27321,0.27321,0.27321,0.27321,0.27321
0.75455,0.75455,0.75455,0.75455,0.75455
0.70377,0.70377,0.70377,0.70377,0.70377
0.79222,0.79222,0.79222,0.79222,0.79222
0.62551,0.62551,0.62551,0.62551,0.62551
0.89014,0.89014,0.89014,0.89014,0.89014
0.37161,0.37161,0.37161,0.37161,0.37161
0.88736,0.88736,0.88736,0.88736,0.88736
0.37983,0.37983,0.37983,0.37983,0.37983
0.89512,0.89512,0.89512,0.89512,0.89512
0.35673,0.35673,0.35673,0.35673,0.35673
0.872,0.872,0.872,0.872,0.872
0.42414,0.42414,0.42414,0.42414,0.42414
0.92813,0.92813,0.92813,0.92813,0.92813
0.25348,0.25348,0.25348,0.25348,0.25348
0.71906,0.71906,0.71906,0.71906,0.71906
0.76765,0.76765,0.76765,0.76765,0.76765
0.67778,0.67778,0.67778,0.67778,0.67778
0.82989,0.82989,0.82989,0.82989,0.82989
0.53644,0.53644,0.53644,0.53644,0.53644
0.94495,0.94495,0.94495,0.94495,0.94495
0.19766,0.19766,0.19766,0.19766,0.19766
0.60265,0.60265,0.60265,0.60265,0.60265
0.90996,0.90996,0.90996,0.90996,0.90996
0.31136,0.31136,0.31136,0.31136,0.31136
0.81477,0.81477,0.81477,0.81477,0.81477
0.57349,0.57349,0.57349,0.57349,0.57349
0.92948,0.92948,0.92948,0.92948,0.92948
0.24908,0.24908,0.24908,0.24908,0.24908
0.71075,0.71075,0.71075,0.71075,0.71075
0.78122,0.78122,0.78122,0.78122,0.78122
0.64948,0.64948,0.64948,0.64948,0.64948
0.86509,0.86509,0.86509,0.86509,0.86509
0.4435,0.4435,0.4435,0.4435,0.4435
0.93787,0.93787,0.93787,0.93787,0.93787
0.22143,0.22143,0.22143,0.22143,0.22143
0.65511,0.65511,0.65511,0.65511,0.65511
0.85858,0.85858,0.85858,0.85858,0.85858
0.4614,0.4614,0.4614,0.4614,0.4614
0.94434,0.94434,0.94434,0.94434,0.94434
0.19974,0.19974,0.19974,0.19974,0.19974
0.60742,0.60742,0.60742,0.60742,0.60742
0.90615,0.90615,0.90615,0.90615,0.90615
0.32315,0.32315,0.32315,0.32315,0.32315
0.83115,0.83115,0.83115,0.83115,0.83115
0.53329,0.53329,0.53329,0.53329,0.53329
0.94579,0.94579,0.94579,0.94579,0.94579
0.19483,0.19483,0.19483,0.19483,0.19483
0.59612,0.59612,0.59612,0.59612,0.59612
0.91489,0.91489,0.91489,0.91489,0.91489
0.29588,0.29588,0.29588,0.29588,0.29588
0.79167,0.79167,0.79167,0.79167,0.79167
0.62673,0.62673,0.62673,0.62673,0.62673
0.88897,0.88897,0.88897,0.88897,0.88897
0.37507,0.37507,0.37507,0.37507,0.37507
0.8907,0.8907,0.8907,0.8907,0.8907
0.36996,0.36996,0.36996,0.36996,0.36996
0.88574,0.88574,0.88574,0.88574,0.88574
0.38459,0.38459,0.38459,0.38459,0.38459
0.89939,0.89939,0.89939,0.89939,0.89939
0.34387,0.34387,0.34387,0.34387,0.34387
0.85737,0.85737,0.85737,0.85737,0.85737
0.4647,0.4647,0.4647,0.4647,0.4647
0.94526,0.94526,0.94526,0.94526,0.94526
0.19661,0.19661,0.19661,0.19661,0.19661
0.60022,0.60022,0.60022,0.60022,0.60022
0.91183,0.91183,0.91183,0.91183,0.91183
0.30551,0.30551,0.30551,0.30551,0.30551
0.80626,0.80626,0.80626,0.80626,0.80626
0.59358,0.59358,0.59358,0.59358,0.59358
0.91672,0.91672,0.91672,0.91672,0.91672
0.29011,0.29011,0.29011,0.29011,0.29011
0.78259,0.78259,0.78259,0.78259,0.78259
0.64654,0.64654,0.64654,0.64654,0.64654
0.8684,0.8684,0.8684,0.8684,0.8684
0.43426,0.43426,0.43426,0.43426,0.43426
0.93358,0.93358,0.93358,0.93358,0.93358
0.23564,0.23564,0.23564,0.23564,0.23564
0.68444,0.68444,0.68444,0.68444,0.68444
0.82073,0.82073,0.82073,0.82073,0.82073
0.55911,0.55911,0.55911,0.55911,0.55911
0.93672,0.93672,0.93672,0.93672,0.93672
0.22523,0.22523,0.22523,0.22523,0.22523
0.66312,0.66312,0.66312,0.66312,0.66312
0.84889,0.84889,0.84889,0.84889,0.84889
0.48744,0.48744,0.48744,0.48744,0.48744
0.9494,0.9494,0.9494,0.9494,0.9494
0.18255,0.18255,0.18255,0.18255,0.18255
0.56706,0.56706,0.56706,0.56706,0.56706
0.93291,0.93291,0.93291,0.93291,0.93291
0.23783,0.23783,0.23783,0.23783,0.23783
0.68881,0.68881,0.68881,0.68881,0.68881
0.81453,0.81453,0.81453,0.81453,0.81453
0.57406,0.57406,0.57406,0.57406,0.57406
0.92916,0.92916,0.92916,0.92916,0.92916
0.25014,0.25014,0.25014,0.25014,0.25014
0.71276,0.71276,0.71276,0.71276,0.71276
0.77798,0.77798,0.77798,0.77798,0.77798
0.65635,0.65635,0.65635,0.65635,0.65635
0.8571,0.8571,0.8571,0.8571,0.8571
0.46541,0.46541,0.46541,0.46541,0.46541
0.94545,0.94545,0.94545,0.94545,0.94545
0.19597,0.19597,0.19597,0.19597,0.19597
0.59875,0.59875,0.59875,0.59875,0.59875
0.91294,0.91294,0.91294,0.91294,0.91294
0.30202,0.30202,0.30202,0.30202,0.30202
0.80105,0.80105,0.80105,0.80105,0.80105
0.6056,0.6056,0.6056,0.6056,0.6056
0.90762,0.90762,0.90762,0.90762,0.90762
0.3186,0.3186,0.3186,0.3186,0.3186
0.82496,0.82496,0.82496,0.82496,0.82496
0.54872,0.54872,0.54872,0.54872,0.54872
0.94098,0.94098,0.94098,0.94098,0.94098
0.21104,0.21104,0.21104,0.21104,0.21104
0.6327,0.6327,0.6327,0.6327,0.6327
0.88308,0.88308,0.88308,0.88308,0.88308
0.39234,0.39234,0.39234,0.39234,0.39234
0.90596,0.90596,0.90596,0.90596,0.90596
0.32376,0.32376,0.32376,0.32376,0.32376
0.83197,0.83197,0.83197,0.83197,0.83197
0.53122,0.53122,0.53122,0.53122,0.53122
0.9463,0.9463,0.9463,0.9463,0.9463
0.19312,0.19312,0.19312,0.19312,0.19312
0.59213,0.59213,0.59213,0.59213,0.59213
0.91775,0.91775,0.91775,0.91775,0.91775
0.28685,0.28685,0.28685,0.28685,0.28685
0.77736,0.77736,0.77736,0.77736,0.77736
0.65767,0.65767,0.65767,0.65767,0.65767
0.85553,0.85553,0.85553,0.85553,0.85553
0.46966,0.46966,0.46966,0.46966,0.46966
0.9465,0.9465,0.9465,0.9465,0.9465
0.19241,0.19241,0.19241,0.19241,0.19241
0.59049,0.59049,0.59049,0.59049,0.59049
0.91889,0.91889,0.91889,0.91889,0.91889
0.28323,0.28323,0.28323,0.28323,0.28323
0.77144,0.77144,0.77144,0.77144,0.77144
0.67002,0.67002,0.67002,0.67002,0.67002
0.84016,0.84016,0.84016,0.84016,0.84016
0.51031,0.51031,0.51031,0.51031,0.51031
0.9496,0.9496,0.9496,0.9496,0.9496
0.18188,0.18188,0.18188,0.18188,0.18188
0.56544,0.56544,0.56544,0.56544,0.56544
0.93373,0.93373,0.93373,0.93373,0.93373
0.23515,0.23515,0.23515,0.23515,0.23515
0.68345,0.68345,0.68345,0.68345,0.68345
0.82212,0.82212,0.82212,0.82212,0.82212
0.55571,0.55571,0.55571,0.55571,0.55571
0.93821,0.93821,0.93821,0.93821,0.93821
0.2203,0.2203,0.2203,0.2203,0.2203
0.65273,0.65273,0.65273,0.65273,0.65273
0.86136,0.86136,0.86136,0.86136,0.86136
0.45378,0.45378,0.45378,0.45378,0.45378
0.94188,0.94188,0.94188,0.94188,0.94188
0.20801,0.20801,0.20801,0.20801,0.20801
0.62602,0.62602,0.62602,0.62602,0.62602
0.88965,0.88965,0.88965,0.88965,0.88965
0.37305,0.37305,0.37305,0.37305,0.37305
0.88875,0.88875,0.88875,0.88875,0.88875
0.37571,0.37571,0.37571,0.37571,0.37571
0.8913,0.8913,0.8913,0.8913,0.8913
0.36817,0.36817,0.36817,0.36817,0.36817
0.88396,0.88396,0.88396,0.88396,0.88396
0.38978,0.38978,0.38978,0.38978,0.38978
0.90384,0.90384,0.90384,0.90384,0.90384
0.33028,0.33028,0.33028,0.33028,0.33028
0.84054,0.84054,0.84054,0.84054,0.84054
0.50932,0.50932,0.50932,0.50932,0.50932
0.94967,0.94967,0.94967,0.94967,0.94967
0.18163,0.18163,0.18163,0.18163,0.18163
0.56483,0.56483,0.56483,0.56483,0.56483
0.93403,0.93403,0.93403,0.93403,0.93403
0.23415,0.23415,0.23415,0.23415,0.23415
0.68143,0.68143,0.68143,0.68143,0.68143
0.82492,0.82492,0.82492,0.82492,0.82492
0.54882,0.54882,0.54882,0.54882,0.54882
0.94094,0.94094,0.94094,0.94094,0.94094
0.21117,0.21117,0.21117,0.21117,0.21117
0.63298,0.63298,0.63298,0.63298,0.63298
0.8828,0.8828,0.8828,0.8828,0.8828
0.39317,0.39317,0.39317,0.39317,0.39317
0.90663,0.90663,0.90663,0.90663,0.90663
0.32167,0.32167,0.32167,0.32167,0.32167
0.82915,0.82915,0.82915,0.82915,0.82915
0.5383,0.5383,0.5383,0.5383,0.5383
0.94443,0.94443,0.94443,0.94443,0.94443
0.19945,0.19945,0.19945,0.19945,0.19945
0.60674,0.60674,0.60674,0.60674,0.60674
0.90671,0.90671,0.90671,0.90671,0.90671
0.32143,0.32143,0.32143,0.32143,0.32143
0.82883,0.82883,0.82883,0.82883,0.82883
0.5391,0.5391,0.5391,0.5391,0.5391
0.94419,0.94419,0.94419,0.94419,0.94419
0.20024,0.20024,0.20024,0.20024,0.20024
0.60854,0.60854,0.60854,0.60854,0.60854
0.90523,0.90523,0.90523,0.90523,0.90523
0.326,0.326,0.326,0.326,0.326
0.83495,0.83495,0.83495,0.83495,0.83495
0.52368,0.52368,0.52368,0.52368,0.52368
0.94787,0.94787,0.94787,0.94787,0.94787
0.18777,0.18777,0.18777,0.18777,0.18777
0.57954,0.57954,0.57954,0.57954,0.57954
0.92596,0.92596,0.92596,0.92596,0.92596
0.26053,0.26053,0.26053,0.26053,0.26053
0.73209,0.73209,0.73209,0.73209,0.73209
0.74532,0.74532,0.74532,0.74532,0.74532
0.72131,0.72131,0.72131,0.72131,0.72131
0.76388,0.76388,0.76388,0.76388,0.76388
0.6854,0.6854,0.6854,0.6854,0.6854
0.81938,0.81938,0.81938,0.81938,0.81938
0.56239,0.56239,0.56239,0.56239,0.56239
0.93521,0.93521,0.93521,0.93521,0.93521
0.23025,0.23025,0.23025,0.23025,0.23025
0.67349,0.67349,0.67349,0.67349,0.67349
0.83562,0.83562,0.83562,0.83562,0.83562
0.52197,0.52197,0.52197,0.52197,0.52197
0.94817,0.94817,0.94817,0.94817,0.94817
0.18676,0.18676,0.18676,0.18676,0.18676
0.57714,0.57714,0.57714,0.57714,0.57714
0.92739,0.92739,0.92739,0.92739,0.92739
0.2559,0.2559,0.2559,0.2559,0.2559
0.72357,0.72357,0.72357,0.72357,0.72357
0.76006,0.76006,0.76006,0.76006,0.76006
0.69301,0.69301,0.69301,0.69301,0.69301
0.80844,0.80844,0.80844,0.80844,0.80844
0.58848,0.58848,0.58848,0.58848,0.58848
0.92025,0.92025,0.92025,0.92025,0.92025
0.27888,0.27888,0.27888,0.27888,0.27888
0.76421,0.76421,0.76421,0.76421,0.76421
0.68474,0.68474,0.68474,0.68474,0.68474
0.82031,0.82031,0.82031,0.82031,0.82031
0.56013,0.56013,0.56013,0.56013,0.56013
0.93626,0.93626,0.93626,0.93626,0.93626
0.22677,0.22677,0.22677,0.22677,0.22677
0.66631,0.66631,0.66631,0.66631,0.66631
0.8449,0.8449,0.8449,0.8449,0.8449
0.49797,0.49797,0.49797,0.49797,0.49797
0.94998,0.94998,0.94998,0.94998,0.94998
0.18055,0.18055,0.18055,0.18055,0.18055
0.56222,0.56222,0.56222,0.56222,0.56222
0.93529,0.93529,0.93529,0.93529,0.93529
0.23,0.23,0.23,0.23,0.23
0.67297,0.67297,0.67297,0.67297,0.67297
0.8363,0.8363,0.8363,0.8363,0.8363
0.52022,0.52022,0.52022,0.52022,0.52022
0.94845,0.94845,0.94845,0.94845,0.94845
0.1858,0.1858,0.1858,0.1858,0.1858
0.57486,0.57486,0.57486,0.57486,0.57486
0.9287,0.9287,0.9287,0.9287,0.9287
0.25161,0.25161,0.25161,0.25161,0.25161
0.71556,0.71556,0.71556,0.71556,0.71556
0.77343,0.77343,0.77343,0.77343,0.77343
0.66589,0.66589,0.66589,0.66589,0.66589
0.84542,0.84542,0.84542,0.84542,0.84542
