0.1,0.2,0.3,0.5,0.6
0.1476,0.1884,0.2502,0.291,0.2628
0.16808,0.18486,0.22224,0.24195,0.22252
0.17572,0.18286,0.20533,0.21632,0.20351
0.17774,0.18096,0.19447,0.20095,0.19274
0.17745,0.179,0.18717,0.19108,0.18591
0.1763,0.1771,0.18207,0.18447,0.18123
0.17493,0.17537,0.17841,0.17988,0.17786
0.17359,0.17384,0.17571,0.17663,0.17536
0.17238,0.17253,0.17369,0.17426,0.17347
0.17135,0.17144,0.17216,0.17251,0.17202
0.17047,0.17053,0.17098,0.1712,0.17089
0.16975,0.16979,0.17007,0.17021,0.17001
0.16916,0.16918,0.16936,0.16944,0.16932
0.16867,0.16869,0.1688,0.16885,0.16878
0.16828,0.16829,0.16836,0.1684,0.16835
0.16796,0.16797,0.16801,0.16804,0.16801
0.16771,0.16771,0.16774,0.16775,0.16773
0.1675,0.1675,0.16752,0.16753,0.16752
0.16734,0.16734,0.16735,0.16735,0.16735
0.1672,0.1672,0.16721,0.16721,0.16721
0.1671,0.1671,0.1671,0.1671,0.1671
0.16701,0.16701,0.16701,0.16702,0.16701
0.16694,0.16694,0.16694,0.16695,0.16694
0.16689,0.16689,0.16689,0.16689,0.16689
0.16684,0.16684,0.16684,0.16684,0.16684
0.16681,0.16681,0.16681,0.16681,0.16681
0.16678,0.16678,0.16678,0.16678,0.16678
0.16676,0.16676,0.16676,0.16676,0.16676
0.16674,0.16674,0.16674,0.16674,0.16674
0.16672,0.16672,0.16672,0.16672,0.16672
0.16671,0.16671,0.16671,0.16671,0.16671
0.1667,0.1667,0.1667,0.1667,0.1667
0.1667,0.1667,0.1667,0.1667,0.1667
0.16669,0.16669,0.16669,0.16669,0.16669
0.16669,0.16669,0.16669,0.16669,0.16669
0.16668,0.16668,0.16668,0.16668,0.16668
0.16668,0.16668,0.16668,0.16668,0.16668
0.16668,0.16668,0.16668,0.16668,0.16668
0.16667,0.16667,0.16667,0.16667,0.16667
0.16667,0.16667,0.16667,0.16667,0.16667
0.16667,0.16667,0.16667,0.16667,0.16667
0.16667,0.16667,0.16667,0.16667,0.16667
0.16667,0.16667,0.16667,0.16667,0.16667
0.16667,0.16667,0.16667,0.16667,0.16667
0.16667,0.16667,0.16667,0.16667,0.16667
0.16667,0.16667,0.16667,0.16667,0.16667
0.16667,0.16667,0.16667,0.16667,0.16667
0.16667,0.16667,0.16667,0.16667,0.16667
0.16667,0.16667,0.16667,0.16667,0.16667
0.16667,0.16667,0.16667,0.16667,0.16667
0.16667,0.16667,0.16667,0.16667,0.16667
0.16667,0.16667,0.16667,0.16667,0.16667
0.16667,0.16667,0.16667,0.16667,0.16667
0.16667,0.16667,0.16667,0.16667,0.16667
0.16667,0.16667,0.16667,0.16667,0.16667
0.16667,0.16667,0.16667,0.16667,0.16667
0.16667,0.16667,0.16667,0.16667,0.16667
0.16667,0.16667,0.16667,0.16667,0.16667
0.16667,0.16667,0.16667,0.16667,0.16667
0.16667,0.16667,0.16667,0.16667,0.16667
0.16667,0.16667,0.16667,0.16667,0.16667
0.16667,0.16667,0.16667,0.16667,0.16667
0.16667,0.16667,0.16667,0.16667,0.16667
0.16667,0.16667,0.16667,0.16667,0.16667
0.16667,0.16667,0.16667,0.16667,0.16667
0.16667,0.16667,0.16667,0.16667,0.16667
0.16667,0.16667,0.16667,0.16667,0.16667
0.16667,0.16667,0.16667,0.16667,0.16667
0.16667,0.16667,0.16667,0.16667,0.16667
0.16667,0.16667,0.16667,0.16667,0.16667
0.16667,0.16667,0.16667,0.16667,0.16667
0.16667,0.16667,0.16667,0.16667,0.16667
0.16667,0.16667,0.16667,0.16667,0.16667
0.16667,0.16667,0.16667,0.16667,0.16667
0.16667,0.16667,0.16667,0.16667,0.16667
0.16667,0.16667,0.16667,0.16667,0.16667
0.16667,0.16667,0.16667,0.16667,0.16667
0.16667,0.16667,0.16667,0.16667,0.16667
0.16667,0.16667,0.16667,0.16667,0.16667
0.16667,0.16667,0.16667,0.16667,0.16667
0.16667,0.16667,0.16667,0.16667,0.16667
0.16667,0.16667,0.16667,0.16667,0.16667
0.16667,0.16667,0.16667,0.16667,0.16667
0.16667,0.16667,0.16667,0.16667,0.16667
0.16667,0.16667,0.16667,0.16667,0.16667
0.16667,0.16667,0.16667,0.16667,0.16667
0.16667,0.16667,0.16667,0.16667,0.16667
0.16667,0.16667,0.16667,0.16667,0.16667
0.16667,0.16667,0.16667,0.16667,0.16667
0.16667,0.16667,0.16667,0.16667,0.16667
0.16667,0.16667,0.16667,0.16667,0.16667
0.16667,0.16667,0.16667,0.16667,0.16667
0.16667,0.16667,0.16667,0.16667,0.16667
0.16667,0.16667,0.16667,0.16667,0.16667
0.16667,0.16667,0.16667,0.16667,0.16667
0.16667,0.16667,0.16667,0.16667,0.16667
0.16667,0.16667,0.16667,0.16667,0.16667
0.16667,0.16667,0.16667,0.16667,0.16667
0.16667,0.16667,0.16667,0.16667,0.16667
0.16667,0.16667,0.16667,0.16667,0.16667
0.16667,0.16667,0.16667,0.16667,0.16667
0.16667,0.16667,0.16667,0.16667,0.16667
0.16667,0.16667,0.16667,0.16667,0.16667
0.16667,0.16667,0.16667,0.16667,0.16667
0.16667,0.16667,0.16667,0.16667,0.16667
0.16667,0.16667,0.16667,0.16667,0.16667
0.16667,0.16667,0.16667,0.16667,0.16667
0.16667,0.16667,0.16667,0.16667,0.16667
0.16667,0.16667,0.16667,0.16667,0.16667
0.16667,0.16667,0.16667,0.16667,0.16667
0.16667,0.16667,0.16667,0.16667,0.16667
0.16667,0.16667,0.16667,0.16667,0.16667
0.16667,0.16667,0.16667,0.16667,0.16667
0.16667,0.16667,0.16667,0.16667,0.16667
0.16667,0.16667,0.16667,0.16667,0.16667
0.16667,0.16667,0.16667,0.16667,0.16667
0.16667,0.16667,0.16667,0.16667,0.16667
0.16667,0.16667,0.16667,0.16667,0.16667
0.16667,0.16667,0.16667,0.16667,0.16667
0.16667,0.16667,0.16667,0.16667,0.16667
0.16667,0.16667,0.16667,0.16667,0.16667
0.16667,0.16667,0.16667,0.16667,0.16667
0.16667,0.16667,0.16667,0.16667,0.16667
0.16667,0.16667,0.16667,0.16667,0.16667
0.16667,0.16667,0.16667,0.16667,0.16667
0.16667,0.16667,0.16667,0.16667,0.16667
0.16667,0.16667,0.16667,0.16667,0.16667
0.16667,0.16667,0.16667,0.16667,0.16667
0.16667,0.16667,0.16667,0.16667,0.16667
0.16667,0.16667,0.16667,0.16667,0.16667
0.16667,0.16667,0.16667,0.16667,0.16667
0.16667,0.16667,0.16667,0.16667,0.16667
0.16667,0.16667,0.16667,0.16667,0.16667
0.16667,0.16667,0.16667,0.16667,0.16667
0.16667,0.16667,0.16667,0.16667,0.16667
0.16667,0.16667,0.16667,0.16667,0.16667
0.16667,0.16667,0.16667,0.16667,0.16667
0.16667,0.16667,0.16667,0.16667,0.16667
0.16667,0.16667,0.16667,0.16667,0.16667
0.16667,0.16667,0.16667,0.16667,0.16667
0.16667,0.16667,0.16667,0.16667,0.16667
0.16667,0.16667,0.16667,0.16667,0.16667
0.16667,0.16667,0.16667,0.16667,0.16667
0.16667,0.16667,0.16667,0.16667,0.16667
0.16667,0.16667,0.16667,0.16667,0.16667
0.16667,0.16667,0.16667,0.16667,0.16667
0.16667,0.16667,0.16667,0.16667,0.16667
0.16667,0.16667,0.16667,0.16667,0.16667
0.16667,0.16667,0.16667,0.16667,0.16667
0.16667,0.16667,0.16667,0.16667,0.16667
0.16667,0.16667,0.16667,0.16667,0.16667
0.16667,0.16667,0.16667,0.16667,0.16667
0.16667,0.16667,0.16667,0.16667,0.16667
0.16667,0.16667,0.16667,0.16667,0.16667
0.16667,0.16667,0.16667,0.16667,0.16667
0.16667,0.16667,0.16667,0.16667,0.16667
0.16667,0.16667,0.16667,0.16667,0.16667
0.16667,0.16667,0.16667,0.16667,0.16667
0.16667,0.16667,0.16667,0.16667,0.16667
0.16667,0.16667,0.16667,0.16667,0.16667
0.16667,0.16667,0.16667,0.16667,0.16667
0.16667,0.16667,0.16667,0.16667,0.16667
0.16667,0.16667,0.16667,0.16667,0.16667
0.16667,0.16667,0.16667,0.16667,0.16667
0.16667,0.16667,0.16667,0.16667,0.16667
0.16667,0.16667,0.16667,0.16667,0.16667
0.16667,0.16667,0.16667,0.16667,0.16667
0.16667,0.16667,0.16667,0.16667,0.16667
0.16667,0.16667,0.16667,0.16667,0.16667
0.16667,0.16667,0.16667,0.16667,0.16667
0.16667,0.16667,0.16667,0.16667,0.16667
0.16667,0.16667,0.16667,0.16667,0.16667
0.16667,0.16667,0.16667,0.16667,0.16667
0.16667,0.16667,0.16667,0.16667,0.16667
0.16667,0.16667,0.16667,0.16667,0.16667
0.16667,0.16667,0.16667,0.16667,0.16667
0.16667,0.16667,0.16667,0.16667,0.16667
0.16667,0.16667,0.16667,0.16667,0.16667
0.16667,0.16667,0.16667,0.16667,0.16667
0.16667,0.16667,0.16667,0.16667,0.16667
0.16667,0.16667,0.16667,0.16667,0.16667
0.16667,0.16667,0.16667,0.16667,0.16667
0.16667,0.16667,0.16667,0.16667,0.16667
0.16667,0.16667,0.16667,0.16667,0.16667
0.16667,0.16667,0.16667,0.16667,0.16667
0.16667,0.16667,0.16667,0.16667,0.16667
0.16667,0.16667,0.16667,0.16667,0.16667
0.16667,0.16667,0.16667,0.16667,0.16667
0.16667,0.16667,0.16667,0.16667,0.16667
0.16667,0.16667,0.16667,0.16667,0.16667
0.16667,0.16667,0.16667,0.16667,0.16667
0.16667,0.16667,0.16667,0.16667,0.16667
0.16667,0.16667,0.16667,0.16667,0.16667
0.16667,0.16667,0.16667,0.16667,0.16667
0.16667,0.16667,0.16667,0.16667,0.16667
0.16667,0.16667,0.16667,0.16667,0.16667
0.16667,0.16667,0.16667,0.16667,0.16667
0.16667,0.16667,0.16667,0.16667,0.16667
0.16667,0.16667,0.16667,0.16667,0.16667
0.16667,0.16667,0.16667,0.16667,0.16667
0.16667,0.16667,0.16667,0.16667,0.16667
0.16667,0.16667,0.16667,0.16667,0.16667
0.16667,0.16667,0.16667,0.16667,0.16667
0.16667,0.16667,0.16667,0.16667,0.16667
0.16667,0.16667,0.16667,0.16667,0.16667
0.16667,0.16667,0.16667,0.16667,0.16667
0.16667,0.16667,0.16667,0.16667,0.16667
0.16667,0.16667,0.16667,0.16667,0.16667
0.16667,0.16667,0.16667,0.16667,0.16667
0.16667,0.16667,0.16667,0.16667,0.16667
0.16667,0.16667,0.16667,0.16667,0.16667
0.16667,0.16667,0.16667,0.16667,0.16667
0.16667,0.16667,0.16667,0.16667,0.16667
0.16667,0.16667,0.16667,0.16667,0.16667
0.16667,0.16667,0.16667,0.16667,0.16667
0.16667,0.16667,0.16667,0.16667,0.16667
0.16667,0.16667,0.16667,0.16667,0.16667
0.16667,0.16667,0.16667,0.16667,0.16667
0.16667,0.16667,0.16667,0.16667,0.16667
0.16667,0.16667,0.16667,0.16667,0.16667
0.16667,0.16667,0.16667,0.16667,0.16667
0.16667,0.16667,0.16667,0.16667,0.16667
0.16667,0.16667,0.16667,0.16667,0.16667
0.16667,0.16667,0.16667,0.16667,0.16667
0.16667,0.16667,0.16667,0.16667,0.16667
0.16667,0.16667,0.16667,0.16667,0.16667
0.16667,0.16667,0.16667,0.16667,0.16667
0.16667,0.16667,0.16667,0.16667,0.16667
0.16667,0.16667,0.16667,0.16667,0.16667
0.16667,0.16667,0.16667,0.16667,0.16667
0.16667,0.16667,0.16667,0.16667,0.16667
0.16667,0.16667,0.16667,0.16667,0.16667
0.16667,0.16667,0.16667,0.16667,0.16667
0.16667,0.16667,0.16667,0.16667,0.16667
0.16667,0.16667,0.16667,0.16667,0.16667
0.16667,0.16667,0.16667,0.16667,0.16667
0.16667,0.16667,0.16667,0.16667,0.16667
0.16667,0.16667,0.16667,0.16667,0.16667
0.16667,0.16667,0.16667,0.16667,0.16667
0.16667,0.16667,0.16667,0.16667,0.16667
0.16667,0.16667,0.16667,0.16667,0.16667
0.16667,0.16667,0.16667,0.16667,0.16667
0.16667,0.16667,0.16667,0.16667,0.16667
0.16667,0.16667,0.16667,0.16667,0.16667
0.16667,0.16667,0.16667,0.16667,0.16667
0.16667,0.16667,0.16667,0.16667,0.16667
0.16667,0.16667,0.16667,0.16667,0.16667
0.16667,0.16667,0.16667,0.16667,0.16667
0.16667,0.16667,0.16667,0.16667,0.16667
0.16667,0.16667,0.16667,0.16667,0.16667
0.16667,0.16667,0.16667,0.16667,0.16667
0.16667,0.16667,0.16667,0.16667,0.16667
0.16667,0.16667,0.16667,0.16667,0.16667
0.16667,0.16667,0.16667,0.16667,0.16667
0.16667,0.16667,0.16667,0.16667,0.16667
0.16667,0.16667,0.16667,0.16667,0.16667
0.16667,0.16667,0.16667,0.16667,0.16667
0.16667,0.16667,0.16667,0.16667,0.16667
0.16667,0.16667,0.16667,0.16667,0.16667
0.16667,0.16667,0.16667,0.16667,0.16667
0.16667,0.16667,0.16667,0.16667,0.16667
0.16667,0.16667,0.16667,0.16667,0.16667
0.16667,0.16667,0.16667,0.16667,0.16667
0.16667,0.16667,0.16667,0.16667,0.16667
0.16667,0.16667,0.16667,0.16667,0.16667
0.16667,0.16667,0.16667,0.16667,0.16667
0.16667,0.16667,0.16667,0.16667,0.16667
0.16667,0.16667,0.16667,0.16667,0.16667
0.16667,0.16667,0.16667,0.16667,0.16667
0.16667,0.16667,0.16667,0.16667,0.16667
0.16667,0.16667,0.16667,0.16667,0.16667
0.16667,0.16667,0.16667,0.16667,0.16667
0.16667,0.16667,0.16667,0.16667,0.16667
0.16667,0.16667,0.16667,0.16667,0.16667
0.16667,0.16667,0.16667,0.16667,0.16667
0.16667,0.16667,0.16667,0.16667,0.16667
0.16667,0.16667,0.16667,0.16667,0.16667
0.16667,0.16667,0.16667,0.16667,0.16667
0.16667,0.16667,0.16667,0.16667,0.16667
0.16667,0.16667,0.16667,0.16667,0.16667
0.16667,0.16667,0.16667,0.16667,0.16667
0.16667,0.16667,0.16667,0.16667,0.16667
0.16667,0.16667,0.16667,0.16667,0.16667
0.16667,0.16667,0.16667,0.16667,0.16667
0.16667,0.16667,0.16667,0.16667,0.16667
0.16667,0.16667,0.16667,0.16667,0.16667
0.16667,0.16667,0.16667,0.16667,0.16667
0.16667,0.16667,0.16667,0.16667,0.16667
0.16667,0.16667,0.16667,0.16667,0.16667
0.16667,0.16667,0.16667,0.16667,0.16667
0.16667,0.16667,0.16667,0.16667,0.16667
0.16667,0.16667,0.16667,0.16667,0.16667
0.16667,0.16667,0.16667,0.16667,0.16667
0.16667,0.16667,0.16667,0.16667,0.16667
0.16667,0.16667,0.16667,0.16667,0.16667
0.16667,0.16667,0.16667,0.16667,0.16667
0.16667,0.16667,0.16667,0.16667,0.16667
0.16667,0.16667,0.16667,0.16667,0.16667
0.16667,0.16667,0.16667,0.16667,0.16667
0.16667,0.16667,0.16667,0.16667,0.16667
0.16667,0.16667,0.16667,0.16667,0.16667
0.16667,0.16667,0.16667,0.16667,0.16667
0.16667,0.16667,0.16667,0.16667,0.16667
0.16667,0.16667,0.16667,0.16667,0.16667
0.16667,0.16667,0.16667,0.16667,0.16667
0.16667,0.16667,0.16667,0.16667,0.16667
0.16667,0.16667,0.16667,0.16667,0.16667
0.16667,0.16667,0.16667,0.16667,0.16667
0.16667,0.16667,0.16667,0.16667,0.16667
0.16667,0.16667,0.16667,0.16667,0.16667
0.16667,0.16667,0.16667,0.16667,0.16667
0.16667,0.16667,0.16667,0.16667,0.16667
0.16667,0.16667,0.16667,0.16667,0.16667
0.16667,0.16667,0.16667,0.16667,0.16667
0.16667,0.16667,0.16667,0.16667,0.16667
0.16667,0.16667,0.16667,0.16667,0.16667
0.16667,0.16667,0.16667,0.16667,0.16667
0.16667,0.16667,0.16667,0.16667,0.16667
0.16667,0.16667,0.16667,0.16667,0.16667
0.16667,0.16667,0.16667,0.16667,0.16667
0.16667,0.16667,0.16667,0.16667,0.16667
0.16667,0.16667,0.16667,0.16667,0.16667
0.16667,0.16667,0.16667,0.16667,0.16667
0.16667,0.16667,0.16667,0.16667,0.16667
0.16667,0.16667,0.16667,0.16667,0.16667
0.16667,0.16667,0.16667,0.16667,0.16667
0.16667,0.16667,0.16667,0.16667,0.16667
0.16667,0.16667,0.16667,0.16667,0.16667
0.16667,0.16667,0.16667,0.16667,0.16667
0.16667,0.16667,0.16667,0.16667,0.16667
0.16667,0.16667,0.16667,0.16667,0.16667
0.16667,0.16667,0.16667,0.16667,0.16667
0.16667,0.16667,0.16667,0.16667,0.16667
0.16667,0.16667,0.16667,0.16667,0.16667
0.16667,0.16667,0.16667,0.16667,0.16667
0.16667,0.16667,0.16667,0.16667,0.16667
0.16667,0.16667,0.16667,0.16667,0.16667
0.16667,0.16667,0.16667,0.16667,0.16667
0.16667,0.16667,0.16667,0.16667,0.16667
0.16667,0.16667,0.16667,0.16667,0.16667
0.16667,0.16667,0.16667,0.16667,0.16667
0.16667,0.16667,0.16667,0.16667,0.16667
0.16667,0.16667,0.16667,0.16667,0.16667
0.16667,0.16667,0.16667,0.16667,0.16667
0.16667,0.16667,0.16667,0.16667,0.16667
0.16667,0.16667,0.16667,0.16667,0.16667
0.16667,0.16667,0.16667,0.16667,0.16667
0.16667,0.16667,0.16667,0.16667,0.16667
0.16667,0.16667,0.16667,0.16667,0.16667
0.16667,0.16667,0.16667,0.16667,0.16667
0.16667,0.16667,0.16667,0.16667,0.16667
0.16667,0.16667,0.16667,0.16667,0.16667
0.16667,0.16667,0.16667,0.16667,0.16667
0.16667,0.16667,0.16667,0.16667,0.16667
0.16667,0.16667,0.16667,0.16667,0.16667
0.16667,0.16667,0.16667,0.16667,0.16667
0.16667,0.16667,0.16667,0.16667,0.16667
0.16667,0.16667,0.16667,0.16667,0.16667
0.16667,0.16667,0.16667,0.16667,0.16667
0.16667,0.16667,0.16667,0.16667,0.16667
0.16667,0.16667,0.16667,0.16667,0.16667
0.16667,0.16667,0.16667,0.16667,0.16667
0.16667,0.16667,0.16667,0.16667,0.16667
0.16667,0.16667,0.16667,0.16667,0.16667
0.16667,0.16667,0.16667,0.16667,0.16667
0.16667,0.16667,0.16667,0.16667,0.16667
0.16667,0.16667,0.16667,0.16667,0.16667
0.16667,0.16667,0.16667,0.16667,0.16667
0.16667,0.16667,0.16667,0.16667,0.16667
0.16667,0.16667,0.16667,0.16667,0.16667
0.16667,0.16667,0.16667,0.16667,0.16667
0.16667,0.16667,0.16667,0.16667,0.16667
0.16667,0.16667,0.16667,0.16667,0.16667
0.16667,0.16667,0.16667,0.16667,0.16667
0.16667,0.16667,0.16667,0.16667,0.16667
0.16667,0.16667,0.16667,0.16667,0.16667
0.16667,0.16667,0.16667,0.16667,0.16667
0.16667,0.16667,0.16667,0.16667,0.16667
0.16667,0.16667,0.16667,0.16667,0.16667
0.16667,0.16667,0.16667,0.16667,0.16667
0.16667,0.16667,0.16667,0.16667,0.16667
0.16667,0.16667,0.16667,0.16667,0.16667
0.16667,0.16667,0.16667,0.16667,0.16667
0.16667,0.16667,0.16667,0.16667,0.16667
0.16667,0.16667,0.16667,0.16667,0.16667
0.16667,0.16667,0.16667,0.16667,0.16667
0.16667,0.16667,0.16667,0.16667,0.16667
0.16667,0.16667,0.16667,0.16667,0.16667
0.16667,0.16667,0.16667,0.16667,0.16667
0.16667,0.16667,0.16667,0.16667,0.16667
0.16667,0.16667,0.16667,0.16667,0.16667
0.16667,0.16667,0.16667,0.16667,0.16667
0.16667,0.16667,0.16667,0.16667,0.16667
0.16667,0.16667,0.16667,0.16667,0.16667
0.16667,0.16667,0.16667,0.16667,0.16667
0.16667,0.16667,0.16667,0.16667,0.16667
0.16667,0.16667,0.16667,0.16667,0.16667
0.16667,0.16667,0.16667,0.16667,0.16667
0.16667,0.16667,0.16667,0.16667,0.16667
0.16667,0.16667,0.16667,0.16667,0.16667
0.16667,0.16667,0.16667,0.16667,0.16667
0.16667,0.16667,0.16667,0.16667,0.16667
0.16667,0.16667,0.16667,0.16667,0.16667
0.16667,0.16667,0.16667,0.16667,0.16667
0.16667,0.16667,0.16667,0.16667,0.16667
0.16667,0.16667,0.16667,0.16667,0.16667
0.16667,0.16667,0.16667,0.16667,0.16667
0.16667,0.16667,0.16667,0.16667,0.16667
0.16667,0.16667,0.16667,0.16667,0.16667
0.16667,0.16667,0.16667,0.16667,0.16667
0.16667,0.16667,0.16667,0.16667,0.16667
0.16667,0.16667,0.16667,0.16667,0.16667
0.16667,0.16667,0.16667,0.16667,0.16667
0.16667,0.16667,0.16667,0.16667,0.16667
0.16667,0.16667,0.16667,0.16667,0.16667
0.16667,0.16667,0.16667,0.16667,0.16667
0.16667,0.16667,0.16667,0.16667,0.16667
0.16667,0.16667,0.16667,0.16667,0.16667
0.16667,0.16667,0.16667,0.16667,0.16667
0.16667,0.16667,0.16667,0.16667,0.16667
0.16667,0.16667,0.16667,0.16667,0.16667
0.16667,0.16667,0.16667,0.16667,0.16667
0.16667,0.16667,0.16667,0.16667,0.16667
0.16667,0.16667,0.16667,0.16667,0.16667
0.16667,0.16667,0.16667,0.16667,0.16667
0.16667,0.16667,0.16667,0.16667,0.16667
0.16667,0.16667,0.16667,0.16667,0.16667
0.16667,0.16667,0.16667,0.16667,0.16667
0.16667,0.16667,0.16667,0.16667,0.16667
0.16667,0.16667,0.16667,0.16667,0.16667
0.16667,0.16667,0.16667,0.16667,0.16667
0.16667,0.16667,0.16667,0.16667,0.16667
0.16667,0.16667,0.16667,0.16667,0.16667
0.16667,0.16667,0.16667,0.16667,0.16667
0.16667,0.16667,0.16667,0.16667,0.16667
0.16667,0.16667,0.16667,0.16667,0.16667
0.16667,0.16667,0.16667,0.16667,0.16667
0.16667,0.16667,0.16667,0.16667,0.16667
0.16667,0.16667,0.16667,0.16667,0.16667
0.16667,0.16667,0.16667,0.16667,0.16667
0.16667,0.16667,0.16667,0.16667,0.16667
0.16667,0.16667,0.16667,0.16667,0.16667
0.16667,0.16667,0.16667,0.16667,0.16667
0.16667,0.16667,0.16667,0.16667,0.16667
0.16667,0.16667,0.16667,0.16667,0.16667
0.16667,0.16667,0.16667,0.16667,0.16667
0.16667,0.16667,0.16667,0.16667,0.16667
0.16667,0.16667,0.16667,0.16667,0.16667
0.16667,0.16667,0.16667,0.16667,0.16667
0.16667,0.16667,0.16667,0.16667,0.16667
0.16667,0.16667,0.16667,0.16667,0.16667
0.16667,0.16667,0.16667,0.16667,0.16667
0.16667,0.16667,0.16667,0.16667,0.16667
0.16667,0.16667,0.16667,0.16667,0.16667
0.16667,0.16667,0.16667,0.16667,0.16667
0.16667,0.16667,0.16667,0.16667,0.16667
0.16667,0.16667,0.16667,0.16667,0.16667
0.16667,0.16667,0.16667,0.16667,0.16667
0.16667,0.16667,0.16667,0.16667,0.16667
0.16667,0.16667,0.16667,0.16667,0.16667
0.16667,0.16667,0.16667,0.16667,0.16667
0.16667,0.16667,0.16667,0.16667,0.16667
0.16667,0.16667,0.16667,0.16667,0.16667
0.16667,0.16667,0.16667,0.16667,0.16667
0.16667,0.16667,0.16667,0.16667,0.16667
0.16667,0.16667,0.16667,0.16667,0.16667
0.16667,0.16667,0.16667,0.16667,0.16667
0.16667,0.16667,0.16667,0.16667,0.16667
0.16667,0.16667,0.16667,0.16667,0.16667
0.16667,0.16667,0.16667,0.16667,0.16667
0.16667,0.16667,0.16667,0.16667,0.16667
0.16667,0.16667,0.16667,0.16667,0.16667
0.16667,0.16667,0.16667,0.16667,0.16667
0.16667,0.16667,0.16667,0.16667,0.16667
0.16667,0.16667,0.16667,0.16667,0.16667
0.16667,0.16667,0.16667,0.16667,0.16667
0.16667,0.16667,0.16667,0.16667,0.16667
0.16667,0.16667,0.16667,0.16667,0.16667
0.16667,0.16667,0.16667,0.16667,0.16667
0.16667,0.16667,0.16667,0.16667,0.16667
0.16667,0.16667,0.16667,0.16667,0.16667
0.16667,0.16667,0.16667,0.16667,0.16667
0.16667,0.16667,0.16667,0.16667,0.16667
0.16667,0.16667,0.16667,0.16667,0.16667
0.16667,0.16667,0.16667,0.16667,0.16667
0.16667,0.16667,0.16667,0.16667,0.16667
0.16667,0.16667,0.16667,0.16667,0.16667
0.16667,0.16667,0.16667,0.16667,0.16667
0.16667,0.16667,0.16667,0.16667,0.16667
0.16667,0.16667,0.16667,0.16667,0.16667
0.16667,0.16667,0.16667,0.16667,0.16667
0.16667,0.16667,0.16667,0.16667,0.16667
0.16667,0.16667,0.16667,0.16667,0.16667
0.16667,0.16667,0.16667,0.16667,0.16667
0.16667,0.16667,0.16667,0.16667,0.16667
0.16667,0.16667,0.16667,0.16667,0.16667
0.16667,0.16667,0.16667,0.16667,0.16667
0.16667,0.16667,0.16667,0.16667,0.16667
0.16667,0.16667,0.16667,0.16667,0.16667
0.16667,0.16667,0.16667,0.16667,0.16667
0.16667,0.16667,0.16667,0.16667,0.16667
0.16667,0.16667,0.16667,0.16667,0.16667
0.16667,0.16667,0.16667,0.16667,0.16667
0.16667,0.16667,0.16667,0.16667,0.16667
0.16667,0.16667,0.16667,0.16667,0.16667
0.16667,0.16667,0.16667,0.16667,0.16667
0.16667,0.16667,0.16667,0.16667,0.16667
0.16667,0.16667,0.16667,0.16667,0.16667
0.16667,0.16667,0.16667,0.16667,0.16667
0.16667,0.16667,0.16667,0.16667,0.16667
0.16667,0.16667,0.16667,0.16667,0.16667
0.16667,0.16667,0.16667,0.16667,0.16667
0.16667,0.16667,0.16667,0.16667,0.16667
0.16667,0.16667,0.16667,0.16667,0.16667
0.16667,0.16667,0.16667,0.16667,0.16667
0.16667,0.16667,0.16667,0.16667,0.16667
0.16667,0.16667,0.16667,0.16667,0.16667
0.16667,0.16667,0.16667,0.16667,0.16667
0.16667,0.16667,0.16667,0.16667,0.16667
0.16667,0.16667,0.16667,0.16667,0.16667
0.16667,0.16667,0.16667,0.16667,0.16667
0.16667,0.16667,0.16667,0.16667,0.16667
0.16667,0.16667,0.16667,0.16667,0.16667
0.16667,0.16667,0.16667,0.16667,0.16667
0.16667,0.16667,0.16667,0.16667,0.16667
0.16667,0.16667,0.16667,0.16667,0.16667
0.16667,0.16667,0.16667,0.16667,0.16667
0.16667,0.16667,0.16667,0.16667,0.16667
0.16667,0.16667,0.16667,0.16667,0.16667
0.16667,0.16667,0.16667,0.16667,0.16667
0.16667,0.16667,0.16667,0.16667,0.16667
0.16667,0.16667,0.16667,0.16667,0.16667
0.16667,0.16667,0.16667,0.16667,0.16667
0.16667,0.16667,0.16667,0.16667,0.16667
0.16667,0.16667,0.16667,0.16667,0.16667
0.16667,0.16667,0.16667,0.16667,0.16667
0.16667,0.16667,0.16667,0.16667,0.16667
0.16667,0.16667,0.16667,0.16667,0.16667
0.16667,0.16667,0.16667,0.16667,0.16667
0.16667,0.16667,0.16667,0.16667,0.16667
0.16667,0.16667,0.16667,0.16667,0.16667
0.16667,0.16667,0.16667,0.16667,0.16667
0.16667,0.16667,0.16667,0.16667,0.16667
0.16667,0.16667,0.16667,0.16667,0.16667
0.16667,0.16667,0.16667,0.16667,0.16667
0.16667,0.16667,0.16667,0.16667,0.16667
0.16667,0.16667,0.16667,0.16667,0.16667
0.16667,0.16667,0.16667,0.16667,0.16667
0.16667,0.16667,0.16667,0.16667,0.16667
0.16667,0.16667,0.16667,0.16667,0.16667
0.16667,0.16667,0.16667,0.16667,0.16667
0.16667,0.16667,0.16667,0.16667,0.16667
0.16667,0.16667,0.16667,0.16667,0.16667
0.16667,0.16667,0.16667,0.16667,0.16667
0.16667,0.16667,0.16667,0.16667,0.16667
0.16667,0.16667,0.16667,0.16667,0.16667
0.16667,0.16667,0.16667,0.16667,0.16667
0.16667,0.16667,0.16667,0.16667,0.16667
0.16667,0.16667,0.16667,0.16667,0.16667
0.16667,0.16667,0.16667,0.16667,0.16667
0.16667,0.16667,0.16667,0.16667,0.16667
0.16667,0.16667,0.16667,0.16667,0.16667
0.16667,0.16667,0.16667,0.16667,0.16667
0.16667,0.16667,0.16667,0.16667,0.16667
0.16667,0.16667,0.16667,0.16667,0.16667
0.16667,0.16667,0.16667,0.16667,0.16667
0.16667,0.16667,0.16667,0.16667,0.16667
0.16667,0.16667,0.16667,0.16667,0.16667
0.16667,0.16667,0.16667,0.16667,0.16667
0.16667,0.16667,0.16667,0.16667,0.16667
0.16667,0.16667,0.16667,0.16667,0.16667
0.16667,0.16667,0.16667,0.16667,0.16667
0.16667,0.16667,0.16667,0.16667,0.16667
0.16667,0.16667,0.16667,0.16667,0.16667
0.16667,0.16667,0.16667,0.16667,0.16667
0.16667,0.16667,0.16667,0.16667,0.16667
0.16667,0.16667,0.16667,0.16667,0.16667
0.16667,0.16667,0.16667,0.16667,0.16667
0.16667,0.16667,0.16667,0.16667,0.16667
0.16667,0.16667,0.16667,0.16667,0.16667
0.16667,0.16667,0.16667,0.16667,0.16667
0.16667,0.16667,0.16667,0.16667,0.16667
0.16667,0.16667,0.16667,0.16667,0.16667
0.16667,0.16667,0.16667,0.16667,0.16667
0.16667,0.16667,0.16667,0.16667,0.16667
0.16667,0.16667,0.16667,0.16667,0.16667
0.16667,0.16667,0.16667,0.16667,0.16667
0.16667,0.16667,0.16667,0.16667,0.16667
0.16667,0.16667,0.16667,0.16667,0.16667
0.16667,0.16667,0.16667,0.16667,0.16667
0.16667,0.16667,0.16667,0.16667,0.16667
0.16667,0.16667,0.16667,0.16667,0.16667
0.16667,0.16667,0.16667,0.16667,0.16667
0.16667,0.16667,0.16667,0.16667,0.16667
0.16667,0.16667,0.16667,0.16667,0.16667
0.16667,0.16667,0.16667,0.16667,0.16667
0.16667,0.16667,0.16667,0.16667,0.16667
0.16667,0.16667,0.16667,0.16667,0.16667
0.16667,0.16667,0.16667,0.16667,0.16667
0.16667,0.16667,0.16667,0.16667,0.16667
0.16667,0.16667,0.16667,0.16667,0.16667
0.16667,0.16667,0.16667,0.16667,0.16667
0.16667,0.16667,0.16667,0.16667,0.16667
0.16667,0.16667,0.16667,0.16667,0.16667
0.16667,0.16667,0.16667,0.16667,0.16667
0.16667,0.16667,0.16667,0.16667,0.16667
0.16667,0.16667,0.16667,0.16667,0.16667
0.16667,0.16667,0.16667,0.16667,0.16667
0.16667,0.16667,0.16667,0.16667,0.16667
0.16667,0.16667,0.16667,0.16667,0.16667
0.16667,0.16667,0.16667,0.16667,0.16667
0.16667,0.16667,0.16667,0.16667,0.16667
0.16667,0.16667,0.16667,0.16667,0.16667
0.16667,0.16667,0.16667,0.16667,0.16667
0.16667,0.16667,0.16667,0.16667,0.16667
0.16667,0.16667,0.16667,0.16667,0.16667
0.16667,0.16667,0.16667,0.16667,0.16667
0.16667,0.16667,0.16667,0.16667,0.16667
0.16667,0.16667,0.16667,0.16667,0.16667
0.16667,0.16667,0.16667,0.16667,0.16667
0.16667,0.16667,0.16667,0.16667,0.16667
0.16667,0.16667,0.16667,0.16667,0.16667
0.16667,0.16667,0.16667,0.16667,0.16667
0.16667,0.16667,0.16667,0.16667,0.16667
0.16667,0.16667,0.16667,0.16667,0.16667
0.16667,0.16667,0.16667,0.16667,0.16667
0.16667,0.16667,0.16667,0.16667,0.16667
0.16667,0.16667,0.16667,0.16667,0.16667
0.16667,0.16667,0.16667,0.16667,0.16667
0.16667,0.16667,0.16667,0.16667,0.16667
0.16667,0.16667,0.16667,0.16667,0.16667
0.16667,0.16667,0.16667,0.16667,0.16667
0.16667,0.16667,0.16667,0.16667,0.16667
0.16667,0.16667,0.16667,0.16667,0.16667
0.16667,0.16667,0.16667,0.16667,0.16667
0.16667,0.16667,0.16667,0.16667,0.16667
0.16667,0.16667,0.16667,0.16667,0.16667
0.16667,0.16667,0.16667,0.16667,0.16667
0.16667,0.16667,0.16667,0.16667,0.16667
0.16667,0.16667,0.16667,0.16667,0.16667
0.16667,0.16667,0.16667,0.16667,0.16667
0.16667,0.16667,0.16667,0.16667,0.16667
0.16667,0.16667,0.16667,0.16667,0.16667
0.16667,0.16667,0.16667,0.16667,0.16667
0.16667,0.16667,0.16667,0.16667,0.16667
0.16667,0.16667,0.16667,0.16667,0.16667
0.16667,0.16667,0.16667,0.16667,0.16667
0.16667,0.16667,0.16667,0.16667,0.16667
0.16667,0.16667,0.16667,0.16667,0.16667
0.16667,0.16667,0.16667,0.16667,0.16667
0.16667,0.16667,0.16667,0.16667,0.16667
0.16667,0.16667,0.16667,0.16667,0.16667
0.16667,0.16667,0.16667,0.16667,0.16667
0.16667,0.16667,0.16667,0.16667,0.16667
0.16667,0.16667,0.16667,0.16667,0.16667
0.16667,0.16667,0.16667,0.16667,0.16667
0.16667,0.16667,0.16667,0.16667,0.16667
0.16667,0.16667,0.16667,0.16667,0.16667
0.16667,0.16667,0.16667,0.16667,0.16667
0.16667,0.16667,0.16667,0.16667,0.16667
0.16667,0.16667,0.16667,0.16667,0.16667
0.16667,0.16667,0.16667,0.16667,0.16667
0.16667,0.16667,0.16667,0.16667,0.16667
0.16667,0.16667,0.16667,0.16667,0.16667
0.16667,0.16667,0.16667,0.16667,0.16667
0.16667,0.16667,0.16667,0.16667,0.16667
0.16667,0.16667,0.16667,0.16667,0.16667
0.16667,0.16667,0.16667,0.16667,0.16667
0.16667,0.16667,0.16667,0.16667,0.16667
0.16667,0.16667,0.16667,0.16667,0.16667
0.16667,0.16667,0.16667,0.16667,0.16667
0.16667,0.16667,0.16667,0.16667,0.16667
0.16667,0.16667,0.16667,0.16667,0.16667
0.16667,0.16667,0.16667,0.16667,0.16667
0.16667,0.16667,0.16667,0.16667,0.16667
0.16667,0.16667,0.16667,0.16667,0.16667
0.16667,0.16667,0.16667,0.16667,0.16667
0.16667,0.16667,0.16667,0.16667,0.16667
0.16667,0.16667,0.16667,0.16667,0.16667
0.16667,0.16667,0.16667,0.16667,0.16667
0.16667,0.16667,0.16667,0.16667,0.16667
0.16667,0.16667,0.16667,0.16667,0.16667
0.16667,0.16667,0.16667,0.16667,0.16667
0.16667,0.16667,0.16667,0.16667,0.16667
0.16667,0.16667,0.16667,0.16667,0.16667
0.16667,0.16667,0.16667,0.16667,0.16667
0.16667,0.16667,0.16667,0.16667,0.16667
0.16667,0.16667,0.16667,0.16667,0.16667
0.16667,0.16667,0.16667,0.16667,0.16667
0.16667,0.16667,0.16667,0.16667,0.16667
0.16667,0.16667,0.16667,0.16667,0.16667
0.16667,0.16667,0.16667,0.16667,0.16667
0.16667,0.16667,0.16667,0.16667,0.16667
0.16667,0.16667,0.16667,0.16667,0.16667
0.16667,0.16667,0.16667,0.16667,0.16667
0.16667,0.16667,0.16667,0.16667,0.16667
0.16667,0.16667,0.16667,0.16667,0.16667
0.16667,0.16667,0.16667,0.16667,0.16667
0.16667,0.16667,0.16667,0.16667,0.16667
0.16667,0.16667,0.16667,0.16667,0.16667
0.16667,0.16667,0.16667,0.16667,0.16667
0.16667,0.16667,0.16667,0.16667,0.16667
0.16667,0.16667,0.16667,0.16667,0.16667
0.16667,0.16667,0.16667,0.16667,0.16667
0.16667,0.16667,0.16667,0.16667,0.16667
0.16667,0.16667,0.16667,0.16667,0.16667
0.16667,0.16667,0.16667,0.16667,0.16667
0.16667,0.16667,0.16667,0.16667,0.16667
0.16667,0.16667,0.16667,0.16667,0.16667
0.16667,0.16667,0.16667,0.16667,0.16667
0.16667,0.16667,0.16667,0.16667,0.16667
0.16667,0.16667,0.16667,0.16667,0.16667
0.16667,0.16667,0.16667,0.16667,0.16667
0.16667,0.16667,0.16667,0.16667,0.16667
0.16667,0.16667,0.16667,0.16667,0.16667
0.16667,0.16667,0.16667,0.16667,0.16667
0.16667,0.16667,0.16667,0.16667,0.16667
0.16667,0.16667,0.16667,0.16667,0.16667
0.16667,0.16667,0.16667,0.16667,0.16667
0.16667,0.16667,0.16667,0.16667,0.16667
0.16667,0.16667,0.16667,0.16667,0.16667
0.16667,0.16667,0.16667,0.16667,0.16667
0.16667,0.16667,0.16667,0.16667,0.16667
0.16667,0.16667,0.16667,0.16667,0.16667
0.16667,0.16667,0.16667,0.16667,0.16667
0.16667,0.16667,0.16667,0.16667,0.16667
0.16667,0.16667,0.16667,0.16667,0.16667
0.16667,0.16667,0.16667,0.16667,0.16667
0.16667,0.16667,0.16667,0.16667,0.16667
0.16667,0.16667,0.16667,0.16667,0.16667
0.16667,0.16667,0.16667,0.16667,0.16667
0.16667,0.16667,0.16667,0.16667,0.16667
0.16667,0.16667,0.16667,0.16667,0.16667
0.16667,0.16667,0.16667,0.16667,0.16667
0.16667,0.16667,0.16667,0.16667,0.16667
0.16667,0.16667,0.16667,0.16667,0.16667
0.16667,0.16667,0.16667,0.16667,0.16667
0.16667,0.16667,0.16667,0.16667,0.16667
0.16667,0.16667,0.16667,0.16667,0.16667
0.16667,0.16667,0.16667,0.16667,0.16667
0.16667,0.16667,0.16667,0.16667,0.16667
0.16667,0.16667,0.16667,0.16667,0.16667
0.16667,0.16667,0.16667,0.16667,0.16667
0.16667,0.16667,0.16667,0.16667,0.16667
0.16667,0.16667,0.16667,0.16667,0.16667
0.16667,0.16667,0.16667,0.16667,0.16667
0.16667,0.16667,0.16667,0.16667,0.16667
0.16667,0.16667,0.16667,0.16667,0.16667
0.16667,0.16667,0.16667,0.16667,0.16667
0.16667,0.16667,0.16667,0.16667,0.16667
0.16667,0.16667,0.16667,0.16667,0.16667
0.16667,0.16667,0.16667,0.16667,0.16667
0.16667,0.16667,0.16667,0.16667,0.16667
0.16667,0.16667,0.16667,0.16667,0.16667
0.16667,0.16667,0.16667,0.16667,0.16667
0.16667,0.16667,0.16667,0.16667,0.16667
0.16667,0.16667,0.16667,0.16667,0.16667
0.16667,0.16667,0.16667,0.16667,0.16667
0.16667,0.16667,0.16667,0.16667,0.16667
0.16667,0.16667,0.16667,0.16667,0.16667
0.16667,0.16667,0.16667,0.16667,0.16667
0.16667,0.16667,0.16667,0.16667,0.16667
0.16667,0.16667,0.16667,0.16667,0.16667
0.16667,0.16667,0.16667,0.16667,0.16667
0.16667,0.16667,0.16667,0.16667,0.16667
0.16667,0.16667,0.16667,0.16667,0.16667
0.16667,0.16667,0.16667,0.16667,0.16667
0.16667,0.16667,0.16667,0.16667,0.16667
0.16667,0.16667,0.16667,0.16667,0.16667
0.16667,0.16667,0.16667,0.16667,0.16667
0.16667,0.16667,0.16667,0.16667,0.16667
0.16667,0.16667,0.16667,0.16667,0.16667
0.16667,0.16667,0.16667,0.16667,0.16667
0.16667,0.16667,0.16667,0.16667,0.16667
0.16667,0.16667,0.16667,0.16667,0.16667
0.16667,0.16667,0.16667,0.16667,0.16667
0.16667,0.16667,0.16667,0.16667,0.16667
0.16667,0.16667,0.16667,0.16667,0.16667
0.16667,0.16667,0.16667,0.16667,0.16667
0.16667,0.16667,0.16667,0.16667,0.16667
0.16667,0.16667,0.16667,0.16667,0.16667
0.16667,0.16667,0.16667,0.16667,0.16667
0.16667,0.16667,0.16667,0.16667,0.16667
0.16667,0.16667,0.16667,0.16667,0.16667
0.16667,0.16667,0.16667,0.16667,0.16667
0.16667,0.16667,0.16667,0.16667,0.16667
0.16667,0.16667,0.16667,0.16667,0.16667
0.16667,0.16667,0.16667,0.16667,0.16667
0.16667,0.16667,0.16667,0.16667,0.16667
0.16667,0.16667,0.16667,0.16667,0.16667
0.16667,0.16667,0.16667,0.16667,0.16667
0.16667,0.16667,0.16667,0.16667,0.16667
0.16667,0.16667,0.16667,0.16667,0.16667
0.16667,0.16667,0.16667,0.16667,0.16667
0.16667,0.16667,0.16667,0.16667,0.16667
0.16667,0.16667,0.16667,0.16667,0.16667
0.16667,0.16667,0.16667,0.16667,0.16667
0.16667,0.16667,0.16667,0.16667,0.16667
0.16667,0.16667,0.16667,0.16667,0.16667
0.16667,0.16667,0.16667,0.16667,0.16667
0.16667,0.16667,0.16667,0.16667,0.16667
0.16667,0.16667,0.16667,0.16667,0.16667
0.16667,0.16667,0.16667,0.16667,0.16667
0.16667,0.16667,0.16667,0.16667,0.16667
0.16667,0.16667,0.16667,0.16667,0.16667
0.16667,0.16667,0.16667,0.16667,0.16667
0.16667,0.16667,0.16667,0.16667,0.16667
0.16667,0.16667,0.16667,0.16667,0.16667
0.16667,0.16667,0.16667,0.16667,0.16667
0.16667,0.16667,0.16667,0.16667,0.16667
0.16667,0.16667,0.16667,0.16667,0.16667
0.16667,0.16667,0.16667,0.16667,0.16667
0.16667,0.16667,0.16667,0.16667,0.16667
0.16667,0.16667,0.16667,0.16667,0.16667
0.16667,0.16667,0.16667,0.16667,0.16667
0.16667,0.16667,0.16667,0.16667,0.16667
0.16667,0.16667,0.16667,0.16667,0.16667
0.16667,0.16667,0.16667,0.16667,0.16667
0.16667,0.16667,0.16667,0.16667,0.16667
0.16667,0.16667,0.16667,0.16667,0.16667
0.16667,0.16667,0.16667,0.16667,0.16667
0.16667,0.16667,0.16667,0.16667,0.16667
0.16667,0.16667,0.16667,0.16667,0.16667
0.16667,0.16667,0.16667,0.16667,0.16667
0.16667,0.16667,0.16667,0.16667,0.16667
0.16667,0.16667,0.16667,0.16667,0.16667
0.16667,0.16667,0.16667,0.16667,0.16667
0.16667,0.16667,0.16667,0.16667,0.16667
0.16667,0.16667,0.16667,0.16667,0.16667
0.16667,0.16667,0.16667,0.16667,0.16667
0.16667,0.16667,0.16667,0.16667,0.16667
0.16667,0.16667,0.16667,0.16667,0.16667
0.16667,0.16667,0.16667,0.16667,0.16667
0.16667,0.16667,0.16667,0.16667,0.16667
0.16667,0.16667,0.16667,0.16667,0.16667
0.16667,0.16667,0.16667,0.16667,0.16667
0.16667,0.16667,0.16667,0.16667,0.16667
0.16667,0.16667,0.16667,0.16667,0.16667
0.16667,0.16667,0.16667,0.16667,0.16667
0.16667,0.16667,0.16667,0.16667,0.16667
0.16667,0.16667,0.16667,0.16667,0.16667
0.16667,0.16667,0.16667,0.16667,0.16667
0.16667,0.16667,0.16667,0.16667,0.16667
0.16667,0.16667,0.16667,0.16667,0.16667
0.16667,0.16667,0.16667,0.16667,0.16667
0.16667,0.16667,0.16667,0.16667,0.16667
0.16667,0.16667,0.16667,0.16667,0.16667
0.16667,0.16667,0.16667,0.16667,0.16667
0.16667,0.16667,0.16667,0.16667,0.16667
0.16667,0.16667,0.16667,0.16667,0.16667
0.16667,0.16667,0.16667,0.16667,0.16667
0.16667,0.16667,0.16667,0.16667,0.16667
0.16667,0.16667,0.16667,0.16667,0.16667
0.16667,0.16667,0.16667,0.16667,0.16667
0.16667,0.16667,0.16667,0.16667,0.16667
0.16667,0.16667,0.16667,0.16667,0.16667
0.16667,0.16667,0.16667,0.16667,0.16667
0.16667,0.16667,0.16667,0.16667,0.16667
0.16667,0.16667,0.16667,0.16667,0.16667
0.16667,0.16667,0.16667,0.16667,0.16667
0.16667,0.16667,0.16667,0.16667,0.16667
0.16667,0.16667,0.16667,0.16667,0.16667
0.16667,0.16667,0.16667,0.16667,0.16667
0.16667,0.16667,0.16667,0.16667,0.16667
0.16667,0.16667,0.16667,0.16667,0.16667
0.16667,0.16667,0.16667,0.16667,0.16667
0.16667,0.16667,0.16667,0.16667,0.16667
0.16667,0.16667,0.16667,0.16667,0.16667
0.16667,0.16667,0.16667,0.16667,0.16667
0.16667,0.16667,0.16667,0.16667,0.16667
0.16667,0.16667,0.16667,0.16667,0.16667
0.16667,0.16667,0.16667,0.16667,0.16667
0.16667,0.16667,0.16667,0.16667,0.16667
0.16667,0.16667,0.16667,0.16667,0.16667
0.16667,0.16667,0.16667,0.16667,0.16667
0.16667,0.16667,0.16667,0.16667,0.16667
0.16667,0.16667,0.16667,0.16667,0.16667
0.16667,0.16667,0.16667,0.16667,0.16667
0.16667,0.16667,0.16667,0.16667,0.16667
0.16667,0.16667,0.16667,0.16667,0.16667
0.16667,0.16667,0.16667,0.16667,0.16667
0.16667,0.16667,0.16667,0.16667,0.16667
0.16667,0.16667,0.16667,0.16667,0.16667
0.16667,0.16667,0.16667,0.16667,0.16667
0.16667,0.16667,0.16667,0.16667,0.16667
0.16667,0.16667,0.16667,0.16667,0.16667
0.16667,0.16667,0.16667,0.16667,0.16667
0.16667,0.16667,0.16667,0.16667,0.16667
0.16667,0.16667,0.16667,0.16667,0.16667
0.16667,0.16667,0.16667,0.16667,0.16667
0.16667,0.16667,0.16667,0.16667,0.16667
0.16667,0.16667,0.16667,0.16667,0.16667
0.16667,0.16667,0.16667,0.16667,0.16667
0.16667,0.16667,0.16667,0.16667,0.16667
0.16667,0.16667,0.16667,0.16667,0.16667
0.16667,0.16667,0.16667,0.16667,0.16667
0.16667,0.16667,0.16667,0.16667,0.16667
0.16667,0.16667,0.16667,0.16667,0.16667
0.16667,0.16667,0.16667,0.16667,0.16667
0.16667,0.16667,0.16667,0.16667,0.16667
0.16667,0.16667,0.16667,0.16667,0.16667
0.16667,0.16667,0.16667,0.16667,0.16667
0.16667,0.16667,0.16667,0.16667,0.16667
0.16667,0.16667,0.16667,0.16667,0.16667
0.16667,0.16667,0.16667,0.16667,0.16667
0.16667,0.16667,0.16667,0.16667,0.16667
0.16667,0.16667,0.16667,0.16667,0.16667
0.16667,0.16667,0.16667,0.16667,0.16667
0.16667,0.16667,0.16667,0.16667,0.16667
0.16667,0.16667,0.16667,0.16667,0.16667
0.16667,0.16667,0.16667,0.16667,0.16667
0.16667,0.16667,0.16667,0.16667,0.16667
0.16667,0.16667,0.16667,0.16667,0.16667
0.16667,0.16667,0.16667,0.16667,0.16667
0.16667,0.16667,0.16667,0.16667,0.16667
0.16667,0.16667,0.16667,0.16667,0.16667
0.16667,0.16667,0.16667,0.16667,0.16667
0.16667,0.16667,0.16667,0.16667,0.16667
0.16667,0.16667,0.16667,0.16667,0.16667
0.16667,0.16667,0.16667,0.16667,0.16667
0.16667,0.16667,0.16667,0.16667,0.16667
0.16667,0.16667,0.16667,0.16667,0.16667
0.16667,0.16667,0.16667,0.16667,0.16667
0.16667,0.16667,0.16667,0.16667,0.16667
0.16667,0.16667,0.16667,0.16667,0.16667
0.16667,0.16667,0.16667,0.16667,0.16667
0.16667,0.16667,0.16667,0.16667,0.16667
0.16667,0.16667,0.16667,0.16667,0.16667
0.16667,0.16667,0.16667,0.16667,0.16667
0.16667,0.16667,0.16667,0.16667,0.16667
0.16667,0.16667,0.16667,0.16667,0.16667
0.16667,0.16667,0.16667,0.16667,0.16667
0.16667,0.16667,0.16667,0.16667,0.16667
0.16667,0.16667,0.16667,0.16667,0.16667
0.16667,0.16667,0.16667,0.16667,0.16667
0.16667,0.16667,0.16667,0.16667,0.16667
0.16667,0.16667,0.16667,0.16667,0.16667
0.16667,0.16667,0.16667,0.16667,0.16667
0.16667,0.16667,0.16667,0.16667,0.16667
0.16667,0.16667,0.16667,0.16667,0.16667
0.16667,0.16667,0.16667,0.16667,0.16667
0.16667,0.16667,0.16667,0.16667,0.16667
0.16667,0.16667,0.16667,0.16667,0.16667
0.16667,0.16667,0.16667,0.16667,0.16667
0.16667,0.16667,0.16667,0.16667,0.16667
0.16667,0.16667,0.16667,0.16667,0.16667
0.16667,0.16667,0.16667,0.16667,0.16667
0.16667,0.16667,0.16667,0.16667,0.16667
0.16667,0.16667,0.16667,0.16667,0.16667
0.16667,0.16667,0.16667,0.16667,0.16667
0.16667,0.16667,0.16667,0.16667,0.16667
0.16667,0.16667,0.16667,0.16667,0.16667
0.16667,0.16667,0.16667,0.16667,0.16667
0.16667,0.16667,0.16667,0.16667,0.16667
0.16667,0.16667,0.16667,0.16667,0.16667
0.16667,0.16667,0.16667,0.16667,0.16667
0.16667,0.16667,0.16667,0.16667,0.16667
0.16667,0.16667,0.16667,0.16667,0.16667
0.16667,0.16667,0.16667,0.16667,0.16667
0.16667,0.16667,0.16667,0.16667,0.16667
0.16667,0.16667,0.16667,0.16667,0.16667
0.16667,0.16667,0.16667,0.16667,0.16667
0.16667,0.16667,0.16667,0.16667,0.16667
0.16667,0.16667,0.16667,0.16667,0.16667
0.16667,0.16667,0.16667,0.16667,0.16667
0.16667,0.16667,0.16667,0.16667,0.16667
0.16667,0.16667,0.16667,0.16667,0.16667
0.16667,0.16667,0.16667,0.16667,0.16667
0.16667,0.16667,0.16667,0.16667,0.16667
0.16667,0.16667,0.16667,0.16667,0.16667
0.16667,0.16667,0.16667,0.16667,0.16667
0.16667,0.16667,0.16667,0.16667,0.16667
0.16667,0.16667,0.16667,0.16667,0.16667
0.16667,0.16667,0.16667,0.16667,0.16667
0.16667,0.16667,0.16667,0.16667,0.16667
0.16667,0.16667,0.16667,0.16667,0.16667
0.16667,0.16667,0.16667,0.16667,0.16667
0.16667,0.16667,0.16667,0.16667,0.16667
0.16667,0.16667,0.16667,0.16667,0.16667
0.16667,0.16667,0.16667,0.16667,0.16667
0.16667,0.16667,0.16667,0.16667,0.16667
0.16667,0.16667,0.16667,0.16667,0.16667
0.16667,0.16667,0.16667,0.16667,0.16667
0.16667,0.16667,0.16667,0.16667,0.16667
0.16667,0.16667,0.16667,0.16667,0.16667
0.16667,0.16667,0.16667,0.16667,0.16667
0.16667,0.16667,0.16667,0.16667,0.16667
0.16667,0.16667,0.16667,0.16667,0.16667
0.16667,0.16667,0.16667,0.16667,0.16667
0.16667,0.16667,0.16667,0.16667,0.16667
0.16667,0.16667,0.16667,0.16667,0.16667
0.16667,0.16667,0.16667,0.16667,0.16667
0.16667,0.16667,0.16667,0.16667,0.16667
0.16667,0.16667,0.16667,0.16667,0.16667
0.16667,0.16667,0.16667,0.16667,0.16667
0.16667,0.16667,0.16667,0.16667,0.16667
0.16667,0.16667,0.16667,0.16667,0.16667
0.16667,0.16667,0.16667,0.16667,0.16667
0.16667,0.16667,0.16667,0.16667,0.16667
