0.1,0.2,0.3,0.5,0.6
0.252,0.448,0.588,0.7,0.672
0.52779,0.69243,0.67832,0.588,0.61716
0.69784,0.59632,0.61097,0.67832,0.66156
0.59041,0.67402,0.66552,0.61097,0.62691
0.67711,0.6152,0.62329,0.66552,0.6549
0.61217,0.66284,0.65744,0.62329,0.63282
0.66477,0.62575,0.6306,0.65744,0.65061
0.62398,0.65572,0.65225,0.6306,0.63649
0.65696,0.6321,0.6351,0.65225,0.64784
0.63102,0.65114,0.64889,0.6351,0.6388
0.65194,0.63604,0.63793,0.64889,0.64605
0.63536,0.64818,0.64673,0.63793,0.64027
0.6487,0.63852,0.63971,0.64673,0.64491
0.63809,0.64627,0.64534,0.63971,0.6412
0.64661,0.64009,0.64085,0.64534,0.64417
0.63982,0.64505,0.64445,0.64085,0.6418
0.64526,0.64109,0.64157,0.64445,0.6437
0.64092,0.64426,0.64388,0.64157,0.64218
0.6444,0.64173,0.64204,0.64388,0.6434
0.64162,0.64376,0.64351,0.64204,0.64243
0.64384,0.64214,0.64233,0.64351,0.6432
0.64206,0.64343,0.64328,0.64233,0.64258
0.64349,0.6424,0.64252,0.64328,0.64308
0.64235,0.64323,0.64313,0.64252,0.64268
0.64326,0.64256,0.64264,0.64313,0.643
0.64253,0.64309,0.64303,0.64264,0.64274
0.64312,0.64267,0.64272,0.64303,0.64295
0.64265,0.64301,0.64297,0.64272,0.64278
0.64302,0.64274,0.64277,0.64297,0.64292
0.64272,0.64295,0.64293,0.64277,0.64281
0.64296,0.64278,0.6428,0.64293,0.64289
0.64277,0.64292,0.6429,0.6428,0.64283
0.64293,0.64281,0.64282,0.6429,0.64288
0.6428,0.6429,0.64289,0.64282,0.64284
0.6429,0.64283,0.64283,0.64289,0.64287
0.64282,0.64288,0.64288,0.64283,0.64284
0.64288,0.64284,0.64284,0.64288,0.64287
0.64283,0.64287,0.64287,0.64284,0.64285
0.64287,0.64284,0.64285,0.64287,0.64286
0.64284,0.64287,0.64286,0.64285,0.64285
0.64287,0.64285,0.64285,0.64286,0.64286
0.64285,0.64286,0.64286,0.64285,0.64285
0.64286,0.64285,0.64285,0.64286,0.64286
0.64285,0.64286,0.64286,0.64285,0.64286
0.64286,0.64285,0.64285,0.64286,0.64286
0.64285,0.64286,0.64286,0.64285,0.64286
0.64286,0.64285,0.64286,0.64286,0.64286
0.64285,0.64286,0.64286,0.64286,0.64286
0.64286,0.64286,0.64286,0.64286,0.64286
0.64286,0.64286,0.64286,0.64286,0.64286
0.64286,0.64286,0.64286,0.64286,0.64286
0.64286,0.64286,0.64286,0.64286,0.64286
0.64286,0.64286,0.64286,0.64286,0.64286
0.64286,0.64286,0.64286,0.64286,0.64286
0.64286,0.64286,0.64286,0.64286,0.64286
0.64286,0.64286,0.64286,0.64286,0.64286
0.64286,0.64286,0.64286,0.64286,0.64286
0.64286,0.64286,0.64286,0.64286,0.64286
0.64286,0.64286,0.64286,0.64286,0.64286
0.64286,0.64286,0.64286,0.64286,0.64286
0.64286,0.64286,0.64286,0.64286,0.64286
0.64286,0.64286,0.64286,0.64286,0.64286
0.64286,0.64286,0.64286,0.64286,0.64286
0.64286,0.64286,0.64286,0.64286,0.64286
0.64286,0.64286,0.64286,0.64286,0.64286
0.64286,0.64286,0.64286,0.64286,0.64286
0.64286,0.64286,0.64286,0.64286,0.64286
0.64286,0.64286,0.64286,0.64286,0.64286
0.64286,0.64286,0.64286,0.64286,0.64286
0.64286,0.64286,0.64286,0.64286,0.64286
0.64286,0.64286,0.64286,0.64286,0.64286
0.64286,0.64286,0.64286,0.64286,0.64286
0.64286,0.64286,0.64286,0.64286,0.64286
0.64286,0.64286,0.64286,0.64286,0.64286
0.64286,0.64286,0.64286,0.64286,0.64286
0.64286,0.64286,0.64286,0.64286,0.64286
0.64286,0.64286,0.64286,0.64286,0.64286
0.64286,0.64286,0.64286,0.64286,0.64286
0.64286,0.64286,0.64286,0.64286,0.64286
0.64286,0.64286,0.64286,0.64286,0.64286
0.64286,0.64286,0.64286,0.64286,0.64286
0.64286,0.64286,0.64286,0.64286,0.64286
0.64286,0.64286,0.64286,0.64286,0.64286
0.64286,0.64286,0.64286,0.64286,0.64286
0.64286,0.64286,0.64286,0.64286,0.64286
0.64286,0.64286,0.64286,0.64286,0.64286
0.64286,0.64286,0.64286,0.64286,0.64286
0.64286,0.64286,0.64286,0.64286,0.64286
0.64286,0.64286,0.64286,0.64286,0.64286
0.64286,0.64286,0.64286,0.64286,0.64286
0.64286,0.64286,0.64286,0.64286,0.64286
0.64286,0.64286,0.64286,0.64286,0.64286
0.64286,0.64286,0.64286,0.64286,0.64286
0.64286,0.64286,0.64286,0.64286,0.64286
0.64286,0.64286,0.64286,0.64286,0.64286
0.64286,0.64286,0.64286,0.64286,0.64286
0.64286,0.64286,0.64286,0.64286,0.64286
0.64286,0.64286,0.64286,0.64286,0.64286
0.64286,0.64286,0.64286,0.64286,0.64286
0.64286,0.64286,0.64286,0.64286,0.64286
0.64286,0.64286,0.64286,0.64286,0.64286
0.64286,0.64286,0.64286,0.64286,0.64286
0.64286,0.64286,0.64286,0.64286,0.64286
0.64286,0.64286,0.64286,0.64286,0.64286
0.64286,0.64286,0.64286,0.64286,0.64286
0.64286,0.64286,0.64286,0.64286,0.64286
0.64286,0.64286,0.64286,0.64286,0.64286
0.64286,0.64286,0.64286,0.64286,0.64286
0.64286,0.64286,0.64286,0.64286,0.64286
0.64286,0.64286,0.64286,0.64286,0.64286
0.64286,0.64286,0.64286,0.64286,0.64286
0.64286,0.64286,0.64286,0.64286,0.64286
0.64286,0.64286,0.64286,0.64286,0.64286
0.64286,0.64286,0.64286,0.64286,0.64286
0.64286,0.64286,0.64286,0.64286,0.64286
0.64286,0.64286,0.64286,0.64286,0.64286
0.64286,0.64286,0.64286,0.64286,0.64286
0.64286,0.64286,0.64286,0.64286,0.64286
0.64286,0.64286,0.64286,0.64286,0.64286
0.64286,0.64286,0.64286,0.64286,0.64286
0.64286,0.64286,0.64286,0.64286,0.64286
0.64286,0.64286,0.64286,0.64286,0.64286
0.64286,0.64286,0.64286,0.64286,0.64286
0.64286,0.64286,0.64286,0.64286,0.64286
0.64286,0.64286,0.64286,0.64286,0.64286
0.64286,0.64286,0.64286,0.64286,0.64286
0.64286,0.64286,0.64286,0.64286,0.64286
0.64286,0.64286,0.64286,0.64286,0.64286
0.64286,0.64286,0.64286,0.64286,0.64286
0.64286,0.64286,0.64286,0.64286,0.64286
0.64286,0.64286,0.64286,0.64286,0.64286
0.64286,0.64286,0.64286,0.64286,0.64286
0.64286,0.64286,0.64286,0.64286,0.64286
0.64286,0.64286,0.64286,0.64286,0.64286
0.64286,0.64286,0.64286,0.64286,0.64286
0.64286,0.64286,0.64286,0.64286,0.64286
0.64286,0.64286,0.64286,0.64286,0.64286
0.64286,0.64286,0.64286,0.64286,0.64286
0.64286,0.64286,0.64286,0.64286,0.64286
0.64286,0.64286,0.64286,0.64286,0.64286
0.64286,0.64286,0.64286,0.64286,0.64286
0.64286,0.64286,0.64286,0.64286,0.64286
0.64286,0.64286,0.64286,0.64286,0.64286
0.64286,0.64286,0.64286,0.64286,0.64286
0.64286,0.64286,0.64286,0.64286,0.64286
0.64286,0.64286,0.64286,0.64286,0.64286
0.64286,0.64286,0.64286,0.64286,0.64286
0.64286,0.64286,0.64286,0.64286,0.64286
0.64286,0.64286,0.64286,0.64286,0.64286
0.64286,0.64286,0.64286,0.64286,0.64286
0.64286,0.64286,0.64286,0.64286,0.64286
0.64286,0.64286,0.64286,0.64286,0.64286
0.64286,0.64286,0.64286,0.64286,0.64286
0.64286,0.64286,0.64286,0.64286,0.64286
0.64286,0.64286,0.64286,0.64286,0.64286
0.64286,0.64286,0.64286,0.64286,0.64286
0.64286,0.64286,0.64286,0.64286,0.64286
0.64286,0.64286,0.64286,0.64286,0.64286
0.64286,0.64286,0.64286,0.64286,0.64286
0.64286,0.64286,0.64286,0.64286,0.64286
0.64286,0.64286,0.64286,0.64286,0.64286
0.64286,0.64286,0.64286,0.64286,0.64286
0.64286,0.64286,0.64286,0.64286,0.64286
0.64286,0.64286,0.64286,0.64286,0.64286
0.64286,0.64286,0.64286,0.64286,0.64286
0.64286,0.64286,0.64286,0.64286,0.64286
0.64286,0.64286,0.64286,0.64286,0.64286
0.64286,0.64286,0.64286,0.64286,0.64286
0.64286,0.64286,0.64286,0.64286,0.64286
0.64286,0.64286,0.64286,0.64286,0.64286
0.64286,0.64286,0.64286,0.64286,0.64286
0.64286,0.64286,0.64286,0.64286,0.64286
0.64286,0.64286,0.64286,0.64286,0.64286
0.64286,0.64286,0.64286,0.64286,0.64286
0.64286,0.64286,0.64286,0.64286,0.64286
0.64286,0.64286,0.64286,0.64286,0.64286
0.64286,0.64286,0.64286,0.64286,0.64286
0.64286,0.64286,0.64286,0.64286,0.64286
0.64286,0.64286,0.64286,0.64286,0.64286
0.64286,0.64286,0.64286,0.64286,0.64286
0.64286,0.64286,0.64286,0.64286,0.64286
0.64286,0.64286,0.64286,0.64286,0.64286
0.64286,0.64286,0.64286,0.64286,0.64286
0.64286,0.64286,0.64286,0.64286,0.64286
0.64286,0.64286,0.64286,0.64286,0.64286
0.64286,0.64286,0.64286,0.64286,0.64286
0.64286,0.64286,0.64286,0.64286,0.64286
0.64286,0.64286,0.64286,0.64286,0.64286
0.64286,0.64286,0.64286,0.64286,0.64286
0.64286,0.64286,0.64286,0.64286,0.64286
0.64286,0.64286,0.64286,0.64286,0.64286
0.64286,0.64286,0.64286,0.64286,0.64286
0.64286,0.64286,0.64286,0.64286,0.64286
0.64286,0.64286,0.64286,0.64286,0.64286
0.64286,0.64286,0.64286,0.64286,0.64286
0.64286,0.64286,0.64286,0.64286,0.64286
0.64286,0.64286,0.64286,0.64286,0.64286
0.64286,0.64286,0.64286,0.64286,0.64286
0.64286,0.64286,0.64286,0.64286,0.64286
0.64286,0.64286,0.64286,0.64286,0.64286
0.64286,0.64286,0.64286,0.64286,0.64286
0.64286,0.64286,0.64286,0.64286,0.64286
0.64286,0.64286,0.64286,0.64286,0.64286
0.64286,0.64286,0.64286,0.64286,0.64286
0.64286,0.64286,0.64286,0.64286,0.64286
0.64286,0.64286,0.64286,0.64286,0.64286
0.64286,0.64286,0.64286,0.64286,0.64286
0.64286,0.64286,0.64286,0.64286,0.64286
0.64286,0.64286,0.64286,0.64286,0.64286
0.64286,0.64286,0.64286,0.64286,0.64286
0.64286,0.64286,0.64286,0.64286,0.64286
0.64286,0.64286,0.64286,0.64286,0.64286
0.64286,0.64286,0.64286,0.64286,0.64286
0.64286,0.64286,0.64286,0.64286,0.64286
0.64286,0.64286,0.64286,0.64286,0.64286
0.64286,0.64286,0.64286,0.64286,0.64286
0.64286,0.64286,0.64286,0.64286,0.64286
0.64286,0.64286,0.64286,0.64286,0.64286
0.64286,0.64286,0.64286,0.64286,0.64286
0.64286,0.64286,0.64286,0.64286,0.64286
0.64286,0.64286,0.64286,0.64286,0.64286
0.64286,0.64286,0.64286,0.64286,0.64286
0.64286,0.64286,0.64286,0.64286,0.64286
0.64286,0.64286,0.64286,0.64286,0.64286
0.64286,0.64286,0.64286,0.64286,0.64286
0.64286,0.64286,0.64286,0.64286,0.64286
0.64286,0.64286,0.64286,0.64286,0.64286
0.64286,0.64286,0.64286,0.64286,0.64286
0.64286,0.64286,0.64286,0.64286,0.64286
0.64286,0.64286,0.64286,0.64286,0.64286
0.64286,0.64286,0.64286,0.64286,0.64286
0.64286,0.64286,0.64286,0.64286,0.64286
0.64286,0.64286,0.64286,0.64286,0.64286
0.64286,0.64286,0.64286,0.64286,0.64286
0.64286,0.64286,0.64286,0.64286,0.64286
0.64286,0.64286,0.64286,0.64286,0.64286
0.64286,0.64286,0.64286,0.64286,0.64286
0.64286,0.64286,0.64286,0.64286,0.64286
0.64286,0.64286,0.64286,0.64286,0.64286
0.64286,0.64286,0.64286,0.64286,0.64286
0.64286,0.64286,0.64286,0.64286,0.64286
0.64286,0.64286,0.64286,0.64286,0.64286
0.64286,0.64286,0.64286,0.64286,0.64286
0.64286,0.64286,0.64286,0.64286,0.64286
0.64286,0.64286,0.64286,0.64286,0.64286
0.64286,0.64286,0.64286,0.64286,0.64286
0.64286,0.64286,0.64286,0.64286,0.64286
0.64286,0.64286,0.64286,0.64286,0.64286
0.64286,0.64286,0.64286,0.64286,0.64286
0.64286,0.64286,0.64286,0.64286,0.64286
0.64286,0.64286,0.64286,0.64286,0.64286
0.64286,0.64286,0.64286,0.64286,0.64286
0.64286,0.64286,0.64286,0.64286,0.64286
0.64286,0.64286,0.64286,0.64286,0.64286
0.64286,0.64286,0.64286,0.64286,0.64286
0.64286,0.64286,0.64286,0.64286,0.64286
0.64286,0.64286,0.64286,0.64286,0.64286
0.64286,0.64286,0.64286,0.64286,0.64286
0.64286,0.64286,0.64286,0.64286,0.64286
0.64286,0.64286,0.64286,0.64286,0.64286
0.64286,0.64286,0.64286,0.64286,0.64286
0.64286,0.64286,0.64286,0.64286,0.64286
0.64286,0.64286,0.64286,0.64286,0.64286
0.64286,0.64286,0.64286,0.64286,0.64286
0.64286,0.64286,0.64286,0.64286,0.64286
0.64286,0.64286,0.64286,0.64286,0.64286
0.64286,0.64286,0.64286,0.64286,0.64286
0.64286,0.64286,0.64286,0.64286,0.64286
0.64286,0.64286,0.64286,0.64286,0.64286
0.64286,0.64286,0.64286,0.64286,0.64286
0.64286,0.64286,0.64286,0.64286,0.64286
0.64286,0.64286,0.64286,0.64286,0.64286
0.64286,0.64286,0.64286,0.64286,0.64286
0.64286,0.64286,0.64286,0.64286,0.64286
0.64286,0.64286,0.64286,0.64286,0.64286
0.64286,0.64286,0.64286,0.64286,0.64286
0.64286,0.64286,0.64286,0.64286,0.64286
0.64286,0.64286,0.64286,0.64286,0.64286
0.64286,0.64286,0.64286,0.64286,0.64286
0.64286,0.64286,0.64286,0.64286,0.64286
0.64286,0.64286,0.64286,0.64286,0.64286
0.64286,0.64286,0.64286,0.64286,0.64286
0.64286,0.64286,0.64286,0.64286,0.64286
0.64286,0.64286,0.64286,0.64286,0.64286
0.64286,0.64286,0.64286,0.64286,0.64286
0.64286,0.64286,0.64286,0.64286,0.64286
0.64286,0.64286,0.64286,0.64286,0.64286
0.64286,0.64286,0.64286,0.64286,0.64286
0.64286,0.64286,0.64286,0.64286,0.64286
0.64286,0.64286,0.64286,0.64286,0.64286
0.64286,0.64286,0.64286,0.64286,0.64286
0.64286,0.64286,0.64286,0.64286,0.64286
0.64286,0.64286,0.64286,0.64286,0.64286
0.64286,0.64286,0.64286,0.64286,0.64286
0.64286,0.64286,0.64286,0.64286,0.64286
0.64286,0.64286,0.64286,0.64286,0.64286
0.64286,0.64286,0.64286,0.64286,0.64286
0.64286,0.64286,0.64286,0.64286,0.64286
0.64286,0.64286,0.64286,0.64286,0.64286
0.64286,0.64286,0.64286,0.64286,0.64286
0.64286,0.64286,0.64286,0.64286,0.64286
0.64286,0.64286,0.64286,0.64286,0.64286
0.64286,0.64286,0.64286,0.64286,0.64286
0.64286,0.64286,0.64286,0.64286,0.64286
0.64286,0.64286,0.64286,0.64286,0.64286
0.64286,0.64286,0.64286,0.64286,0.64286
0.64286,0.64286,0.64286,0.64286,0.64286
0.64286,0.64286,0.64286,0.64286,0.64286
0.64286,0.64286,0.64286,0.64286,0.64286
0.64286,0.64286,0.64286,0.64286,0.64286
0.64286,0.64286,0.64286,0.64286,0.64286
0.64286,0.64286,0.64286,0.64286,0.64286
0.64286,0.64286,0.64286,0.64286,0.64286
0.64286,0.64286,0.64286,0.64286,0.64286
0.64286,0.64286,0.64286,0.64286,0.64286
0.64286,0.64286,0.64286,0.64286,0.64286
0.64286,0.64286,0.64286,0.64286,0.64286
0.64286,0.64286,0.64286,0.64286,0.64286
0.64286,0.64286,0.64286,0.64286,0.64286
0.64286,0.64286,0.64286,0.64286,0.64286
0.64286,0.64286,0.64286,0.64286,0.64286
0.64286,0.64286,0.64286,0.64286,0.64286
0.64286,0.64286,0.64286,0.64286,0.64286
0.64286,0.64286,0.64286,0.64286,0.64286
0.64286,0.64286,0.64286,0.64286,0.64286
0.64286,0.64286,0.64286,0.64286,0.64286
0.64286,0.64286,0.64286,0.64286,0.64286
0.64286,0.64286,0.64286,0.64286,0.64286
0.64286,0.64286,0.64286,0.64286,0.64286
0.64286,0.64286,0.64286,0.64286,0.64286
0.64286,0.64286,0.64286,0.64286,0.64286
0.64286,0.64286,0.64286,0.64286,0.64286
0.64286,0.64286,0.64286,0.64286,0.64286
0.64286,0.64286,0.64286,0.64286,0.64286
0.64286,0.64286,0.64286,0.64286,0.64286
0.64286,0.64286,0.64286,0.64286,0.64286
0.64286,0.64286,0.64286,0.64286,0.64286
0.64286,0.64286,0.64286,0.64286,0.64286
0.64286,0.64286,0.64286,0.64286,0.64286
0.64286,0.64286,0.64286,0.64286,0.64286
0.64286,0.64286,0.64286,0.64286,0.64286
0.64286,0.64286,0.64286,0.64286,0.64286
0.64286,0.64286,0.64286,0.64286,0.64286
0.64286,0.64286,0.64286,0.64286,0.64286
0.64286,0.64286,0.64286,0.64286,0.64286
0.64286,0.64286,0.64286,0.64286,0.64286
0.64286,0.64286,0.64286,0.64286,0.64286
0.64286,0.64286,0.64286,0.64286,0.64286
0.64286,0.64286,0.64286,0.64286,0.64286
0.64286,0.64286,0.64286,0.64286,0.64286
0.64286,0.64286,0.64286,0.64286,0.64286
0.64286,0.64286,0.64286,0.64286,0.64286
0.64286,0.64286,0.64286,0.64286,0.64286
0.64286,0.64286,0.64286,0.64286,0.64286
0.64286,0.64286,0.64286,0.64286,0.64286
0.64286,0.64286,0.64286,0.64286,0.64286
0.64286,0.64286,0.64286,0.64286,0.64286
0.64286,0.64286,0.64286,0.64286,0.64286
0.64286,0.64286,0.64286,0.64286,0.64286
0.64286,0.64286,0.64286,0.64286,0.64286
0.64286,0.64286,0.64286,0.64286,0.64286
0.64286,0.64286,0.64286,0.64286,0.64286
0.64286,0.64286,0.64286,0.64286,0.64286
0.64286,0.64286,0.64286,0.64286,0.64286
0.64286,0.64286,0.64286,0.64286,0.64286
0.64286,0.64286,0.64286,0.64286,0.64286
0.64286,0.64286,0.64286,0.64286,0.64286
0.64286,0.64286,0.64286,0.64286,0.64286
0.64286,0.64286,0.64286,0.64286,0.64286
0.64286,0.64286,0.64286,0.64286,0.64286
0.64286,0.64286,0.64286,0.64286,0.64286
0.64286,0.64286,0.64286,0.64286,0.64286
0.64286,0.64286,0.64286,0.64286,0.64286
0.64286,0.64286,0.64286,0.64286,0.64286
0.64286,0.64286,0.64286,0.64286,0.64286
0.64286,0.64286,0.64286,0.64286,0.64286
0.64286,0.64286,0.64286,0.64286,0.64286
0.64286,0.64286,0.64286,0.64286,0.64286
0.64286,0.64286,0.64286,0.64286,0.64286
0.64286,0.64286,0.64286,0.64286,0.64286
0.64286,0.64286,0.64286,0.64286,0.64286
0.64286,0.64286,0.64286,0.64286,0.64286
0.64286,0.64286,0.64286,0.64286,0.64286
0.64286,0.64286,0.64286,0.64286,0.64286
0.64286,0.64286,0.64286,0.64286,0.64286
0.64286,0.64286,0.64286,0.64286,0.64286
0.64286,0.64286,0.64286,0.64286,0.64286
0.64286,0.64286,0.64286,0.64286,0.64286
0.64286,0.64286,0.64286,0.64286,0.64286
0.64286,0.64286,0.64286,0.64286,0.64286
0.64286,0.64286,0.64286,0.64286,0.64286
0.64286,0.64286,0.64286,0.64286,0.64286
0.64286,0.64286,0.64286,0.64286,0.64286
0.64286,0.64286,0.64286,0.64286,0.64286
0.64286,0.64286,0.64286,0.64286,0.64286
0.64286,0.64286,0.64286,0.64286,0.64286
0.64286,0.64286,0.64286,0.64286,0.64286
0.64286,0.64286,0.64286,0.64286,0.64286
0.64286,0.64286,0.64286,0.64286,0.64286
0.64286,0.64286,0.64286,0.64286,0.64286
0.64286,0.64286,0.64286,0.64286,0.64286
0.64286,0.64286,0.64286,0.64286,0.64286
0.64286,0.64286,0.64286,0.64286,0.64286
0.64286,0.64286,0.64286,0.64286,0.64286
0.64286,0.64286,0.64286,0.64286,0.64286
0.64286,0.64286,0.64286,0.64286,0.64286
0.64286,0.64286,0.64286,0.64286,0.64286
0.64286,0.64286,0.64286,0.64286,0.64286
0.64286,0.64286,0.64286,0.64286,0.64286
0.64286,0.64286,0.64286,0.64286,0.64286
0.64286,0.64286,0.64286,0.64286,0.64286
0.64286,0.64286,0.64286,0.64286,0.64286
0.64286,0.64286,0.64286,0.64286,0.64286
0.64286,0.64286,0.64286,0.64286,0.64286
0.64286,0.64286,0.64286,0.64286,0.64286
0.64286,0.64286,0.64286,0.64286,0.64286
0.64286,0.64286,0.64286,0.64286,0.64286
0.64286,0.64286,0.64286,0.64286,0.64286
0.64286,0.64286,0.64286,0.64286,0.64286
0.64286,0.64286,0.64286,0.64286,0.64286
0.64286,0.64286,0.64286,0.64286,0.64286
0.64286,0.64286,0.64286,0.64286,0.64286
0.64286,0.64286,0.64286,0.64286,0.64286
0.64286,0.64286,0.64286,0.64286,0.64286
0.64286,0.64286,0.64286,0.64286,0.64286
0.64286,0.64286,0.64286,0.64286,0.64286
0.64286,0.64286,0.64286,0.64286,0.64286
0.64286,0.64286,0.64286,0.64286,0.64286
0.64286,0.64286,0.64286,0.64286,0.64286
0.64286,0.64286,0.64286,0.64286,0.64286
0.64286,0.64286,0.64286,0.64286,0.64286
0.64286,0.64286,0.64286,0.64286,0.64286
0.64286,0.64286,0.64286,0.64286,0.64286
0.64286,0.64286,0.64286,0.64286,0.64286
0.64286,0.64286,0.64286,0.64286,0.64286
0.64286,0.64286,0.64286,0.64286,0.64286
0.64286,0.64286,0.64286,0.64286,0.64286
0.64286,0.64286,0.64286,0.64286,0.64286
0.64286,0.64286,0.64286,0.64286,0.64286
0.64286,0.64286,0.64286,0.64286,0.64286
0.64286,0.64286,0.64286,0.64286,0.64286
0.64286,0.64286,0.64286,0.64286,0.64286
0.64286,0.64286,0.64286,0.64286,0.64286
0.64286,0.64286,0.64286,0.64286,0.64286
0.64286,0.64286,0.64286,0.64286,0.64286
0.64286,0.64286,0.64286,0.64286,0.64286
0.64286,0.64286,0.64286,0.64286,0.64286
0.64286,0.64286,0.64286,0.64286,0.64286
0.64286,0.64286,0.64286,0.64286,0.64286
0.64286,0.64286,0.64286,0.64286,0.64286
0.64286,0.64286,0.64286,0.64286,0.64286
0.64286,0.64286,0.64286,0.64286,0.64286
0.64286,0.64286,0.64286,0.64286,0.64286
0.64286,0.64286,0.64286,0.64286,0.64286
0.64286,0.64286,0.64286,0.64286,0.64286
0.64286,0.64286,0.64286,0.64286,0.64286
0.64286,0.64286,0.64286,0.64286,0.64286
0.64286,0.64286,0.64286,0.64286,0.64286
0.64286,0.64286,0.64286,0.64286,0.64286
0.64286,0.64286,0.64286,0.64286,0.64286
0.64286,0.64286,0.64286,0.64286,0.64286
0.64286,0.64286,0.64286,0.64286,0.64286
0.64286,0.64286,0.64286,0.64286,0.64286
0.64286,0.64286,0.64286,0.64286,0.64286
0.64286,0.64286,0.64286,0.64286,0.64286
0.64286,0.64286,0.64286,0.64286,0.64286
0.64286,0.64286,0.64286,0.64286,0.64286
0.64286,0.64286,0.64286,0.64286,0.64286
0.64286,0.64286,0.64286,0.64286,0.64286
0.64286,0.64286,0.64286,0.64286,0.64286
0.64286,0.64286,0.64286,0.64286,0.64286
0.64286,0.64286,0.64286,0.64286,0.64286
0.64286,0.64286,0.64286,0.64286,0.64286
0.64286,0.64286,0.64286,0.64286,0.64286
0.64286,0.64286,0.64286,0.64286,0.64286
0.64286,0.64286,0.64286,0.64286,0.64286
0.64286,0.64286,0.64286,0.64286,0.64286
0.64286,0.64286,0.64286,0.64286,0.64286
0.64286,0.64286,0.64286,0.64286,0.64286
0.64286,0.64286,0.64286,0.64286,0.64286
0.64286,0.64286,0.64286,0.64286,0.64286
0.64286,0.64286,0.64286,0.64286,0.64286
0.64286,0.64286,0.64286,0.64286,0.64286
0.64286,0.64286,0.64286,0.64286,0.64286
0.64286,0.64286,0.64286,0.64286,0.64286
0.64286,0.64286,0.64286,0.64286,0.64286
0.64286,0.64286,0.64286,0.64286,0.64286
0.64286,0.64286,0.64286,0.64286,0.64286
0.64286,0.64286,0.64286,0.64286,0.64286
0.64286,0.64286,0.64286,0.64286,0.64286
0.64286,0.64286,0.64286,0.64286,0.64286
0.64286,0.64286,0.64286,0.64286,0.64286
0.64286,0.64286,0.64286,0.64286,0.64286
0.64286,0.64286,0.64286,0.64286,0.64286
0.64286,0.64286,0.64286,0.64286,0.64286
0.64286,0.64286,0.64286,0.64286,0.64286
0.64286,0.64286,0.64286,0.64286,0.64286
0.64286,0.64286,0.64286,0.64286,0.64286
0.64286,0.64286,0.64286,0.64286,0.64286
0.64286,0.64286,0.64286,0.64286,0.64286
0.64286,0.64286,0.64286,0.64286,0.64286
0.64286,0.64286,0.64286,0.64286,0.64286
0.64286,0.64286,0.64286,0.64286,0.64286
0.64286,0.64286,0.64286,0.64286,0.64286
0.64286,0.64286,0.64286,0.64286,0.64286
0.64286,0.64286,0.64286,0.64286,0.64286
0.64286,0.64286,0.64286,0.64286,0.64286
0.64286,0.64286,0.64286,0.64286,0.64286
0.64286,0.64286,0.64286,0.64286,0.64286
0.64286,0.64286,0.64286,0.64286,0.64286
0.64286,0.64286,0.64286,0.64286,0.64286
0.64286,0.64286,0.64286,0.64286,0.64286
0.64286,0.64286,0.64286,0.64286,0.64286
0.64286,0.64286,0.64286,0.64286,0.64286
0.64286,0.64286,0.64286,0.64286,0.64286
0.64286,0.64286,0.64286,0.64286,0.64286
0.64286,0.64286,0.64286,0.64286,0.64286
0.64286,0.64286,0.64286,0.64286,0.64286
0.64286,0.64286,0.64286,0.64286,0.64286
0.64286,0.64286,0.64286,0.64286,0.64286
0.64286,0.64286,0.64286,0.64286,0.64286
0.64286,0.64286,0.64286,0.64286,0.64286
0.64286,0.64286,0.64286,0.64286,0.64286
0.64286,0.64286,0.64286,0.64286,0.64286
0.64286,0.64286,0.64286,0.64286,0.64286
0.64286,0.64286,0.64286,0.64286,0.64286
0.64286,0.64286,0.64286,0.64286,0.64286
0.64286,0.64286,0.64286,0.64286,0.64286
0.64286,0.64286,0.64286,0.64286,0.64286
0.64286,0.64286,0.64286,0.64286,0.64286
0.64286,0.64286,0.64286,0.64286,0.64286
0.64286,0.64286,0.64286,0.64286,0.64286
0.64286,0.64286,0.64286,0.64286,0.64286
0.64286,0.64286,0.64286,0.64286,0.64286
0.64286,0.64286,0.64286,0.64286,0.64286
0.64286,0.64286,0.64286,0.64286,0.64286
0.64286,0.64286,0.64286,0.64286,0.64286
0.64286,0.64286,0.64286,0.64286,0.64286
0.64286,0.64286,0.64286,0.64286,0.64286
0.64286,0.64286,0.64286,0.64286,0.64286
0.64286,0.64286,0.64286,0.64286,0.64286
0.64286,0.64286,0.64286,0.64286,0.64286
0.64286,0.64286,0.64286,0.64286,0.64286
0.64286,0.64286,0.64286,0.64286,0.64286
0.64286,0.64286,0.64286,0.64286,0.64286
0.64286,0.64286,0.64286,0.64286,0.64286
0.64286,0.64286,0.64286,0.64286,0.64286
0.64286,0.64286,0.64286,0.64286,0.64286
0.64286,0.64286,0.64286,0.64286,0.64286
0.64286,0.64286,0.64286,0.64286,0.64286
0.64286,0.64286,0.64286,0.64286,0.64286
0.64286,0.64286,0.64286,0.64286,0.64286
0.64286,0.64286,0.64286,0.64286,0.64286
0.64286,0.64286,0.64286,0.64286,0.64286
0.64286,0.64286,0.64286,0.64286,0.64286
0.64286,0.64286,0.64286,0.64286,0.64286
0.64286,0.64286,0.64286,0.64286,0.64286
0.64286,0.64286,0.64286,0.64286,0.64286
0.64286,0.64286,0.64286,0.64286,0.64286
0.64286,0.64286,0.64286,0.64286,0.64286
0.64286,0.64286,0.64286,0.64286,0.64286
0.64286,0.64286,0.64286,0.64286,0.64286
0.64286,0.64286,0.64286,0.64286,0.64286
0.64286,0.64286,0.64286,0.64286,0.64286
0.64286,0.64286,0.64286,0.64286,0.64286
0.64286,0.64286,0.64286,0.64286,0.64286
0.64286,0.64286,0.64286,0.64286,0.64286
0.64286,0.64286,0.64286,0.64286,0.64286
0.64286,0.64286,0.64286,0.64286,0.64286
0.64286,0.64286,0.64286,0.64286,0.64286
0.64286,0.64286,0.64286,0.64286,0.64286
0.64286,0.64286,0.64286,0.64286,0.64286
0.64286,0.64286,0.64286,0.64286,0.64286
0.64286,0.64286,0.64286,0.64286,0.64286
0.64286,0.64286,0.64286,0.64286,0.64286
0.64286,0.64286,0.64286,0.64286,0.64286
0.64286,0.64286,0.64286,0.64286,0.64286
0.64286,0.64286,0.64286,0.64286,0.64286
0.64286,0.64286,0.64286,0.64286,0.64286
0.64286,0.64286,0.64286,0.64286,0.64286
0.64286,0.64286,0.64286,0.64286,0.64286
0.64286,0.64286,0.64286,0.64286,0.64286
0.64286,0.64286,0.64286,0.64286,0.64286
0.64286,0.64286,0.64286,0.64286,0.64286
0.64286,0.64286,0.64286,0.64286,0.64286
0.64286,0.64286,0.64286,0.64286,0.64286
0.64286,0.64286,0.64286,0.64286,0.64286
0.64286,0.64286,0.64286,0.64286,0.64286
0.64286,0.64286,0.64286,0.64286,0.64286
0.64286,0.64286,0.64286,0.64286,0.64286
0.64286,0.64286,0.64286,0.64286,0.64286
0.64286,0.64286,0.64286,0.64286,0.64286
0.64286,0.64286,0.64286,0.64286,0.64286
0.64286,0.64286,0.64286,0.64286,0.64286
0.64286,0.64286,0.64286,0.64286,0.64286
0.64286,0.64286,0.64286,0.64286,0.64286
0.64286,0.64286,0.64286,0.64286,0.64286
0.64286,0.64286,0.64286,0.64286,0.64286
0.64286,0.64286,0.64286,0.64286,0.64286
0.64286,0.64286,0.64286,0.64286,0.64286
0.64286,0.64286,0.64286,0.64286,0.64286
0.64286,0.64286,0.64286,0.64286,0.64286
0.64286,0.64286,0.64286,0.64286,0.64286
0.64286,0.64286,0.64286,0.64286,0.64286
0.64286,0.64286,0.64286,0.64286,0.64286
0.64286,0.64286,0.64286,0.64286,0.64286
0.64286,0.64286,0.64286,0.64286,0.64286
0.64286,0.64286,0.64286,0.64286,0.64286
0.64286,0.64286,0.64286,0.64286,0.64286
0.64286,0.64286,0.64286,0.64286,0.64286
0.64286,0.64286,0.64286,0.64286,0.64286
0.64286,0.64286,0.64286,0.64286,0.64286
0.64286,0.64286,0.64286,0.64286,0.64286
0.64286,0.64286,0.64286,0.64286,0.64286
0.64286,0.64286,0.64286,0.64286,0.64286
0.64286,0.64286,0.64286,0.64286,0.64286
0.64286,0.64286,0.64286,0.64286,0.64286
0.64286,0.64286,0.64286,0.64286,0.64286
0.64286,0.64286,0.64286,0.64286,0.64286
0.64286,0.64286,0.64286,0.64286,0.64286
0.64286,0.64286,0.64286,0.64286,0.64286
0.64286,0.64286,0.64286,0.64286,0.64286
0.64286,0.64286,0.64286,0.64286,0.64286
0.64286,0.64286,0.64286,0.64286,0.64286
0.64286,0.64286,0.64286,0.64286,0.64286
0.64286,0.64286,0.64286,0.64286,0.64286
0.64286,0.64286,0.64286,0.64286,0.64286
0.64286,0.64286,0.64286,0.64286,0.64286
0.64286,0.64286,0.64286,0.64286,0.64286
0.64286,0.64286,0.64286,0.64286,0.64286
0.64286,0.64286,0.64286,0.64286,0.64286
0.64286,0.64286,0.64286,0.64286,0.64286
0.64286,0.64286,0.64286,0.64286,0.64286
0.64286,0.64286,0.64286,0.64286,0.64286
0.64286,0.64286,0.64286,0.64286,0.64286
0.64286,0.64286,0.64286,0.64286,0.64286
0.64286,0.64286,0.64286,0.64286,0.64286
0.64286,0.64286,0.64286,0.64286,0.64286
0.64286,0.64286,0.64286,0.64286,0.64286
0.64286,0.64286,0.64286,0.64286,0.64286
0.64286,0.64286,0.64286,0.64286,0.64286
0.64286,0.64286,0.64286,0.64286,0.64286
0.64286,0.64286,0.64286,0.64286,0.64286
0.64286,0.64286,0.64286,0.64286,0.64286
0.64286,0.64286,0.64286,0.64286,0.64286
0.64286,0.64286,0.64286,0.64286,0.64286
0.64286,0.64286,0.64286,0.64286,0.64286
0.64286,0.64286,0.64286,0.64286,0.64286
0.64286,0.64286,0.64286,0.64286,0.64286
0.64286,0.64286,0.64286,0.64286,0.64286
0.64286,0.64286,0.64286,0.64286,0.64286
0.64286,0.64286,0.64286,0.64286,0.64286
0.64286,0.64286,0.64286,0.64286,0.64286
0.64286,0.64286,0.64286,0.64286,0.64286
0.64286,0.64286,0.64286,0.64286,0.64286
0.64286,0.64286,0.64286,0.64286,0.64286
0.64286,0.64286,0.64286,0.64286,0.64286
0.64286,0.64286,0.64286,0.64286,0.64286
0.64286,0.64286,0.64286,0.64286,0.64286
0.64286,0.64286,0.64286,0.64286,0.64286
0.64286,0.64286,0.64286,0.64286,0.64286
0.64286,0.64286,0.64286,0.64286,0.64286
0.64286,0.64286,0.64286,0.64286,0.64286
0.64286,0.64286,0.64286,0.64286,0.64286
0.64286,0.64286,0.64286,0.64286,0.64286
0.64286,0.64286,0.64286,0.64286,0.64286
0.64286,0.64286,0.64286,0.64286,0.64286
0.64286,0.64286,0.64286,0.64286,0.64286
0.64286,0.64286,0.64286,0.64286,0.64286
0.64286,0.64286,0.64286,0.64286,0.64286
0.64286,0.64286,0.64286,0.64286,0.64286
0.64286,0.64286,0.64286,0.64286,0.64286
0.64286,0.64286,0.64286,0.64286,0.64286
0.64286,0.64286,0.64286,0.64286,0.64286
0.64286,0.64286,0.64286,0.64286,0.64286
0.64286,0.64286,0.64286,0.64286,0.64286
0.64286,0.64286,0.64286,0.64286,0.64286
0.64286,0.64286,0.64286,0.64286,0.64286
0.64286,0.64286,0.64286,0.64286,0.64286
0.64286,0.64286,0.64286,0.64286,0.64286
0.64286,0.64286,0.64286,0.64286,0.64286
0.64286,0.64286,0.64286,0.64286,0.64286
0.64286,0.64286,0.64286,0.64286,0.64286
0.64286,0.64286,0.64286,0.64286,0.64286
0.64286,0.64286,0.64286,0.64286,0.64286
0.64286,0.64286,0.64286,0.64286,0.64286
0.64286,0.64286,0.64286,0.64286,0.64286
0.64286,0.64286,0.64286,0.64286,0.64286
0.64286,0.64286,0.64286,0.64286,0.64286
0.64286,0.64286,0.64286,0.64286,0.64286
0.64286,0.64286,0.64286,0.64286,0.64286
0.64286,0.64286,0.64286,0.64286,0.64286
0.64286,0.64286,0.64286,0.64286,0.64286
0.64286,0.64286,0.64286,0.64286,0.64286
0.64286,0.64286,0.64286,0.64286,0.64286
0.64286,0.64286,0.64286,0.64286,0.64286
0.64286,0.64286,0.64286,0.64286,0.64286
0.64286,0.64286,0.64286,0.64286,0.64286
0.64286,0.64286,0.64286,0.64286,0.64286
0.64286,0.64286,0.64286,0.64286,0.64286
0.64286,0.64286,0.64286,0.64286,0.64286
0.64286,0.64286,0.64286,0.64286,0.64286
0.64286,0.64286,0.64286,0.64286,0.64286
0.64286,0.64286,0.64286,0.64286,0.64286
0.64286,0.64286,0.64286,0.64286,0.64286
0.64286,0.64286,0.64286,0.64286,0.64286
0.64286,0.64286,0.64286,0.64286,0.64286
0.64286,0.64286,0.64286,0.64286,0.64286
0.64286,0.64286,0.64286,0.64286,0.64286
0.64286,0.64286,0.64286,0.64286,0.64286
0.64286,0.64286,0.64286,0.64286,0.64286
0.64286,0.64286,0.64286,0.64286,0.64286
0.64286,0.64286,0.64286,0.64286,0.64286
0.64286,0.64286,0.64286,0.64286,0.64286
0.64286,0.64286,0.64286,0.64286,0.64286
0.64286,0.64286,0.64286,0.64286,0.64286
0.64286,0.64286,0.64286,0.64286,0.64286
0.64286,0.64286,0.64286,0.64286,0.64286
0.64286,0.64286,0.64286,0.64286,0.64286
0.64286,0.64286,0.64286,0.64286,0.64286
0.64286,0.64286,0.64286,0.64286,0.64286
0.64286,0.64286,0.64286,0.64286,0.64286
0.64286,0.64286,0.64286,0.64286,0.64286
0.64286,0.64286,0.64286,0.64286,0.64286
0.64286,0.64286,0.64286,0.64286,0.64286
0.64286,0.64286,0.64286,0.64286,0.64286
0.64286,0.64286,0.64286,0.64286,0.64286
0.64286,0.64286,0.64286,0.64286,0.64286
0.64286,0.64286,0.64286,0.64286,0.64286
0.64286,0.64286,0.64286,0.64286,0.64286
0.64286,0.64286,0.64286,0.64286,0.64286
0.64286,0.64286,0.64286,0.64286,0.64286
0.64286,0.64286,0.64286,0.64286,0.64286
0.64286,0.64286,0.64286,0.64286,0.64286
0.64286,0.64286,0.64286,0.64286,0.64286
0.64286,0.64286,0.64286,0.64286,0.64286
0.64286,0.64286,0.64286,0.64286,0.64286
0.64286,0.64286,0.64286,0.64286,0.64286
0.64286,0.64286,0.64286,0.64286,0.64286
0.64286,0.64286,0.64286,0.64286,0.64286
0.64286,0.64286,0.64286,0.64286,0.64286
0.64286,0.64286,0.64286,0.64286,0.64286
0.64286,0.64286,0.64286,0.64286,0.64286
0.64286,0.64286,0.64286,0.64286,0.64286
0.64286,0.64286,0.64286,0.64286,0.64286
0.64286,0.64286,0.64286,0.64286,0.64286
0.64286,0.64286,0.64286,0.64286,0.64286
0.64286,0.64286,0.64286,0.64286,0.64286
0.64286,0.64286,0.64286,0.64286,0.64286
0.64286,0.64286,0.64286,0.64286,0.64286
0.64286,0.64286,0.64286,0.64286,0.64286
0.64286,0.64286,0.64286,0.64286,0.64286
0.64286,0.64286,0.64286,0.64286,0.64286
0.64286,0.64286,0.64286,0.64286,0.64286
0.64286,0.64286,0.64286,0.64286,0.64286
0.64286,0.64286,0.64286,0.64286,0.64286
0.64286,0.64286,0.64286,0.64286,0.64286
0.64286,0.64286,0.64286,0.64286,0.64286
0.64286,0.64286,0.64286,0.64286,0.64286
0.64286,0.64286,0.64286,0.64286,0.64286
0.64286,0.64286,0.64286,0.64286,0.64286
0.64286,0.64286,0.64286,0.64286,0.64286
0.64286,0.64286,0.64286,0.64286,0.64286
0.64286,0.64286,0.64286,0.64286,0.64286
0.64286,0.64286,0.64286,0.64286,0.64286
0.64286,0.64286,0.64286,0.64286,0.64286
0.64286,0.64286,0.64286,0.64286,0.64286
0.64286,0.64286,0.64286,0.64286,0.64286
0.64286,0.64286,0.64286,0.64286,0.64286
0.64286,0.64286,0.64286,0.64286,0.64286
0.64286,0.64286,0.64286,0.64286,0.64286
0.64286,0.64286,0.64286,0.64286,0.64286
0.64286,0.64286,0.64286,0.64286,0.64286
0.64286,0.64286,0.64286,0.64286,0.64286
0.64286,0.64286,0.64286,0.64286,0.64286
0.64286,0.64286,0.64286,0.64286,0.64286
0.64286,0.64286,0.64286,0.64286,0.64286
0.64286,0.64286,0.64286,0.64286,0.64286
0.64286,0.64286,0.64286,0.64286,0.64286
0.64286,0.64286,0.64286,0.64286,0.64286
0.64286,0.64286,0.64286,0.64286,0.64286
0.64286,0.64286,0.64286,0.64286,0.64286
0.64286,0.64286,0.64286,0.64286,0.64286
0.64286,0.64286,0.64286,0.64286,0.64286
0.64286,0.64286,0.64286,0.64286,0.64286
0.64286,0.64286,0.64286,0.64286,0.64286
0.64286,0.64286,0.64286,0.64286,0.64286
0.64286,0.64286,0.64286,0.64286,0.64286
0.64286,0.64286,0.64286,0.64286,0.64286
0.64286,0.64286,0.64286,0.64286,0.64286
0.64286,0.64286,0.64286,0.64286,0.64286
0.64286,0.64286,0.64286,0.64286,0.64286
0.64286,0.64286,0.64286,0.64286,0.64286
0.64286,0.64286,0.64286,0.64286,0.64286
0.64286,0.64286,0.64286,0.64286,0.64286
0.64286,0.64286,0.64286,0.64286,0.64286
0.64286,0.64286,0.64286,0.64286,0.64286
0.64286,0.64286,0.64286,0.64286,0.64286
0.64286,0.64286,0.64286,0.64286,0.64286
0.64286,0.64286,0.64286,0.64286,0.64286
0.64286,0.64286,0.64286,0.64286,0.64286
0.64286,0.64286,0.64286,0.64286,0.64286
0.64286,0.64286,0.64286,0.64286,0.64286
0.64286,0.64286,0.64286,0.64286,0.64286
0.64286,0.64286,0.64286,0.64286,0.64286
0.64286,0.64286,0.64286,0.64286,0.64286
0.64286,0.64286,0.64286,0.64286,0.64286
0.64286,0.64286,0.64286,0.64286,0.64286
0.64286,0.64286,0.64286,0.64286,0.64286
0.64286,0.64286,0.64286,0.64286,0.64286
0.64286,0.64286,0.64286,0.64286,0.64286
0.64286,0.64286,0.64286,0.64286,0.64286
0.64286,0.64286,0.64286,0.64286,0.64286
0.64286,0.64286,0.64286,0.64286,0.64286
0.64286,0.64286,0.64286,0.64286,0.64286
0.64286,0.64286,0.64286,0.64286,0.64286
0.64286,0.64286,0.64286,0.64286,0.64286
0.64286,0.64286,0.64286,0.64286,0.64286
0.64286,0.64286,0.64286,0.64286,0.64286
0.64286,0.64286,0.64286,0.64286,0.64286
0.64286,0.64286,0.64286,0.64286,0.64286
0.64286,0.64286,0.64286,0.64286,0.64286
0.64286,0.64286,0.64286,0.64286,0.64286
0.64286,0.64286,0.64286,0.64286,0.64286
0.64286,0.64286,0.64286,0.64286,0.64286
0.64286,0.64286,0.64286,0.64286,0.64286
0.64286,0.64286,0.64286,0.64286,0.64286
0.64286,0.64286,0.64286,0.64286,0.64286
0.64286,0.64286,0.64286,0.64286,0.64286
0.64286,0.64286,0.64286,0.64286,0.64286
0.64286,0.64286,0.64286,0.64286,0.64286
0.64286,0.64286,0.64286,0.64286,0.64286
0.64286,0.64286,0.64286,0.64286,0.64286
0.64286,0.64286,0.64286,0.64286,0.64286
0.64286,0.64286,0.64286,0.64286,0.64286
0.64286,0.64286,0.64286,0.64286,0.64286
0.64286,0.64286,0.64286,0.64286,0.64286
0.64286,0.64286,0.64286,0.64286,0.64286
0.64286,0.64286,0.64286,0.64286,0.64286
0.64286,0.64286,0.64286,0.64286,0.64286
0.64286,0.64286,0.64286,0.64286,0.64286
0.64286,0.64286,0.64286,0.64286,0.64286
0.64286,0.64286,0.64286,0.64286,0.64286
0.64286,0.64286,0.64286,0.64286,0.64286
0.64286,0.64286,0.64286,0.64286,0.64286
0.64286,0.64286,0.64286,0.64286,0.64286
0.64286,0.64286,0.64286,0.64286,0.64286
0.64286,0.64286,0.64286,0.64286,0.64286
0.64286,0.64286,0.64286,0.64286,0.64286
0.64286,0.64286,0.64286,0.64286,0.64286
0.64286,0.64286,0.64286,0.64286,0.64286
0.64286,0.64286,0.64286,0.64286,0.64286
0.64286,0.64286,0.64286,0.64286,0.64286
0.64286,0.64286,0.64286,0.64286,0.64286
0.64286,0.64286,0.64286,0.64286,0.64286
0.64286,0.64286,0.64286,0.64286,0.64286
0.64286,0.64286,0.64286,0.64286,0.64286
0.64286,0.64286,0.64286,0.64286,0.64286
0.64286,0.64286,0.64286,0.64286,0.64286
0.64286,0.64286,0.64286,0.64286,0.64286
0.64286,0.64286,0.64286,0.64286,0.64286
0.64286,0.64286,0.64286,0.64286,0.64286
0.64286,0.64286,0.64286,0.64286,0.64286
0.64286,0.64286,0.64286,0.64286,0.64286
0.64286,0.64286,0.64286,0.64286,0.64286
0.64286,0.64286,0.64286,0.64286,0.64286
0.64286,0.64286,0.64286,0.64286,0.64286
0.64286,0.64286,0.64286,0.64286,0.64286
0.64286,0.64286,0.64286,0.64286,0.64286
0.64286,0.64286,0.64286,0.64286,0.64286
0.64286,0.64286,0.64286,0.64286,0.64286
0.64286,0.64286,0.64286,0.64286,0.64286
0.64286,0.64286,0.64286,0.64286,0.64286
0.64286,0.64286,0.64286,0.64286,0.64286
0.64286,0.64286,0.64286,0.64286,0.64286
0.64286,0.64286,0.64286,0.64286,0.64286
0.64286,0.64286,0.64286,0.64286,0.64286
0.64286,0.64286,0.64286,0.64286,0.64286
0.64286,0.64286,0.64286,0.64286,0.64286
0.64286,0.64286,0.64286,0.64286,0.64286
0.64286,0.64286,0.64286,0.64286,0.64286
0.64286,0.64286,0.64286,0.64286,0.64286
0.64286,0.64286,0.64286,0.64286,0.64286
0.64286,0.64286,0.64286,0.64286,0.64286
0.64286,0.64286,0.64286,0.64286,0.64286
0.64286,0.64286,0.64286,0.64286,0.64286
0.64286,0.64286,0.64286,0.64286,0.64286
0.64286,0.64286,0.64286,0.64286,0.64286
0.64286,0.64286,0.64286,0.64286,0.64286
0.64286,0.64286,0.64286,0.64286,0.64286
0.64286,0.64286,0.64286,0.64286,0.64286
0.64286,0.64286,0.64286,0.64286,0.64286
0.64286,0.64286,0.64286,0.64286,0.64286
0.64286,0.64286,0.64286,0.64286,0.64286
0.64286,0.64286,0.64286,0.64286,0.64286
0.64286,0.64286,0.64286,0.64286,0.64286
0.64286,0.64286,0.64286,0.64286,0.64286
0.64286,0.64286,0.64286,0.64286,0.64286
0.64286,0.64286,0.64286,0.64286,0.64286
0.64286,0.64286,0.64286,0.64286,0.64286
0.64286,0.64286,0.64286,0.64286,0.64286
0.64286,0.64286,0.64286,0.64286,0.64286
0.64286,0.64286,0.64286,0.64286,0.64286
0.64286,0.64286,0.64286,0.64286,0.64286
0.64286,0.64286,0.64286,0.64286,0.64286
0.64286,0.64286,0.64286,0.64286,0.64286
0.64286,0.64286,0.64286,0.64286,0.64286
0.64286,0.64286,0.64286,0.64286,0.64286
0.64286,0.64286,0.64286,0.64286,0.64286
0.64286,0.64286,0.64286,0.64286,0.64286
0.64286,0.64286,0.64286,0.64286,0.64286
0.64286,0.64286,0.64286,0.64286,0.64286
0.64286,0.64286,0.64286,0.64286,0.64286
0.64286,0.64286,0.64286,0.64286,0.64286
0.64286,0.64286,0.64286,0.64286,0.64286
0.64286,0.64286,0.64286,0.64286,0.64286
0.64286,0.64286,0.64286,0.64286,0.64286
0.64286,0.64286,0.64286,0.64286,0.64286
0.64286,0.64286,0.64286,0.64286,0.64286
0.64286,0.64286,0.64286,0.64286,0.64286
0.64286,0.64286,0.64286,0.64286,0.64286
0.64286,0.64286,0.64286,0.64286,0.64286
0.64286,0.64286,0.64286,0.64286,0.64286
0.64286,0.64286,0.64286,0.64286,0.64286
0.64286,0.64286,0.64286,0.64286,0.64286
0.64286,0.64286,0.64286,0.64286,0.64286
0.64286,0.64286,0.64286,0.64286,0.64286
0.64286,0.64286,0.64286,0.64286,0.64286
0.64286,0.64286,0.64286,0.64286,0.64286
0.64286,0.64286,0.64286,0.64286,0.64286
0.64286,0.64286,0.64286,0.64286,0.64286
0.64286,0.64286,0.64286,0.64286,0.64286
0.64286,0.64286,0.64286,0.64286,0.64286
0.64286,0.64286,0.64286,0.64286,0.64286
0.64286,0.64286,0.64286,0.64286,0.64286
0.64286,0.64286,0.64286,0.64286,0.64286
0.64286,0.64286,0.64286,0.64286,0.64286
0.64286,0.64286,0.64286,0.64286,0.64286
0.64286,0.64286,0.64286,0.64286,0.64286
0.64286,0.64286,0.64286,0.64286,0.64286
0.64286,0.64286,0.64286,0.64286,0.64286
0.64286,0.64286,0.64286,0.64286,0.64286
0.64286,0.64286,0.64286,0.64286,0.64286
0.64286,0.64286,0.64286,0.64286,0.64286
0.64286,0.64286,0.64286,0.64286,0.64286
0.64286,0.64286,0.64286,0.64286,0.64286
0.64286,0.64286,0.64286,0.64286,0.64286
0.64286,0.64286,0.64286,0.64286,0.64286
0.64286,0.64286,0.64286,0.64286,0.64286
0.64286,0.64286,0.64286,0.64286,0.64286
0.64286,0.64286,0.64286,0.64286,0.64286
0.64286,0.64286,0.64286,0.64286,0.64286
0.64286,0.64286,0.64286,0.64286,0.64286
0.64286,0.64286,0.64286,0.64286,0.64286
0.64286,0.64286,0.64286,0.64286,0.64286
0.64286,0.64286,0.64286,0.64286,0.64286
0.64286,0.64286,0.64286,0.64286,0.64286
0.64286,0.64286,0.64286,0.64286,0.64286
0.64286,0.64286,0.64286,0.64286,0.64286
0.64286,0.64286,0.64286,0.64286,0.64286
0.64286,0.64286,0.64286,0.64286,0.64286
0.64286,0.64286,0.64286,0.64286,0.64286
0.64286,0.64286,0.64286,0.64286,0.64286
0.64286,0.64286,0.64286,0.64286,0.64286
0.64286,0.64286,0.64286,0.64286,0.64286
0.64286,0.64286,0.64286,0.64286,0.64286
0.64286,0.64286,0.64286,0.64286,0.64286
0.64286,0.64286,0.64286,0.64286,0.64286
0.64286,0.64286,0.64286,0.64286,0.64286
0.64286,0.64286,0.64286,0.64286,0.64286
0.64286,0.64286,0.64286,0.64286,0.64286
0.64286,0.64286,0.64286,0.64286,0.64286
0.64286,0.64286,0.64286,0.64286,0.64286
0.64286,0.64286,0.64286,0.64286,0.64286
0.64286,0.64286,0.64286,0.64286,0.64286
0.64286,0.64286,0.64286,0.64286,0.64286
0.64286,0.64286,0.64286,0.64286,0.64286
0.64286,0.64286,0.64286,0.64286,0.64286
0.64286,0.64286,0.64286,0.64286,0.64286
0.64286,0.64286,0.64286,0.64286,0.64286
0.64286,0.64286,0.64286,0.64286,0.64286
0.64286,0.64286,0.64286,0.64286,0.64286
0.64286,0.64286,0.64286,0.64286,0.64286
0.64286,0.64286,0.64286,0.64286,0.64286
0.64286,0.64286,0.64286,0.64286,0.64286
0.64286,0.64286,0.64286,0.64286,0.64286
0.64286,0.64286,0.64286,0.64286,0.64286
0.64286,0.64286,0.64286,0.64286,0.64286
0.64286,0.64286,0.64286,0.64286,0.64286
0.64286,0.64286,0.64286,0.64286,0.64286
0.64286,0.64286,0.64286,0.64286,0.64286
0.64286,0.64286,0.64286,0.64286,0.64286
0.64286,0.64286,0.64286,0.64286,0.64286
0.64286,0.64286,0.64286,0.64286,0.64286
0.64286,0.64286,0.64286,0.64286,0.64286
0.64286,0.64286,0.64286,0.64286,0.64286
0.64286,0.64286,0.64286,0.64286,0.64286
0.64286,0.64286,0.64286,0.64286,0.64286
0.64286,0.64286,0.64286,0.64286,0.64286
