0.1,0.2,0.3,0.5,0.6
0.351,0.624,0.819,0.975,0.936
0.88842,0.91503,0.57813,0.095062,0.23363
0.38662,0.30321,0.95119,0.3355,0.69827
0.92486,0.82397,0.18106,0.86946,0.82168
0.27101,0.56566,0.57828,0.44263,0.57143
0.7705,0.95819,0.9511,0.96217,0.9551
0.68963,0.15626,0.18138,0.14197,0.16725
0.83476,0.51418,0.57909,0.47508,0.54319
0.53795,0.97422,0.95061,0.97258,0.96773
0.96938,0.097966,0.18312,0.10401,0.12181
0.11575,0.34464,0.5834,0.36345,0.41718
0.39917,0.88086,0.94787,0.90228,0.94825
0.93535,0.40928,0.19269,0.34387,0.19139
0.23584,0.9429,0.6067,0.87993,0.60356
0.70286,0.20997,0.9306,0.41204,0.93318
0.81451,0.64695,0.25187,0.94483,0.24319
0.58924,0.89078,0.73488,0.20331,0.7178
0.94394,0.37944,0.75985,0.6317,0.79
0.20637,0.91831,0.71166,0.90736,0.64701
0.63874,0.29255,0.80027,0.32783,0.89072
0.89993,0.80716,0.62336,0.8594,0.37962
0.35122,0.60704,0.91565,0.47125,0.91849
0.88867,0.93032,0.3012,0.97178,0.29198
0.38584,0.25282,0.82087,0.10697,0.80624
0.92418,0.73672,0.57346,0.37255,0.60924
0.27329,0.75646,0.95395,0.91165,0.92846
0.77455,0.71849,0.17132,0.31412,0.25905
0.68102,0.78882,0.55368,0.84024,0.74857
0.8472,0.64968,0.96376,0.52352,0.73403
0.50485,0.88762,0.1362,0.97284,0.7614
0.97491,0.38903,0.45883,0.10303,0.70852
0.095403,0.92697,0.96839,0.36043,0.80543
0.33657,0.264,0.11938,0.89903,0.61118
0.87084,0.75779,0.41001,0.35402,0.9268
0.43867,0.71582,0.94342,0.89189,0.2646
0.96033,0.79334,0.20819,0.37604,0.75889
0.14858,0.6394,0.64291,0.91507,0.71362
0.49336,0.89921,0.89535,0.30309,0.79704
0.97483,0.35345,0.36543,0.82378,0.6309
0.095699,0.89124,0.90437,0.56616,0.90817
0.33751,0.37803,0.33728,0.95793,0.32524
0.87203,0.91698,0.87174,0.15717,0.85589
0.43523,0.29691,0.43607,0.51662,0.48104
0.95864,0.81414,0.95906,0.97392,0.9736
0.15464,0.59014,0.15314,0.099049,0.10025
0.50985,0.94331,0.50577,0.34803,0.35178
0.97462,0.20856,0.97487,0.88493,0.88932
0.096463,0.64375,0.095544,0.39713,0.38389
0.33991,0.89441,0.33702,0.93373,0.92242
0.87505,0.3683,0.8714,0.24133,0.2791
0.42641,0.90736,0.43703,0.71405,0.78469
0.95388,0.32783,0.95954,0.79632,0.65892
0.17158,0.85939,0.15143,0.63256,0.8765
0.55435,0.47127,0.50114,0.90646,0.42216
0.96348,0.97178,0.97499,0.33067,0.95137
0.13723,0.10695,0.095081,0.86318,0.18044
0.46174,0.3725,0.33556,0.4606,0.57674
0.96929,0.9116,0.86954,0.96895,0.95203
0.11608,0.31428,0.44241,0.11735,0.17811
0.40017,0.84049,0.96207,0.40395,0.57091
0.93613,0.52287,0.14233,0.93902,0.95539
0.23317,0.97296,0.47607,0.22331,0.16621
0.69733,0.10261,0.97277,0.67643,0.54048
0.82313,0.3591,0.10332,0.8536,0.96861
0.56778,0.89758,0.3613,0.48738,0.11858
0.95708,0.35854,0.89998,0.97438,0.40761
0.1602,0.89695,0.35107,0.097364,0.94171
0.52468,0.36047,0.8885,0.34275,0.21408
0.97262,0.89907,0.38638,0.87856,0.65618
0.10384,0.3539,0.92465,0.4161,0.87987
0.36294,0.89175,0.27172,0.94755,0.41223
0.90173,0.37647,0.77176,0.19383,0.94496
0.34558,0.91549,0.68696,0.60942,0.20285
0.882,0.30174,0.83868,0.9283,0.63063
0.40589,0.8217,0.52766,0.25957,0.90845
0.94046,0.57138,0.97202,0.74955,0.32435
0.21837,0.95513,0.10608,0.73212,0.85467
0.66568,0.16715,0.36984,0.76486,0.48441
0.86795,0.54293,0.90893,0.7014,0.97405
0.44699,0.96781,0.32284,0.8168,0.098569
0.96404,0.1215,0.85259,0.58359,0.34653
0.1352,0.41626,0.49014,0.94775,0.88314
0.45599,0.94765,0.97462,0.19312,0.40249
0.96744,0.19346,0.096466,0.60771,0.93792
0.12283,0.60854,0.33993,0.92975,0.22709
0.4202,0.92905,0.87507,0.25473,0.68453
0.95016,0.25706,0.42636,0.74038,0.84221
0.18467,0.74483,0.95385,0.74965,0.51829
0.58721,0.74123,0.17167,0.73194,0.9737
0.94534,0.74805,0.55458,0.7652,0.099891
0.20154,0.73504,0.96338,0.70071,0.35066
0.62759,0.75954,0.13758,0.81788,0.88802
0.91151,0.71228,0.46274,0.5809,0.38782
0.31456,0.79925,0.96959,0.94947,0.92592
0.84089,0.62576,0.115,0.1871,0.26751
0.52179,0.91332,0.39694,0.59315,0.7642
0.97315,0.30875,0.93357,0.94116,0.70278
0.10191,0.83235,0.24185,0.21598,0.81464
0.35694,0.54423,0.7151,0.6604,0.58891
0.89518,0.96737,0.79455,0.87465,0.94417
0.36594,0.12311,0.63663,0.42757,0.20557
0.90491,0.42101,0.9022,0.95454,0.63691
0.3356,0.95066,0.34413,0.16923,0.9019
0.86959,0.18292,0.88025,0.5483,0.34506
0.44227,0.58289,0.4111,0.9659,0.88137
0.962,0.94821,0.94418,0.12845,0.40777
0.14256,0.19153,0.20555,0.43662,0.94182
0.47672,0.6039,0.63686,0.95933,0.21369
0.97289,0.9329,0.90195,0.15215,0.65531
0.10288,0.24414,0.3449,0.5031,0.88093
0.35995,0.71969,0.88118,0.97496,0.40909
0.8985,0.78677,0.40834,0.095201,0.94277
0.35567,0.65428,0.94223,0.33594,0.21043
0.89376,0.88218,0.21228,0.87003,0.64798
0.37032,0.40537,0.65214,0.44101,0.8896
0.90942,0.94008,0.88472,0.96143,0.38303
0.32128,0.2197,0.39775,0.14462,0.92164
0.85043,0.66857,0.93423,0.48244,0.28166
0.49608,0.86417,0.23964,0.9738,0.78907
0.97494,0.45777,0.71064,0.09951,0.6491
0.095284,0.96805,0.80196,0.34947,0.8883
0.3362,0.12064,0.61939,0.88663,0.38697
0.87036,0.41373,0.91941,0.39202,0.92517
0.44005,0.94597,0.28899,0.92953,0.26999
0.96098,0.19933,0.80135,0.25548,0.76867
0.14623,0.62242,0.62084,0.74181,0.69348
0.48691,0.91655,0.91805,0.74695,0.829
0.97433,0.29829,0.29341,0.73716,0.55287
0.097535,0.81633,0.80855,0.75564,0.9641
0.34329,0.58476,0.60371,0.72012,0.13498
0.87922,0.94698,0.93305,0.78603,0.45537
0.41415,0.19581,0.24362,0.65592,0.96723
0.94626,0.61412,0.71866,0.88019,0.12361
0.19833,0.92421,0.78854,0.41129,0.42248
0.62007,0.27318,0.65031,0.94431,0.95156
0.91877,0.77436,0.88689,0.2051,0.17975
0.29105,0.68143,0.39124,0.63583,0.57503
0.80472,0.84662,0.92887,0.90305,0.95305
0.61286,0.50642,0.25768,0.34145,0.17452
0.92532,0.97484,0.746,0.87696,0.56184
0.26949,0.095659,0.739,0.42081,0.96008
0.76777,0.33738,0.75223,0.95054,0.14946
0.69537,0.87186,0.72687,0.18335,0.49578
0.82614,0.43569,0.77426,0.58396,0.97493
0.56018,0.95887,0.68165,0.94751,0.09532
0.96088,0.1538,0.84631,0.19397,0.33631
0.14661,0.50757,0.50727,0.60975,0.87051
0.48795,0.97478,0.97479,0.92803,0.43963
0.97443,0.09589,0.095825,0.26049,0.96079
0.097159,0.33811,0.33791,0.75127,0.14694
0.34211,0.87279,0.87253,0.72876,0.48886
0.87777,0.43302,0.43376,0.77091,0.97452
0.41843,0.9575,0.95789,0.68878,0.096856
0.94905,0.1587,0.15732,0.83601,0.34115
0.18858,0.5207,0.51701,0.53467,0.87659
0.59677,0.97333,0.97387,0.97031,0.42189
0.93848,0.10124,0.099241,0.11234,0.95121
0.22517,0.35488,0.34863,0.38891,0.18101
0.68043,0.89286,0.88564,0.92687,0.57815
0.84803,0.37307,0.39501,0.26434,0.95118
0.50261,0.91216,0.93201,0.75841,0.1811
0.97497,0.31248,0.24714,0.71457,0.57838
0.095161,0.83786,0.72564,0.79544,0.95104
0.33581,0.52983,0.77643,0.63459,0.1816
0.86986,0.97153,0.67698,0.90436,0.57962
0.44149,0.10787,0.85284,0.33733,0.95028
0.96165,0.37532,0.48945,0.8718,0.18427
0.14384,0.91437,0.97457,0.4359,0.58623
0.48028,0.30536,0.096669,0.95897,0.946
0.97348,0.82724,0.34056,0.15344,0.19923
0.10067,0.55735,0.87586,0.5066,0.6222
0.35309,0.96217,0.42404,0.97483,0.91676
0.89083,0.14195,0.9525,0.095691,0.29761
0.37929,0.47503,0.17646,0.33748,0.81525
0.91818,0.97257,0.56676,0.87199,0.58741
0.293,0.10405,0.95762,0.43532,0.9452
0.80789,0.36358,0.15829,0.95868,0.202
0.60528,0.90242,0.51961,0.15448,0.62867
0.93177,0.34343,0.9735,0.50939,0.91044
0.24794,0.8794,0.10061,0.97466,0.31802
0.72722,0.41362,0.35291,0.096337,0.84584
0.77365,0.9459,0.89062,0.33952,0.50854
0.68294,0.19959,0.37991,0.87456,0.97472
0.84447,0.62303,0.91876,0.42785,0.096115
0.51222,0.91597,0.2911,0.9547,0.33882
0.97442,0.30019,0.80481,0.16867,0.87368
0.097218,0.81929,0.61265,0.54685,0.43041
0.34229,0.57741,0.92551,0.96644,0.95611
0.878,0.95163,0.26888,0.12649,0.16365
0.41776,0.17952,0.76668,0.43091,0.53378
0.94862,0.57445,0.69764,0.95639,0.97055
0.19008,0.95338,0.82266,0.16268,0.11147
0.6004,0.17334,0.56897,0.53123,0.38628
0.93568,0.55883,0.95645,0.9712,0.92456
0.2347,0.9615,0.16245,0.1091,0.27201
0.7005,0.14437,0.53063,0.37907,0.77228
0.81821,0.48175,0.97134,0.91796,0.68586
0.58009,0.9737,0.10857,0.29369,0.84028
0.94998,0.099867,0.37745,0.809,0.52343
0.18531,0.35059,0.91643,0.60261,0.97286
0.58879,0.88793,0.29869,0.93393,0.10298
0.94426,0.38808,0.81696,0.24063,0.36025
0.20528,0.92615,0.5832,0.71264,0.89883
0.63625,0.26676,0.948,0.79865,0.35464
0.9026,0.76283,0.19224,0.62714,0.8926
0.34287,0.70558,0.6056,0.91195,0.37388
0.87871,0.81017,0.93151,0.31314,0.91297
0.41567,0.5998,0.24883,0.83883,0.30988
0.94727,0.93616,0.72896,0.52725,0.83403
0.19482,0.23308,0.77056,0.9721,0.53985
0.61177,0.69715,0.68952,0.10576,0.96881
0.92628,0.82342,0.83493,0.36885,0.11786
0.26631,0.56706,0.53751,0.90792,0.40548
0.76202,0.95746,0.96951,0.32605,0.94016
0.70725,0.15884,0.11528,0.857,0.21942
0.80748,0.52108,0.39776,0.47796,0.66797
0.60628,0.97327,0.93423,0.9731,0.86496
0.93094,0.10147,0.23963,0.10207,0.45554
0.25072,0.35559,0.71062,0.35744,0.96729
0.73265,0.89367,0.802,0.89574,0.1234
0.7639,0.37059,0.61931,0.36422,0.42186
0.70339,0.90969,0.91949,0.9031,0.95119
0.81367,0.3204,0.28872,0.34128,0.18108
0.59128,0.84921,0.80091,0.87676,0.57832
0.94251,0.49941,0.62188,0.42141,0.95108
0.21134,0.975,0.91707,0.95091,0.18146
0.65003,0.095067,0.2966,0.18204,0.57928
0.88722,0.33552,0.81365,0.58071,0.95049
0.39023,0.86949,0.59132,0.9496,0.18354
0.92801,0.44258,0.94247,0.18667,0.58444
0.26055,0.96214,0.21145,0.5921,0.94719
0.75138,0.14207,0.65028,0.94192,0.19507
0.72855,0.47535,0.88692,0.21337,0.61236
0.77128,0.97263,0.39113,0.65458,0.92577
0.68799,0.10382,0.92877,0.88181,0.26802
0.83717,0.36287,0.258,0.40648,0.76513
0.53163,0.90166,0.7466,0.94089,0.70086
0.9711,0.3458,0.73783,0.21691,0.81766
0.10946,0.88227,0.75441,0.66245,0.58147
0.38016,0.40511,0.72258,0.87208,0.94912
0.91899,0.93988,0.78179,0.43508,0.18835
0.29033,0.22037,0.66532,0.95856,0.5962
0.80355,0.67005,0.86842,0.15491,0.93891
0.61564,0.86223,0.44565,0.51055,0.2237
0.92285,0.46328,0.96348,0.97457,0.67728
0.27768,0.96974,0.13722,0.096671,0.85243
0.78225,0.11443,0.46173,0.34057,0.49058
0.66432,0.39522,0.96929,0.87587,0.97465
0.8697,0.93218,0.1161,0.42401,0.096343
0.44195,0.24654,0.40021,0.95248,0.33954
0.96186,0.72446,0.93616,0.17651,0.87458
0.14307,0.7785,0.23307,0.56689,0.42778
0.47815,0.6725,0.69712,0.95755,0.95466
0.97314,0.85895,0.82346,0.15853,0.16882
0.10195,0.47251,0.56695,0.52026,0.54724
0.35706,0.97205,0.95752,0.9734,0.9663
0.89531,0.10595,0.15864,0.10099,0.12701
0.36554,0.36942,0.52054,0.35407,0.43242
0.90449,0.9085,0.97335,0.89195,0.95719
0.33691,0.3242,0.10115,0.37587,0.15982
0.87126,0.85447,0.35458,0.91491,0.52369
0.43744,0.48497,0.89253,0.30361,0.97281
0.95973,0.97412,0.37409,0.82458,0.10316
0.15071,0.098322,0.91317,0.56412,0.36081
0.49919,0.34575,0.30924,0.95897,0.89944
0.975,0.88221,0.83308,0.15346,0.35275
0.095072,0.40527,0.54232,0.50665,0.89043
0.33553,0.94,0.96801,0.97483,0.38049
0.8695,0.21996,0.12076,0.095702,0.9193
0.44252,0.66916,0.41408,0.33752,0.28933
0.96212,0.86341,0.94621,0.87204,0.80191
0.14215,0.45995,0.19851,0.43519,0.61953
0.47558,0.96874,0.6205,0.95862,0.91928
0.97267,0.11809,0.91837,0.1547,0.28939
0.10366,0.40616,0.29237,0.51,0.80201
0.36236,0.94066,0.80687,0.97461,0.61928
0.90112,0.21769,0.60773,0.096508,0.91951
0.34751,0.66418,0.92974,0.34006,0.28865
0.88431,0.86987,0.25477,0.87523,0.80079
0.39899,0.44147,0.74046,0.42588,0.62214
0.93521,0.96164,0.7495,0.95358,0.91682
0.23632,0.14387,0.73222,0.17265,0.29742
0.70384,0.48037,0.76469,0.55709,0.81494
0.81295,0.9735,0.70177,0.96229,0.58816
0.59304,0.10062,0.81623,0.14152,0.94469
0.94124,0.35293,0.585,0.47382,0.20378
0.21569,0.89065,0.94682,0.97233,0.63279
0.65976,0.37983,0.19637,0.10494,0.90623
0.87546,0.91868,0.61545,0.36632,0.3314
0.42522,0.29134,0.92301,0.9053,0.86414
0.95319,0.8052,0.27713,0.33434,0.45786
0.174,0.61173,0.78128,0.86797,0.96807
0.56052,0.92632,0.66643,0.44693,0.12054
0.96071,0.26619,0.86697,0.96401,0.41343
0.1472,0.7618,0.44979,0.13529,0.94577
0.48957,0.7077,0.96517,0.45625,0.20002
0.97458,0.80675,0.13112,0.96754,0.62404
0.096633,0.60802,0.44431,0.1225,0.915
0.34045,0.92949,0.9629,0.41923,0.30334
0.87572,0.25559,0.13931,0.94955,0.82416
0.42445,0.74202,0.46762,0.18681,0.56518
0.95274,0.74656,0.97091,0.59247,0.95843
0.17561,0.73792,0.11015,0.94166,0.15539
0.56462,0.75424,0.38226,0.21427,0.51184
0.95872,0.72291,0.92093,0.65659,0.97445
0.15436,0.78122,0.28398,0.87937,0.097088
0.50907,0.66657,0.79301,0.41372,0.34188
0.97468,0.86679,0.64017,0.94596,0.87749
0.096251,0.45033,0.89838,0.19935,0.41924
0.33925,0.96538,0.35605,0.62248,0.94956
0.87422,0.13036,0.89419,0.91649,0.18678
0.42884,0.44212,0.369,0.29848,0.59238
0.95525,0.96193,0.90808,0.81662,0.94172
0.16671,0.14281,0.32555,0.58404,0.21404
0.54178,0.47741,0.85631,0.94745,0.65609
0.96819,0.97301,0.47988,0.19416,0.87998
0.12011,0.10242,0.97342,0.61021,0.41191
0.41217,0.35853,0.1009,0.92763,0.94474
0.94491,0.89694,0.35382,0.26182,0.20361
0.20301,0.3605,0.89166,0.75375,0.6324
0.631,0.8991,0.37676,0.72389,0.90664
0.90807,0.35379,0.91577,0.7795,0.33012
0.32556,0.89163,0.30084,0.67033,0.86245
0.85633,0.37684,0.82031,0.86186,0.46265
0.47981,0.91584,0.57487,0.46433,0.96956
0.97341,0.3006,0.95314,0.97004,0.1151
0.10094,0.81994,0.17419,0.11335,0.39724
0.35394,0.5758,0.561,0.39196,0.93382
0.8918,0.95259,0.96049,0.92948,0.24104
0.37633,0.17612,0.14801,0.25564,0.71346
0.91535,0.5659,0.49181,0.74212,0.7973
0.30218,0.95806,0.97474,0.74637,0.6303
0.82239,0.15669,0.096033,0.73827,0.90879
0.56965,0.51534,0.33856,0.75359,0.32327
0.95608,0.97408,0.87336,0.72421,0.85319
0.16377,0.098461,0.43136,0.77895,0.48849
0.53411,0.34619,0.95663,0.67153,0.97448
0.97046,0.88273,0.16182,0.86026,0.096976
0.11179,0.40371,0.52897,0.46884,0.34153
0.38725,0.93884,0.97173,0.97121,0.87706
0.92542,0.22394,0.10715,0.10904,0.42052
0.26917,0.67779,0.3731,0.37888,0.95036
0.7672,0.85173,0.91219,0.91779,0.18398
0.69656,0.49251,0.31238,0.29427,0.58552
0.82432,0.97478,0.83772,0.80994,0.94648
0.56477,0.095872,0.53018,0.60037,0.19756
0.95864,0.33805,0.97145,0.93571,0.61826
0.15464,0.87272,0.10818,0.2346,0.92046
0.50983,0.43322,0.37625,0.7003,0.28555
0.97462,0.95761,0.91528,0.81854,0.79564
0.096459,0.15832,0.30242,0.57928,0.63413
0.3399,0.5197,0.82275,0.95049,0.90484
0.87504,0.97349,0.56875,0.18355,0.33581
0.42644,0.10066,0.95656,0.58444,0.86987
0.9539,0.35307,0.16204,0.94719,0.44147
0.17151,0.8908,0.52956,0.19507,0.96164
0.55416,0.37937,0.97159,0.61237,0.14386
0.96356,0.91825,0.10764,0.92575,0.48035
0.13694,0.29277,0.37462,0.26807,0.97349
0.46092,0.80752,0.9137,0.76522,0.10063
0.96904,0.60618,0.30754,0.70068,0.35297
0.11699,0.93103,0.83054,0.81794,0.89069
0.40288,0.25044,0.5489,0.58075,0.37969
0.93821,0.73211,0.96568,0.94957,0.91855
0.22609,0.76489,0.12927,0.18677,0.29177
0.68239,0.70136,0.43898,0.59236,0.80589
0.84527,0.81688,0.96048,0.94173,0.61007
0.51009,0.58339,0.14804,0.214,0.92775
0.9746,0.94788,0.49187,0.656,0.26142
0.096533,0.19268,0.97474,0.88009,0.75301
0.34013,0.60666,0.096016,0.41157,0.72535
0.87533,0.93063,0.33851,0.9445,0.77695
0.4256,0.25178,0.87329,0.20444,0.67586
0.95341,0.73471,0.43155,0.6343,0.85439
0.17322,0.76015,0.95673,0.90465,0.48519
0.55855,0.71105,0.16146,0.33639,0.97414
0.96163,0.80128,0.52803,0.87061,0.098229
0.1439,0.621,0.97194,0.43933,0.34546
0.48044,0.9179,0.10638,0.96064,0.88186
0.97351,0.29389,0.37075,0.14745,0.40632
0.10058,0.80932,0.90985,0.49026,0.94077
0.35281,0.60185,0.31989,0.97463,0.21731
0.8905,0.93454,0.84849,0.096434,0.66334
0.38028,0.23858,0.50137,0.33982,0.87095
0.9191,0.70847,0.97499,0.87494,0.43835
0.28999,0.8055,0.09509,0.42674,0.96018
0.803,0.61101,0.33559,0.95407,0.14913
0.61695,0.92694,0.86957,0.1709,0.49487
0.92166,0.26412,0.44232,0.55261,0.9749
0.28159,0.758,0.96202,0.9642,0.095443
0.78895,0.7154,0.14248,0.13461,0.3367
0.64937,0.79406,0.47651,0.4543,0.871
0.88798,0.63777,0.97285,0.96685,0.4382
0.38794,0.90098,0.10302,0.12498,0.96011
0.92603,0.34794,0.36038,0.42652,0.14938
0.26716,0.88482,0.89897,0.95394,0.49556
0.76356,0.39745,0.35419,0.17136,0.97492
0.70408,0.93398,0.89209,0.55378,0.095347
0.81257,0.24046,0.37544,0.96372,0.3364
0.59398,0.7123,0.91449,0.13636,0.87061
0.94055,0.79922,0.30498,0.4593,0.43932
0.21806,0.62581,0.82667,0.96854,0.96064
0.66498,0.91327,0.55882,0.11883,0.14747
0.86885,0.30892,0.96151,0.40838,0.49031
0.44441,0.8326,0.14434,0.94226,0.97463
0.96295,0.54357,0.48169,0.21217,0.096419
0.13916,0.9676,0.97369,0.65191,0.33978
0.46719,0.12228,0.099902,0.885,0.87488
0.9708,0.41858,0.35069,0.39692,0.42691
0.11055,0.94914,0.88806,0.93356,0.95416
0.38349,0.18825,0.3877,0.24189,0.17057
0.92206,0.59596,0.92581,0.71519,0.55174
0.28028,0.93909,0.26787,0.79441,0.96456
0.78671,0.2231,0.76485,0.63696,0.13333
0.6544,0.67596,0.70144,0.90184,0.45064
0.88203,0.85424,0.81675,0.34523,0.9655
0.40581,0.48559,0.5837,0.88158,0.12991
0.9404,0.97419,0.94768,0.40714,0.44083
0.21858,0.098059,0.19339,0.94137,0.96135
0.66613,0.34493,0.60836,0.21526,0.14493
0.86736,0.88122,0.92921,0.6588,0.4833
0.44867,0.40823,0.25654,0.87665,0.97391
0.96473,0.94216,0.74383,0.42172,0.09909
0.13272,0.21254,0.74313,0.9511,0.34816
0.44891,0.65274,0.74445,0.18138,0.88508
0.96482,0.88401,0.74194,0.57908,0.39668
0.13238,0.39988,0.74671,0.95061,0.93337
0.44793,0.93591,0.73763,0.18309,0.24254
0.96443,0.23395,0.75477,0.58333,0.71649
0.13381,0.69894,0.72185,0.94792,0.79222
0.45202,0.82065,0.78305,0.19253,0.64197
0.96602,0.57403,0.66254,0.60631,0.8964
0.12802,0.95363,0.87196,0.93092,0.36219
0.43535,0.17247,0.43541,0.25079,0.90093
0.9587,0.55662,0.95873,0.73279,0.34809
0.15442,0.9625,0.15432,0.76366,0.885
0.50924,0.14077,0.50897,0.70389,0.39693
0.97467,0.47172,0.97469,0.81288,0.93357
0.096297,0.97188,0.096225,0.59322,0.24186
0.33939,0.10658,0.33917,0.94111,0.71512
0.8744,0.37137,0.87412,0.21615,0.79453
0.42831,0.91047,0.42915,0.66078,0.63668
0.95496,0.3179,0.95542,0.87418,0.90214
0.16775,0.84568,0.16611,0.42895,0.34431
0.54448,0.50898,0.54021,0.95531,0.88047
0.96728,0.97469,0.96869,0.16649,0.41045
0.12342,0.096228,0.11827,0.54121,0.94372
0.42193,0.33918,0.4067,0.96838,0.20713
0.95123,0.87413,0.94105,0.11943,0.64048
0.18093,0.4291,0.21635,0.41014,0.89803
0.57797,0.9554,0.66121,0.94351,0.35712
0.95129,0.16619,0.87364,0.20787,0.89538
0.18071,0.54043,0.43053,0.64218,0.36532
0.5774,0.96862,0.95618,0.89616,0.90426
0.95164,0.11853,0.16342,0.36292,0.33763
0.1795,0.40746,0.53318,0.90172,0.87219
0.57439,0.9416,0.97071,0.34564,0.43476
0.95342,0.21445,0.1109,0.88207,0.9584
0.1732,0.657,0.38455,0.40569,0.15548
0.5585,0.87887,0.92302,0.94031,0.51209
0.96165,0.41518,0.27711,0.2189,0.97443
0.14381,0.94694,0.78125,0.66683,0.097175
0.48021,0.19595,0.66649,0.86646,0.34215
0.97347,0.61446,0.86689,0.45127,0.87783
0.10071,0.9239,0.45002,0.96574,0.41825
0.35322,0.2742,0.96526,0.12904,0.94894
0.89097,0.77615,0.13078,0.43831,0.18898
0.37885,0.6776,0.44335,0.96016,0.59774
0.91776,0.85199,0.96248,0.14918,0.93774
0.29437,0.49179,0.14082,0.49502,0.22768
0.81009,0.97474,0.47186,0.9749,0.68578
0.59999,0.096036,0.97191,0.095421,0.84039
0.93601,0.33857,0.10647,0.33663,0.52312
0.23359,0.87337,0.37101,0.87091,0.97291
0.6982,0.43133,0.91011,0.43846,0.10277
0.82179,0.95661,0.31906,0.96023,0.35961
0.57116,0.16189,0.84731,0.14894,0.89814
0.95525,0.52916,0.50456,0.49434,0.3568
0.1667,0.97168,0.97492,0.97488,0.89502
0.54176,0.10731,0.095363,0.095525,0.36644
0.9682,0.37359,0.33645,0.33696,0.90543
0.12009,0.91268,0.87068,0.87133,0.33395
0.41209,0.31083,0.43912,0.43724,0.86746
0.94486,0.83543,0.96055,0.95964,0.44839
0.20318,0.53619,0.1478,0.15105,0.96461
0.63141,0.96989,0.49121,0.50012,0.13313
0.90766,0.11389,0.9747,0.975,0.45009
0.32688,0.39358,0.096177,0.095063,0.96529
0.85811,0.93083,0.33902,0.3355,0.13069
0.47484,0.2511,0.87393,0.86947,0.44307
0.97253,0.7334,0.42969,0.44263,0.96236
0.10419,0.76255,0.95572,0.96216,0.14127
0.36399,0.70616,0.16504,0.14198,0.47312
0.90286,0.80924,0.53743,0.4751,0.97218
0.34205,0.60203,0.96953,0.97258,0.10548
0.87771,0.9344,0.11519,0.104,0.36797
0.41862,0.23907,0.39751,0.36342,0.90701
0.94917,0.70946,0.93403,0.90225,0.32893
0.18816,0.80389,0.24031,0.34396,0.86087
0.59574,0.61485,0.71199,0.88004,0.46712
0.93925,0.92356,0.79974,0.41173,0.97078
0.22252,0.27533,0.62462,0.94461,0.11062
0.67472,0.77814,0.91443,0.20405,0.38368
0.85594,0.67328,0.30515,0.63341,0.92223
0.4809,0.8579,0.82693,0.90559,0.2797
0.97358,0.47545,0.55815,0.33344,0.78573
0.10033,0.97265,0.96181,0.8668,0.65659
0.35202,0.10375,0.14324,0.45028,0.87937
0.8896,0.36265,0.47861,0.96536,0.41372
0.38303,0.90143,0.97322,0.13043,0.94597
0.92164,0.34654,0.10166,0.44232,0.19934
0.28165,0.88315,0.35618,0.96202,0.62247
0.78906,0.40246,0.89433,0.14248,0.91651
0.64914,0.9379,0.36857,0.4765,0.29843
0.88826,0.22716,0.90764,0.97285,0.81654
0.3871,0.68468,0.32695,0.10302,0.58423
0.92529,0.84198,0.85821,0.36039,0.94733
0.26959,0.5189,0.47459,0.89899,0.19459
0.76796,0.97361,0.97248,0.35416,0.61123
0.69497,0.10021,0.10437,0.89204,0.92675
0.82675,0.35167,0.36456,0.37557,0.26476
0.55862,0.88919,0.90346,0.91462,0.75918
0.9616,0.38426,0.34015,0.30455,0.71303
0.14402,0.92276,0.87535,0.82602,0.79802
0.48077,0.27797,0.42553,0.56047,0.62862
0.97356,0.78274,0.95337,0.96074,0.91048
0.1004,0.66323,0.17337,0.14711,0.31788
0.35223,0.87109,0.55892,0.48933,0.84565
0.88984,0.43795,0.96146,0.97456,0.50906
0.38229,0.95998,0.14451,0.096706,0.97468
0.92096,0.14982,0.48214,0.34068,0.096249
0.28389,0.49676,0.97376,0.87601,0.33924
0.79286,0.97496,0.099664,0.42361,0.87421
0.6405,0.095214,0.34995,0.95224,0.42886
0.89801,0.33598,0.88719,0.17735,0.95526
0.35718,0.87008,0.39032,0.569,0.16666
0.89545,0.44086,0.92808,0.95643,0.54166
0.3651,0.96136,0.2603,0.16252,0.96823
0.90403,0.14487,0.75092,0.53081,0.11996
0.33837,0.48315,0.72944,0.9713,0.41173
0.87311,0.97389,0.76969,0.10872,0.94461
0.43207,0.099163,0.69135,0.37792,0.20405
0.957,0.34838,0.8322,0.91687,0.63342
0.16048,0.88535,0.54461,0.29725,0.90558
0.52543,0.39587,0.96724,0.81468,0.33348
0.97248,0.93271,0.12358,0.58882,0.86685
0.10438,0.24476,0.4224,0.94424,0.45013
0.3646,0.72093,0.95151,0.20536,0.9653
0.9035,0.78464,0.17993,0.63642,0.13063
0.34002,0.65902,0.57547,0.90242,0.44291
0.87519,0.87638,0.95279,0.34343,0.96229
0.42601,0.42253,0.17544,0.87939,0.14153
0.95365,0.95159,0.56418,0.41365,0.47385
0.17239,0.17964,0.95893,0.94592,0.97233
0.55642,0.57475,0.15358,0.19952,0.10492
0.96259,0.95321,0.50698,0.62287,0.36625
0.14046,0.17395,0.97481,0.91612,0.90523
0.47084,0.5604,0.095766,0.29968,0.33457
0.97168,0.96077,0.33772,0.8185,0.86827
0.10731,0.14699,0.87229,0.57938,0.44608
0.37359,0.48899,0.43445,0.95043,0.96366
0.91268,0.97453,0.95824,0.18375,0.13658
0.31082,0.096813,0.15606,0.58496,0.4599
0.83543,0.34102,0.51364,0.94685,0.96873
0.5362,0.87643,0.97427,0.19626,0.11815
0.96989,0.42238,0.097749,0.6152,0.40633
0.1139,0.95151,0.34396,0.92324,0.94078
0.39361,0.17996,0.88004,0.27638,0.21727
0.93086,0.57553,0.41172,0.77997,0.66324
0.25102,0.95275,0.94461,0.66931,0.87107
0.73323,0.17556,0.20406,0.86321,0.43799
0.76286,0.56448,0.63344,0.46051,0.96001
0.70553,0.95879,0.90556,0.96892,0.14974
0.81026,0.15411,0.33354,0.11745,0.49654
0.59958,0.50841,0.86694,0.40425,0.97495
0.93633,0.97472,0.44989,0.93924,0.095235
0.23251,0.096084,0.96521,0.22256,0.33605
0.69596,0.33872,0.13096,0.67481,0.87016
0.82524,0.87356,0.44387,0.85582,0.44062
0.56246,0.43077,0.96271,0.48122,0.96125
0.95978,0.95631,0.14,0.97362,0.14528
0.15054,0.16295,0.46955,0.10015,0.48427
0.49871,0.53194,0.97138,0.35147,0.97403
0.97499,0.97102,0.10841,0.88896,0.098636
0.095086,0.10974,0.37695,0.38497,0.34674
0.33558,0.38102,0.91595,0.9234,0.88339
0.86956,0.91979,0.30024,0.27587,0.40175
0.44235,0.28772,0.81937,0.77909,0.93735
0.96204,0.79926,0.57721,0.67123,0.22903
0.14243,0.62572,0.95175,0.86065,0.68864
0.47635,0.91335,0.1791,0.46774,0.83622
0.97282,0.30864,0.5734,0.97094,0.53412
0.10313,0.83219,0.95399,0.11003,0.97046
0.36072,0.54464,0.17119,0.38191,0.11181
0.89934,0.96723,0.55334,0.92062,0.38729
0.35305,0.12362,0.9639,0.28502,0.92546
0.89078,0.42253,0.1357,0.79476,0.26904
0.37944,0.95159,0.4574,0.63616,0.76696
0.91831,0.17965,0.96792,0.9027,0.69705
0.29255,0.57477,0.12109,0.34255,0.82357
0.80717,0.95319,0.41507,0.87831,0.56667
0.60702,0.174,0.94687,0.41683,0.95766
0.93033,0.56052,0.19621,0.94802,0.15812
0.25279,0.96072,0.61508,0.19217,0.51917
0.73666,0.14719,0.92335,0.60544,0.97357
0.75658,0.48955,0.27601,0.93164,0.10036
0.71826,0.97457,0.77933,0.24837,0.35213
0.78921,0.096638,0.67069,0.72806,0.88973
0.64878,0.34047,0.86137,0.77215,0.38264
0.88867,0.87574,0.46571,0.68613,0.92128
0.38586,0.42439,0.97041,0.83988,0.28284
0.92419,0.9527,0.11197,0.52447,0.79109
0.27324,0.17573,0.3878,0.97266,0.64455
0.77447,0.56492,0.9259,0.1037,0.89351
0.6812,0.95856,0.26757,0.36248,0.37108
0.84695,0.15491,0.76431,0.90124,0.91018
0.50555,0.51055,0.70256,0.34712,0.31883
0.97488,0.97457,0.81499,0.88384,0.847
0.095508,0.096669,0.58806,0.40039,0.50542
0.33691,0.34056,0.94476,0.93631,0.97489
0.87126,0.87586,0.20354,0.23258,0.095487
0.43744,0.42404,0.63223,0.6961,0.33684
0.95974,0.95249,0.90681,0.82502,0.87118
0.1507,0.17647,0.32958,0.56301,0.43769
0.49916,0.56678,0.86174,0.95952,0.95986
0.975,0.95761,0.46467,0.15149,0.15027
0.095073,0.15832,0.97013,0.50132,0.49798
0.33553,0.51969,0.113,0.97499,0.97498
0.86951,0.97349,0.39091,0.095088,0.095121
0.44252,0.10066,0.92859,0.33558,0.33569
0.96211,0.35305,0.25861,0.86957,0.8697
0.14216,0.89079,0.74775,0.44234,0.44195
0.47562,0.37942,0.73563,0.96203,0.96186
0.97268,0.9183,0.75847,0.14245,0.14309
0.10363,0.29261,0.71445,0.47642,0.47819
0.36228,0.80726,0.79564,0.97283,0.97315
0.90103,0.6068,0.63412,0.10308,0.10192
0.34778,0.93052,0.90485,0.36058,0.35698
0.88463,0.25215,0.33578,0.89919,0.89522
0.39804,0.73543,0.86982,0.35353,0.36582
0.93446,0.75883,0.4416,0.89133,0.90478
0.23887,0.71372,0.9617,0.37776,0.33598
0.70906,0.79686,0.14365,0.91672,0.87009
0.80455,0.63132,0.47975,0.29773,0.44084
0.61328,0.90774,0.9734,0.81544,0.96135
0.92496,0.3266,0.10098,0.58693,0.1449
0.27071,0.85774,0.35405,0.94553,0.48323
0.76996,0.47588,0.89193,0.20086,0.9739
0.69078,0.97273,0.37593,0.62602,0.099123
0.83305,0.10345,0.91497,0.91306,0.34826
0.54241,0.36171,0.30343,0.30958,0.8852
0.96799,0.90042,0.82431,0.83358,0.39631
0.12086,0.34969,0.56482,0.54102,0.93307
0.41438,0.88689,0.95861,0.96844,0.24357
0.94641,0.39124,0.15473,0.11921,0.71855
0.19779,0.92886,0.51008,0.4095,0.78872
0.61881,0.25769,0.9746,0.94306,0.6499
0.91995,0.74602,0.096529,0.20942,0.88737
0.28722,0.73894,0.34012,0.64569,0.38979
0.79842,0.75233,0.87531,0.89222,0.92763
0.62768,0.72668,0.42565,0.37503,0.26183
0.91142,0.7746,0.95344,0.9141,0.75378
0.31485,0.68091,0.17313,0.30624,0.72383
0.84131,0.84735,0.55831,0.82859,0.77961
0.52067,0.50445,0.96174,0.55392,0.67009
0.97333,0.97492,0.1435,0.96366,0.86217
0.10123,0.095349,0.47935,0.13657,0.46344
0.35482,0.3364,0.97334,0.45987,0.96979
0.8928,0.87062,0.10122,0.96872,0.11428
0.37327,0.43929,0.35479,0.11818,0.39474
0.91236,0.96063,0.89276,0.40643,0.93179
0.31183,0.14751,0.37338,0.94085,0.24787
0.83691,0.49042,0.91247,0.21703,0.72707
0.53232,0.97464,0.31148,0.66272,0.77391
0.97093,0.096389,0.8364,0.87174,0.68239
0.1101,0.33968,0.53366,0.43606,0.84526
0.3821,0.87477,0.97058,0.95905,0.51011
0.92079,0.42725,0.11135,0.15315,0.9746
0.28446,0.95436,0.38592,0.50582,0.096538
0.79381,0.16988,0.92425,0.97487,0.34015
0.63834,0.54998,0.27306,0.095552,0.87535
0.90036,0.96526,0.77415,0.33705,0.42554
0.34987,0.13079,0.68189,0.87144,0.95338
0.88709,0.44337,0.84597,0.43693,0.17335
0.39062,0.96249,0.50819,0.95949,0.55887
0.92834,0.14079,0.97474,0.1516,0.96149
0.25944,0.47178,0.096031,0.50161,0.14442
0.74931,0.97189,0.33856,0.97499,0.4819
0.73259,0.10653,0.87335,0.0951,0.97372
0.76402,0.37121,0.43138,0.33562,0.099789
0.70314,0.91031,0.95664,0.86962,0.35034
0.81407,0.31842,0.16178,0.4422,0.88765
0.59031,0.84641,0.52887,0.96197,0.38894
0.94319,0.50701,0.97175,0.14268,0.9269
0.20897,0.97481,0.10707,0.47705,0.26426
0.64466,0.095773,0.37285,0.97295,0.75827
0.89338,0.33774,0.91195,0.10266,0.71487
0.37148,0.87232,0.31316,0.35926,0.79495
0.91058,0.43437,0.83885,0.89775,0.63572
0.31755,0.9582,0.52721,0.358,0.90316
0.84517,0.1562,0.97211,0.89636,0.34111
0.51034,0.51403,0.10573,0.36231,0.87654
0.97458,0.97423,0.36875,0.90106,0.42204
0.096606,0.097905,0.90782,0.34768,0.9513
0.34037,0.34445,0.32637,0.88451,0.18068
0.87562,0.88063,0.85743,0.39839,0.57735
0.42476,0.40996,0.47675,0.93474,0.95167
0.95292,0.94338,0.97289,0.23792,0.17938
0.17497,0.20831,0.10286,0.70712,0.5741
0.56299,0.64317,0.35989,0.8077,0.95358
0.95953,0.89506,0.89844,0.60575,0.17262
0.15145,0.36632,0.35587,0.93139,0.557
0.50121,0.90531,0.89398,0.24922,0.96233
0.97499,0.33432,0.36963,0.72973,0.14138
0.095084,0.86795,0.90872,0.76918,0.47343
0.33557,0.44699,0.3235,0.69241,0.97225
0.86955,0.96404,0.85351,0.83061,0.10523
0.44239,0.1352,0.48763,0.54871,0.36723
0.96206,0.45599,0.9744,0.96575,0.90625
0.14237,0.96744,0.097271,0.12902,0.33136
0.47619,0.12283,0.34246,0.43825,0.86408
0.97279,0.42021,0.8782,0.96013,0.45803
0.10323,0.95017,0.41715,0.14929,0.96813
0.36105,0.18466,0.94823,0.49532,0.12033
0.8997,0.58718,0.19145,0.97491,0.4128
0.35193,0.94536,0.6037,0.095379,0.94535
0.88949,0.20147,0.93306,0.3365,0.20149
0.38337,0.62743,0.24358,0.87074,0.62749
0.92195,0.91167,0.71857,0.43894,0.91162
0.28065,0.31405,0.78868,0.96046,0.31423
0.78735,0.84015,0.64999,0.1481,0.84041
0.65298,0.52375,0.88726,0.49206,0.52306
0.88373,0.9728,0.39012,0.97475,0.97293
0.40072,0.1032,0.92791,0.095973,0.10273
0.93656,0.36093,0.26089,0.33837,0.35949
0.23173,0.89958,0.75201,0.87312,0.898
0.69431,0.35232,0.72731,0.43205,0.35723
0.82775,0.88994,0.77349,0.95699,0.8955
0.55607,0.38198,0.68329,0.16052,0.36495
0.96274,0.92068,0.84398,0.52553,0.90387
0.1399,0.28481,0.51354,0.97246,0.33887
0.46928,0.7944,0.97429,0.10445,0.87375
0.97132,0.63699,0.097709,0.36481,0.43023
0.10864,0.90181,0.34383,0.90373,0.95601
0.37768,0.34533,0.87988,0.33932,0.164
0.91665,0.8817,0.41219,0.87431,0.53471
0.29798,0.4068,0.94493,0.42858,0.9703
0.81583,0.94113,0.20296,0.95511,0.11238
0.58597,0.21609,0.63089,0.16722,0.38904
0.94618,0.66065,0.90818,0.5431,0.92698
0.19861,0.87435,0.32521,0.96776,0.26398
0.62075,0.42846,0.85585,0.12169,0.75775
0.91814,0.95504,0.48114,0.41685,0.7159
0.29312,0.16746,0.97361,0.94804,0.79321
0.80808,0.54372,0.1002,0.19213,0.6397
0.60483,0.96754,0.35162,0.60534,0.89889
0.93214,0.12247,0.88913,0.93172,0.35447
0.24668,0.41914,0.38445,0.24811,0.8924
0.72473,0.9495,0.92293,0.72755,0.37448
0.77803,0.187,0.2774,0.77306,0.91356
0.67352,0.59293,0.78176,0.6842,0.30799
0.85757,0.94132,0.66538,0.84267,0.83121
0.47635,0.21543,0.86833,0.51705,0.54716
0.97282,0.65917,0.4459,0.97387,0.96633
0.10312,0.87619,0.96359,0.099259,0.12691
0.36071,0.42307,0.13684,0.34869,0.43213
0.89933,0.95192,0.46065,0.88571,0.95703
0.35309,0.1785,0.96896,0.3948,0.16036
0.89083,0.5719,0.11729,0.93184,0.52513
0.37928,0.95484,0.40378,0.2477,0.97254
0.91816,0.16817,0.93889,0.72675,0.10416
0.29306,0.54557,0.22377,0.77447,0.36391
0.80798,0.9669,0.67741,0.68119,0.90277
0.60508,0.12482,0.85225,0.84696,0.34231
0.93194,0.42603,0.4911,0.50551,0.87803
0.24739,0.95366,0.97469,0.97488,0.41767
0.72612,0.17235,0.096207,0.0955,0.94857
0.77558,0.55633,0.33911,0.33688,0.19027
0.67881,0.96263,0.87404,0.87123,0.60086
0.85031,0.14031,0.42935,0.43753,0.93533
0.49641,0.47044,0.95554,0.95978,0.23592
0.97495,0.97159,0.1657,0.15055,0.70302
0.095249,0.10765,0.53916,0.49874,0.81426
0.33609,0.37463,0.96902,0.97499,0.58984
0.87022,0.9137,0.11708,0.095085,0.94352
0.44046,0.30753,0.40314,0.33557,0.20783
0.96117,0.83052,0.93841,0.86956,0.64207
0.14554,0.54895,0.2254,0.44237,0.89628
0.485,0.96566,0.68092,0.96205,0.36255
0.97412,0.12934,0.84734,0.1424,0.90132
0.098309,0.4392,0.50447,0.47629,0.34686
0.34571,0.96058,0.97492,0.97281,0.88354
0.88216,0.14767,0.095351,0.10317,0.40129
0.40542,0.49088,0.33641,0.36084,0.937
0.94011,0.97468,0.87063,0.89948,0.23022
0.21958,0.096265,0.43927,0.35263,0.69115
0.66833,0.33929,0.96061,0.8903,0.8325
0.8645,0.87427,0.14756,0.38089,0.54383
0.45685,0.42869,0.49055,0.91967,0.96751
0.96774,0.95517,0.97465,0.28811,0.1226
0.12176,0.16701,0.096351,0.7999,0.41952
0.41705,0.54257,0.33956,0.62423,0.94974
0.94816,0.96793,0.87462,0.91481,0.18617
0.19168,0.12105,0.42769,0.30392,0.59089
0.60426,0.41494,0.95461,0.82506,0.94278
0.9326,0.94678,0.169,0.5629,0.21038
0.24513,0.1965,0.54771,0.95957,0.64787
0.72167,0.61575,0.96612,0.15131,0.88973
0.78337,0.92275,0.12765,0.50082,0.38264
0.66184,0.27802,0.43428,0.975,0.92129
0.87286,0.78282,0.95816,0.095072,0.28282
0.43282,0.66304,0.15636,0.33553,0.79105
0.9574,0.87133,0.51446,0.8695,0.64462
0.15907,0.43726,0.97418,0.44252,0.89343
0.52169,0.95965,0.09808,0.96211,0.37133
0.97316,0.15103,0.345,0.14215,0.91043
0.10185,0.50005,0.8813,0.47559,0.31803
0.35676,0.975,0.40799,0.97268,0.84586
0.89498,0.095063,0.94198,0.10365,0.5085
0.36657,0.3355,0.21315,0.36234,0.97472
0.90557,0.86947,0.65409,0.90109,0.096105
0.33351,0.44263,0.88239,0.34759,0.33879
0.8669,0.96217,0.40472,0.8844,0.87364
0.45001,0.14197,0.93959,0.39871,0.43053
0.96525,0.47509,0.22135,0.93499,0.95618
0.13081,0.97258,0.67218,0.23707,0.16342
0.44341,0.10401,0.85938,0.70537,0.53319
0.96251,0.36344,0.47131,0.8105,0.9707
0.14072,0.90227,0.97179,0.59899,0.1109
0.47159,0.34388,0.10692,0.93678,0.38456
0.97185,0.87995,0.3724,0.23097,0.92303
0.10669,0.41199,0.9115,0.69272,0.27709
0.37169,0.94479,0.31461,0.83015,0.78122
0.91079,0.20342,0.84096,0.5499,0.66657
0.31688,0.63196,0.52162,0.96529,0.86679
0.84423,0.90709,0.97318,0.13068,0.45032
0.51288,0.32868,0.10181,0.44304,0.96538
0.97435,0.86054,0.35662,0.96235,0.13036
0.097457,0.46805,0.89482,0.14132,0.44212
0.34304,0.97102,0.36705,0.47326,0.96194
0.87892,0.10975,0.90606,0.97221,0.1428
0.41504,0.38105,0.33195,0.10536,0.47739
0.94685,0.91982,0.86486,0.36762,0.97301
0.19628,0.28763,0.45583,0.90665,0.10243
0.61524,0.7991,0.96739,0.33007,0.35857
0.92321,0.62611,0.12303,0.86239,0.89699
0.27649,0.91298,0.42078,0.46283,0.36035
0.78017,0.30985,0.95052,0.96961,0.89894
0.66887,0.83398,0.18342,0.11491,0.35431
0.86379,0.53998,0.58412,0.39665,0.89222
0.45887,0.96877,0.9474,0.93334,0.37503
0.9684,0.118,0.19434,0.24264,0.91409
0.11934,0.40591,0.61062,0.7167,0.30626
0.40987,0.94047,0.92728,0.79187,0.82861
0.94332,0.21833,0.263,0.64278,0.55387
0.20852,0.66559,0.75594,0.8955,0.96368
0.64366,0.86807,0.71953,0.36496,0.13649
0.89451,0.44666,0.78705,0.90388,0.45965
0.36801,0.9639,0.65365,0.33882,0.96865
0.90706,0.13569,0.88293,0.87368,0.11843
0.32878,0.4574,0.40313,0.43041,0.40716
0.86066,0.96792,0.9384,0.95611,0.94139
0.4677,0.12109,0.22543,0.16365,0.21519
0.97093,0.41507,0.68097,0.53379,0.65864
0.11008,0.94687,0.84727,0.97055,0.87685
0.38204,0.19619,0.50468,0.11149,0.42115
0.92073,0.61503,0.97491,0.38633,0.95075
0.28464,0.92339,0.095379,0.92461,0.18262
0.79411,0.27588,0.3365,0.27187,0.58215
0.63765,0.7791,0.87074,0.77203,0.94868
0.90111,0.67121,0.43894,0.6864,0.18986
0.34754,0.86068,0.96046,0.83949,0.59988
0.88434,0.46765,0.14811,0.5255,0.93609
0.39889,0.97092,0.49207,0.97246,0.23332
0.93513,0.11012,0.97475,0.10444,0.69763
0.23657,0.38217,0.095972,0.36476,0.82268
0.70437,0.92085,0.33837,0.90367,0.56893
0.81211,0.28425,0.87311,0.33949,0.95647
0.59509,0.79346,0.43207,0.87452,0.16238
0.93974,0.63913,0.957,0.42797,0.53044
0.22086,0.89951,0.16048,0.95477,0.97139
0.67112,0.35254,0.52544,0.16843,0.1084
0.8608,0.89019,0.97248,0.54623,0.37694
0.46731,0.38122,0.10439,0.96666,0.91594
0.97083,0.91997,0.36461,0.12568,0.30029
0.11044,0.28713,0.90351,0.42855,0.81945
0.38315,0.79827,0.33999,0.95509,0.57701
0.92175,0.62804,0.87515,0.16729,0.95187
0.2813,0.91106,0.42612,0.54329,0.17867
0.78846,0.316,0.95371,0.96769,0.57231
0.65048,0.84296,0.17216,0.12193,0.95461
0.88669,0.51627,0.55583,0.41754,0.16899
0.39183,0.97397,0.96285,0.94848,0.54769
0.92937,0.098885,0.13952,0.19058,0.96613
0.256,0.34751,0.46821,0.6016,0.12762
0.74281,0.88432,0.97106,0.93474,0.43421
0.74506,0.39897,0.1096,0.2379,0.95812
0.74079,0.93519,0.38061,0.70709,0.15649
0.74888,0.23638,0.9194,0.80775,0.51481
0.73342,0.70396,0.28899,0.60563,0.97414
0.7625,0.81276,0.80135,0.93149,0.098228
0.70626,0.5935,0.62084,0.2489,0.34546
0.80909,0.94091,0.91805,0.7291,0.88186
0.60242,0.21685,0.2934,0.77031,0.40632
0.93409,0.66231,0.80854,0.69004,0.94077
0.2401,0.87225,0.60374,0.83415,0.2173
0.71156,0.43457,0.93303,0.53955,0.66332
0.80045,0.9583,0.24369,0.9689,0.87097
0.62294,0.15584,0.71878,0.11752,0.43829
0.91605,0.51307,0.78832,0.40447,0.96015
0.29992,0.97433,0.6508,0.93941,0.14924
0.81887,0.097528,0.88631,0.222,0.49516
0.57845,0.34326,0.39297,0.67358,0.97491
0.951,0.87919,0.93032,0.85749,0.095401
0.18173,0.41424,0.2528,0.47659,0.33657
0.57996,0.94631,0.73668,0.97286,0.87083
0.95007,0.19813,0.75653,0.10296,0.43869
0.18502,0.61961,0.71835,0.36021,0.96034
0.58807,0.9192,0.78906,0.89879,0.14854
0.94475,0.28966,0.64913,0.35477,0.49327
0.20357,0.80245,0.88826,0.89274,0.97482
0.6323,0.61824,0.38708,0.37344,0.095717
0.90674,0.92047,0.92527,0.91253,0.33757
0.32979,0.28549,0.26967,0.3113,0.8721
0.86201,0.79554,0.76809,0.83612,0.43501
0.4639,0.63436,0.69469,0.53438,0.95853
0.96992,0.9046,0.82717,0.97039,0.15503
0.11379,0.33658,0.55754,0.11206,0.51087
0.3933,0.87084,0.96209,0.38806,0.97454
0.9306,0.43866,0.14225,0.92613,0.09677
0.25189,0.96032,0.47584,0.2668,0.34088
0.73492,0.1486,0.97272,0.76291,0.87626
0.75976,0.49342,0.10347,0.70542,0.42288
0.71184,0.97483,0.36179,0.81043,0.9518
0.79999,0.095689,0.9005,0.59917,0.17891
0.62403,0.33748,0.34943,0.93665,0.5729
0.915,0.87199,0.88659,0.23143,0.95427
0.30331,0.43534,0.39215,0.69369,0.17019
0.82413,0.9587,0.92964,0.82868,0.55077
0.56527,0.15443,0.2551,0.55367,0.96495
0.95838,0.50927,0.7411,0.96377,0.13191
0.15555,0.97466,0.74829,0.1362,0.44659
0.51227,0.096303,0.73457,0.45882,0.96387
0.97441,0.33941,0.76041,0.96839,0.1358
0.097238,0.87443,0.71054,0.1194,0.45771
0.34235,0.42824,0.80213,0.41005,0.96802
0.87807,0.95492,0.619,0.94344,0.12072
0.41754,0.1679,0.91978,0.20809,0.41396
0.94848,0.54486,0.28778,0.64269,0.94613
0.19058,0.96715,0.79935,0.8956,0.19878
0.60161,0.1239,0.62553,0.36466,0.62115
0.93473,0.42334,0.91355,0.90356,0.91776
0.23793,0.95208,0.30801,0.33983,0.29436
0.70714,0.17793,0.83125,0.87495,0.81008
0.80767,0.57047,0.54706,0.4267,0.60001
0.60583,0.95563,0.96636,0.95404,0.93599
0.93132,0.16535,0.12678,0.17099,0.23366
0.24945,0.53824,0.43175,0.55283,0.69834
0.73017,0.9693,0.95683,0.96411,0.82158
0.76838,0.11607,0.16108,0.13493,0.57169
0.69408,0.40013,0.52702,0.45523,0.95496
0.8281,0.9361,0.97215,0.96718,0.16776
0.55518,0.23329,0.10558,0.12378,0.5445
0.96313,0.69757,0.36829,0.42299,0.96728
0.1385,0.82277,0.90734,0.95187,0.12345
0.46534,0.5687,0.32789,0.17867,0.42201
0.97032,0.95659,0.85947,0.57232,0.95128
0.11233,0.16194,0.47104,0.9546,0.18076
0.38888,0.52928,0.97173,0.16901,0.57754
0.92684,0.97166,0.10714,0.54774,0.95155
0.26444,0.1074,0.37308,0.96611,0.17979
0.75859,0.37389,0.91217,0.12768,0.57513
0.71422,0.91297,0.31245,0.43438,0.95299
0.79603,0.30987,0.83781,0.9582,0.17473
0.63323,0.83401,0.52994,0.15619,0.56237
0.90577,0.5399,0.9715,0.514,0.95983
0.33286,0.96879,0.10797,0.97424,0.15038
0.86605,0.11791,0.37561,0.097891,0.49828
0.45244,0.40564,0.91465,0.3444,0.97499
0.96618,0.94027,0.30445,0.88058,0.095105
0.12745,0.21902,0.82587,0.41012,0.33563
0.4337,0.6671,0.56086,0.9435,0.86964
0.95786,0.86611,0.96055,0.20792,0.44213
0.15744,0.45227,0.14778,0.64228,0.96194
0.51733,0.96611,0.49116,0.89605,0.14278
0.97383,0.12768,0.9747,0.36325,0.47734
0.099399,0.43436,0.096191,0.90207,0.973
0.34912,0.9582,0.33906,0.34452,0.10247
0.88622,0.15621,0.87398,0.88072,0.35868
0.39325,0.51406,0.42953,0.4097,0.89711
0.93056,0.97423,0.95563,0.9432,0.35998
0.25201,0.097918,0.16535,0.20895,0.89853
0.73516,0.34449,0.53823,0.64462,0.35557
0.75933,0.88068,0.9693,0.89343,0.89364
0.71271,0.40982,0.11605,0.37133,0.37068
0.79855,0.94328,0.40008,0.91043,0.90978
0.62739,0.20865,0.93606,0.31803,0.32012
0.91171,0.64395,0.23341,0.84586,0.84881
0.31394,0.89418,0.69782,0.50849,0.5005
