0.1,0.2,0.3,0.5,0.6
0.063,0.112,0.147,0.175,0.168
0.041322,0.069619,0.087774,0.10106,0.097843
0.02773,0.045341,0.056049,0.063594,0.061789
0.018873,0.030299,0.037035,0.041685,0.04058
0.012962,0.020567,0.024964,0.027963,0.027253
0.0089555,0.014101,0.017039,0.019027,0.018557
0.0062127,0.0097314,0.011724,0.013065,0.012749
0.0043219,0.0067457,0.0081106,0.0090263,0.0088105
0.0030122,0.0046901,0.0056313,0.0062614,0.006113
0.0021022,0.0032677,0.0039197,0.0043555,0.004253
0.0014685,0.0022799,0.0027331,0.0030356,0.0029644
0.0010264,0.0015923,0.0019079,0.0021185,0.0020689
0.00071775,0.0011128,0.001333,0.0014798,0.0014453
0.00050206,0.00077811,0.00093185,0.0010343,0.0010102
0.00035127,0.00054426,0.00065169,0.00072327,0.00070644
0.0002458,0.00038077,0.00045588,0.00050592,0.00049416
0.00017202,0.00026644,0.00031897,0.00035397,0.00034574
0.00012039,0.00018646,0.00022321,0.00024769,0.00024193
8.4265e-05,0.0001305,0.00015621,0.00017334,0.00016931
5.898e-05,9.1335e-05,0.00010933,0.00012132,0.0001185
4.1284e-05,6.3929e-05,7.6524e-05,8.4911e-05,8.294e-05
2.8897e-05,4.4747e-05,5.3562e-05,5.9433e-05,5.8053e-05
2.0228e-05,3.1322e-05,3.7492e-05,4.16e-05,4.0635e-05
1.4159e-05,2.1925e-05,2.6243e-05,2.9119e-05,2.8443e-05
9.9112e-06,1.5347e-05,1.837e-05,2.0383e-05,1.991e-05
6.9378e-06,1.0743e-05,1.2859e-05,1.4268e-05,1.3936e-05
4.8564e-06,7.5197e-06,9.0009e-06,9.9872e-06,9.7554e-06
3.3995e-06,5.2638e-06,6.3006e-06,6.991e-06,6.8287e-06
2.3796e-06,3.6846e-06,4.4104e-06,4.8936e-06,4.7801e-06
1.6657e-06,2.5792e-06,3.0873e-06,3.4255e-06,3.346e-06
1.166e-06,1.8055e-06,2.1611e-06,2.3979e-06,2.3422e-06
8.162e-07,1.2638e-06,1.5127e-06,1.6785e-06,1.6395e-06
5.7134e-07,8.8467e-07,1.0589e-06,1.175e-06,1.1477e-06
3.9994e-07,6.1927e-07,7.4124e-07,8.2246e-07,8.0337e-07
2.7996e-07,4.3349e-07,5.1887e-07,5.7572e-07,5.6236e-07
1.9597e-07,3.0344e-07,3.6321e-07,4.0301e-07,3.9365e-07
1.3718e-07,2.1241e-07,2.5425e-07,2.821e-07,2.7556e-07
9.6025e-08,1.4869e-07,1.7797e-07,1.9747e-07,1.9289e-07
6.7218e-08,1.0408e-07,1.2458e-07,1.3823e-07,1.3502e-07
4.7052e-08,7.2856e-08,8.7206e-08,9.6762e-08,9.4516e-08
3.2937e-08,5.0999e-08,6.1044e-08,6.7733e-08,6.6161e-08
2.3056e-08,3.57e-08,4.2731e-08,4.7413e-08,4.6313e-08
1.6139e-08,2.499e-08,2.9912e-08,3.3189e-08,3.2419e-08
1.1297e-08,1.7493e-08,2.0938e-08,2.3233e-08,2.2693e-08
7.9081e-09,1.2245e-08,1.4657e-08,1.6263e-08,1.5885e-08
5.5357e-09,8.5715e-09,1.026e-08,1.1384e-08,1.112e-08
3.875e-09,6e-09,7.1818e-09,7.9688e-09,7.7838e-09
2.7125e-09,4.2e-09,5.0273e-09,5.5781e-09,5.4487e-09
1.8987e-09,2.94e-09,3.5191e-09,3.9047e-09,3.8141e-09
1.3291e-09,2.058e-09,2.4634e-09,2.7333e-09,2.6698e-09
9.3038e-10,1.4406e-09,1.7244e-09,1.9133e-09,1.8689e-09
6.5127e-10,1.0084e-09,1.207e-09,1.3393e-09,1.3082e-09
4.5589e-10,7.059e-10,8.4493e-10,9.3752e-10,9.1576e-10
3.1912e-10,4.9413e-10,5.9145e-10,6.5626e-10,6.4103e-10
2.2338e-10,3.4589e-10,4.1402e-10,4.5938e-10,4.4872e-10
1.5637e-10,2.4212e-10,2.8981e-10,3.2157e-10,3.141e-10
1.0946e-10,1.6949e-10,2.0287e-10,2.251e-10,2.1987e-10
7.6621e-11,1.1864e-10,1.4201e-10,1.5757e-10,1.5391e-10
5.3635e-11,8.3048e-11,9.9406e-11,1.103e-10,1.0774e-10
3.7544e-11,5.8134e-11,6.9584e-11,7.7208e-11,7.5416e-11
2.6281e-11,4.0694e-11,4.8709e-11,5.4046e-11,5.2791e-11
1.8397e-11,2.8485e-11,3.4096e-11,3.7832e-11,3.6954e-11
1.2878e-11,1.994e-11,2.3867e-11,2.6483e-11,2.5868e-11
9.0144e-12,1.3958e-11,1.6707e-11,1.8538e-11,1.8107e-11
6.3101e-12,9.7705e-12,1.1695e-11,1.2976e-11,1.2675e-11
4.417e-12,6.8394e-12,8.1865e-12,9.0835e-12,8.8727e-12
3.0919e-12,4.7876e-12,5.7305e-12,6.3584e-12,6.2109e-12
2.1643e-12,3.3513e-12,4.0114e-12,4.4509e-12,4.3476e-12
1.515e-12,2.3459e-12,2.808e-12,3.1156e-12,3.0433e-12
1.0605e-12,1.6421e-12,1.9656e-12,2.1809e-12,2.1303e-12
7.4237e-13,1.1495e-12,1.3759e-12,1.5267e-12,1.4912e-12
5.1966e-13,8.0464e-13,9.6313e-13,1.0687e-12,1.0439e-12
3.6376e-13,5.6325e-13,6.7419e-13,7.4807e-13,7.307e-13
2.5463e-13,3.9428e-13,4.7193e-13,5.2365e-13,5.1149e-13
1.7824e-13,2.7599e-13,3.3035e-13,3.6655e-13,3.5804e-13
1.2477e-13,1.932e-13,2.3125e-13,2.5659e-13,2.5063e-13
8.7339e-14,1.3524e-13,1.6187e-13,1.7961e-13,1.7544e-13
6.1137e-14,9.4666e-14,1.1331e-13,1.2573e-13,1.2281e-13
4.2796e-14,6.6266e-14,7.9318e-14,8.8009e-14,8.5966e-14
2.9957e-14,4.6386e-14,5.5523e-14,6.1606e-14,6.0176e-14
2.097e-14,3.247e-14,3.8866e-14,4.3124e-14,4.2124e-14
1.4679e-14,2.2729e-14,2.7206e-14,3.0187e-14,2.9486e-14
1.0275e-14,1.591e-14,1.9044e-14,2.1131e-14,2.0641e-14
7.1928e-15,1.1137e-14,1.3331e-14,1.4792e-14,1.4448e-14
5.0349e-15,7.7961e-15,9.3317e-15,1.0354e-14,1.0114e-14
3.5245e-15,5.4573e-15,6.5322e-15,7.2479e-15,7.0797e-15
2.4671e-15,3.8201e-15,4.5725e-15,5.0736e-15,4.9558e-15
1.727e-15,2.6741e-15,3.2008e-15,3.5515e-15,3.4691e-15
1.2089e-15,1.8718e-15,2.2405e-15,2.486e-15,2.4283e-15
8.4622e-16,1.3103e-15,1.5684e-15,1.7402e-15,1.6998e-15
5.9235e-16,9.1721e-16,1.0979e-15,1.2182e-15,1.1899e-15
4.1465e-16,6.4204e-16,7.685e-16,8.5271e-16,8.3292e-16
2.9025e-16,4.4943e-16,5.3795e-16,5.969e-16,5.8304e-16
2.0318e-16,3.146e-16,3.7657e-16,4.1783e-16,4.0813e-16
1.4222e-16,2.2022e-16,2.636e-16,2.9248e-16,2.8569e-16
9.9557e-17,1.5415e-16,1.8452e-16,2.0474e-16,1.9998e-16
6.969e-17,1.0791e-16,1.2916e-16,1.4332e-16,1.3999e-16
4.8783e-17,7.5536e-17,9.0414e-17,1.0032e-16,9.7992e-17
3.4148e-17,5.2875e-17,6.329e-17,7.0224e-17,6.8594e-17
2.3904e-17,3.7013e-17,4.4303e-17,4.9157e-17,4.8016e-17
1.6733e-17,2.5909e-17,3.1012e-17,3.441e-17,3.3611e-17
1.1713e-17,1.8136e-17,2.1708e-17,2.4087e-17,2.3528e-17
8.199e-18,1.2695e-17,1.5196e-17,1.6861e-17,1.647e-17
5.7393e-18,8.8867e-18,1.0637e-17,1.1803e-17,1.1529e-17
4.0175e-18,6.2207e-18,7.446e-18,8.2618e-18,8.0701e-18
2.8122e-18,4.3545e-18,5.2122e-18,5.7833e-18,5.6491e-18
1.9686e-18,3.0481e-18,3.6485e-18,4.0483e-18,3.9543e-18
1.378e-18,2.1337e-18,2.554e-18,2.8338e-18,2.768e-18
9.646e-19,1.4936e-18,1.7878e-18,1.9837e-18,1.9376e-18
6.7522e-19,1.0455e-18,1.2514e-18,1.3886e-18,1.3563e-18
4.7265e-19,7.3186e-19,8.7601e-19,9.72e-19,9.4944e-19
3.3086e-19,5.123e-19,6.1321e-19,6.804e-19,6.6461e-19
2.316e-19,3.5861e-19,4.2924e-19,4.7628e-19,4.6522e-19
1.6212e-19,2.5103e-19,3.0047e-19,3.334e-19,3.2566e-19
1.1348e-19,1.7572e-19,2.1033e-19,2.3338e-19,2.2796e-19
7.9439e-20,1.23e-19,1.4723e-19,1.6336e-19,1.5957e-19
5.5607e-20,8.6102e-20,1.0306e-19,1.1435e-19,1.117e-19
3.8925e-20,6.0272e-20,7.2143e-20,8.0048e-20,7.819e-20
2.7248e-20,4.219e-20,5.05e-20,5.6034e-20,5.4733e-20
1.9073e-20,2.9533e-20,3.535e-20,3.9224e-20,3.8313e-20
1.3351e-20,2.0673e-20,2.4745e-20,2.7457e-20,2.6819e-20
9.3459e-21,1.4471e-20,1.7322e-20,1.922e-20,1.8773e-20
6.5421e-21,1.013e-20,1.2125e-20,1.3454e-20,1.3141e-20
4.5795e-21,7.0909e-21,8.4876e-21,9.4176e-21,9.199e-21
3.2056e-21,4.9636e-21,5.9413e-21,6.5923e-21,6.4393e-21
2.244e-21,3.4745e-21,4.1589e-21,4.6146e-21,4.5075e-21
1.5708e-21,2.4322e-21,2.9112e-21,3.2302e-21,3.1553e-21
1.0995e-21,1.7025e-21,2.0379e-21,2.2612e-21,2.2087e-21
7.6968e-22,1.1918e-21,1.4265e-21,1.5828e-21,1.5461e-21
5.3877e-22,8.3424e-22,9.9855e-22,1.108e-21,1.0823e-21
3.7714e-22,5.8397e-22,6.9899e-22,7.7558e-22,7.5758e-22
2.64e-22,4.0878e-22,4.8929e-22,5.429e-22,5.303e-22
1.848e-22,2.8614e-22,3.425e-22,3.8003e-22,3.7121e-22
1.2936e-22,2.003e-22,2.3975e-22,2.6602e-22,2.5985e-22
9.0552e-23,1.4021e-22,1.6783e-22,1.8622e-22,1.8189e-22
6.3386e-23,9.8147e-23,1.1748e-22,1.3035e-22,1.2733e-22
4.437e-23,6.8703e-23,8.2235e-23,9.1246e-23,8.9128e-23
3.1059e-23,4.8092e-23,5.7565e-23,6.3872e-23,6.239e-23
2.1741e-23,3.3665e-23,4.0295e-23,4.4711e-23,4.3673e-23
1.5219e-23,2.3565e-23,2.8207e-23,3.1297e-23,3.0571e-23
1.0653e-23,1.6496e-23,1.9745e-23,2.1908e-23,2.14e-23
7.4573e-24,1.1547e-23,1.3821e-23,1.5336e-23,1.498e-23
5.2201e-24,8.0829e-24,9.6749e-24,1.0735e-23,1.0486e-23
3.6541e-24,5.658e-24,6.7724e-24,7.5145e-24,7.3401e-24
2.5579e-24,3.9606e-24,4.7407e-24,5.2602e-24,5.1381e-24
1.7905e-24,2.7724e-24,3.3185e-24,3.6821e-24,3.5966e-24
1.2533e-24,1.9407e-24,2.3229e-24,2.5775e-24,2.5176e-24
8.7734e-25,1.3585e-24,1.6261e-24,1.8042e-24,1.7624e-24
6.1414e-25,9.5094e-25,1.1382e-24,1.263e-24,1.2336e-24
4.299e-25,6.6566e-25,7.9677e-25,8.8407e-25,8.6355e-25
3.0093e-25,4.6596e-25,5.5774e-25,6.1885e-25,6.0449e-25
2.1065e-25,3.2617e-25,3.9042e-25,4.332e-25,4.2314e-25
1.4746e-25,2.2832e-25,2.7329e-25,3.0324e-25,2.962e-25
1.0322e-25,1.5982e-25,1.913e-25,2.1227e-25,2.0734e-25
7.2253e-26,1.1188e-25,1.3391e-25,1.4859e-25,1.4514e-25
5.0577e-26,7.8314e-26,9.3739e-26,1.0401e-25,1.016e-25
3.5404e-26,5.482e-26,6.5617e-26,7.2807e-26,7.1117e-26
2.4783e-26,3.8374e-26,4.5932e-26,5.0965e-26,4.9782e-26
1.7348e-26,2.6862e-26,3.2152e-26,3.5676e-26,3.4848e-26
1.2144e-26,1.8803e-26,2.2507e-26,2.4973e-26,2.4393e-26
8.5005e-27,1.3162e-26,1.5755e-26,1.7481e-26,1.7075e-26
5.9504e-27,9.2136e-27,1.1028e-26,1.2237e-26,1.1953e-26
4.1652e-27,6.4495e-27,7.7198e-27,8.5657e-27,8.3669e-27
2.9157e-27,4.5146e-27,5.4039e-27,5.996e-27,5.8568e-27
2.041e-27,3.1603e-27,3.7827e-27,4.1972e-27,4.0998e-27
1.4287e-27,2.2122e-27,2.6479e-27,2.938e-27,2.8698e-27
1.0001e-27,1.5485e-27,1.8535e-27,2.0566e-27,2.0089e-27
7.0005e-28,1.084e-27,1.2975e-27,1.4396e-27,1.4062e-27
4.9004e-28,7.5878e-28,9.0823e-28,1.0077e-27,9.8436e-28
3.4303e-28,5.3114e-28,6.3576e-28,7.0542e-28,6.8905e-28
2.4012e-28,3.718e-28,4.4503e-28,4.938e-28,4.8233e-28
1.6808e-28,2.6026e-28,3.1152e-28,3.4566e-28,3.3763e-28
1.1766e-28,1.8218e-28,2.1807e-28,2.4196e-28,2.3634e-28
8.2361e-29,1.2753e-28,1.5265e-28,1.6937e-28,1.6544e-28
5.7652e-29,8.9269e-29,1.0685e-28,1.1856e-28,1.1581e-28
4.0357e-29,6.2488e-29,7.4797e-29,8.2992e-29,8.1066e-29
2.825e-29,4.3742e-29,5.2358e-29,5.8095e-29,5.6746e-29
1.9775e-29,3.0619e-29,3.665e-29,4.0666e-29,3.9722e-29
1.3842e-29,2.1434e-29,2.5655e-29,2.8466e-29,2.7806e-29
9.6896e-30,1.5003e-29,1.7959e-29,1.9926e-29,1.9464e-29
6.7827e-30,1.0502e-29,1.2571e-29,1.3949e-29,1.3625e-29
4.7479e-30,7.3517e-30,8.7997e-30,9.764e-30,9.5373e-30
3.3235e-30,5.1462e-30,6.1598e-30,6.8348e-30,6.6761e-30
2.3265e-30,3.6023e-30,4.3119e-30,4.7843e-30,4.6733e-30
1.6285e-30,2.5216e-30,3.0183e-30,3.349e-30,3.2713e-30
1.14e-30,1.7651e-30,2.1128e-30,2.3443e-30,2.2899e-30
7.9798e-31,1.2356e-30,1.479e-30,1.641e-30,1.6029e-30
5.5859e-31,8.6492e-31,1.0353e-30,1.1487e-30,1.1221e-30
3.9101e-31,6.0544e-31,7.247e-31,8.041e-31,7.8544e-31
2.7371e-31,4.2381e-31,5.0729e-31,5.6287e-31,5.4981e-31
1.916e-31,2.9667e-31,3.551e-31,3.9401e-31,3.8487e-31
1.3412e-31,2.0767e-31,2.4857e-31,2.7581e-31,2.6941e-31
9.3882e-32,1.4537e-31,1.74e-31,1.9307e-31,1.8858e-31
6.5717e-32,1.0176e-31,1.218e-31,1.3515e-31,1.3201e-31
4.6002e-32,7.123e-32,8.526e-32,9.4602e-32,9.2406e-32
3.2202e-32,4.9861e-32,5.9682e-32,6.6221e-32,6.4684e-32
2.2541e-32,3.4903e-32,4.1777e-32,4.6355e-32,4.5279e-32
1.5779e-32,2.4432e-32,2.9244e-32,3.2448e-32,3.1695e-32
1.1045e-32,1.7102e-32,2.0471e-32,2.2714e-32,2.2187e-32
7.7316e-33,1.1972e-32,1.433e-32,1.59e-32,1.5531e-32
5.4121e-33,8.3801e-33,1.0031e-32,1.113e-32,1.0871e-32
3.7885e-33,5.8661e-33,7.0215e-33,7.7909e-33,7.61e-33
2.6519e-33,4.1063e-33,4.9151e-33,5.4536e-33,5.327e-33
1.8564e-33,2.8744e-33,3.4405e-33,3.8175e-33,3.7289e-33
1.2994e-33,2.0121e-33,2.4084e-33,2.6723e-33,2.6102e-33
9.0961e-34,1.4084e-33,1.6859e-33,1.8706e-33,1.8272e-33
6.3673e-34,9.8591e-34,1.1801e-33,1.3094e-33,1.279e-33
4.4571e-34,6.9014e-34,8.2607e-34,9.1659e-34,8.9531e-34
3.12e-34,4.831e-34,5.7825e-34,6.4161e-34,6.2672e-34
2.184e-34,3.3817e-34,4.0478e-34,4.4913e-34,4.387e-34
1.5288e-34,2.3672e-34,2.8334e-34,3.1439e-34,3.0709e-34
1.0702e-34,1.657e-34,1.9834e-34,2.2007e-34,2.1497e-34
7.4911e-35,1.1599e-34,1.3884e-34,1.5405e-34,1.5048e-34
5.2437e-35,8.1194e-35,9.7187e-35,1.0784e-34,1.0533e-34
3.6706e-35,5.6836e-35,6.8031e-35,7.5485e-35,7.3733e-35
2.5694e-35,3.9785e-35,4.7621e-35,5.284e-35,5.1613e-35
1.7986e-35,2.785e-35,3.3335e-35,3.6988e-35,3.6129e-35
1.259e-35,1.9495e-35,2.3335e-35,2.5891e-35,2.529e-35
8.8131e-36,1.3646e-35,1.6334e-35,1.8124e-35,1.7703e-35
6.1692e-36,9.5524e-36,1.1434e-35,1.2687e-35,1.2392e-35
4.3184e-36,6.6867e-36,8.0037e-36,8.8807e-36,8.6746e-36
3.0229e-36,4.6807e-36,5.6026e-36,6.2165e-36,6.0722e-36
2.116e-36,3.2765e-36,3.9218e-36,4.3516e-36,4.2506e-36
1.4812e-36,2.2935e-36,2.7453e-36,3.0461e-36,2.9754e-36
1.0369e-36,1.6055e-36,1.9217e-36,2.1323e-36,2.0828e-36
7.258e-37,1.1238e-36,1.3452e-36,1.4926e-36,1.4579e-36
5.0806e-37,7.8668e-37,9.4163e-37,1.0448e-36,1.0206e-36
3.5564e-37,5.5068e-37,6.5914e-37,7.3137e-37,7.1439e-37
2.4895e-37,3.8547e-37,4.614e-37,5.1196e-37,5.0007e-37
1.7426e-37,2.6983e-37,3.2298e-37,3.5837e-37,3.5005e-37
1.2199e-37,1.8888e-37,2.2609e-37,2.5086e-37,2.4504e-37
8.539e-38,1.3222e-37,1.5826e-37,1.756e-37,1.7153e-37
5.9773e-38,9.2553e-38,1.1078e-37,1.2292e-37,1.2007e-37
4.1841e-38,6.4787e-38,7.7547e-38,8.6045e-38,8.4047e-38
2.9289e-38,4.5351e-38,5.4283e-38,6.0231e-38,5.8833e-38
2.0502e-38,3.1746e-38,3.7998e-38,4.2162e-38,4.1183e-38
1.4351e-38,2.2222e-38,2.6599e-38,2.9513e-38,2.8828e-38
1.0046e-38,1.5555e-38,1.8619e-38,2.0659e-38,2.018e-38
7.0322e-39,1.0889e-38,1.3033e-38,1.4462e-38,1.4126e-38
4.9225e-39,7.6221e-39,9.1234e-39,1.0123e-38,9.8881e-39
3.4458e-39,5.3355e-39,6.3864e-39,7.0861e-39,6.9217e-39
2.412e-39,3.7348e-39,4.4705e-39,4.9603e-39,4.8452e-39
1.6884e-39,2.6144e-39,3.1293e-39,3.4722e-39,3.3916e-39
1.1819e-39,1.8301e-39,2.1905e-39,2.4305e-39,2.3741e-39
8.2733e-40,1.281e-39,1.5334e-39,1.7014e-39,1.6619e-39
5.7913e-40,8.9673e-40,1.0734e-39,1.191e-39,1.1633e-39
4.0539e-40,6.2771e-40,7.5135e-40,8.3368e-40,8.1433e-40
2.8378e-40,4.394e-40,5.2594e-40,5.8357e-40,5.7003e-40
1.9864e-40,3.0758e-40,3.6816e-40,4.085e-40,3.9902e-40
1.3905e-40,2.1531e-40,2.5771e-40,2.8595e-40,2.7931e-40
9.7335e-41,1.5071e-40,1.804e-40,2.0017e-40,1.9552e-40
6.8134e-41,1.055e-40,1.2628e-40,1.4012e-40,1.3686e-40
4.7694e-41,7.385e-41,8.8396e-41,9.8081e-41,9.5805e-41
3.3386e-41,5.1695e-41,6.1877e-41,6.8657e-41,6.7063e-41
2.337e-41,3.6186e-41,4.3314e-41,4.806e-41,4.6944e-41
1.6359e-41,2.533e-41,3.032e-41,3.3642e-41,3.2861e-41
1.1451e-41,1.7731e-41,2.1224e-41,2.3549e-41,2.3003e-41
8.0159e-42,1.2412e-41,1.4857e-41,1.6485e-41,1.6102e-41
5.6112e-42,8.6884e-42,1.04e-41,1.1539e-41,1.1271e-41
3.9278e-42,6.0818e-42,7.2798e-42,8.0774e-42,7.8899e-42
2.7495e-42,4.2573e-42,5.0958e-42,5.6542e-42,5.523e-42
1.9246e-42,2.9801e-42,3.5671e-42,3.9579e-42,3.8661e-42
1.3472e-42,2.0861e-42,2.497e-42,2.7706e-42,2.7062e-42
9.4307e-43,1.4603e-42,1.7479e-42,1.9394e-42,1.8944e-42
6.6015e-43,1.0222e-42,1.2235e-42,1.3576e-42,1.3261e-42
4.621e-43,7.1552e-43,8.5646e-43,9.503e-43,9.2824e-43
3.2347e-43,5.0087e-43,5.9952e-43,6.6521e-43,6.4977e-43
2.2643e-43,3.5061e-43,4.1966e-43,4.6565e-43,4.5484e-43
1.585e-43,2.4542e-43,2.9376e-43,3.2595e-43,3.1839e-43
1.1095e-43,1.718e-43,2.0564e-43,2.2817e-43,2.2287e-43
7.7666e-44,1.2026e-43,1.4394e-43,1.5972e-43,1.5601e-43
5.4366e-44,8.4181e-44,1.0076e-43,1.118e-43,1.0921e-43
3.8056e-44,5.8926e-44,7.0533e-44,7.8261e-44,7.6445e-44
2.6639e-44,4.1248e-44,4.9373e-44,5.4783e-44,5.3511e-44
1.8648e-44,2.8874e-44,3.4561e-44,3.8348e-44,3.7458e-44
1.3053e-44,2.0212e-44,2.4193e-44,2.6844e-44,2.6221e-44
9.1373e-45,1.4148e-44,1.6935e-44,1.8791e-44,1.8354e-44
6.3961e-45,9.9038e-45,1.1854e-44,1.3153e-44,1.2848e-44
4.4773e-45,6.9326e-45,8.2981e-45,9.2074e-45,8.9937e-45
3.1341e-45,4.8528e-45,5.8087e-45,6.4452e-45,6.2956e-45
2.1939e-45,3.397e-45,4.0661e-45,4.5116e-45,4.4069e-45
1.5357e-45,2.3779e-45,2.8463e-45,3.1581e-45,3.0848e-45
1.075e-45,1.6645e-45,1.9924e-45,2.2107e-45,2.1594e-45
7.525e-46,1.1652e-45,1.3947e-45,1.5475e-45,1.5116e-45
5.2675e-46,8.1562e-46,9.7626e-46,1.0832e-45,1.0581e-45
3.6872e-46,5.7093e-46,6.8339e-46,7.5827e-46,7.4067e-46
2.5811e-46,3.9965e-46,4.7837e-46,5.3079e-46,5.1847e-46
1.8067e-46,2.7976e-46,3.3486e-46,3.7155e-46,3.6293e-46
1.2647e-46,1.9583e-46,2.344e-46,2.6009e-46,2.5405e-46
8.853e-47,1.3708e-46,1.6408e-46,1.8206e-46,1.7783e-46
6.1971e-47,9.5957e-47,1.1486e-46,1.2744e-46,1.2448e-46
4.338e-47,6.717e-47,8.04e-47,8.9209e-47,8.7139e-47
3.0366e-47,4.7019e-47,5.628e-47,6.2447e-47,6.0997e-47
2.1256e-47,3.2913e-47,3.9396e-47,4.3713e-47,4.2698e-47
1.4879e-47,2.3039e-47,2.7577e-47,3.0599e-47,2.9889e-47
1.0416e-47,1.6127e-47,1.9304e-47,2.1419e-47,2.0922e-47
7.2909e-48,1.1289e-47,1.3513e-47,1.4993e-47,1.4645e-47
5.1036e-48,7.9024e-48,9.4589e-48,1.0495e-47,1.0252e-47
3.5725e-48,5.5317e-48,6.6213e-48,7.3468e-48,7.1762e-48
2.5008e-48,3.8722e-48,4.6349e-48,5.1427e-48,5.0234e-48
1.7505e-48,2.7105e-48,3.2444e-48,3.5999e-48,3.5164e-48
1.2254e-48,1.8974e-48,2.2711e-48,2.5199e-48,2.4615e-48
8.5776e-49,1.3282e-48,1.5898e-48,1.764e-48,1.723e-48
6.0043e-49,9.2971e-49,1.1128e-48,1.2348e-48,1.2061e-48
4.203e-49,6.508e-49,7.7898e-49,8.6434e-49,8.4428e-49
2.9421e-49,4.5556e-49,5.4529e-49,6.0504e-49,5.9099e-49
2.0595e-49,3.1889e-49,3.817e-49,4.2353e-49,4.137e-49
1.4416e-49,2.2322e-49,2.6719e-49,2.9647e-49,2.8959e-49
1.0091e-49,1.5626e-49,1.8703e-49,2.0753e-49,2.0271e-49
7.064e-50,1.0938e-49,1.3092e-49,1.4527e-49,1.419e-49
4.9448e-50,7.6566e-50,9.1647e-50,1.0169e-49,9.9328e-50
3.4614e-50,5.3596e-50,6.4153e-50,7.1182e-50,6.953e-50
2.423e-50,3.7517e-50,4.4907e-50,4.9827e-50,4.8671e-50
1.6961e-50,2.6262e-50,3.1435e-50,3.4879e-50,3.407e-50
1.1873e-50,1.8383e-50,2.2004e-50,2.4415e-50,2.3849e-50
8.3108e-51,1.2868e-50,1.5403e-50,1.7091e-50,1.6694e-50
5.8175e-51,9.0079e-51,1.0782e-50,1.1964e-50,1.1686e-50
4.0723e-51,6.3055e-51,7.5475e-51,8.3745e-51,8.1801e-51
2.8506e-51,4.4139e-51,5.2832e-51,5.8622e-51,5.7261e-51
1.9954e-51,3.0897e-51,3.6983e-51,4.1035e-51,4.0083e-51
1.3968e-51,2.1628e-51,2.5888e-51,2.8725e-51,2.8058e-51
9.7775e-52,1.514e-51,1.8122e-51,2.0107e-51,1.964e-51
6.8443e-52,1.0598e-51,1.2685e-51,1.4075e-51,1.3748e-51
4.791e-52,7.4184e-52,8.8796e-52,9.8525e-52,9.6238e-52
3.3537e-52,5.1929e-52,6.2157e-52,6.8968e-52,6.7367e-52
2.3476e-52,3.635e-52,4.351e-52,4.8277e-52,4.7157e-52
1.6433e-52,2.5445e-52,3.0457e-52,3.3794e-52,3.301e-52
1.1503e-52,1.7812e-52,2.132e-52,2.3656e-52,2.3107e-52
8.0522e-53,1.2468e-52,1.4924e-52,1.6559e-52,1.6175e-52
5.6366e-53,8.7277e-53,1.0447e-52,1.1591e-52,1.1322e-52
3.9456e-53,6.1094e-53,7.3127e-53,8.114e-53,7.9256e-53
2.7619e-53,4.2766e-53,5.1189e-53,5.6798e-53,5.548e-53
1.9333e-53,2.9936e-53,3.5832e-53,3.9758e-53,3.8836e-53
1.3533e-53,2.0955e-53,2.5083e-53,2.7831e-53,2.7185e-53
9.4734e-54,1.4669e-53,1.7558e-53,1.9482e-53,1.9029e-53
6.6313e-54,1.0268e-53,1.229e-53,1.3637e-53,1.3321e-53
4.6419e-54,7.1876e-54,8.6033e-54,9.546e-54,9.3244e-54
3.2494e-54,5.0313e-54,6.0223e-54,6.6822e-54,6.5271e-54
2.2746e-54,3.5219e-54,4.2156e-54,4.6775e-54,4.569e-54
1.5922e-54,2.4654e-54,2.9509e-54,3.2743e-54,3.1983e-54
1.1145e-54,1.7257e-54,2.0657e-54,2.292e-54,2.2388e-54
7.8017e-55,1.208e-54,1.446e-54,1.6044e-54,1.5672e-54
5.4612e-55,8.4562e-55,1.0122e-54,1.1231e-54,1.097e-54
3.8228e-55,5.9193e-55,7.0852e-55,7.8616e-55,7.6791e-55
2.676e-55,4.1435e-55,4.9596e-55,5.5031e-55,5.3754e-55
1.8732e-55,2.9005e-55,3.4717e-55,3.8522e-55,3.7627e-55
1.3112e-55,2.0303e-55,2.4302e-55,2.6965e-55,2.6339e-55
9.1786e-56,1.4212e-55,1.7012e-55,1.8876e-55,1.8437e-55
6.425e-56,9.9486e-56,1.1908e-55,1.3213e-55,1.2906e-55
4.4975e-56,6.964e-56,8.3357e-56,9.249e-56,9.0344e-56
3.1483e-56,4.8748e-56,5.835e-56,6.4743e-56,6.3241e-56
2.2038e-56,3.4124e-56,4.0845e-56,4.532e-56,4.4268e-56
1.5427e-56,2.3887e-56,2.8591e-56,3.1724e-56,3.0988e-56
1.0799e-56,1.6721e-56,2.0014e-56,2.2207e-56,2.1691e-56
7.559e-57,1.1704e-56,1.401e-56,1.5545e-56,1.5184e-56
5.2913e-57,8.1931e-57,9.8068e-57,1.0881e-56,1.0629e-56
3.7039e-57,5.7352e-57,6.8648e-57,7.617e-57,7.4402e-57
2.5927e-57,4.0146e-57,4.8053e-57,5.3319e-57,5.2081e-57
1.8149e-57,2.8102e-57,3.3637e-57,3.7323e-57,3.6457e-57
1.2704e-57,1.9672e-57,2.3546e-57,2.6126e-57,2.552e-57
8.8931e-58,1.377e-57,1.6482e-57,1.8288e-57,1.7864e-57
6.2252e-58,9.6391e-58,1.1538e-57,1.2802e-57,1.2505e-57
4.3576e-58,6.7474e-58,8.0763e-58,8.9613e-58,8.7533e-58
3.0503e-58,4.7231e-58,5.6534e-58,6.2729e-58,6.1273e-58
2.1352e-58,3.3062e-58,3.9574e-58,4.391e-58,4.2891e-58
1.4947e-58,2.3143e-58,2.7702e-58,3.0737e-58,3.0024e-58
1.0463e-58,1.62e-58,1.9391e-58,2.1516e-58,2.1017e-58
7.3238e-59,1.134e-58,1.3574e-58,1.5061e-58,1.4712e-58
5.1267e-59,7.9382e-59,9.5017e-59,1.0543e-58,1.0298e-58
3.5887e-59,5.5567e-59,6.6512e-59,7.38e-59,7.2087e-59
2.5121e-59,3.8897e-59,4.6559e-59,5.166e-59,5.0461e-59
1.7585e-59,2.7228e-59,3.2591e-59,3.6162e-59,3.5323e-59
1.2309e-59,1.906e-59,2.2814e-59,2.5313e-59,2.4726e-59
8.6164e-60,1.3342e-59,1.597e-59,1.7719e-59,1.7308e-59
6.0315e-60,9.3392e-60,1.1179e-59,1.2404e-59,1.2116e-59
4.2221e-60,6.5374e-60,7.8251e-60,8.6825e-60,8.481e-60
2.9554e-60,4.5762e-60,5.4776e-60,6.0778e-60,5.9367e-60
2.0688e-60,3.2033e-60,3.8343e-60,4.2544e-60,4.1557e-60
1.4482e-60,2.2423e-60,2.684e-60,2.9781e-60,2.909e-60
1.0137e-60,1.5696e-60,1.8788e-60,2.0847e-60,2.0363e-60
7.096e-61,1.0987e-60,1.3152e-60,1.4593e-60,1.4254e-60
4.9672e-61,7.6912e-61,9.2061e-61,1.0215e-60,9.9778e-61
3.477e-61,5.3839e-61,6.4443e-61,7.1504e-61,6.9845e-61
2.4339e-61,3.7687e-61,4.511e-61,5.0053e-61,4.8891e-61
1.7037e-61,2.6381e-61,3.1577e-61,3.5037e-61,3.4224e-61
1.1926e-61,1.8467e-61,2.2104e-61,2.4526e-61,2.3957e-61
8.3484e-62,1.2927e-61,1.5473e-61,1.7168e-61,1.677e-61
5.8439e-62,9.0487e-62,1.0831e-61,1.2018e-61,1.1739e-61
4.0907e-62,6.3341e-62,7.5817e-62,8.4124e-62,8.2171e-62
2.8635e-62,4.4338e-62,5.3072e-62,5.8887e-62,5.752e-62
2.0044e-62,3.1037e-62,3.715e-62,4.1221e-62,4.0264e-62
1.4031e-62,2.1726e-62,2.6005e-62,2.8855e-62,2.8185e-62
9.8218e-63,1.5208e-62,1.8204e-62,2.0198e-62,1.9729e-62
6.8752e-63,1.0646e-62,1.2742e-62,1.4139e-62,1.3811e-62
4.8127e-63,7.452e-63,8.9197e-63,9.8971e-63,9.6674e-63
3.3689e-63,5.2164e-63,6.2438e-63,6.928e-63,6.7672e-63
2.3582e-63,3.6515e-63,4.3707e-63,4.8496e-63,4.737e-63
1.6507e-63,2.556e-63,3.0595e-63,3.3947e-63,3.3159e-63
1.1555e-63,1.7892e-63,2.1416e-63,2.3763e-63,2.3211e-63
8.0887e-64,1.2525e-63,1.4991e-63,1.6634e-63,1.6248e-63
5.6621e-64,8.7672e-64,1.0494e-63,1.1644e-63,1.1374e-63
3.9634e-64,6.137e-64,7.3458e-64,8.1507e-64,7.9615e-64
2.7744e-64,4.2959e-64,5.1421e-64,5.7055e-64,5.5731e-64
1.9421e-64,3.0071e-64,3.5994e-64,3.9938e-64,3.9011e-64
1.3595e-64,2.105e-64,2.5196e-64,2.7957e-64,2.7308e-64
9.5162e-65,1.4735e-64,1.7637e-64,1.957e-64,1.9116e-64
6.6614e-65,1.0314e-64,1.2346e-64,1.3699e-64,1.3381e-64
4.6629e-65,7.2201e-65,8.6422e-65,9.5892e-65,9.3666e-65
3.2641e-65,5.0541e-65,6.0496e-65,6.7124e-65,6.5566e-65
2.2848e-65,3.5379e-65,4.2347e-65,4.6987e-65,4.5897e-65
1.5994e-65,2.4765e-65,2.9643e-65,3.2891e-65,3.2128e-65
1.1196e-65,1.7336e-65,2.075e-65,2.3024e-65,2.2489e-65
7.837e-66,1.2135e-65,1.4525e-65,1.6117e-65,1.5743e-65
5.4859e-66,8.4944e-66,1.0168e-65,1.1282e-65,1.102e-65
3.8401e-66,5.9461e-66,7.1173e-66,7.8971e-66,7.7138e-66
2.6881e-66,4.1623e-66,4.9821e-66,5.528e-66,5.3997e-66
1.8817e-66,2.9136e-66,3.4875e-66,3.8696e-66,3.7798e-66
1.3172e-66,2.0395e-66,2.4412e-66,2.7087e-66,2.6458e-66
9.2202e-67,1.4277e-66,1.7089e-66,1.8961e-66,1.8521e-66
6.4541e-67,9.9936e-67,1.1962e-66,1.3273e-66,1.2965e-66
4.5179e-67,6.9955e-67,8.3734e-67,9.2909e-67,9.0752e-67
3.1625e-67,4.8969e-67,5.8614e-67,6.5036e-67,6.3527e-67
2.2138e-67,3.4278e-67,4.103e-67,4.5525e-67,4.4469e-67
1.5496e-67,2.3995e-67,2.8721e-67,3.1868e-67,3.1128e-67
1.0847e-67,1.6796e-67,2.0104e-67,2.2307e-67,2.179e-67
7.5932e-68,1.1757e-67,1.4073e-67,1.5615e-67,1.5253e-67
5.3152e-68,8.2302e-68,9.8512e-68,1.0931e-67,1.0677e-67
3.7207e-68,5.7611e-68,6.8958e-68,7.6514e-68,7.4739e-68
2.6045e-68,4.0328e-68,4.8271e-68,5.356e-68,5.2317e-68
1.8231e-68,2.8229e-68,3.379e-68,3.7492e-68,3.6622e-68
1.2762e-68,1.9761e-68,2.3653e-68,2.6244e-68,2.5635e-68
8.9333e-69,1.3832e-68,1.6557e-68,1.8371e-68,1.7945e-68
6.2533e-69,9.6827e-69,1.159e-68,1.286e-68,1.2561e-68
4.3773e-69,6.7779e-69,8.1129e-69,9.0019e-69,8.7929e-69
3.0641e-69,4.7445e-69,5.679e-69,6.3013e-69,6.155e-69
2.1449e-69,3.3212e-69,3.9753e-69,4.4109e-69,4.3085e-69
1.5014e-69,2.3248e-69,2.7827e-69,3.0876e-69,3.016e-69
1.051e-69,1.6274e-69,1.9479e-69,2.1613e-69,2.1112e-69
7.357e-70,1.1392e-69,1.3635e-69,1.5129e-69,1.4778e-69
5.1499e-70,7.9741e-70,9.5447e-70,1.0591e-69,1.0345e-69
3.6049e-70,5.5819e-70,6.6813e-70,7.4134e-70,7.2413e-70
2.5234e-70,3.9073e-70,4.6769e-70,5.1894e-70,5.0689e-70
1.7664e-70,2.7351e-70,3.2738e-70,3.6326e-70,3.5483e-70
1.2365e-70,1.9146e-70,2.2917e-70,2.5428e-70,2.4838e-70
8.6554e-71,1.3402e-70,1.6042e-70,1.78e-70,1.7386e-70
6.0588e-71,9.3815e-71,1.1229e-70,1.246e-70,1.2171e-70
4.2412e-71,6.567e-71,7.8605e-71,8.7218e-71,8.5194e-71
2.9688e-71,4.5969e-71,5.5023e-71,6.1053e-71,5.9636e-71
2.0782e-71,3.2178e-71,3.8516e-71,4.2737e-71,4.1745e-71
1.4547e-71,2.2525e-71,2.6962e-71,2.9916e-71,2.9221e-71
1.0183e-71,1.5767e-71,1.8873e-71,2.0941e-71,2.0455e-71
7.1281e-72,1.1037e-71,1.3211e-71,1.4659e-71,1.4318e-71
4.9897e-72,7.726e-72,9.2478e-72,1.0261e-71,1.0023e-71
3.4928e-72,5.4082e-72,6.4735e-72,7.1828e-72,7.0161e-72
2.4449e-72,3.7858e-72,4.5314e-72,5.0279e-72,4.9112e-72
1.7115e-72,2.65e-72,3.172e-72,3.5196e-72,3.4379e-72
1.198e-72,1.855e-72,2.2204e-72,2.4637e-72,2.4065e-72
8.3862e-73,1.2985e-72,1.5543e-72,1.7246e-72,1.6846e-72
5.8703e-73,9.0896e-73,1.088e-72,1.2072e-72,1.1792e-72
4.1092e-73,6.3627e-73,7.616e-73,8.4505e-73,8.2543e-73
2.8764e-73,4.4539e-73,5.3312e-73,5.9153e-73,5.778e-73
2.0135e-73,3.1177e-73,3.7318e-73,4.1407e-73,4.0446e-73
1.4095e-73,2.1824e-73,2.6123e-73,2.8985e-73,2.8312e-73
9.8662e-74,1.5277e-73,1.8286e-73,2.029e-73,1.9819e-73
6.9064e-74,1.0694e-73,1.28e-73,1.4203e-73,1.3873e-73
4.8344e-74,7.4857e-74,8.9601e-74,9.9419e-74,9.7111e-74
3.3841e-74,5.24e-74,6.2721e-74,6.9593e-74,6.7978e-74
2.3689e-74,3.668e-74,4.3904e-74,4.8715e-74,4.7585e-74
1.6582e-74,2.5676e-74,3.0733e-74,3.4101e-74,3.3309e-74
1.1608e-74,1.7973e-74,2.1513e-74,2.387e-74,2.3316e-74
8.1253e-75,1.2581e-74,1.5059e-74,1.6709e-74,1.6322e-74
5.6877e-75,8.8068e-75,1.0541e-74,1.1697e-74,1.1425e-74
3.9814e-75,6.1648e-75,7.379e-75,8.1876e-75,7.9975e-75
2.787e-75,4.3153e-75,5.1653e-75,5.7313e-75,5.5983e-75
1.9509e-75,3.0207e-75,3.6157e-75,4.0119e-75,3.9188e-75
1.3656e-75,2.1145e-75,2.531e-75,2.8083e-75,2.7432e-75
9.5593e-76,1.4802e-75,1.7717e-75,1.9658e-75,1.9202e-75
6.6915e-76,1.0361e-75,1.2402e-75,1.3761e-75,1.3441e-75
4.684e-76,7.2528e-76,8.6814e-76,9.6326e-76,9.409e-76
3.2788e-76,5.077e-76,6.0769e-76,6.7428e-76,6.5863e-76
2.2952e-76,3.5539e-76,4.2539e-76,4.72e-76,4.6104e-76
1.6066e-76,2.4877e-76,2.9777e-76,3.304e-76,3.2273e-76
1.1246e-76,1.7414e-76,2.0844e-76,2.3128e-76,2.2591e-76
7.8725e-77,1.219e-76,1.4591e-76,1.619e-76,1.5814e-76
5.5107e-77,8.5329e-77,1.0214e-76,1.1333e-76,1.107e-76
3.8575e-77,5.973e-77,7.1495e-77,7.9329e-77,7.7487e-77
2.7003e-77,4.1811e-77,5.0046e-77,5.553e-77,5.4241e-77
1.8902e-77,2.9268e-77,3.5032e-77,3.8871e-77,3.7969e-77
1.3231e-77,2.0487e-77,2.4523e-77,2.721e-77,2.6578e-77
9.2619e-78,1.4341e-77,1.7166e-77,1.9047e-77,1.8605e-77
6.4833e-78,1.0039e-77,1.2016e-77,1.3333e-77,1.3023e-77
4.5383e-78,7.0272e-78,8.4113e-78,9.3329e-78,9.1163e-78
3.1768e-78,4.919e-78,5.8879e-78,6.5331e-78,6.3814e-78
2.2238e-78,3.4433e-78,4.1215e-78,4.5731e-78,4.467e-78
1.5566e-78,2.4103e-78,2.8851e-78,3.2012e-78,3.1269e-78
1.0897e-78,1.6872e-78,2.0195e-78,2.2408e-78,2.1888e-78
7.6276e-79,1.1811e-78,1.4137e-78,1.5686e-78,1.5322e-78
5.3393e-79,8.2674e-79,9.8958e-79,1.098e-78,1.0725e-78
3.7375e-79,5.7872e-79,6.927e-79,7.6861e-79,7.5077e-79
2.6163e-79,4.051e-79,4.8489e-79,5.3803e-79,5.2554e-79
1.8314e-79,2.8357e-79,3.3943e-79,3.7662e-79,3.6788e-79
1.282e-79,1.985e-79,2.376e-79,2.6363e-79,2.5751e-79
8.9738e-80,1.3895e-79,1.6632e-79,1.8454e-79,1.8026e-79
6.2816e-80,9.7265e-80,1.1642e-79,1.2918e-79,1.2618e-79
4.3971e-80,6.8086e-80,8.1496e-80,9.0426e-80,8.8327e-80
3.078e-80,4.766e-80,5.7047e-80,6.3298e-80,6.1829e-80
2.1546e-80,3.3362e-80,3.9933e-80,4.4309e-80,4.328e-80
1.5082e-80,2.3353e-80,2.7953e-80,3.1016e-80,3.0296e-80
1.0558e-80,1.6347e-80,1.9567e-80,2.1711e-80,2.1207e-80
7.3903e-81,1.1443e-80,1.3697e-80,1.5198e-80,1.4845e-80
5.1732e-81,8.0102e-81,9.5879e-81,1.0639e-80,1.0392e-80
3.6212e-81,5.6071e-81,6.7115e-81,7.447e-81,7.2741e-81
2.5349e-81,3.925e-81,4.6981e-81,5.2129e-81,5.0919e-81
1.7744e-81,2.7475e-81,3.2887e-81,3.649e-81,3.5643e-81
1.2421e-81,1.9232e-81,2.3021e-81,2.5543e-81,2.495e-81
8.6946e-82,1.3463e-81,1.6114e-81,1.788e-81,1.7465e-81
6.0862e-82,9.4239e-82,1.128e-81,1.2516e-81,1.2226e-81
4.2603e-82,6.5967e-82,7.8961e-82,8.7613e-82,8.5579e-82
2.9822e-82,4.6177e-82,5.5272e-82,6.1329e-82,5.9905e-82
2.0876e-82,3.2324e-82,3.8691e-82,4.293e-82,4.1934e-82
1.4613e-82,2.2627e-82,2.7084e-82,3.0051e-82,2.9354e-82
1.0229e-82,1.5839e-82,1.8958e-82,2.1036e-82,2.0548e-82
7.1604e-83,1.1087e-82,1.3271e-82,1.4725e-82,1.4383e-82
5.0123e-83,7.761e-83,9.2896e-83,1.0308e-82,1.0068e-82
3.5086e-83,5.4327e-83,6.5028e-83,7.2153e-83,7.0478e-83
2.456e-83,3.8029e-83,4.5519e-83,5.0507e-83,4.9335e-83
1.7192e-83,2.662e-83,3.1863e-83,3.5355e-83,3.4534e-83
1.2034e-83,1.8634e-83,2.2304e-83,2.4748e-83,2.4174e-83
8.4241e-84,1.3044e-83,1.5613e-83,1.7324e-83,1.6922e-83
5.8969e-84,9.1307e-84,1.0929e-83,1.2127e-83,1.1845e-83
4.1278e-84,6.3915e-84,7.6504e-84,8.4887e-84,8.2917e-84
2.8895e-84,4.4741e-84,5.3553e-84,5.9421e-84,5.8042e-84
2.0226e-84,3.1318e-84,3.7487e-84,4.1595e-84,4.0629e-84
1.4158e-84,2.1923e-84,2.6241e-84,2.9116e-84,2.844e-84
9.9109e-85,1.5346e-84,1.8369e-84,2.0381e-84,1.9908e-84
6.9376e-85,1.0742e-84,1.2858e-84,1.4267e-84,1.3936e-84
4.8563e-85,7.5196e-85,9.0006e-85,9.9869e-85,9.7551e-85
3.3994e-85,5.2637e-85,6.3005e-85,6.9908e-85,6.8286e-85
2.3796e-85,3.6846e-85,4.4103e-85,4.8936e-85,4.78e-85
1.6657e-85,2.5792e-85,3.0872e-85,3.4255e-85,3.346e-85
1.166e-85,1.8054e-85,2.1611e-85,2.3979e-85,2.3422e-85
8.162e-86,1.2638e-85,1.5127e-85,1.6785e-85,1.6395e-85
5.7134e-86,8.8467e-86,1.0589e-85,1.1749e-85,1.1477e-85
3.9994e-86,6.1927e-86,7.4124e-86,8.2246e-86,8.0337e-86
2.7996e-86,4.3349e-86,5.1887e-86,5.7572e-86,5.6236e-86
1.9597e-86,3.0344e-86,3.6321e-86,4.0301e-86,3.9365e-86
1.3718e-86,2.1241e-86,2.5425e-86,2.821e-86,2.7556e-86
9.6025e-87,1.4869e-86,1.7797e-86,1.9747e-86,1.9289e-86
6.7218e-87,1.0408e-86,1.2458e-86,1.3823e-86,1.3502e-86
4.7052e-87,7.2856e-87,8.7206e-87,9.6762e-87,9.4516e-87
3.2937e-87,5.0999e-87,6.1044e-87,6.7733e-87,6.6161e-87
2.3056e-87,3.57e-87,4.2731e-87,4.7413e-87,4.6313e-87
1.6139e-87,2.499e-87,2.9912e-87,3.3189e-87,3.2419e-87
1.1297e-87,1.7493e-87,2.0938e-87,2.3233e-87,2.2693e-87
7.9081e-88,1.2245e-87,1.4657e-87,1.6263e-87,1.5885e-87
5.5357e-88,8.5715e-88,1.026e-87,1.1384e-87,1.112e-87
3.875e-88,6e-88,7.1818e-88,7.9688e-88,7.7838e-88
2.7125e-88,4.2e-88,5.0273e-88,5.5781e-88,5.4487e-88
1.8987e-88,2.94e-88,3.5191e-88,3.9047e-88,3.8141e-88
1.3291e-88,2.058e-88,2.4634e-88,2.7333e-88,2.6698e-88
9.3038e-89,1.4406e-88,1.7244e-88,1.9133e-88,1.8689e-88
6.5127e-89,1.0084e-88,1.207e-88,1.3393e-88,1.3082e-88
4.5589e-89,7.059e-89,8.4493e-89,9.3752e-89,9.1576e-89
3.1912e-89,4.9413e-89,5.9145e-89,6.5626e-89,6.4103e-89
2.2338e-89,3.4589e-89,4.1402e-89,4.5938e-89,4.4872e-89
1.5637e-89,2.4212e-89,2.8981e-89,3.2157e-89,3.141e-89
1.0946e-89,1.6949e-89,2.0287e-89,2.251e-89,2.1987e-89
7.6621e-90,1.1864e-89,1.4201e-89,1.5757e-89,1.5391e-89
5.3635e-90,8.3048e-90,9.9406e-90,1.103e-89,1.0774e-89
3.7544e-90,5.8134e-90,6.9584e-90,7.7209e-90,7.5416e-90
2.6281e-90,4.0694e-90,4.8709e-90,5.4046e-90,5.2792e-90
1.8397e-90,2.8486e-90,3.4096e-90,3.7832e-90,3.6954e-90
1.2878e-90,1.994e-90,2.3867e-90,2.6483e-90,2.5868e-90
9.0144e-91,1.3958e-90,1.6707e-90,1.8538e-90,1.8107e-90
6.3101e-91,9.7705e-91,1.1695e-90,1.2976e-90,1.2675e-90
4.417e-91,6.8394e-91,8.1865e-91,9.0835e-91,8.8727e-91
3.0919e-91,4.7876e-91,5.7305e-91,6.3585e-91,6.2109e-91
2.1643e-91,3.3513e-91,4.0114e-91,4.4509e-91,4.3476e-91
1.515e-91,2.3459e-91,2.808e-91,3.1156e-91,3.0433e-91
1.0605e-91,1.6421e-91,1.9656e-91,2.181e-91,2.1303e-91
7.4237e-92,1.1495e-91,1.3759e-91,1.5267e-91,1.4912e-91
5.1966e-92,8.0464e-92,9.6313e-92,1.0687e-91,1.0439e-91
3.6376e-92,5.6325e-92,6.7419e-92,7.4807e-92,7.307e-92
2.5463e-92,3.9428e-92,4.7193e-92,5.2365e-92,5.1149e-92
1.7824e-92,2.7599e-92,3.3035e-92,3.6655e-92,3.5804e-92
1.2477e-92,1.932e-92,2.3125e-92,2.5659e-92,2.5063e-92
8.7339e-93,1.3524e-92,1.6187e-92,1.7961e-92,1.7544e-92
6.1138e-93,9.4666e-93,1.1331e-92,1.2573e-92,1.2281e-92
4.2796e-93,6.6266e-93,7.9318e-93,8.8009e-93,8.5966e-93
2.9957e-93,4.6386e-93,5.5523e-93,6.1606e-93,6.0176e-93
2.097e-93,3.247e-93,3.8866e-93,4.3125e-93,4.2124e-93
1.4679e-93,2.2729e-93,2.7206e-93,3.0187e-93,2.9486e-93
1.0275e-93,1.591e-93,1.9044e-93,2.1131e-93,2.0641e-93
7.1928e-94,1.1137e-93,1.3331e-93,1.4792e-93,1.4448e-93
5.0349e-94,7.7961e-94,9.3317e-94,1.0354e-93,1.0114e-93
3.5245e-94,5.4573e-94,6.5322e-94,7.2479e-94,7.0797e-94
2.4671e-94,3.8201e-94,4.5725e-94,5.0736e-94,4.9558e-94
1.727e-94,2.6741e-94,3.2008e-94,3.5515e-94,3.4691e-94
1.2089e-94,1.8718e-94,2.2405e-94,2.486e-94,2.4283e-94
8.4622e-95,1.3103e-94,1.5684e-94,1.7402e-94,1.6998e-94
5.9236e-95,9.1721e-95,1.0979e-94,1.2182e-94,1.1899e-94
4.1465e-95,6.4204e-95,7.685e-95,8.5271e-95,8.3292e-95
2.9025e-95,4.4943e-95,5.3795e-95,5.969e-95,5.8304e-95
2.0318e-95,3.146e-95,3.7657e-95,4.1783e-95,4.0813e-95
1.4222e-95,2.2022e-95,2.636e-95,2.9248e-95,2.8569e-95
9.9557e-96,1.5415e-95,1.8452e-95,2.0474e-95,1.9998e-95
6.969e-96,1.0791e-95,1.2916e-95,1.4332e-95,1.3999e-95
4.8783e-96,7.5536e-96,9.0414e-96,1.0032e-95,9.7992e-96
3.4148e-96,5.2875e-96,6.329e-96,7.0225e-96,6.8595e-96
2.3904e-96,3.7013e-96,4.4303e-96,4.9157e-96,4.8016e-96
1.6733e-96,2.5909e-96,3.1012e-96,3.441e-96,3.3611e-96
1.1713e-96,1.8136e-96,2.1708e-96,2.4087e-96,2.3528e-96
8.199e-97,1.2695e-96,1.5196e-96,1.6861e-96,1.647e-96
5.7393e-97,8.8867e-97,1.0637e-96,1.1803e-96,1.1529e-96
4.0175e-97,6.2207e-97,7.446e-97,8.2618e-97,8.0701e-97
2.8122e-97,4.3545e-97,5.2122e-97,5.7833e-97,5.6491e-97
1.9686e-97,3.0481e-97,3.6485e-97,4.0483e-97,3.9543e-97
1.378e-97,2.1337e-97,2.554e-97,2.8338e-97,2.768e-97
9.646e-98,1.4936e-97,1.7878e-97,1.9837e-97,1.9376e-97
6.7522e-98,1.0455e-97,1.2514e-97,1.3886e-97,1.3563e-97
4.7265e-98,7.3186e-98,8.7601e-98,9.72e-98,9.4944e-98
3.3086e-98,5.123e-98,6.1321e-98,6.804e-98,6.6461e-98
2.316e-98,3.5861e-98,4.2924e-98,4.7628e-98,4.6522e-98
1.6212e-98,2.5103e-98,3.0047e-98,3.334e-98,3.2566e-98
1.1348e-98,1.7572e-98,2.1033e-98,2.3338e-98,2.2796e-98
7.9439e-99,1.23e-98,1.4723e-98,1.6336e-98,1.5957e-98
5.5607e-99,8.6103e-99,1.0306e-98,1.1435e-98,1.117e-98
3.8925e-99,6.0272e-99,7.2143e-99,8.0048e-99,7.819e-99
2.7248e-99,4.219e-99,5.05e-99,5.6034e-99,5.4733e-99
1.9073e-99,2.9533e-99,3.535e-99,3.9224e-99,3.8313e-99
1.3351e-99,2.0673e-99,2.4745e-99,2.7457e-99,2.6819e-99
9.3459e-100,1.4471e-99,1.7322e-99,1.922e-99,1.8773e-99
6.5421e-100,1.013e-99,1.2125e-99,1.3454e-99,1.3141e-99
4.5795e-100,7.0909e-100,8.4876e-100,9.4176e-100,9.199e-100
3.2056e-100,4.9636e-100,5.9413e-100,6.5923e-100,6.4393e-100
2.244e-100,3.4745e-100,4.1589e-100,4.6146e-100,4.5075e-100
1.5708e-100,2.4322e-100,2.9112e-100,3.2302e-100,3.1553e-100
1.0995e-100,1.7025e-100,2.0379e-100,2.2612e-100,2.2087e-100
7.6968e-101,1.1918e-100,1.4265e-100,1.5828e-100,1.5461e-100
5.3877e-101,8.3424e-101,9.9855e-101,1.108e-100,1.0823e-100
3.7714e-101,5.8397e-101,6.9899e-101,7.7558e-101,7.5758e-101
2.64e-101,4.0878e-101,4.8929e-101,5.4291e-101,5.303e-101
1.848e-101,2.8614e-101,3.425e-101,3.8003e-101,3.7121e-101
1.2936e-101,2.003e-101,2.3975e-101,2.6602e-101,2.5985e-101
9.0552e-102,1.4021e-101,1.6783e-101,1.8622e-101,1.8189e-101
6.3386e-102,9.8147e-102,1.1748e-101,1.3035e-101,1.2733e-101
4.437e-102,6.8703e-102,8.2235e-102,9.1246e-102,8.9128e-102
3.1059e-102,4.8092e-102,5.7565e-102,6.3872e-102,6.239e-102
2.1741e-102,3.3665e-102,4.0295e-102,4.4711e-102,4.3673e-102
1.5219e-102,2.3565e-102,2.8207e-102,3.1297e-102,3.0571e-102
1.0653e-102,1.6496e-102,1.9745e-102,2.1908e-102,2.14e-102
7.4573e-103,1.1547e-102,1.3821e-102,1.5336e-102,1.498e-102
5.2201e-103,8.0829e-103,9.6749e-103,1.0735e-102,1.0486e-102
3.6541e-103,5.658e-103,6.7724e-103,7.5145e-103,7.3401e-103
2.5579e-103,3.9606e-103,4.7407e-103,5.2602e-103,5.1381e-103
1.7905e-103,2.7724e-103,3.3185e-103,3.6821e-103,3.5966e-103
1.2534e-103,1.9407e-103,2.3229e-103,2.5775e-103,2.5177e-103
8.7735e-104,1.3585e-103,1.6261e-103,1.8042e-103,1.7624e-103
6.1414e-104,9.5094e-104,1.1382e-103,1.263e-103,1.2336e-103
4.299e-104,6.6566e-104,7.9677e-104,8.8407e-104,8.6355e-104
3.0093e-104,4.6596e-104,5.5774e-104,6.1885e-104,6.0449e-104
2.1065e-104,3.2617e-104,3.9042e-104,4.332e-104,4.2314e-104
1.4746e-104,2.2832e-104,2.7329e-104,3.0324e-104,2.962e-104
1.0322e-104,1.5982e-104,1.913e-104,2.1227e-104,2.0734e-104
7.2253e-105,1.1188e-104,1.3391e-104,1.4859e-104,1.4514e-104
5.0577e-105,7.8314e-105,9.3739e-105,1.0401e-104,1.016e-104
3.5404e-105,5.482e-105,6.5617e-105,7.2807e-105,7.1117e-105
2.4783e-105,3.8374e-105,4.5932e-105,5.0965e-105,4.9782e-105
1.7348e-105,2.6862e-105,3.2153e-105,3.5676e-105,3.4848e-105
1.2144e-105,1.8803e-105,2.2507e-105,2.4973e-105,2.4393e-105
8.5005e-106,1.3162e-105,1.5755e-105,1.7481e-105,1.7075e-105
5.9504e-106,9.2136e-106,1.1028e-105,1.2237e-105,1.1953e-105
4.1653e-106,6.4495e-106,7.7198e-106,8.5657e-106,8.3669e-106
2.9157e-106,4.5146e-106,5.4039e-106,5.996e-106,5.8568e-106
2.041e-106,3.1603e-106,3.7827e-106,4.1972e-106,4.0998e-106
1.4287e-106,2.2122e-106,2.6479e-106,2.938e-106,2.8698e-106
1.0001e-106,1.5485e-106,1.8535e-106,2.0566e-106,2.0089e-106
7.0005e-107,1.084e-106,1.2975e-106,1.4396e-106,1.4062e-106
4.9004e-107,7.5878e-107,9.0823e-107,1.0077e-106,9.8436e-107
3.4303e-107,5.3114e-107,6.3576e-107,7.0542e-107,6.8905e-107
2.4012e-107,3.718e-107,4.4503e-107,4.938e-107,4.8233e-107
1.6808e-107,2.6026e-107,3.1152e-107,3.4566e-107,3.3763e-107
1.1766e-107,1.8218e-107,2.1807e-107,2.4196e-107,2.3634e-107
8.2361e-108,1.2753e-107,1.5265e-107,1.6937e-107,1.6544e-107
5.7652e-108,8.9269e-108,1.0685e-107,1.1856e-107,1.1581e-107
4.0357e-108,6.2489e-108,7.4797e-108,8.2992e-108,8.1066e-108
2.825e-108,4.3742e-108,5.2358e-108,5.8095e-108,5.6746e-108
1.9775e-108,3.0619e-108,3.665e-108,4.0666e-108,3.9722e-108
1.3842e-108,2.1434e-108,2.5655e-108,2.8466e-108,2.7806e-108
9.6896e-109,1.5004e-108,1.7959e-108,1.9926e-108,1.9464e-108
6.7828e-109,1.0502e-108,1.2571e-108,1.3949e-108,1.3625e-108
4.7479e-109,7.3517e-109,8.7997e-109,9.764e-109,9.5373e-109
3.3235e-109,5.1462e-109,6.1598e-109,6.8348e-109,6.6761e-109
2.3265e-109,3.6023e-109,4.3119e-109,4.7843e-109,4.6733e-109
1.6285e-109,2.5216e-109,3.0183e-109,3.349e-109,3.2713e-109
1.14e-109,1.7651e-109,2.1128e-109,2.3443e-109,2.2899e-109
7.9798e-110,1.2356e-109,1.479e-109,1.641e-109,1.6029e-109
5.5859e-110,8.6492e-110,1.0353e-109,1.1487e-109,1.1221e-109
3.9101e-110,6.0545e-110,7.247e-110,8.041e-110,7.8544e-110
2.7371e-110,4.2381e-110,5.0729e-110,5.6287e-110,5.4981e-110
1.916e-110,2.9667e-110,3.551e-110,3.9401e-110,3.8487e-110
1.3412e-110,2.0767e-110,2.4857e-110,2.7581e-110,2.6941e-110
9.3882e-111,1.4537e-110,1.74e-110,1.9307e-110,1.8858e-110
6.5717e-111,1.0176e-110,1.218e-110,1.3515e-110,1.3201e-110
4.6002e-111,7.123e-111,8.526e-111,9.4602e-111,9.2406e-111
3.2202e-111,4.9861e-111,5.9682e-111,6.6221e-111,6.4684e-111
2.2541e-111,3.4903e-111,4.1777e-111,4.6355e-111,4.5279e-111
1.5779e-111,2.4432e-111,2.9244e-111,3.2449e-111,3.1695e-111
1.1045e-111,1.7102e-111,2.0471e-111,2.2714e-111,2.2187e-111
7.7316e-112,1.1972e-111,1.433e-111,1.59e-111,1.5531e-111
5.4121e-112,8.3801e-112,1.0031e-111,1.113e-111,1.0872e-111
3.7885e-112,5.8661e-112,7.0215e-112,7.7909e-112,7.6101e-112
2.6519e-112,4.1063e-112,4.9151e-112,5.4536e-112,5.327e-112
1.8564e-112,2.8744e-112,3.4405e-112,3.8175e-112,3.7289e-112
1.2994e-112,2.0121e-112,2.4084e-112,2.6723e-112,2.6102e-112
9.0961e-113,1.4085e-112,1.6859e-112,1.8706e-112,1.8272e-112
6.3673e-113,9.8592e-113,1.1801e-112,1.3094e-112,1.279e-112
4.4571e-113,6.9014e-113,8.2607e-113,9.1659e-113,8.9532e-113
3.12e-113,4.831e-113,5.7825e-113,6.4161e-113,6.2672e-113
2.184e-113,3.3817e-113,4.0478e-113,4.4913e-113,4.387e-113
1.5288e-113,2.3672e-113,2.8334e-113,3.1439e-113,3.0709e-113
1.0702e-113,1.657e-113,1.9834e-113,2.2007e-113,2.1497e-113
7.4911e-114,1.1599e-113,1.3884e-113,1.5405e-113,1.5048e-113
5.2437e-114,8.1194e-114,9.7187e-114,1.0784e-113,1.0533e-113
3.6706e-114,5.6836e-114,6.8031e-114,7.5485e-114,7.3733e-114
2.5694e-114,3.9785e-114,4.7622e-114,5.284e-114,5.1613e-114
1.7986e-114,2.785e-114,3.3335e-114,3.6988e-114,3.6129e-114
1.259e-114,1.9495e-114,2.3335e-114,2.5891e-114,2.529e-114
8.8132e-115,1.3646e-114,1.6334e-114,1.8124e-114,1.7703e-114
6.1692e-115,9.5524e-115,1.1434e-114,1.2687e-114,1.2392e-114
4.3184e-115,6.6867e-115,8.0037e-115,8.8808e-115,8.6746e-115
3.0229e-115,4.6807e-115,5.6026e-115,6.2165e-115,6.0722e-115
2.116e-115,3.2765e-115,3.9218e-115,4.3516e-115,4.2506e-115
1.4812e-115,2.2935e-115,2.7453e-115,3.0461e-115,2.9754e-115
1.0369e-115,1.6055e-115,1.9217e-115,2.1323e-115,2.0828e-115
7.258e-116,1.1238e-115,1.3452e-115,1.4926e-115,1.4579e-115
5.0806e-116,7.8668e-116,9.4163e-116,1.0448e-115,1.0206e-115
3.5564e-116,5.5068e-116,6.5914e-116,7.3137e-116,7.1439e-116
2.4895e-116,3.8548e-116,4.614e-116,5.1196e-116,5.0007e-116
1.7426e-116,2.6983e-116,3.2298e-116,3.5837e-116,3.5005e-116
1.2199e-116,1.8888e-116,2.2609e-116,2.5086e-116,2.4504e-116
8.539e-117,1.3222e-116,1.5826e-116,1.756e-116,1.7153e-116
5.9773e-117,9.2553e-117,1.1078e-116,1.2292e-116,1.2007e-116
4.1841e-117,6.4787e-117,7.7548e-117,8.6045e-117,8.4048e-117
2.9289e-117,4.5351e-117,5.4283e-117,6.0231e-117,5.8833e-117
2.0502e-117,3.1746e-117,3.7998e-117,4.2162e-117,4.1183e-117
1.4351e-117,2.2222e-117,2.6599e-117,2.9513e-117,2.8828e-117
1.0046e-117,1.5555e-117,1.8619e-117,2.0659e-117,2.018e-117
7.0322e-118,1.0889e-117,1.3033e-117,1.4462e-117,1.4126e-117
4.9226e-118,7.6221e-118,9.1234e-118,1.0123e-117,9.8881e-118
3.4458e-118,5.3355e-118,6.3864e-118,7.0862e-118,6.9217e-118
2.4121e-118,3.7348e-118,4.4705e-118,4.9603e-118,4.8452e-118
1.6884e-118,2.6144e-118,3.1293e-118,3.4722e-118,3.3916e-118
1.1819e-118,1.8301e-118,2.1905e-118,2.4306e-118,2.3741e-118
8.2733e-119,1.281e-118,1.5334e-118,1.7014e-118,1.6619e-118
5.7913e-119,8.9673e-119,1.0734e-118,1.191e-118,1.1633e-118
4.0539e-119,6.2771e-119,7.5135e-119,8.3368e-119,8.1433e-119
2.8378e-119,4.394e-119,5.2595e-119,5.8358e-119,5.7003e-119
1.9864e-119,3.0758e-119,3.6816e-119,4.085e-119,3.9902e-119
1.3905e-119,2.1531e-119,2.5771e-119,2.8595e-119,2.7931e-119
9.7335e-120,1.5071e-119,1.804e-119,2.0017e-119,1.9552e-119
6.8134e-120,1.055e-119,1.2628e-119,1.4012e-119,1.3686e-119
4.7694e-120,7.385e-120,8.8396e-120,9.8081e-120,9.5805e-120
3.3386e-120,5.1695e-120,6.1877e-120,6.8657e-120,6.7063e-120
2.337e-120,3.6186e-120,4.3314e-120,4.806e-120,4.6944e-120
1.6359e-120,2.533e-120,3.032e-120,3.3642e-120,3.2861e-120
1.1451e-120,1.7731e-120,2.1224e-120,2.3549e-120,2.3003e-120
8.016e-121,1.2412e-120,1.4857e-120,1.6485e-120,1.6102e-120
5.6112e-121,8.6884e-121,1.04e-120,1.1539e-120,1.1271e-120
3.9278e-121,6.0819e-121,7.2798e-121,8.0774e-121,7.8899e-121
2.7495e-121,4.2573e-121,5.0958e-121,5.6542e-121,5.523e-121
1.9246e-121,2.9801e-121,3.5671e-121,3.9579e-121,3.8661e-121
1.3472e-121,2.0861e-121,2.497e-121,2.7706e-121,2.7063e-121
9.4307e-122,1.4603e-121,1.7479e-121,1.9394e-121,1.8944e-121
6.6015e-122,1.0222e-121,1.2235e-121,1.3576e-121,1.3261e-121
4.621e-122,7.1552e-122,8.5646e-122,9.503e-122,9.2824e-122
3.2347e-122,5.0087e-122,5.9952e-122,6.6521e-122,6.4977e-122
2.2643e-122,3.5061e-122,4.1966e-122,4.6565e-122,4.5484e-122
1.585e-122,2.4542e-122,2.9376e-122,3.2595e-122,3.1839e-122
1.1095e-122,1.718e-122,2.0564e-122,2.2817e-122,2.2287e-122
7.7666e-123,1.2026e-122,1.4394e-122,1.5972e-122,1.5601e-122
5.4366e-123,8.4181e-123,1.0076e-122,1.118e-122,1.0921e-122
3.8056e-123,5.8926e-123,7.0533e-123,7.8261e-123,7.6445e-123
2.6639e-123,4.1249e-123,4.9373e-123,5.4783e-123,5.3511e-123
1.8648e-123,2.8874e-123,3.4561e-123,3.8348e-123,3.7458e-123
1.3053e-123,2.0212e-123,2.4193e-123,2.6844e-123,2.6221e-123
9.1373e-124,1.4148e-123,1.6935e-123,1.8791e-123,1.8354e-123
6.3961e-124,9.9038e-124,1.1854e-123,1.3153e-123,1.2848e-123
4.4773e-124,6.9326e-124,8.2981e-124,9.2074e-124,8.9937e-124
3.1341e-124,4.8528e-124,5.8087e-124,6.4452e-124,6.2956e-124
2.1939e-124,3.397e-124,4.0661e-124,4.5116e-124,4.4069e-124
1.5357e-124,2.3779e-124,2.8463e-124,3.1581e-124,3.0848e-124
1.075e-124,1.6645e-124,1.9924e-124,2.2107e-124,2.1594e-124
7.525e-125,1.1652e-124,1.3947e-124,1.5475e-124,1.5116e-124
5.2675e-125,8.1562e-125,9.7627e-125,1.0832e-124,1.0581e-124
3.6872e-125,5.7093e-125,6.8339e-125,7.5827e-125,7.4067e-125
2.5811e-125,3.9965e-125,4.7837e-125,5.3079e-125,5.1847e-125
1.8067e-125,2.7976e-125,3.3486e-125,3.7155e-125,3.6293e-125
1.2647e-125,1.9583e-125,2.344e-125,2.6009e-125,2.5405e-125
8.853e-126,1.3708e-125,1.6408e-125,1.8206e-125,1.7783e-125
6.1971e-126,9.5957e-126,1.1486e-125,1.2744e-125,1.2448e-125
4.338e-126,6.717e-126,8.04e-126,8.9209e-126,8.7139e-126
3.0366e-126,4.7019e-126,5.628e-126,6.2447e-126,6.0997e-126
2.1256e-126,3.2913e-126,3.9396e-126,4.3713e-126,4.2698e-126
1.4879e-126,2.3039e-126,2.7577e-126,3.0599e-126,2.9889e-126
1.0416e-126,1.6127e-126,1.9304e-126,2.1419e-126,2.0922e-126
7.2909e-127,1.1289e-126,1.3513e-126,1.4993e-126,1.4645e-126
5.1036e-127,7.9024e-127,9.4589e-127,1.0495e-126,1.0252e-126
3.5725e-127,5.5317e-127,6.6213e-127,7.3468e-127,7.1763e-127
2.5008e-127,3.8722e-127,4.6349e-127,5.1427e-127,5.0234e-127
1.7505e-127,2.7105e-127,3.2444e-127,3.5999e-127,3.5164e-127
1.2254e-127,1.8974e-127,2.2711e-127,2.5199e-127,2.4615e-127
8.5776e-128,1.3282e-127,1.5898e-127,1.764e-127,1.723e-127
6.0043e-128,9.2971e-128,1.1128e-127,1.2348e-127,1.2061e-127
4.203e-128,6.508e-128,7.7898e-128,8.6434e-128,8.4428e-128
2.9421e-128,4.5556e-128,5.4529e-128,6.0504e-128,5.91e-128
2.0595e-128,3.1889e-128,3.817e-128,4.2353e-128,4.137e-128
1.4416e-128,2.2322e-128,2.6719e-128,2.9647e-128,2.8959e-128
1.0091e-128,1.5626e-128,1.8703e-128,2.0753e-128,2.0271e-128
7.064e-129,1.0938e-128,1.3092e-128,1.4527e-128,1.419e-128
4.9448e-129,7.6566e-129,9.1647e-129,1.0169e-128,9.9329e-129
3.4614e-129,5.3596e-129,6.4153e-129,7.1182e-129,6.953e-129
2.423e-129,3.7517e-129,4.4907e-129,4.9828e-129,4.8671e-129
1.6961e-129,2.6262e-129,3.1435e-129,3.4879e-129,3.407e-129
1.1873e-129,1.8383e-129,2.2004e-129,2.4415e-129,2.3849e-129
8.3108e-130,1.2868e-129,1.5403e-129,1.7091e-129,1.6694e-129
5.8175e-130,9.0079e-130,1.0782e-129,1.1964e-129,1.1686e-129
4.0723e-130,6.3055e-130,7.5475e-130,8.3745e-130,8.1801e-130
2.8506e-130,4.4139e-130,5.2833e-130,5.8622e-130,5.7261e-130
1.9954e-130,3.0897e-130,3.6983e-130,4.1035e-130,4.0083e-130
1.3968e-130,2.1628e-130,2.5888e-130,2.8725e-130,2.8058e-130
9.7775e-131,1.514e-130,1.8122e-130,2.0107e-130,1.9641e-130
6.8443e-131,1.0598e-130,1.2685e-130,1.4075e-130,1.3748e-130
4.791e-131,7.4184e-131,8.8796e-131,9.8525e-131,9.6238e-131
3.3537e-131,5.1929e-131,6.2157e-131,6.8968e-131,6.7367e-131
2.3476e-131,3.635e-131,4.351e-131,4.8277e-131,4.7157e-131
1.6433e-131,2.5445e-131,3.0457e-131,3.3794e-131,3.301e-131
1.1503e-131,1.7812e-131,2.132e-131,2.3656e-131,2.3107e-131
8.0522e-132,1.2468e-131,1.4924e-131,1.6559e-131,1.6175e-131
5.6366e-132,8.7277e-132,1.0447e-131,1.1591e-131,1.1322e-131
3.9456e-132,6.1094e-132,7.3127e-132,8.114e-132,7.9257e-132
2.7619e-132,4.2766e-132,5.1189e-132,5.6798e-132,5.548e-132
1.9333e-132,2.9936e-132,3.5832e-132,3.9759e-132,3.8836e-132
1.3533e-132,2.0955e-132,2.5083e-132,2.7831e-132,2.7185e-132
9.4734e-133,1.4669e-132,1.7558e-132,1.9482e-132,1.9029e-132
6.6314e-133,1.0268e-132,1.229e-132,1.3637e-132,1.3321e-132
4.6419e-133,7.1876e-133,8.6033e-133,9.546e-133,9.3244e-133
3.2494e-133,5.0313e-133,6.0223e-133,6.6822e-133,6.5271e-133
2.2746e-133,3.5219e-133,4.2156e-133,4.6776e-133,4.569e-133
1.5922e-133,2.4654e-133,2.9509e-133,3.2743e-133,3.1983e-133
1.1145e-133,1.7257e-133,2.0657e-133,2.292e-133,2.2388e-133
7.8017e-134,1.208e-133,1.446e-133,1.6044e-133,1.5672e-133
5.4612e-134,8.4562e-134,1.0122e-133,1.1231e-133,1.097e-133
3.8228e-134,5.9193e-134,7.0852e-134,7.8616e-134,7.6791e-134
2.676e-134,4.1435e-134,4.9596e-134,5.5031e-134,5.3754e-134
1.8732e-134,2.9005e-134,3.4718e-134,3.8522e-134,3.7628e-134
1.3112e-134,2.0303e-134,2.4302e-134,2.6965e-134,2.6339e-134
9.1786e-135,1.4212e-134,1.7012e-134,1.8876e-134,1.8437e-134
6.4251e-135,9.9486e-135,1.1908e-134,1.3213e-134,1.2906e-134
4.4975e-135,6.964e-135,8.3357e-135,9.249e-135,9.0344e-135
3.1483e-135,4.8748e-135,5.835e-135,6.4743e-135,6.3241e-135
2.2038e-135,3.4124e-135,4.0845e-135,4.532e-135,4.4268e-135
1.5427e-135,2.3887e-135,2.8591e-135,3.1724e-135,3.0988e-135
1.0799e-135,1.6721e-135,2.0014e-135,2.2207e-135,2.1692e-135
7.559e-136,1.1704e-135,1.401e-135,1.5545e-135,1.5184e-135
5.2913e-136,8.1931e-136,9.8068e-136,1.0881e-135,1.0629e-135
3.7039e-136,5.7352e-136,6.8648e-136,7.617e-136,7.4402e-136
2.5927e-136,4.0146e-136,4.8053e-136,5.3319e-136,5.2081e-136
1.8149e-136,2.8102e-136,3.3637e-136,3.7323e-136,3.6457e-136
1.2704e-136,1.9672e-136,2.3546e-136,2.6126e-136,2.552e-136
8.8931e-137,1.377e-136,1.6482e-136,1.8288e-136,1.7864e-136
6.2252e-137,9.6391e-137,1.1538e-136,1.2802e-136,1.2505e-136
4.3576e-137,6.7474e-137,8.0764e-137,8.9613e-137,8.7533e-137
3.0503e-137,4.7232e-137,5.6534e-137,6.2729e-137,6.1273e-137
2.1352e-137,3.3062e-137,3.9574e-137,4.391e-137,4.2891e-137
1.4947e-137,2.3143e-137,2.7702e-137,3.0737e-137,3.0024e-137
1.0463e-137,1.62e-137,1.9391e-137,2.1516e-137,2.1017e-137
7.3239e-138,1.134e-137,1.3574e-137,1.5061e-137,1.4712e-137
5.1267e-138,7.9382e-138,9.5017e-138,1.0543e-137,1.0298e-137
3.5887e-138,5.5567e-138,6.6512e-138,7.38e-138,7.2087e-138
2.5121e-138,3.8897e-138,4.6559e-138,5.166e-138,5.0461e-138
1.7585e-138,2.7228e-138,3.2591e-138,3.6162e-138,3.5323e-138
1.2309e-138,1.906e-138,2.2814e-138,2.5313e-138,2.4726e-138
8.6164e-139,1.3342e-138,1.597e-138,1.7719e-138,1.7308e-138
6.0315e-139,9.3392e-139,1.1179e-138,1.2404e-138,1.2116e-138
4.2221e-139,6.5375e-139,7.8251e-139,8.6825e-139,8.481e-139
2.9554e-139,4.5762e-139,5.4776e-139,6.0778e-139,5.9367e-139
2.0688e-139,3.2034e-139,3.8343e-139,4.2544e-139,4.1557e-139
1.4482e-139,2.2423e-139,2.684e-139,2.9781e-139,2.909e-139
1.0137e-139,1.5696e-139,1.8788e-139,2.0847e-139,2.0363e-139
7.096e-140,1.0987e-139,1.3152e-139,1.4593e-139,1.4254e-139
4.9672e-140,7.6912e-140,9.2061e-140,1.0215e-139,9.9778e-140
3.477e-140,5.3839e-140,6.4443e-140,7.1504e-140,6.9845e-140
2.4339e-140,3.7687e-140,4.511e-140,5.0053e-140,4.8891e-140
1.7038e-140,2.6381e-140,3.1577e-140,3.5037e-140,3.4224e-140
1.1926e-140,1.8467e-140,2.2104e-140,2.4526e-140,2.3957e-140
8.3484e-141,1.2927e-140,1.5473e-140,1.7168e-140,1.677e-140
5.8439e-141,9.0487e-141,1.0831e-140,1.2018e-140,1.1739e-140
4.0907e-141,6.3341e-141,7.5817e-141,8.4124e-141,8.2172e-141
2.8635e-141,4.4339e-141,5.3072e-141,5.8887e-141,5.752e-141
2.0044e-141,3.1037e-141,3.715e-141,4.1221e-141,4.0264e-141
1.4031e-141,2.1726e-141,2.6005e-141,2.8855e-141,2.8185e-141
9.8218e-142,1.5208e-141,1.8204e-141,2.0198e-141,1.9729e-141
6.8753e-142,1.0646e-141,1.2742e-141,1.4139e-141,1.3811e-141
4.8127e-142,7.452e-142,8.9197e-142,9.8971e-142,9.6674e-142
3.3689e-142,5.2164e-142,6.2438e-142,6.928e-142,6.7672e-142
2.3582e-142,3.6515e-142,4.3707e-142,4.8496e-142,4.737e-142
1.6507e-142,2.556e-142,3.0595e-142,3.3947e-142,3.3159e-142
1.1555e-142,1.7892e-142,2.1416e-142,2.3763e-142,2.3211e-142
8.0887e-143,1.2525e-142,1.4991e-142,1.6634e-142,1.6248e-142
5.6621e-143,8.7672e-143,1.0494e-142,1.1644e-142,1.1374e-142
3.9634e-143,6.137e-143,7.3458e-143,8.1507e-143,7.9615e-143
2.7744e-143,4.2959e-143,5.1421e-143,5.7055e-143,5.5731e-143
1.9421e-143,3.0071e-143,3.5994e-143,3.9938e-143,3.9011e-143
1.3595e-143,2.105e-143,2.5196e-143,2.7957e-143,2.7308e-143
9.5162e-144,1.4735e-143,1.7637e-143,1.957e-143,1.9116e-143
6.6614e-144,1.0314e-143,1.2346e-143,1.3699e-143,1.3381e-143
4.663e-144,7.2201e-144,8.6423e-144,9.5892e-144,9.3666e-144
3.2641e-144,5.0541e-144,6.0496e-144,6.7125e-144,6.5567e-144
2.2848e-144,3.5379e-144,4.2347e-144,4.6987e-144,4.5897e-144
1.5994e-144,2.4765e-144,2.9643e-144,3.2891e-144,3.2128e-144
1.1196e-144,1.7336e-144,2.075e-144,2.3024e-144,2.2489e-144
7.837e-145,1.2135e-144,1.4525e-144,1.6117e-144,1.5743e-144
5.4859e-145,8.4944e-145,1.0168e-144,1.1282e-144,1.102e-144
3.8401e-145,5.9461e-145,7.1173e-145,7.8971e-145,7.7138e-145
2.6881e-145,4.1623e-145,4.9821e-145,5.528e-145,5.3997e-145
1.8817e-145,2.9136e-145,3.4875e-145,3.8696e-145,3.7798e-145
1.3172e-145,2.0395e-145,2.4412e-145,2.7087e-145,2.6458e-145
9.2202e-146,1.4277e-145,1.7089e-145,1.8961e-145,1.8521e-145
6.4541e-146,9.9936e-146,1.1962e-145,1.3273e-145,1.2965e-145
4.5179e-146,6.9955e-146,8.3734e-146,9.2909e-146,9.0752e-146
3.1625e-146,4.8969e-146,5.8614e-146,6.5036e-146,6.3527e-146
2.2138e-146,3.4278e-146,4.103e-146,4.5525e-146,4.4469e-146
1.5496e-146,2.3995e-146,2.8721e-146,3.1868e-146,3.1128e-146
1.0847e-146,1.6796e-146,2.0105e-146,2.2307e-146,2.179e-146
7.5932e-147,1.1757e-146,1.4073e-146,1.5615e-146,1.5253e-146
5.3153e-147,8.2302e-147,9.8512e-147,1.0931e-146,1.0677e-146
3.7207e-147,5.7611e-147,6.8958e-147,7.6515e-147,7.4739e-147
2.6045e-147,4.0328e-147,4.8271e-147,5.356e-147,5.2317e-147
1.8231e-147,2.8229e-147,3.379e-147,3.7492e-147,3.6622e-147
1.2762e-147,1.9761e-147,2.3653e-147,2.6244e-147,2.5635e-147
8.9333e-148,1.3832e-147,1.6557e-147,1.8371e-147,1.7945e-147
6.2533e-148,9.6827e-148,1.159e-147,1.286e-147,1.2561e-147
4.3773e-148,6.7779e-148,8.1129e-148,9.0019e-148,8.7929e-148
3.0641e-148,4.7445e-148,5.679e-148,6.3013e-148,6.155e-148
2.1449e-148,3.3212e-148,3.9753e-148,4.4109e-148,4.3085e-148
1.5014e-148,2.3248e-148,2.7827e-148,3.0876e-148,3.016e-148
1.051e-148,1.6274e-148,1.9479e-148,2.1613e-148,2.1112e-148
7.357e-149,1.1392e-148,1.3635e-148,1.5129e-148,1.4778e-148
5.1499e-149,7.9741e-149,9.5447e-149,1.0591e-148,1.0345e-148
3.6049e-149,5.5819e-149,6.6813e-149,7.4134e-149,7.2413e-149
2.5234e-149,3.9073e-149,4.6769e-149,5.1894e-149,5.0689e-149
1.7664e-149,2.7351e-149,3.2738e-149,3.6326e-149,3.5483e-149
1.2365e-149,1.9146e-149,2.2917e-149,2.5428e-149,2.4838e-149
8.6554e-150,1.3402e-149,1.6042e-149,1.78e-149,1.7386e-149
6.0588e-150,9.3815e-150,1.1229e-149,1.246e-149,1.2171e-149
4.2412e-150,6.567e-150,7.8605e-150,8.7218e-150,8.5194e-150
2.9688e-150,4.5969e-150,5.5024e-150,6.1053e-150,5.9636e-150
2.0782e-150,3.2178e-150,3.8516e-150,4.2737e-150,4.1745e-150
1.4547e-150,2.2525e-150,2.6962e-150,2.9916e-150,2.9221e-150
1.0183e-150,1.5767e-150,1.8873e-150,2.0941e-150,2.0455e-150
7.1281e-151,1.1037e-150,1.3211e-150,1.4659e-150,1.4319e-150
4.9897e-151,7.7261e-151,9.2478e-151,1.0261e-150,1.0023e-150
3.4928e-151,5.4082e-151,6.4735e-151,7.1828e-151,7.0161e-151
2.4449e-151,3.7858e-151,4.5314e-151,5.028e-151,4.9112e-151
1.7115e-151,2.65e-151,3.172e-151,3.5196e-151,3.4379e-151
1.198e-151,1.855e-151,2.2204e-151,2.4637e-151,2.4065e-151
8.3862e-152,1.2985e-151,1.5543e-151,1.7246e-151,1.6846e-151
5.8703e-152,9.0896e-152,1.088e-151,1.2072e-151,1.1792e-151
4.1092e-152,6.3627e-152,7.616e-152,8.4505e-152,8.2543e-152
2.8765e-152,4.4539e-152,5.3312e-152,5.9153e-152,5.778e-152
2.0135e-152,3.1177e-152,3.7318e-152,4.1407e-152,4.0446e-152
1.4095e-152,2.1824e-152,2.6123e-152,2.8985e-152,2.8312e-152
9.8662e-153,1.5277e-152,1.8286e-152,2.029e-152,1.9819e-152
6.9064e-153,1.0694e-152,1.28e-152,1.4203e-152,1.3873e-152
4.8345e-153,7.4857e-153,8.9601e-153,9.9419e-153,9.7111e-153
3.3841e-153,5.24e-153,6.2721e-153,6.9593e-153,6.7978e-153
2.3689e-153,3.668e-153,4.3905e-153,4.8715e-153,4.7585e-153
1.6582e-153,2.5676e-153,3.0733e-153,3.4101e-153,3.3309e-153
1.1608e-153,1.7973e-153,2.1513e-153,2.3871e-153,2.3316e-153
8.1253e-154,1.2581e-153,1.5059e-153,1.6709e-153,1.6322e-153
5.6877e-154,8.8068e-154,1.0541e-153,1.1697e-153,1.1425e-153
3.9814e-154,6.1648e-154,7.379e-154,8.1876e-154,7.9975e-154
2.787e-154,4.3154e-154,5.1653e-154,5.7313e-154,5.5983e-154
1.9509e-154,3.0207e-154,3.6157e-154,4.0119e-154,3.9188e-154
1.3656e-154,2.1145e-154,2.531e-154,2.8083e-154,2.7432e-154
9.5593e-155,1.4802e-154,1.7717e-154,1.9658e-154,1.9202e-154
6.6915e-155,1.0361e-154,1.2402e-154,1.3761e-154,1.3441e-154
4.6841e-155,7.2528e-155,8.6814e-155,9.6326e-155,9.409e-155
3.2788e-155,5.077e-155,6.077e-155,6.7428e-155,6.5863e-155
2.2952e-155,3.5539e-155,4.2539e-155,4.72e-155,4.6104e-155
1.6066e-155,2.4877e-155,2.9777e-155,3.304e-155,3.2273e-155
1.1246e-155,1.7414e-155,2.0844e-155,2.3128e-155,2.2591e-155
7.8725e-156,1.219e-155,1.4591e-155,1.619e-155,1.5814e-155
5.5107e-156,8.5329e-156,1.0214e-155,1.1333e-155,1.107e-155
3.8575e-156,5.973e-156,7.1495e-156,7.9329e-156,7.7487e-156
2.7003e-156,4.1811e-156,5.0046e-156,5.553e-156,5.4241e-156
1.8902e-156,2.9268e-156,3.5032e-156,3.8871e-156,3.7969e-156
1.3231e-156,2.0487e-156,2.4523e-156,2.721e-156,2.6578e-156
