0.1,0.2,0.3,0.5,0.6
0.1,0.075,0.1025,0.1125,0.085
0.036788,0.045498,0.042305,0.042442,0.047461
0.022159,0.018987,0.021017,0.021431,0.019019
0.009321,0.010561,0.0098996,0.0098082,0.01066
0.0052489,0.0047589,0.0050403,0.005087,0.0047365
0.0023626,0.0025591,0.0024493,0.0024323,0.0025706
0.0012791,0.0012001,0.0012447,0.0012518,0.0011958
0.00059826,0.00063017,0.00061223,0.00060939,0.00063194
0.00031533,0.00030244,0.0003097,0.00031085,0.00030173
0.000151,0.00015621,0.00015328,0.00015281,0.0001565
7.8163e-05,7.6057e-05,7.7243e-05,7.7431e-05,7.594e-05
3.7996e-05,3.8848e-05,3.8369e-05,3.8293e-05,3.8895e-05
1.9435e-05,1.9091e-05,1.9285e-05,1.9315e-05,1.9072e-05
9.5403e-06,9.6798e-06,9.6013e-06,9.5889e-06,9.6875e-06
4.8418e-06,4.7854e-06,4.8171e-06,4.8221e-06,4.7823e-06
2.3919e-06,2.4147e-06,2.4019e-06,2.3998e-06,2.416e-06
1.2077e-06,1.1984e-06,1.2036e-06,1.2045e-06,1.1979e-06
5.9909e-07,6.0282e-07,6.0072e-07,6.0039e-07,6.0303e-07
3.0146e-07,2.9995e-07,3.008e-07,3.0094e-07,2.9987e-07
1.4996e-07,1.5057e-07,1.5022e-07,1.5017e-07,1.506e-07
7.5292e-08,7.5045e-08,7.5184e-08,7.5206e-08,7.5031e-08
3.7519e-08,3.7619e-08,3.7563e-08,3.7554e-08,3.7624e-08
1.8811e-08,1.877e-08,1.8793e-08,1.8797e-08,1.8768e-08
9.3846e-09,9.401e-09,9.3918e-09,9.3903e-09,9.4019e-09
4.7007e-09,4.6941e-09,4.6978e-09,4.6984e-09,4.6937e-09
2.347e-09,2.3496e-09,2.3481e-09,2.3479e-09,2.3498e-09
1.1749e-09,1.1738e-09,1.1744e-09,1.1745e-09,1.1737e-09
5.8687e-10,5.8731e-10,5.8706e-10,5.8702e-10,5.8733e-10
2.9366e-10,2.9348e-10,2.9358e-10,2.936e-10,2.9347e-10
1.4674e-10,1.4681e-10,1.4677e-10,1.4676e-10,1.4681e-10
7.3406e-11,7.3377e-11,7.3394e-11,7.3396e-11,7.3376e-11
3.6688e-11,3.67e-11,3.6693e-11,3.6692e-11,3.6701e-11
1.835e-11,1.8345e-11,1.8348e-11,1.8349e-11,1.8345e-11
9.1726e-12,9.1746e-12,9.1735e-12,9.1733e-12,9.1747e-12
4.5873e-12,4.5865e-12,4.587e-12,4.587e-12,4.5865e-12
2.2933e-12,2.2936e-12,2.2934e-12,2.2934e-12,2.2936e-12
1.1468e-12,1.1467e-12,1.1467e-12,1.1467e-12,1.1467e-12
5.7333e-13,5.7338e-13,5.7335e-13,5.7335e-13,5.7338e-13
2.8669e-13,2.8667e-13,2.8668e-13,2.8668e-13,2.8667e-13
1.4333e-13,1.4334e-13,1.4334e-13,1.4334e-13,1.4334e-13
7.1672e-14,7.1668e-14,7.167e-14,7.1671e-14,7.1668e-14
3.5834e-14,3.5835e-14,3.5835e-14,3.5835e-14,3.5836e-14
1.7918e-14,1.7917e-14,1.7918e-14,1.7918e-14,1.7917e-14
8.9586e-15,8.9588e-15,8.9587e-15,8.9587e-15,8.9588e-15
4.4794e-15,4.4793e-15,4.4794e-15,4.4794e-15,4.4793e-15
2.2397e-15,2.2397e-15,2.2397e-15,2.2397e-15,2.2397e-15
1.1198e-15,1.1198e-15,1.1198e-15,1.1198e-15,1.1198e-15
5.5992e-16,5.5992e-16,5.5992e-16,5.5992e-16,5.5992e-16
2.7996e-16,2.7996e-16,2.7996e-16,2.7996e-16,2.7996e-16
1.3998e-16,1.3998e-16,1.3998e-16,1.3998e-16,1.3998e-16
6.999e-17,6.999e-17,6.999e-17,6.999e-17,6.999e-17
3.4995e-17,3.4995e-17,3.4995e-17,3.4995e-17,3.4995e-17
1.7498e-17,1.7497e-17,1.7498e-17,1.7498e-17,1.7497e-17
8.7487e-18,8.7488e-18,8.7488e-18,8.7487e-18,8.7488e-18
4.3744e-18,4.3744e-18,4.3744e-18,4.3744e-18,4.3744e-18
2.1872e-18,2.1872e-18,2.1872e-18,2.1872e-18,2.1872e-18
1.0936e-18,1.0936e-18,1.0936e-18,1.0936e-18,1.0936e-18
5.468e-19,5.468e-19,5.468e-19,5.468e-19,5.468e-19
2.734e-19,2.734e-19,2.734e-19,2.734e-19,2.734e-19
1.367e-19,1.367e-19,1.367e-19,1.367e-19,1.367e-19
6.835e-20,6.835e-20,6.835e-20,6.835e-20,6.835e-20
3.4175e-20,3.4175e-20,3.4175e-20,3.4175e-20,3.4175e-20
1.7087e-20,1.7087e-20,1.7087e-20,1.7087e-20,1.7087e-20
8.5437e-21,8.5437e-21,8.5437e-21,8.5437e-21,8.5437e-21
4.2719e-21,4.2719e-21,4.2719e-21,4.2719e-21,4.2719e-21
2.1359e-21,2.1359e-21,2.1359e-21,2.1359e-21,2.1359e-21
1.068e-21,1.068e-21,1.068e-21,1.068e-21,1.068e-21
5.3398e-22,5.3398e-22,5.3398e-22,5.3398e-22,5.3398e-22
2.6699e-22,2.6699e-22,2.6699e-22,2.6699e-22,2.6699e-22
1.335e-22,1.335e-22,1.335e-22,1.335e-22,1.335e-22
6.6748e-23,6.6748e-23,6.6748e-23,6.6748e-23,6.6748e-23
3.3374e-23,3.3374e-23,3.3374e-23,3.3374e-23,3.3374e-23
1.6687e-23,1.6687e-23,1.6687e-23,1.6687e-23,1.6687e-23
8.3435e-24,8.3435e-24,8.3435e-24,8.3435e-24,8.3435e-24
4.1717e-24,4.1717e-24,4.1717e-24,4.1717e-24,4.1717e-24
2.0859e-24,2.0859e-24,2.0859e-24,2.0859e-24,2.0859e-24
1.0429e-24,1.0429e-24,1.0429e-24,1.0429e-24,1.0429e-24
5.2147e-25,5.2147e-25,5.2147e-25,5.2147e-25,5.2147e-25
2.6073e-25,2.6073e-25,2.6073e-25,2.6073e-25,2.6073e-25
1.3037e-25,1.3037e-25,1.3037e-25,1.3037e-25,1.3037e-25
6.5183e-26,6.5183e-26,6.5183e-26,6.5183e-26,6.5183e-26
3.2592e-26,3.2592e-26,3.2592e-26,3.2592e-26,3.2592e-26
1.6296e-26,1.6296e-26,1.6296e-26,1.6296e-26,1.6296e-26
8.1479e-27,8.1479e-27,8.1479e-27,8.1479e-27,8.1479e-27
4.074e-27,4.074e-27,4.074e-27,4.074e-27,4.074e-27
2.037e-27,2.037e-27,2.037e-27,2.037e-27,2.037e-27
1.0185e-27,1.0185e-27,1.0185e-27,1.0185e-27,1.0185e-27
5.0924e-28,5.0924e-28,5.0924e-28,5.0924e-28,5.0924e-28
2.5462e-28,2.5462e-28,2.5462e-28,2.5462e-28,2.5462e-28
1.2731e-28,1.2731e-28,1.2731e-28,1.2731e-28,1.2731e-28
6.3656e-29,6.3656e-29,6.3656e-29,6.3656e-29,6.3656e-29
3.1828e-29,3.1828e-29,3.1828e-29,3.1828e-29,3.1828e-29
1.5914e-29,1.5914e-29,1.5914e-29,1.5914e-29,1.5914e-29
7.9569e-30,7.9569e-30,7.9569e-30,7.9569e-30,7.9569e-30
3.9785e-30,3.9785e-30,3.9785e-30,3.9785e-30,3.9785e-30
1.9892e-30,1.9892e-30,1.9892e-30,1.9892e-30,1.9892e-30
9.9462e-31,9.9462e-31,9.9462e-31,9.9462e-31,9.9462e-31
4.9731e-31,4.9731e-31,4.9731e-31,4.9731e-31,4.9731e-31
2.4865e-31,2.4865e-31,2.4865e-31,2.4865e-31,2.4865e-31
1.2433e-31,1.2433e-31,1.2433e-31,1.2433e-31,1.2433e-31
6.2164e-32,6.2164e-32,6.2164e-32,6.2164e-32,6.2164e-32
3.1082e-32,3.1082e-32,3.1082e-32,3.1082e-32,3.1082e-32
1.5541e-32,1.5541e-32,1.5541e-32,1.5541e-32,1.5541e-32
7.7705e-33,7.7705e-33,7.7705e-33,7.7705e-33,7.7705e-33
3.8852e-33,3.8852e-33,3.8852e-33,3.8852e-33,3.8852e-33
1.9426e-33,1.9426e-33,1.9426e-33,1.9426e-33,1.9426e-33
9.7131e-34,9.7131e-34,9.7131e-34,9.7131e-34,9.7131e-34
4.8565e-34,4.8565e-34,4.8565e-34,4.8565e-34,4.8565e-34
2.4283e-34,2.4283e-34,2.4283e-34,2.4283e-34,2.4283e-34
1.2141e-34,1.2141e-34,1.2141e-34,1.2141e-34,1.2141e-34
6.0707e-35,6.0707e-35,6.0707e-35,6.0707e-35,6.0707e-35
3.0353e-35,3.0353e-35,3.0353e-35,3.0353e-35,3.0353e-35
1.5177e-35,1.5177e-35,1.5177e-35,1.5177e-35,1.5177e-35
7.5883e-36,7.5883e-36,7.5883e-36,7.5883e-36,7.5883e-36
3.7942e-36,3.7942e-36,3.7942e-36,3.7942e-36,3.7942e-36
1.8971e-36,1.8971e-36,1.8971e-36,1.8971e-36,1.8971e-36
9.4854e-37,9.4854e-37,9.4854e-37,9.4854e-37,9.4854e-37
4.7427e-37,4.7427e-37,4.7427e-37,4.7427e-37,4.7427e-37
2.3714e-37,2.3714e-37,2.3714e-37,2.3714e-37,2.3714e-37
1.1857e-37,1.1857e-37,1.1857e-37,1.1857e-37,1.1857e-37
5.9284e-38,5.9284e-38,5.9284e-38,5.9284e-38,5.9284e-38
2.9642e-38,2.9642e-38,2.9642e-38,2.9642e-38,2.9642e-38
1.4821e-38,1.4821e-38,1.4821e-38,1.4821e-38,1.4821e-38
7.4105e-39,7.4105e-39,7.4105e-39,7.4105e-39,7.4105e-39
3.7052e-39,3.7052e-39,3.7052e-39,3.7052e-39,3.7052e-39
1.8526e-39,1.8526e-39,1.8526e-39,1.8526e-39,1.8526e-39
9.2631e-40,9.2631e-40,9.2631e-40,9.2631e-40,9.2631e-40
4.6316e-40,4.6316e-40,4.6316e-40,4.6316e-40,4.6316e-40
2.3158e-40,2.3158e-40,2.3158e-40,2.3158e-40,2.3158e-40
1.1579e-40,1.1579e-40,1.1579e-40,1.1579e-40,1.1579e-40
5.7894e-41,5.7894e-41,5.7894e-41,5.7894e-41,5.7894e-41
2.8947e-41,2.8947e-41,2.8947e-41,2.8947e-41,2.8947e-41
1.4474e-41,1.4474e-41,1.4474e-41,1.4474e-41,1.4474e-41
7.2368e-42,7.2368e-42,7.2368e-42,7.2368e-42,7.2368e-42
3.6184e-42,3.6184e-42,3.6184e-42,3.6184e-42,3.6184e-42
1.8092e-42,1.8092e-42,1.8092e-42,1.8092e-42,1.8092e-42
9.046e-43,9.046e-43,9.046e-43,9.046e-43,9.046e-43
4.523e-43,4.523e-43,4.523e-43,4.523e-43,4.523e-43
2.2615e-43,2.2615e-43,2.2615e-43,2.2615e-43,2.2615e-43
1.1308e-43,1.1308e-43,1.1308e-43,1.1308e-43,1.1308e-43
5.6538e-44,5.6538e-44,5.6538e-44,5.6538e-44,5.6538e-44
2.8269e-44,2.8269e-44,2.8269e-44,2.8269e-44,2.8269e-44
1.4134e-44,1.4134e-44,1.4134e-44,1.4134e-44,1.4134e-44
7.0672e-45,7.0672e-45,7.0672e-45,7.0672e-45,7.0672e-45
3.5336e-45,3.5336e-45,3.5336e-45,3.5336e-45,3.5336e-45
1.7668e-45,1.7668e-45,1.7668e-45,1.7668e-45,1.7668e-45
8.834e-46,8.834e-46,8.834e-46,8.834e-46,8.834e-46
4.417e-46,4.417e-46,4.417e-46,4.417e-46,4.417e-46
2.2085e-46,2.2085e-46,2.2085e-46,2.2085e-46,2.2085e-46
1.1042e-46,1.1042e-46,1.1042e-46,1.1042e-46,1.1042e-46
5.5212e-47,5.5212e-47,5.5212e-47,5.5212e-47,5.5212e-47
2.7606e-47,2.7606e-47,2.7606e-47,2.7606e-47,2.7606e-47
1.3803e-47,1.3803e-47,1.3803e-47,1.3803e-47,1.3803e-47
6.9016e-48,6.9016e-48,6.9016e-48,6.9016e-48,6.9016e-48
3.4508e-48,3.4508e-48,3.4508e-48,3.4508e-48,3.4508e-48
1.7254e-48,1.7254e-48,1.7254e-48,1.7254e-48,1.7254e-48
8.6269e-49,8.6269e-49,8.6269e-49,8.6269e-49,8.6269e-49
4.3135e-49,4.3135e-49,4.3135e-49,4.3135e-49,4.3135e-49
2.1567e-49,2.1567e-49,2.1567e-49,2.1567e-49,2.1567e-49
1.0784e-49,1.0784e-49,1.0784e-49,1.0784e-49,1.0784e-49
5.3918e-50,5.3918e-50,5.3918e-50,5.3918e-50,5.3918e-50
2.6959e-50,2.6959e-50,2.6959e-50,2.6959e-50,2.6959e-50
1.348e-50,1.348e-50,1.348e-50,1.348e-50,1.348e-50
6.7398e-51,6.7398e-51,6.7398e-51,6.7398e-51,6.7398e-51
3.3699e-51,3.3699e-51,3.3699e-51,3.3699e-51,3.3699e-51
1.6849e-51,1.6849e-51,1.6849e-51,1.6849e-51,1.6849e-51
8.4247e-52,8.4247e-52,8.4247e-52,8.4247e-52,8.4247e-52
4.2124e-52,4.2124e-52,4.2124e-52,4.2124e-52,4.2124e-52
2.1062e-52,2.1062e-52,2.1062e-52,2.1062e-52,2.1062e-52
1.0531e-52,1.0531e-52,1.0531e-52,1.0531e-52,1.0531e-52
5.2655e-53,5.2655e-53,5.2655e-53,5.2655e-53,5.2655e-53
2.6327e-53,2.6327e-53,2.6327e-53,2.6327e-53,2.6327e-53
1.3164e-53,1.3164e-53,1.3164e-53,1.3164e-53,1.3164e-53
6.5818e-54,6.5818e-54,6.5818e-54,6.5818e-54,6.5818e-54
3.2909e-54,3.2909e-54,3.2909e-54,3.2909e-54,3.2909e-54
1.6455e-54,1.6455e-54,1.6455e-54,1.6455e-54,1.6455e-54
8.2273e-55,8.2273e-55,8.2273e-55,8.2273e-55,8.2273e-55
4.1136e-55,4.1136e-55,4.1136e-55,4.1136e-55,4.1136e-55
2.0568e-55,2.0568e-55,2.0568e-55,2.0568e-55,2.0568e-55
1.0284e-55,1.0284e-55,1.0284e-55,1.0284e-55,1.0284e-55
5.1421e-56,5.1421e-56,5.1421e-56,5.1421e-56,5.1421e-56
2.571e-56,2.571e-56,2.571e-56,2.571e-56,2.571e-56
1.2855e-56,1.2855e-56,1.2855e-56,1.2855e-56,1.2855e-56
6.4276e-57,6.4276e-57,6.4276e-57,6.4276e-57,6.4276e-57
3.2138e-57,3.2138e-57,3.2138e-57,3.2138e-57,3.2138e-57
1.6069e-57,1.6069e-57,1.6069e-57,1.6069e-57,1.6069e-57
8.0345e-58,8.0345e-58,8.0345e-58,8.0345e-58,8.0345e-58
4.0172e-58,4.0172e-58,4.0172e-58,4.0172e-58,4.0172e-58
2.0086e-58,2.0086e-58,2.0086e-58,2.0086e-58,2.0086e-58
1.0043e-58,1.0043e-58,1.0043e-58,1.0043e-58,1.0043e-58
5.0215e-59,5.0215e-59,5.0215e-59,5.0215e-59,5.0215e-59
2.5108e-59,2.5108e-59,2.5108e-59,2.5108e-59,2.5108e-59
1.2554e-59,1.2554e-59,1.2554e-59,1.2554e-59,1.2554e-59
6.2769e-60,6.2769e-60,6.2769e-60,6.2769e-60,6.2769e-60
3.1385e-60,3.1385e-60,3.1385e-60,3.1385e-60,3.1385e-60
1.5692e-60,1.5692e-60,1.5692e-60,1.5692e-60,1.5692e-60
7.8462e-61,7.8462e-61,7.8462e-61,7.8462e-61,7.8462e-61
3.9231e-61,3.9231e-61,3.9231e-61,3.9231e-61,3.9231e-61
1.9615e-61,1.9615e-61,1.9615e-61,1.9615e-61,1.9615e-61
9.8077e-62,9.8077e-62,9.8077e-62,9.8077e-62,9.8077e-62
4.9038e-62,4.9038e-62,4.9038e-62,4.9038e-62,4.9038e-62
2.4519e-62,2.4519e-62,2.4519e-62,2.4519e-62,2.4519e-62
1.226e-62,1.226e-62,1.226e-62,1.226e-62,1.226e-62
6.1298e-63,6.1298e-63,6.1298e-63,6.1298e-63,6.1298e-63
3.0649e-63,3.0649e-63,3.0649e-63,3.0649e-63,3.0649e-63
1.5325e-63,1.5325e-63,1.5325e-63,1.5325e-63,1.5325e-63
7.6623e-64,7.6623e-64,7.6623e-64,7.6623e-64,7.6623e-64
3.8311e-64,3.8311e-64,3.8311e-64,3.8311e-64,3.8311e-64
1.9156e-64,1.9156e-64,1.9156e-64,1.9156e-64,1.9156e-64
9.5778e-65,9.5778e-65,9.5778e-65,9.5778e-65,9.5778e-65
4.7889e-65,4.7889e-65,4.7889e-65,4.7889e-65,4.7889e-65
2.3945e-65,2.3945e-65,2.3945e-65,2.3945e-65,2.3945e-65
1.1972e-65,1.1972e-65,1.1972e-65,1.1972e-65,1.1972e-65
5.9861e-66,5.9861e-66,5.9861e-66,5.9861e-66,5.9861e-66
2.9931e-66,2.9931e-66,2.9931e-66,2.9931e-66,2.9931e-66
1.4965e-66,1.4965e-66,1.4965e-66,1.4965e-66,1.4965e-66
7.4827e-67,7.4827e-67,7.4827e-67,7.4827e-67,7.4827e-67
3.7413e-67,3.7413e-67,3.7413e-67,3.7413e-67,3.7413e-67
1.8707e-67,1.8707e-67,1.8707e-67,1.8707e-67,1.8707e-67
9.3533e-68,9.3533e-68,9.3533e-68,9.3533e-68,9.3533e-68
4.6767e-68,4.6767e-68,4.6767e-68,4.6767e-68,4.6767e-68
2.3383e-68,2.3383e-68,2.3383e-68,2.3383e-68,2.3383e-68
1.1692e-68,1.1692e-68,1.1692e-68,1.1692e-68,1.1692e-68
5.8458e-69,5.8458e-69,5.8458e-69,5.8458e-69,5.8458e-69
2.9229e-69,2.9229e-69,2.9229e-69,2.9229e-69,2.9229e-69
1.4615e-69,1.4615e-69,1.4615e-69,1.4615e-69,1.4615e-69
7.3073e-70,7.3073e-70,7.3073e-70,7.3073e-70,7.3073e-70
3.6537e-70,3.6537e-70,3.6537e-70,3.6537e-70,3.6537e-70
1.8268e-70,1.8268e-70,1.8268e-70,1.8268e-70,1.8268e-70
9.1341e-71,9.1341e-71,9.1341e-71,9.1341e-71,9.1341e-71
4.5671e-71,4.5671e-71,4.5671e-71,4.5671e-71,4.5671e-71
2.2835e-71,2.2835e-71,2.2835e-71,2.2835e-71,2.2835e-71
1.1418e-71,1.1418e-71,1.1418e-71,1.1418e-71,1.1418e-71
5.7088e-72,5.7088e-72,5.7088e-72,5.7088e-72,5.7088e-72
2.8544e-72,2.8544e-72,2.8544e-72,2.8544e-72,2.8544e-72
1.4272e-72,1.4272e-72,1.4272e-72,1.4272e-72,1.4272e-72
7.136e-73,7.136e-73,7.136e-73,7.136e-73,7.136e-73
3.568e-73,3.568e-73,3.568e-73,3.568e-73,3.568e-73
1.784e-73,1.784e-73,1.784e-73,1.784e-73,1.784e-73
8.92e-74,8.92e-74,8.92e-74,8.92e-74,8.92e-74
4.46e-74,4.46e-74,4.46e-74,4.46e-74,4.46e-74
2.23e-74,2.23e-74,2.23e-74,2.23e-74,2.23e-74
1.115e-74,1.115e-74,1.115e-74,1.115e-74,1.115e-74
5.575e-75,5.575e-75,5.575e-75,5.575e-75,5.575e-75
2.7875e-75,2.7875e-75,2.7875e-75,2.7875e-75,2.7875e-75
1.3938e-75,1.3938e-75,1.3938e-75,1.3938e-75,1.3938e-75
6.9688e-76,6.9688e-76,6.9688e-76,6.9688e-76,6.9688e-76
3.4844e-76,3.4844e-76,3.4844e-76,3.4844e-76,3.4844e-76
1.7422e-76,1.7422e-76,1.7422e-76,1.7422e-76,1.7422e-76
8.711e-77,8.711e-77,8.711e-77,8.711e-77,8.711e-77
4.3555e-77,4.3555e-77,4.3555e-77,4.3555e-77,4.3555e-77
2.1777e-77,2.1777e-77,2.1777e-77,2.1777e-77,2.1777e-77
1.0889e-77,1.0889e-77,1.0889e-77,1.0889e-77,1.0889e-77
5.4444e-78,5.4444e-78,5.4444e-78,5.4444e-78,5.4444e-78
2.7222e-78,2.7222e-78,2.7222e-78,2.7222e-78,2.7222e-78
1.3611e-78,1.3611e-78,1.3611e-78,1.3611e-78,1.3611e-78
6.8055e-79,6.8055e-79,6.8055e-79,6.8055e-79,6.8055e-79
3.4027e-79,3.4027e-79,3.4027e-79,3.4027e-79,3.4027e-79
1.7014e-79,1.7014e-79,1.7014e-79,1.7014e-79,1.7014e-79
8.5068e-80,8.5068e-80,8.5068e-80,8.5068e-80,8.5068e-80
4.2534e-80,4.2534e-80,4.2534e-80,4.2534e-80,4.2534e-80
2.1267e-80,2.1267e-80,2.1267e-80,2.1267e-80,2.1267e-80
1.0634e-80,1.0634e-80,1.0634e-80,1.0634e-80,1.0634e-80
5.3168e-81,5.3168e-81,5.3168e-81,5.3168e-81,5.3168e-81
2.6584e-81,2.6584e-81,2.6584e-81,2.6584e-81,2.6584e-81
1.3292e-81,1.3292e-81,1.3292e-81,1.3292e-81,1.3292e-81
6.646e-82,6.646e-82,6.646e-82,6.646e-82,6.646e-82
3.323e-82,3.323e-82,3.323e-82,3.323e-82,3.323e-82
1.6615e-82,1.6615e-82,1.6615e-82,1.6615e-82,1.6615e-82
8.3074e-83,8.3074e-83,8.3074e-83,8.3074e-83,8.3074e-83
4.1537e-83,4.1537e-83,4.1537e-83,4.1537e-83,4.1537e-83
2.0769e-83,2.0769e-83,2.0769e-83,2.0769e-83,2.0769e-83
1.0384e-83,1.0384e-83,1.0384e-83,1.0384e-83,1.0384e-83
5.1922e-84,5.1922e-84,5.1922e-84,5.1922e-84,5.1922e-84
2.5961e-84,2.5961e-84,2.5961e-84,2.5961e-84,2.5961e-84
1.298e-84,1.298e-84,1.298e-84,1.298e-84,1.298e-84
6.4902e-85,6.4902e-85,6.4902e-85,6.4902e-85,6.4902e-85
3.2451e-85,3.2451e-85,3.2451e-85,3.2451e-85,3.2451e-85
1.6225e-85,1.6225e-85,1.6225e-85,1.6225e-85,1.6225e-85
8.1127e-86,8.1127e-86,8.1127e-86,8.1127e-86,8.1127e-86
4.0564e-86,4.0564e-86,4.0564e-86,4.0564e-86,4.0564e-86
2.0282e-86,2.0282e-86,2.0282e-86,2.0282e-86,2.0282e-86
1.0141e-86,1.0141e-86,1.0141e-86,1.0141e-86,1.0141e-86
5.0705e-87,5.0705e-87,5.0705e-87,5.0705e-87,5.0705e-87
2.5352e-87,2.5352e-87,2.5352e-87,2.5352e-87,2.5352e-87
1.2676e-87,1.2676e-87,1.2676e-87,1.2676e-87,1.2676e-87
6.3381e-88,6.3381e-88,6.3381e-88,6.3381e-88,6.3381e-88
3.169e-88,3.169e-88,3.169e-88,3.169e-88,3.169e-88
1.5845e-88,1.5845e-88,1.5845e-88,1.5845e-88,1.5845e-88
7.9226e-89,7.9226e-89,7.9226e-89,7.9226e-89,7.9226e-89
3.9613e-89,3.9613e-89,3.9613e-89,3.9613e-89,3.9613e-89
1.9806e-89,1.9806e-89,1.9806e-89,1.9806e-89,1.9806e-89
9.9032e-90,9.9032e-90,9.9032e-90,9.9032e-90,9.9032e-90
4.9516e-90,4.9516e-90,4.9516e-90,4.9516e-90,4.9516e-90
2.4758e-90,2.4758e-90,2.4758e-90,2.4758e-90,2.4758e-90
1.2379e-90,1.2379e-90,1.2379e-90,1.2379e-90,1.2379e-90
6.1895e-91,6.1895e-91,6.1895e-91,6.1895e-91,6.1895e-91
3.0948e-91,3.0948e-91,3.0948e-91,3.0948e-91,3.0948e-91
1.5474e-91,1.5474e-91,1.5474e-91,1.5474e-91,1.5474e-91
7.7369e-92,7.7369e-92,7.7369e-92,7.7369e-92,7.7369e-92
3.8685e-92,3.8685e-92,3.8685e-92,3.8685e-92,3.8685e-92
1.9342e-92,1.9342e-92,1.9342e-92,1.9342e-92,1.9342e-92
9.6711e-93,9.6711e-93,9.6711e-93,9.6711e-93,9.6711e-93
4.8356e-93,4.8356e-93,4.8356e-93,4.8356e-93,4.8356e-93
2.4178e-93,2.4178e-93,2.4178e-93,2.4178e-93,2.4178e-93
1.2089e-93,1.2089e-93,1.2089e-93,1.2089e-93,1.2089e-93
6.0445e-94,6.0445e-94,6.0445e-94,6.0445e-94,6.0445e-94
3.0222e-94,3.0222e-94,3.0222e-94,3.0222e-94,3.0222e-94
1.5111e-94,1.5111e-94,1.5111e-94,1.5111e-94,1.5111e-94
7.5556e-95,7.5556e-95,7.5556e-95,7.5556e-95,7.5556e-95
3.7778e-95,3.7778e-95,3.7778e-95,3.7778e-95,3.7778e-95
1.8889e-95,1.8889e-95,1.8889e-95,1.8889e-95,1.8889e-95
9.4445e-96,9.4445e-96,9.4445e-96,9.4445e-96,9.4445e-96
4.7222e-96,4.7222e-96,4.7222e-96,4.7222e-96,4.7222e-96
2.3611e-96,2.3611e-96,2.3611e-96,2.3611e-96,2.3611e-96
1.1806e-96,1.1806e-96,1.1806e-96,1.1806e-96,1.1806e-96
5.9028e-97,5.9028e-97,5.9028e-97,5.9028e-97,5.9028e-97
2.9514e-97,2.9514e-97,2.9514e-97,2.9514e-97,2.9514e-97
1.4757e-97,1.4757e-97,1.4757e-97,1.4757e-97,1.4757e-97
7.3785e-98,7.3785e-98,7.3785e-98,7.3785e-98,7.3785e-98
3.6892e-98,3.6892e-98,3.6892e-98,3.6892e-98,3.6892e-98
1.8446e-98,1.8446e-98,1.8446e-98,1.8446e-98,1.8446e-98
9.2231e-99,9.2231e-99,9.2231e-99,9.2231e-99,9.2231e-99
4.6116e-99,4.6116e-99,4.6116e-99,4.6116e-99,4.6116e-99
2.3058e-99,2.3058e-99,2.3058e-99,2.3058e-99,2.3058e-99
1.1529e-99,1.1529e-99,1.1529e-99,1.1529e-99,1.1529e-99
5.7644e-100,5.7644e-100,5.7644e-100,5.7644e-100,5.7644e-100
2.8822e-100,2.8822e-100,2.8822e-100,2.8822e-100,2.8822e-100
1.4411e-100,1.4411e-100,1.4411e-100,1.4411e-100,1.4411e-100
7.2056e-101,7.2056e-101,7.2056e-101,7.2056e-101,7.2056e-101
3.6028e-101,3.6028e-101,3.6028e-101,3.6028e-101,3.6028e-101
1.8014e-101,1.8014e-101,1.8014e-101,1.8014e-101,1.8014e-101
9.0069e-102,9.0069e-102,9.0069e-102,9.0069e-102,9.0069e-102
4.5035e-102,4.5035e-102,4.5035e-102,4.5035e-102,4.5035e-102
2.2517e-102,2.2517e-102,2.2517e-102,2.2517e-102,2.2517e-102
1.1259e-102,1.1259e-102,1.1259e-102,1.1259e-102,1.1259e-102
5.6293e-103,5.6293e-103,5.6293e-103,5.6293e-103,5.6293e-103
2.8147e-103,2.8147e-103,2.8147e-103,2.8147e-103,2.8147e-103
1.4073e-103,1.4073e-103,1.4073e-103,1.4073e-103,1.4073e-103
7.0367e-104,7.0367e-104,7.0367e-104,7.0367e-104,7.0367e-104
3.5183e-104,3.5183e-104,3.5183e-104,3.5183e-104,3.5183e-104
1.7592e-104,1.7592e-104,1.7592e-104,1.7592e-104,1.7592e-104
8.7958e-105,8.7958e-105,8.7958e-105,8.7958e-105,8.7958e-105
4.3979e-105,4.3979e-105,4.3979e-105,4.3979e-105,4.3979e-105
2.199e-105,2.199e-105,2.199e-105,2.199e-105,2.199e-105
1.0995e-105,1.0995e-105,1.0995e-105,1.0995e-105,1.0995e-105
5.4974e-106,5.4974e-106,5.4974e-106,5.4974e-106,5.4974e-106
2.7487e-106,2.7487e-106,2.7487e-106,2.7487e-106,2.7487e-106
1.3744e-106,1.3744e-106,1.3744e-106,1.3744e-106,1.3744e-106
6.8718e-107,6.8718e-107,6.8718e-107,6.8718e-107,6.8718e-107
3.4359e-107,3.4359e-107,3.4359e-107,3.4359e-107,3.4359e-107
1.7179e-107,1.7179e-107,1.7179e-107,1.7179e-107,1.7179e-107
8.5897e-108,8.5897e-108,8.5897e-108,8.5897e-108,8.5897e-108
4.2948e-108,4.2948e-108,4.2948e-108,4.2948e-108,4.2948e-108
2.1474e-108,2.1474e-108,2.1474e-108,2.1474e-108,2.1474e-108
1.0737e-108,1.0737e-108,1.0737e-108,1.0737e-108,1.0737e-108
5.3686e-109,5.3686e-109,5.3686e-109,5.3686e-109,5.3686e-109
2.6843e-109,2.6843e-109,2.6843e-109,2.6843e-109,2.6843e-109
1.3421e-109,1.3421e-109,1.3421e-109,1.3421e-109,1.3421e-109
6.7107e-110,6.7107e-110,6.7107e-110,6.7107e-110,6.7107e-110
3.3553e-110,3.3553e-110,3.3553e-110,3.3553e-110,3.3553e-110
1.6777e-110,1.6777e-110,1.6777e-110,1.6777e-110,1.6777e-110
8.3884e-111,8.3884e-111,8.3884e-111,8.3884e-111,8.3884e-111
4.1942e-111,4.1942e-111,4.1942e-111,4.1942e-111,4.1942e-111
2.0971e-111,2.0971e-111,2.0971e-111,2.0971e-111,2.0971e-111
1.0485e-111,1.0485e-111,1.0485e-111,1.0485e-111,1.0485e-111
5.2427e-112,5.2427e-112,5.2427e-112,5.2427e-112,5.2427e-112
2.6214e-112,2.6214e-112,2.6214e-112,2.6214e-112,2.6214e-112
1.3107e-112,1.3107e-112,1.3107e-112,1.3107e-112,1.3107e-112
6.5534e-113,6.5534e-113,6.5534e-113,6.5534e-113,6.5534e-113
3.2767e-113,3.2767e-113,3.2767e-113,3.2767e-113,3.2767e-113
1.6384e-113,1.6384e-113,1.6384e-113,1.6384e-113,1.6384e-113
8.1918e-114,8.1918e-114,8.1918e-114,8.1918e-114,8.1918e-114
4.0959e-114,4.0959e-114,4.0959e-114,4.0959e-114,4.0959e-114
2.0479e-114,2.0479e-114,2.0479e-114,2.0479e-114,2.0479e-114
1.024e-114,1.024e-114,1.024e-114,1.024e-114,1.024e-114
5.1199e-115,5.1199e-115,5.1199e-115,5.1199e-115,5.1199e-115
2.5599e-115,2.5599e-115,2.5599e-115,2.5599e-115,2.5599e-115
1.28e-115,1.28e-115,1.28e-115,1.28e-115,1.28e-115
6.3998e-116,6.3998e-116,6.3998e-116,6.3998e-116,6.3998e-116
3.1999e-116,3.1999e-116,3.1999e-116,3.1999e-116,3.1999e-116
1.6e-116,1.6e-116,1.6e-116,1.6e-116,1.6e-116
7.9998e-117,7.9998e-117,7.9998e-117,7.9998e-117,7.9998e-117
3.9999e-117,3.9999e-117,3.9999e-117,3.9999e-117,3.9999e-117
1.9999e-117,1.9999e-117,1.9999e-117,1.9999e-117,1.9999e-117
9.9997e-118,9.9997e-118,9.9997e-118,9.9997e-118,9.9997e-118
4.9999e-118,4.9999e-118,4.9999e-118,4.9999e-118,4.9999e-118
2.4999e-118,2.4999e-118,2.4999e-118,2.4999e-118,2.4999e-118
1.25e-118,1.25e-118,1.25e-118,1.25e-118,1.25e-118
6.2498e-119,6.2498e-119,6.2498e-119,6.2498e-119,6.2498e-119
3.1249e-119,3.1249e-119,3.1249e-119,3.1249e-119,3.1249e-119
1.5625e-119,1.5625e-119,1.5625e-119,1.5625e-119,1.5625e-119
7.8123e-120,7.8123e-120,7.8123e-120,7.8123e-120,7.8123e-120
3.9061e-120,3.9061e-120,3.9061e-120,3.9061e-120,3.9061e-120
1.9531e-120,1.9531e-120,1.9531e-120,1.9531e-120,1.9531e-120
9.7653e-121,9.7653e-121,9.7653e-121,9.7653e-121,9.7653e-121
4.8827e-121,4.8827e-121,4.8827e-121,4.8827e-121,4.8827e-121
2.4413e-121,2.4413e-121,2.4413e-121,2.4413e-121,2.4413e-121
1.2207e-121,1.2207e-121,1.2207e-121,1.2207e-121,1.2207e-121
6.1033e-122,6.1033e-122,6.1033e-122,6.1033e-122,6.1033e-122
3.0517e-122,3.0517e-122,3.0517e-122,3.0517e-122,3.0517e-122
1.5258e-122,1.5258e-122,1.5258e-122,1.5258e-122,1.5258e-122
7.6292e-123,7.6292e-123,7.6292e-123,7.6292e-123,7.6292e-123
3.8146e-123,3.8146e-123,3.8146e-123,3.8146e-123,3.8146e-123
1.9073e-123,1.9073e-123,1.9073e-123,1.9073e-123,1.9073e-123
9.5365e-124,9.5365e-124,9.5365e-124,9.5365e-124,9.5365e-124
4.7682e-124,4.7682e-124,4.7682e-124,4.7682e-124,4.7682e-124
2.3841e-124,2.3841e-124,2.3841e-124,2.3841e-124,2.3841e-124
1.1921e-124,1.1921e-124,1.1921e-124,1.1921e-124,1.1921e-124
5.9603e-125,5.9603e-125,5.9603e-125,5.9603e-125,5.9603e-125
2.9801e-125,2.9801e-125,2.9801e-125,2.9801e-125,2.9801e-125
1.4901e-125,1.4901e-125,1.4901e-125,1.4901e-125,1.4901e-125
7.4504e-126,7.4504e-126,7.4504e-126,7.4504e-126,7.4504e-126
3.7252e-126,3.7252e-126,3.7252e-126,3.7252e-126,3.7252e-126
1.8626e-126,1.8626e-126,1.8626e-126,1.8626e-126,1.8626e-126
9.313e-127,9.313e-127,9.313e-127,9.313e-127,9.313e-127
4.6565e-127,4.6565e-127,4.6565e-127,4.6565e-127,4.6565e-127
2.3282e-127,2.3282e-127,2.3282e-127,2.3282e-127,2.3282e-127
1.1641e-127,1.1641e-127,1.1641e-127,1.1641e-127,1.1641e-127
5.8206e-128,5.8206e-128,5.8206e-128,5.8206e-128,5.8206e-128
2.9103e-128,2.9103e-128,2.9103e-128,2.9103e-128,2.9103e-128
1.4552e-128,1.4552e-128,1.4552e-128,1.4552e-128,1.4552e-128
7.2758e-129,7.2758e-129,7.2758e-129,7.2758e-129,7.2758e-129
3.6379e-129,3.6379e-129,3.6379e-129,3.6379e-129,3.6379e-129
1.8189e-129,1.8189e-129,1.8189e-129,1.8189e-129,1.8189e-129
9.0947e-130,9.0947e-130,9.0947e-130,9.0947e-130,9.0947e-130
4.5473e-130,4.5473e-130,4.5473e-130,4.5473e-130,4.5473e-130
2.2737e-130,2.2737e-130,2.2737e-130,2.2737e-130,2.2737e-130
1.1368e-130,1.1368e-130,1.1368e-130,1.1368e-130,1.1368e-130
5.6842e-131,5.6842e-131,5.6842e-131,5.6842e-131,5.6842e-131
2.8421e-131,2.8421e-131,2.8421e-131,2.8421e-131,2.8421e-131
1.421e-131,1.421e-131,1.421e-131,1.421e-131,1.421e-131
7.1052e-132,7.1052e-132,7.1052e-132,7.1052e-132,7.1052e-132
3.5526e-132,3.5526e-132,3.5526e-132,3.5526e-132,3.5526e-132
1.7763e-132,1.7763e-132,1.7763e-132,1.7763e-132,1.7763e-132
8.8815e-133,8.8815e-133,8.8815e-133,8.8815e-133,8.8815e-133
4.4408e-133,4.4408e-133,4.4408e-133,4.4408e-133,4.4408e-133
2.2204e-133,2.2204e-133,2.2204e-133,2.2204e-133,2.2204e-133
1.1102e-133,1.1102e-133,1.1102e-133,1.1102e-133,1.1102e-133
5.551e-134,5.551e-134,5.551e-134,5.551e-134,5.551e-134
2.7755e-134,2.7755e-134,2.7755e-134,2.7755e-134,2.7755e-134
1.3877e-134,1.3877e-134,1.3877e-134,1.3877e-134,1.3877e-134
6.9387e-135,6.9387e-135,6.9387e-135,6.9387e-135,6.9387e-135
3.4693e-135,3.4693e-135,3.4693e-135,3.4693e-135,3.4693e-135
1.7347e-135,1.7347e-135,1.7347e-135,1.7347e-135,1.7347e-135
8.6734e-136,8.6734e-136,8.6734e-136,8.6734e-136,8.6734e-136
4.3367e-136,4.3367e-136,4.3367e-136,4.3367e-136,4.3367e-136
2.1683e-136,2.1683e-136,2.1683e-136,2.1683e-136,2.1683e-136
1.0842e-136,1.0842e-136,1.0842e-136,1.0842e-136,1.0842e-136
5.4209e-137,5.4209e-137,5.4209e-137,5.4209e-137,5.4209e-137
2.7104e-137,2.7104e-137,2.7104e-137,2.7104e-137,2.7104e-137
1.3552e-137,1.3552e-137,1.3552e-137,1.3552e-137,1.3552e-137
6.7761e-138,6.7761e-138,6.7761e-138,6.7761e-138,6.7761e-138
3.388e-138,3.388e-138,3.388e-138,3.388e-138,3.388e-138
1.694e-138,1.694e-138,1.694e-138,1.694e-138,1.694e-138
8.4701e-139,8.4701e-139,8.4701e-139,8.4701e-139,8.4701e-139
4.235e-139,4.235e-139,4.235e-139,4.235e-139,4.235e-139
2.1175e-139,2.1175e-139,2.1175e-139,2.1175e-139,2.1175e-139
1.0588e-139,1.0588e-139,1.0588e-139,1.0588e-139,1.0588e-139
5.2938e-140,5.2938e-140,5.2938e-140,5.2938e-140,5.2938e-140
2.6469e-140,2.6469e-140,2.6469e-140,2.6469e-140,2.6469e-140
1.3235e-140,1.3235e-140,1.3235e-140,1.3235e-140,1.3235e-140
6.6173e-141,6.6173e-141,6.6173e-141,6.6173e-141,6.6173e-141
3.3086e-141,3.3086e-141,3.3086e-141,3.3086e-141,3.3086e-141
1.6543e-141,1.6543e-141,1.6543e-141,1.6543e-141,1.6543e-141
8.2716e-142,8.2716e-142,8.2716e-142,8.2716e-142,8.2716e-142
4.1358e-142,4.1358e-142,4.1358e-142,4.1358e-142,4.1358e-142
2.0679e-142,2.0679e-142,2.0679e-142,2.0679e-142,2.0679e-142
1.0339e-142,1.0339e-142,1.0339e-142,1.0339e-142,1.0339e-142
5.1697e-143,5.1697e-143,5.1697e-143,5.1697e-143,5.1697e-143
2.5849e-143,2.5849e-143,2.5849e-143,2.5849e-143,2.5849e-143
1.2924e-143,1.2924e-143,1.2924e-143,1.2924e-143,1.2924e-143
6.4622e-144,6.4622e-144,6.4622e-144,6.4622e-144,6.4622e-144
3.2311e-144,3.2311e-144,3.2311e-144,3.2311e-144,3.2311e-144
1.6155e-144,1.6155e-144,1.6155e-144,1.6155e-144,1.6155e-144
8.0777e-145,8.0777e-145,8.0777e-145,8.0777e-145,8.0777e-145
4.0389e-145,4.0389e-145,4.0389e-145,4.0389e-145,4.0389e-145
2.0194e-145,2.0194e-145,2.0194e-145,2.0194e-145,2.0194e-145
1.0097e-145,1.0097e-145,1.0097e-145,1.0097e-145,1.0097e-145
5.0486e-146,5.0486e-146,5.0486e-146,5.0486e-146,5.0486e-146
2.5243e-146,2.5243e-146,2.5243e-146,2.5243e-146,2.5243e-146
1.2621e-146,1.2621e-146,1.2621e-146,1.2621e-146,1.2621e-146
6.3107e-147,6.3107e-147,6.3107e-147,6.3107e-147,6.3107e-147
3.1554e-147,3.1554e-147,3.1554e-147,3.1554e-147,3.1554e-147
1.5777e-147,1.5777e-147,1.5777e-147,1.5777e-147,1.5777e-147
7.8884e-148,7.8884e-148,7.8884e-148,7.8884e-148,7.8884e-148
3.9442e-148,3.9442e-148,3.9442e-148,3.9442e-148,3.9442e-148
1.9721e-148,1.9721e-148,1.9721e-148,1.9721e-148,1.9721e-148
9.8605e-149,9.8605e-149,9.8605e-149,9.8605e-149,9.8605e-149
4.9302e-149,4.9302e-149,4.9302e-149,4.9302e-149,4.9302e-149
2.4651e-149,2.4651e-149,2.4651e-149,2.4651e-149,2.4651e-149
1.2326e-149,1.2326e-149,1.2326e-149,1.2326e-149,1.2326e-149
6.1628e-150,6.1628e-150,6.1628e-150,6.1628e-150,6.1628e-150
3.0814e-150,3.0814e-150,3.0814e-150,3.0814e-150,3.0814e-150
1.5407e-150,1.5407e-150,1.5407e-150,1.5407e-150,1.5407e-150
7.7035e-151,7.7035e-151,7.7035e-151,7.7035e-151,7.7035e-151
3.8518e-151,3.8518e-151,3.8518e-151,3.8518e-151,3.8518e-151
1.9259e-151,1.9259e-151,1.9259e-151,1.9259e-151,1.9259e-151
9.6294e-152,9.6294e-152,9.6294e-152,9.6294e-152,9.6294e-152
4.8147e-152,4.8147e-152,4.8147e-152,4.8147e-152,4.8147e-152
2.4073e-152,2.4073e-152,2.4073e-152,2.4073e-152,2.4073e-152
1.2037e-152,1.2037e-152,1.2037e-152,1.2037e-152,1.2037e-152
6.0184e-153,6.0184e-153,6.0184e-153,6.0184e-153,6.0184e-153
3.0092e-153,3.0092e-153,3.0092e-153,3.0092e-153,3.0092e-153
1.5046e-153,1.5046e-153,1.5046e-153,1.5046e-153,1.5046e-153
7.523e-154,7.523e-154,7.523e-154,7.523e-154,7.523e-154
3.7615e-154,3.7615e-154,3.7615e-154,3.7615e-154,3.7615e-154
1.8807e-154,1.8807e-154,1.8807e-154,1.8807e-154,1.8807e-154
9.4037e-155,9.4037e-155,9.4037e-155,9.4037e-155,9.4037e-155
4.7018e-155,4.7018e-155,4.7018e-155,4.7018e-155,4.7018e-155
2.3509e-155,2.3509e-155,2.3509e-155,2.3509e-155,2.3509e-155
1.1755e-155,1.1755e-155,1.1755e-155,1.1755e-155,1.1755e-155
5.8773e-156,5.8773e-156,5.8773e-156,5.8773e-156,5.8773e-156
2.9387e-156,2.9387e-156,2.9387e-156,2.9387e-156,2.9387e-156
1.4693e-156,1.4693e-156,1.4693e-156,1.4693e-156,1.4693e-156
7.3466e-157,7.3466e-157,7.3466e-157,7.3466e-157,7.3466e-157
3.6733e-157,3.6733e-157,3.6733e-157,3.6733e-157,3.6733e-157
1.8367e-157,1.8367e-157,1.8367e-157,1.8367e-157,1.8367e-157
9.1833e-158,9.1833e-158,9.1833e-158,9.1833e-158,9.1833e-158
4.5916e-158,4.5916e-158,4.5916e-158,4.5916e-158,4.5916e-158
2.2958e-158,2.2958e-158,2.2958e-158,2.2958e-158,2.2958e-158
1.1479e-158,1.1479e-158,1.1479e-158,1.1479e-158,1.1479e-158
5.7396e-159,5.7396e-159,5.7396e-159,5.7396e-159,5.7396e-159
2.8698e-159,2.8698e-159,2.8698e-159,2.8698e-159,2.8698e-159
1.4349e-159,1.4349e-159,1.4349e-159,1.4349e-159,1.4349e-159
7.1744e-160,7.1744e-160,7.1744e-160,7.1744e-160,7.1744e-160
3.5872e-160,3.5872e-160,3.5872e-160,3.5872e-160,3.5872e-160
1.7936e-160,1.7936e-160,1.7936e-160,1.7936e-160,1.7936e-160
8.9681e-161,8.9681e-161,8.9681e-161,8.9681e-161,8.9681e-161
4.484e-161,4.484e-161,4.484e-161,4.484e-161,4.484e-161
2.242e-161,2.242e-161,2.242e-161,2.242e-161,2.242e-161
1.121e-161,1.121e-161,1.121e-161,1.121e-161,1.121e-161
5.605e-162,5.605e-162,5.605e-162,5.605e-162,5.605e-162
2.8025e-162,2.8025e-162,2.8025e-162,2.8025e-162,2.8025e-162
1.4013e-162,1.4013e-162,1.4013e-162,1.4013e-162,1.4013e-162
7.0063e-163,7.0063e-163,7.0063e-163,7.0063e-163,7.0063e-163
3.5031e-163,3.5031e-163,3.5031e-163,3.5031e-163,3.5031e-163
1.7516e-163,1.7516e-163,1.7516e-163,1.7516e-163,1.7516e-163
8.7579e-164,8.7579e-164,8.7579e-164,8.7579e-164,8.7579e-164
4.3789e-164,4.3789e-164,4.3789e-164,4.3789e-164,4.3789e-164
2.1895e-164,2.1895e-164,2.1895e-164,2.1895e-164,2.1895e-164
1.0947e-164,1.0947e-164,1.0947e-164,1.0947e-164,1.0947e-164
5.4737e-165,5.4737e-165,5.4737e-165,5.4737e-165,5.4737e-165
2.7368e-165,2.7368e-165,2.7368e-165,2.7368e-165,2.7368e-165
1.3684e-165,1.3684e-165,1.3684e-165,1.3684e-165,1.3684e-165
6.8421e-166,6.8421e-166,6.8421e-166,6.8421e-166,6.8421e-166
3.421e-166,3.421e-166,3.421e-166,3.421e-166,3.421e-166
1.7105e-166,1.7105e-166,1.7105e-166,1.7105e-166,1.7105e-166
8.5526e-167,8.5526e-167,8.5526e-167,8.5526e-167,8.5526e-167
4.2763e-167,4.2763e-167,4.2763e-167,4.2763e-167,4.2763e-167
2.1382e-167,2.1382e-167,2.1382e-167,2.1382e-167,2.1382e-167
1.0691e-167,1.0691e-167,1.0691e-167,1.0691e-167,1.0691e-167
5.3454e-168,5.3454e-168,5.3454e-168,5.3454e-168,5.3454e-168
2.6727e-168,2.6727e-168,2.6727e-168,2.6727e-168,2.6727e-168
1.3363e-168,1.3363e-168,1.3363e-168,1.3363e-168,1.3363e-168
6.6817e-169,6.6817e-169,6.6817e-169,6.6817e-169,6.6817e-169
3.3409e-169,3.3409e-169,3.3409e-169,3.3409e-169,3.3409e-169
1.6704e-169,1.6704e-169,1.6704e-169,1.6704e-169,1.6704e-169
8.3522e-170,8.3522e-170,8.3522e-170,8.3522e-170,8.3522e-170
4.1761e-170,4.1761e-170,4.1761e-170,4.1761e-170,4.1761e-170
2.088e-170,2.088e-170,2.088e-170,2.088e-170,2.088e-170
1.044e-170,1.044e-170,1.044e-170,1.044e-170,1.044e-170
5.2201e-171,5.2201e-171,5.2201e-171,5.2201e-171,5.2201e-171
2.61e-171,2.61e-171,2.61e-171,2.61e-171,2.61e-171
1.305e-171,1.305e-171,1.305e-171,1.305e-171,1.305e-171
6.5251e-172,6.5251e-172,6.5251e-172,6.5251e-172,6.5251e-172
3.2626e-172,3.2626e-172,3.2626e-172,3.2626e-172,3.2626e-172
1.6313e-172,1.6313e-172,1.6313e-172,1.6313e-172,1.6313e-172
8.1564e-173,8.1564e-173,8.1564e-173,8.1564e-173,8.1564e-173
4.0782e-173,4.0782e-173,4.0782e-173,4.0782e-173,4.0782e-173
2.0391e-173,2.0391e-173,2.0391e-173,2.0391e-173,2.0391e-173
1.0196e-173,1.0196e-173,1.0196e-173,1.0196e-173,1.0196e-173
5.0978e-174,5.0978e-174,5.0978e-174,5.0978e-174,5.0978e-174
2.5489e-174,2.5489e-174,2.5489e-174,2.5489e-174,2.5489e-174
1.2744e-174,1.2744e-174,1.2744e-174,1.2744e-174,1.2744e-174
6.3722e-175,6.3722e-175,6.3722e-175,6.3722e-175,6.3722e-175
3.1861e-175,3.1861e-175,3.1861e-175,3.1861e-175,3.1861e-175
1.593e-175,1.593e-175,1.593e-175,1.593e-175,1.593e-175
7.9652e-176,7.9652e-176,7.9652e-176,7.9652e-176,7.9652e-176
3.9826e-176,3.9826e-176,3.9826e-176,3.9826e-176,3.9826e-176
1.9913e-176,1.9913e-176,1.9913e-176,1.9913e-176,1.9913e-176
9.9565e-177,9.9565e-177,9.9565e-177,9.9565e-177,9.9565e-177
4.9783e-177,4.9783e-177,4.9783e-177,4.9783e-177,4.9783e-177
2.4891e-177,2.4891e-177,2.4891e-177,2.4891e-177,2.4891e-177
1.2446e-177,1.2446e-177,1.2446e-177,1.2446e-177,1.2446e-177
6.2228e-178,6.2228e-178,6.2228e-178,6.2228e-178,6.2228e-178
3.1114e-178,3.1114e-178,3.1114e-178,3.1114e-178,3.1114e-178
1.5557e-178,1.5557e-178,1.5557e-178,1.5557e-178,1.5557e-178
7.7785e-179,7.7785e-179,7.7785e-179,7.7785e-179,7.7785e-179
3.8893e-179,3.8893e-179,3.8893e-179,3.8893e-179,3.8893e-179
1.9446e-179,1.9446e-179,1.9446e-179,1.9446e-179,1.9446e-179
9.7232e-180,9.7232e-180,9.7232e-180,9.7232e-180,9.7232e-180
4.8616e-180,4.8616e-180,4.8616e-180,4.8616e-180,4.8616e-180
2.4308e-180,2.4308e-180,2.4308e-180,2.4308e-180,2.4308e-180
1.2154e-180,1.2154e-180,1.2154e-180,1.2154e-180,1.2154e-180
6.077e-181,6.077e-181,6.077e-181,6.077e-181,6.077e-181
3.0385e-181,3.0385e-181,3.0385e-181,3.0385e-181,3.0385e-181
1.5192e-181,1.5192e-181,1.5192e-181,1.5192e-181,1.5192e-181
7.5962e-182,7.5962e-182,7.5962e-182,7.5962e-182,7.5962e-182
3.7981e-182,3.7981e-182,3.7981e-182,3.7981e-182,3.7981e-182
1.8991e-182,1.8991e-182,1.8991e-182,1.8991e-182,1.8991e-182
9.4953e-183,9.4953e-183,9.4953e-183,9.4953e-183,9.4953e-183
4.7476e-183,4.7476e-183,4.7476e-183,4.7476e-183,4.7476e-183
2.3738e-183,2.3738e-183,2.3738e-183,2.3738e-183,2.3738e-183
1.1869e-183,1.1869e-183,1.1869e-183,1.1869e-183,1.1869e-183
5.9346e-184,5.9346e-184,5.9346e-184,5.9346e-184,5.9346e-184
2.9673e-184,2.9673e-184,2.9673e-184,2.9673e-184,2.9673e-184
1.4836e-184,1.4836e-184,1.4836e-184,1.4836e-184,1.4836e-184
7.4182e-185,7.4182e-185,7.4182e-185,7.4182e-185,7.4182e-185
3.7091e-185,3.7091e-185,3.7091e-185,3.7091e-185,3.7091e-185
1.8546e-185,1.8546e-185,1.8546e-185,1.8546e-185,1.8546e-185
9.2728e-186,9.2728e-186,9.2728e-186,9.2728e-186,9.2728e-186
4.6364e-186,4.6364e-186,4.6364e-186,4.6364e-186,4.6364e-186
2.3182e-186,2.3182e-186,2.3182e-186,2.3182e-186,2.3182e-186
1.1591e-186,1.1591e-186,1.1591e-186,1.1591e-186,1.1591e-186
5.7955e-187,5.7955e-187,5.7955e-187,5.7955e-187,5.7955e-187
2.8977e-187,2.8977e-187,2.8977e-187,2.8977e-187,2.8977e-187
1.4489e-187,1.4489e-187,1.4489e-187,1.4489e-187,1.4489e-187
7.2443e-188,7.2443e-188,7.2443e-188,7.2443e-188,7.2443e-188
3.6222e-188,3.6222e-188,3.6222e-188,3.6222e-188,3.6222e-188
1.8111e-188,1.8111e-188,1.8111e-188,1.8111e-188,1.8111e-188
9.0554e-189,9.0554e-189,9.0554e-189,9.0554e-189,9.0554e-189
4.5277e-189,4.5277e-189,4.5277e-189,4.5277e-189,4.5277e-189
2.2639e-189,2.2639e-189,2.2639e-189,2.2639e-189,2.2639e-189
1.1319e-189,1.1319e-189,1.1319e-189,1.1319e-189,1.1319e-189
5.6596e-190,5.6596e-190,5.6596e-190,5.6596e-190,5.6596e-190
2.8298e-190,2.8298e-190,2.8298e-190,2.8298e-190,2.8298e-190
1.4149e-190,1.4149e-190,1.4149e-190,1.4149e-190,1.4149e-190
7.0745e-191,7.0745e-191,7.0745e-191,7.0745e-191,7.0745e-191
3.5373e-191,3.5373e-191,3.5373e-191,3.5373e-191,3.5373e-191
1.7686e-191,1.7686e-191,1.7686e-191,1.7686e-191,1.7686e-191
8.8432e-192,8.8432e-192,8.8432e-192,8.8432e-192,8.8432e-192
4.4216e-192,4.4216e-192,4.4216e-192,4.4216e-192,4.4216e-192
2.2108e-192,2.2108e-192,2.2108e-192,2.2108e-192,2.2108e-192
1.1054e-192,1.1054e-192,1.1054e-192,1.1054e-192,1.1054e-192
5.527e-193,5.527e-193,5.527e-193,5.527e-193,5.527e-193
2.7635e-193,2.7635e-193,2.7635e-193,2.7635e-193,2.7635e-193
1.3817e-193,1.3817e-193,1.3817e-193,1.3817e-193,1.3817e-193
6.9087e-194,6.9087e-194,6.9087e-194,6.9087e-194,6.9087e-194
3.4544e-194,3.4544e-194,3.4544e-194,3.4544e-194,3.4544e-194
1.7272e-194,1.7272e-194,1.7272e-194,1.7272e-194,1.7272e-194
8.6359e-195,8.6359e-195,8.6359e-195,8.6359e-195,8.6359e-195
4.318e-195,4.318e-195,4.318e-195,4.318e-195,4.318e-195
2.159e-195,2.159e-195,2.159e-195,2.159e-195,2.159e-195
1.0795e-195,1.0795e-195,1.0795e-195,1.0795e-195,1.0795e-195
5.3975e-196,5.3975e-196,5.3975e-196,5.3975e-196,5.3975e-196
2.6987e-196,2.6987e-196,2.6987e-196,2.6987e-196,2.6987e-196
1.3494e-196,1.3494e-196,1.3494e-196,1.3494e-196,1.3494e-196
6.7468e-197,6.7468e-197,6.7468e-197,6.7468e-197,6.7468e-197
3.3734e-197,3.3734e-197,3.3734e-197,3.3734e-197,3.3734e-197
1.6867e-197,1.6867e-197,1.6867e-197,1.6867e-197,1.6867e-197
8.4335e-198,8.4335e-198,8.4335e-198,8.4335e-198,8.4335e-198
4.2168e-198,4.2168e-198,4.2168e-198,4.2168e-198,4.2168e-198
2.1084e-198,2.1084e-198,2.1084e-198,2.1084e-198,2.1084e-198
1.0542e-198,1.0542e-198,1.0542e-198,1.0542e-198,1.0542e-198
5.271e-199,5.271e-199,5.271e-199,5.271e-199,5.271e-199
2.6355e-199,2.6355e-199,2.6355e-199,2.6355e-199,2.6355e-199
1.3177e-199,1.3177e-199,1.3177e-199,1.3177e-199,1.3177e-199
6.5887e-200,6.5887e-200,6.5887e-200,6.5887e-200,6.5887e-200
3.2943e-200,3.2943e-200,3.2943e-200,3.2943e-200,3.2943e-200
1.6472e-200,1.6472e-200,1.6472e-200,1.6472e-200,1.6472e-200
8.2359e-201,8.2359e-201,8.2359e-201,8.2359e-201,8.2359e-201
4.1179e-201,4.1179e-201,4.1179e-201,4.1179e-201,4.1179e-201
2.059e-201,2.059e-201,2.059e-201,2.059e-201,2.059e-201
1.0295e-201,1.0295e-201,1.0295e-201,1.0295e-201,1.0295e-201
5.1474e-202,5.1474e-202,5.1474e-202,5.1474e-202,5.1474e-202
2.5737e-202,2.5737e-202,2.5737e-202,2.5737e-202,2.5737e-202
1.2869e-202,1.2869e-202,1.2869e-202,1.2869e-202,1.2869e-202
6.4343e-203,6.4343e-203,6.4343e-203,6.4343e-203,6.4343e-203
3.2171e-203,3.2171e-203,3.2171e-203,3.2171e-203,3.2171e-203
1.6086e-203,1.6086e-203,1.6086e-203,1.6086e-203,1.6086e-203
8.0428e-204,8.0428e-204,8.0428e-204,8.0428e-204,8.0428e-204
4.0214e-204,4.0214e-204,4.0214e-204,4.0214e-204,4.0214e-204
2.0107e-204,2.0107e-204,2.0107e-204,2.0107e-204,2.0107e-204
1.0054e-204,1.0054e-204,1.0054e-204,1.0054e-204,1.0054e-204
5.0268e-205,5.0268e-205,5.0268e-205,5.0268e-205,5.0268e-205
2.5134e-205,2.5134e-205,2.5134e-205,2.5134e-205,2.5134e-205
1.2567e-205,1.2567e-205,1.2567e-205,1.2567e-205,1.2567e-205
6.2835e-206,6.2835e-206,6.2835e-206,6.2835e-206,6.2835e-206
3.1417e-206,3.1417e-206,3.1417e-206,3.1417e-206,3.1417e-206
1.5709e-206,1.5709e-206,1.5709e-206,1.5709e-206,1.5709e-206
7.8543e-207,7.8543e-207,7.8543e-207,7.8543e-207,7.8543e-207
3.9272e-207,3.9272e-207,3.9272e-207,3.9272e-207,3.9272e-207
1.9636e-207,1.9636e-207,1.9636e-207,1.9636e-207,1.9636e-207
9.8179e-208,9.8179e-208,9.8179e-208,9.8179e-208,9.8179e-208
4.909e-208,4.909e-208,4.909e-208,4.909e-208,4.909e-208
2.4545e-208,2.4545e-208,2.4545e-208,2.4545e-208,2.4545e-208
1.2272e-208,1.2272e-208,1.2272e-208,1.2272e-208,1.2272e-208
6.1362e-209,6.1362e-209,6.1362e-209,6.1362e-209,6.1362e-209
3.0681e-209,3.0681e-209,3.0681e-209,3.0681e-209,3.0681e-209
1.534e-209,1.534e-209,1.534e-209,1.534e-209,1.534e-209
7.6702e-210,7.6702e-210,7.6702e-210,7.6702e-210,7.6702e-210
3.8351e-210,3.8351e-210,3.8351e-210,3.8351e-210,3.8351e-210
1.9176e-210,1.9176e-210,1.9176e-210,1.9176e-210,1.9176e-210
9.5878e-211,9.5878e-211,9.5878e-211,9.5878e-211,9.5878e-211
4.7939e-211,4.7939e-211,4.7939e-211,4.7939e-211,4.7939e-211
2.397e-211,2.397e-211,2.397e-211,2.397e-211,2.397e-211
1.1985e-211,1.1985e-211,1.1985e-211,1.1985e-211,1.1985e-211
5.9924e-212,5.9924e-212,5.9924e-212,5.9924e-212,5.9924e-212
2.9962e-212,2.9962e-212,2.9962e-212,2.9962e-212,2.9962e-212
1.4981e-212,1.4981e-212,1.4981e-212,1.4981e-212,1.4981e-212
7.4905e-213,7.4905e-213,7.4905e-213,7.4905e-213,7.4905e-213
3.7452e-213,3.7452e-213,3.7452e-213,3.7452e-213,3.7452e-213
1.8726e-213,1.8726e-213,1.8726e-213,1.8726e-213,1.8726e-213
9.3631e-214,9.3631e-214,9.3631e-214,9.3631e-214,9.3631e-214
4.6815e-214,4.6815e-214,4.6815e-214,4.6815e-214,4.6815e-214
2.3408e-214,2.3408e-214,2.3408e-214,2.3408e-214,2.3408e-214
1.1704e-214,1.1704e-214,1.1704e-214,1.1704e-214,1.1704e-214
5.8519e-215,5.8519e-215,5.8519e-215,5.8519e-215,5.8519e-215
2.926e-215,2.926e-215,2.926e-215,2.926e-215,2.926e-215
1.463e-215,1.463e-215,1.463e-215,1.463e-215,1.463e-215
7.3149e-216,7.3149e-216,7.3149e-216,7.3149e-216,7.3149e-216
3.6575e-216,3.6575e-216,3.6575e-216,3.6575e-216,3.6575e-216
1.8287e-216,1.8287e-216,1.8287e-216,1.8287e-216,1.8287e-216
9.1436e-217,9.1436e-217,9.1436e-217,9.1436e-217,9.1436e-217
4.5718e-217,4.5718e-217,4.5718e-217,4.5718e-217,4.5718e-217
2.2859e-217,2.2859e-217,2.2859e-217,2.2859e-217,2.2859e-217
1.143e-217,1.143e-217,1.143e-217,1.143e-217,1.143e-217
5.7148e-218,5.7148e-218,5.7148e-218,5.7148e-218,5.7148e-218
2.8574e-218,2.8574e-218,2.8574e-218,2.8574e-218,2.8574e-218
1.4287e-218,1.4287e-218,1.4287e-218,1.4287e-218,1.4287e-218
7.1435e-219,7.1435e-219,7.1435e-219,7.1435e-219,7.1435e-219
3.5717e-219,3.5717e-219,3.5717e-219,3.5717e-219,3.5717e-219
1.7859e-219,1.7859e-219,1.7859e-219,1.7859e-219,1.7859e-219
8.9293e-220,8.9293e-220,8.9293e-220,8.9293e-220,8.9293e-220
4.4647e-220,4.4647e-220,4.4647e-220,4.4647e-220,4.4647e-220
2.2323e-220,2.2323e-220,2.2323e-220,2.2323e-220,2.2323e-220
1.1162e-220,1.1162e-220,1.1162e-220,1.1162e-220,1.1162e-220
5.5808e-221,5.5808e-221,5.5808e-221,5.5808e-221,5.5808e-221
2.7904e-221,2.7904e-221,2.7904e-221,2.7904e-221,2.7904e-221
1.3952e-221,1.3952e-221,1.3952e-221,1.3952e-221,1.3952e-221
6.976e-222,6.976e-222,6.976e-222,6.976e-222,6.976e-222
3.488e-222,3.488e-222,3.488e-222,3.488e-222,3.488e-222
1.744e-222,1.744e-222,1.744e-222,1.744e-222,1.744e-222
8.7201e-223,8.7201e-223,8.7201e-223,8.7201e-223,8.7201e-223
4.36e-223,4.36e-223,4.36e-223,4.36e-223,4.36e-223
2.18e-223,2.18e-223,2.18e-223,2.18e-223,2.18e-223
1.09e-223,1.09e-223,1.09e-223,1.09e-223,1.09e-223
5.45e-224,5.45e-224,5.45e-224,5.45e-224,5.45e-224
2.725e-224,2.725e-224,2.725e-224,2.725e-224,2.725e-224
1.3625e-224,1.3625e-224,1.3625e-224,1.3625e-224,1.3625e-224
6.8125e-225,6.8125e-225,6.8125e-225,6.8125e-225,6.8125e-225
3.4063e-225,3.4063e-225,3.4063e-225,3.4063e-225,3.4063e-225
1.7031e-225,1.7031e-225,1.7031e-225,1.7031e-225,1.7031e-225
8.5157e-226,8.5157e-226,8.5157e-226,8.5157e-226,8.5157e-226
4.2578e-226,4.2578e-226,4.2578e-226,4.2578e-226,4.2578e-226
2.1289e-226,2.1289e-226,2.1289e-226,2.1289e-226,2.1289e-226
1.0645e-226,1.0645e-226,1.0645e-226,1.0645e-226,1.0645e-226
5.3223e-227,5.3223e-227,5.3223e-227,5.3223e-227,5.3223e-227
2.6611e-227,2.6611e-227,2.6611e-227,2.6611e-227,2.6611e-227
1.3306e-227,1.3306e-227,1.3306e-227,1.3306e-227,1.3306e-227
6.6529e-228,6.6529e-228,6.6529e-228,6.6529e-228,6.6529e-228
3.3264e-228,3.3264e-228,3.3264e-228,3.3264e-228,3.3264e-228
1.6632e-228,1.6632e-228,1.6632e-228,1.6632e-228,1.6632e-228
8.3161e-229,8.3161e-229,8.3161e-229,8.3161e-229,8.3161e-229
4.158e-229,4.158e-229,4.158e-229,4.158e-229,4.158e-229
2.079e-229,2.079e-229,2.079e-229,2.079e-229,2.079e-229
1.0395e-229,1.0395e-229,1.0395e-229,1.0395e-229,1.0395e-229
5.1976e-230,5.1976e-230,5.1976e-230,5.1976e-230,5.1976e-230
2.5988e-230,2.5988e-230,2.5988e-230,2.5988e-230,2.5988e-230
1.2994e-230,1.2994e-230,1.2994e-230,1.2994e-230,1.2994e-230
6.4969e-231,6.4969e-231,6.4969e-231,6.4969e-231,6.4969e-231
3.2485e-231,3.2485e-231,3.2485e-231,3.2485e-231,3.2485e-231
1.6242e-231,1.6242e-231,1.6242e-231,1.6242e-231,1.6242e-231
8.1212e-232,8.1212e-232,8.1212e-232,8.1212e-232,8.1212e-232
4.0606e-232,4.0606e-232,4.0606e-232,4.0606e-232,4.0606e-232
2.0303e-232,2.0303e-232,2.0303e-232,2.0303e-232,2.0303e-232
1.0151e-232,1.0151e-232,1.0151e-232,1.0151e-232,1.0151e-232
5.0757e-233,5.0757e-233,5.0757e-233,5.0757e-233,5.0757e-233
2.5379e-233,2.5379e-233,2.5379e-233,2.5379e-233,2.5379e-233
1.2689e-233,1.2689e-233,1.2689e-233,1.2689e-233,1.2689e-233
6.3447e-234,6.3447e-234,6.3447e-234,6.3447e-234,6.3447e-234
3.1723e-234,3.1723e-234,3.1723e-234,3.1723e-234,3.1723e-234
1.5862e-234,1.5862e-234,1.5862e-234,1.5862e-234,1.5862e-234
7.9308e-235,7.9308e-235,7.9308e-235,7.9308e-235,7.9308e-235
3.9654e-235,3.9654e-235,3.9654e-235,3.9654e-235,3.9654e-235
1.9827e-235,1.9827e-235,1.9827e-235,1.9827e-235,1.9827e-235
9.9136e-236,9.9136e-236,9.9136e-236,9.9136e-236,9.9136e-236
4.9568e-236,4.9568e-236,4.9568e-236,4.9568e-236,4.9568e-236
2.4784e-236,2.4784e-236,2.4784e-236,2.4784e-236,2.4784e-236
1.2392e-236,1.2392e-236,1.2392e-236,1.2392e-236,1.2392e-236
6.196e-237,6.196e-237,6.196e-237,6.196e-237,6.196e-237
3.098e-237,3.098e-237,3.098e-237,3.098e-237,3.098e-237
1.549e-237,1.549e-237,1.549e-237,1.549e-237,1.549e-237
7.745e-238,7.745e-238,7.745e-238,7.745e-238,7.745e-238
3.8725e-238,3.8725e-238,3.8725e-238,3.8725e-238,3.8725e-238
1.9362e-238,1.9362e-238,1.9362e-238,1.9362e-238,1.9362e-238
9.6812e-239,9.6812e-239,9.6812e-239,9.6812e-239,9.6812e-239
4.8406e-239,4.8406e-239,4.8406e-239,4.8406e-239,4.8406e-239
2.4203e-239,2.4203e-239,2.4203e-239,2.4203e-239,2.4203e-239
1.2102e-239,1.2102e-239,1.2102e-239,1.2102e-239,1.2102e-239
6.0508e-240,6.0508e-240,6.0508e-240,6.0508e-240,6.0508e-240
3.0254e-240,3.0254e-240,3.0254e-240,3.0254e-240,3.0254e-240
1.5127e-240,1.5127e-240,1.5127e-240,1.5127e-240,1.5127e-240
7.5634e-241,7.5634e-241,7.5634e-241,7.5634e-241,7.5634e-241
3.7817e-241,3.7817e-241,3.7817e-241,3.7817e-241,3.7817e-241
1.8909e-241,1.8909e-241,1.8909e-241,1.8909e-241,1.8909e-241
9.4543e-242,9.4543e-242,9.4543e-242,9.4543e-242,9.4543e-242
4.7272e-242,4.7272e-242,4.7272e-242,4.7272e-242,4.7272e-242
2.3636e-242,2.3636e-242,2.3636e-242,2.3636e-242,2.3636e-242
1.1818e-242,1.1818e-242,1.1818e-242,1.1818e-242,1.1818e-242
5.9089e-243,5.9089e-243,5.9089e-243,5.9089e-243,5.9089e-243
2.9545e-243,2.9545e-243,2.9545e-243,2.9545e-243,2.9545e-243
1.4772e-243,1.4772e-243,1.4772e-243,1.4772e-243,1.4772e-243
7.3862e-244,7.3862e-244,7.3862e-244,7.3862e-244,7.3862e-244
3.6931e-244,3.6931e-244,3.6931e-244,3.6931e-244,3.6931e-244
1.8465e-244,1.8465e-244,1.8465e-244,1.8465e-244,1.8465e-244
9.2327e-245,9.2327e-245,9.2327e-245,9.2327e-245,9.2327e-245
4.6164e-245,4.6164e-245,4.6164e-245,4.6164e-245,4.6164e-245
2.3082e-245,2.3082e-245,2.3082e-245,2.3082e-245,2.3082e-245
1.1541e-245,1.1541e-245,1.1541e-245,1.1541e-245,1.1541e-245
5.7704e-246,5.7704e-246,5.7704e-246,5.7704e-246,5.7704e-246
2.8852e-246,2.8852e-246,2.8852e-246,2.8852e-246,2.8852e-246
1.4426e-246,1.4426e-246,1.4426e-246,1.4426e-246,1.4426e-246
7.2131e-247,7.2131e-247,7.2131e-247,7.2131e-247,7.2131e-247
3.6065e-247,3.6065e-247,3.6065e-247,3.6065e-247,3.6065e-247
1.8033e-247,1.8033e-247,1.8033e-247,1.8033e-247,1.8033e-247
9.0163e-248,9.0163e-248,9.0163e-248,9.0163e-248,9.0163e-248
4.5082e-248,4.5082e-248,4.5082e-248,4.5082e-248,4.5082e-248
2.2541e-248,2.2541e-248,2.2541e-248,2.2541e-248,2.2541e-248
1.127e-248,1.127e-248,1.127e-248,1.127e-248,1.127e-248
5.6352e-249,5.6352e-249,5.6352e-249,5.6352e-249,5.6352e-249
2.8176e-249,2.8176e-249,2.8176e-249,2.8176e-249,2.8176e-249
1.4088e-249,1.4088e-249,1.4088e-249,1.4088e-249,1.4088e-249
7.044e-250,7.044e-250,7.044e-250,7.044e-250,7.044e-250
3.522e-250,3.522e-250,3.522e-250,3.522e-250,3.522e-250
1.761e-250,1.761e-250,1.761e-250,1.761e-250,1.761e-250
8.805e-251,8.805e-251,8.805e-251,8.805e-251,8.805e-251
4.4025e-251,4.4025e-251,4.4025e-251,4.4025e-251,4.4025e-251
2.2013e-251,2.2013e-251,2.2013e-251,2.2013e-251,2.2013e-251
1.1006e-251,1.1006e-251,1.1006e-251,1.1006e-251,1.1006e-251
5.5031e-252,5.5031e-252,5.5031e-252,5.5031e-252,5.5031e-252
2.7516e-252,2.7516e-252,2.7516e-252,2.7516e-252,2.7516e-252
1.3758e-252,1.3758e-252,1.3758e-252,1.3758e-252,1.3758e-252
6.8789e-253,6.8789e-253,6.8789e-253,6.8789e-253,6.8789e-253
3.4395e-253,3.4395e-253,3.4395e-253,3.4395e-253,3.4395e-253
1.7197e-253,1.7197e-253,1.7197e-253,1.7197e-253,1.7197e-253
8.5986e-254,8.5986e-254,8.5986e-254,8.5986e-254,8.5986e-254
4.2993e-254,4.2993e-254,4.2993e-254,4.2993e-254,4.2993e-254
2.1497e-254,2.1497e-254,2.1497e-254,2.1497e-254,2.1497e-254
1.0748e-254,1.0748e-254,1.0748e-254,1.0748e-254,1.0748e-254
5.3741e-255,5.3741e-255,5.3741e-255,5.3741e-255,5.3741e-255
2.6871e-255,2.6871e-255,2.6871e-255,2.6871e-255,2.6871e-255
1.3435e-255,1.3435e-255,1.3435e-255,1.3435e-255,1.3435e-255
6.7177e-256,6.7177e-256,6.7177e-256,6.7177e-256,6.7177e-256
3.3588e-256,3.3588e-256,3.3588e-256,3.3588e-256,3.3588e-256
1.6794e-256,1.6794e-256,1.6794e-256,1.6794e-256,1.6794e-256
8.3971e-257,8.3971e-257,8.3971e-257,8.3971e-257,8.3971e-257
4.1986e-257,4.1986e-257,4.1986e-257,4.1986e-257,4.1986e-257
2.0993e-257,2.0993e-257,2.0993e-257,2.0993e-257,2.0993e-257
1.0496e-257,1.0496e-257,1.0496e-257,1.0496e-257,1.0496e-257
5.2482e-258,5.2482e-258,5.2482e-258,5.2482e-258,5.2482e-258
2.6241e-258,2.6241e-258,2.6241e-258,2.6241e-258,2.6241e-258
1.312e-258,1.312e-258,1.312e-258,1.312e-258,1.312e-258
6.5602e-259,6.5602e-259,6.5602e-259,6.5602e-259,6.5602e-259
3.2801e-259,3.2801e-259,3.2801e-259,3.2801e-259,3.2801e-259
1.6401e-259,1.6401e-259,1.6401e-259,1.6401e-259,1.6401e-259
8.2003e-260,8.2003e-260,8.2003e-260,8.2003e-260,8.2003e-260
4.1002e-260,4.1002e-260,4.1002e-260,4.1002e-260,4.1002e-260
2.0501e-260,2.0501e-260,2.0501e-260,2.0501e-260,2.0501e-260
1.025e-260,1.025e-260,1.025e-260,1.025e-260,1.025e-260
5.1252e-261,5.1252e-261,5.1252e-261,5.1252e-261,5.1252e-261
2.5626e-261,2.5626e-261,2.5626e-261,2.5626e-261,2.5626e-261
1.2813e-261,1.2813e-261,1.2813e-261,1.2813e-261,1.2813e-261
6.4065e-262,6.4065e-262,6.4065e-262,6.4065e-262,6.4065e-262
3.2032e-262,3.2032e-262,3.2032e-262,3.2032e-262,3.2032e-262
1.6016e-262,1.6016e-262,1.6016e-262,1.6016e-262,1.6016e-262
8.0081e-263,8.0081e-263,8.0081e-263,8.0081e-263,8.0081e-263
4.0041e-263,4.0041e-263,4.0041e-263,4.0041e-263,4.0041e-263
2.002e-263,2.002e-263,2.002e-263,2.002e-263,2.002e-263
1.001e-263,1.001e-263,1.001e-263,1.001e-263,1.001e-263
5.0051e-264,5.0051e-264,5.0051e-264,5.0051e-264,5.0051e-264
2.5025e-264,2.5025e-264,2.5025e-264,2.5025e-264,2.5025e-264
1.2513e-264,1.2513e-264,1.2513e-264,1.2513e-264,1.2513e-264
6.2563e-265,6.2563e-265,6.2563e-265,6.2563e-265,6.2563e-265
3.1282e-265,3.1282e-265,3.1282e-265,3.1282e-265,3.1282e-265
1.5641e-265,1.5641e-265,1.5641e-265,1.5641e-265,1.5641e-265
7.8204e-266,7.8204e-266,7.8204e-266,7.8204e-266,7.8204e-266
3.9102e-266,3.9102e-266,3.9102e-266,3.9102e-266,3.9102e-266
1.9551e-266,1.9551e-266,1.9551e-266,1.9551e-266,1.9551e-266
9.7755e-267,9.7755e-267,9.7755e-267,9.7755e-267,9.7755e-267
4.8878e-267,4.8878e-267,4.8878e-267,4.8878e-267,4.8878e-267
2.4439e-267,2.4439e-267,2.4439e-267,2.4439e-267,2.4439e-267
1.2219e-267,1.2219e-267,1.2219e-267,1.2219e-267,1.2219e-267
6.1097e-268,6.1097e-268,6.1097e-268,6.1097e-268,6.1097e-268
3.0549e-268,3.0549e-268,3.0549e-268,3.0549e-268,3.0549e-268
1.5274e-268,1.5274e-268,1.5274e-268,1.5274e-268,1.5274e-268
7.6371e-269,7.6371e-269,7.6371e-269,7.6371e-269,7.6371e-269
3.8186e-269,3.8186e-269,3.8186e-269,3.8186e-269,3.8186e-269
1.9093e-269,1.9093e-269,1.9093e-269,1.9093e-269,1.9093e-269
9.5464e-270,9.5464e-270,9.5464e-270,9.5464e-270,9.5464e-270
4.7732e-270,4.7732e-270,4.7732e-270,4.7732e-270,4.7732e-270
2.3866e-270,2.3866e-270,2.3866e-270,2.3866e-270,2.3866e-270
1.1933e-270,1.1933e-270,1.1933e-270,1.1933e-270,1.1933e-270
5.9665e-271,5.9665e-271,5.9665e-271,5.9665e-271,5.9665e-271
2.9833e-271,2.9833e-271,2.9833e-271,2.9833e-271,2.9833e-271
1.4916e-271,1.4916e-271,1.4916e-271,1.4916e-271,1.4916e-271
7.4581e-272,7.4581e-272,7.4581e-272,7.4581e-272,7.4581e-272
3.7291e-272,3.7291e-272,3.7291e-272,3.7291e-272,3.7291e-272
1.8645e-272,1.8645e-272,1.8645e-272,1.8645e-272,1.8645e-272
9.3227e-273,9.3227e-273,9.3227e-273,9.3227e-273,9.3227e-273
4.6613e-273,4.6613e-273,4.6613e-273,4.6613e-273,4.6613e-273
2.3307e-273,2.3307e-273,2.3307e-273,2.3307e-273,2.3307e-273
1.1653e-273,1.1653e-273,1.1653e-273,1.1653e-273,1.1653e-273
5.8267e-274,5.8267e-274,5.8267e-274,5.8267e-274,5.8267e-274
2.9133e-274,2.9133e-274,2.9133e-274,2.9133e-274,2.9133e-274
1.4567e-274,1.4567e-274,1.4567e-274,1.4567e-274,1.4567e-274
7.2833e-275,7.2833e-275,7.2833e-275,7.2833e-275,7.2833e-275
3.6417e-275,3.6417e-275,3.6417e-275,3.6417e-275,3.6417e-275
1.8208e-275,1.8208e-275,1.8208e-275,1.8208e-275,1.8208e-275
9.1042e-276,9.1042e-276,9.1042e-276,9.1042e-276,9.1042e-276
4.5521e-276,4.5521e-276,4.5521e-276,4.5521e-276,4.5521e-276
2.276e-276,2.276e-276,2.276e-276,2.276e-276,2.276e-276
1.138e-276,1.138e-276,1.138e-276,1.138e-276,1.138e-276
5.6901e-277,5.6901e-277,5.6901e-277,5.6901e-277,5.6901e-277
2.8451e-277,2.8451e-277,2.8451e-277,2.8451e-277,2.8451e-277
1.4225e-277,1.4225e-277,1.4225e-277,1.4225e-277,1.4225e-277
7.1126e-278,7.1126e-278,7.1126e-278,7.1126e-278,7.1126e-278
3.5563e-278,3.5563e-278,3.5563e-278,3.5563e-278,3.5563e-278
1.7782e-278,1.7782e-278,1.7782e-278,1.7782e-278,1.7782e-278
8.8908e-279,8.8908e-279,8.8908e-279,8.8908e-279,8.8908e-279
4.4454e-279,4.4454e-279,4.4454e-279,4.4454e-279,4.4454e-279
2.2227e-279,2.2227e-279,2.2227e-279,2.2227e-279,2.2227e-279
1.1113e-279,1.1113e-279,1.1113e-279,1.1113e-279,1.1113e-279
5.5567e-280,5.5567e-280,5.5567e-280,5.5567e-280,5.5567e-280
2.7784e-280,2.7784e-280,2.7784e-280,2.7784e-280,2.7784e-280
1.3892e-280,1.3892e-280,1.3892e-280,1.3892e-280,1.3892e-280
6.9459e-281,6.9459e-281,6.9459e-281,6.9459e-281,6.9459e-281
3.473e-281,3.473e-281,3.473e-281,3.473e-281,3.473e-281
1.7365e-281,1.7365e-281,1.7365e-281,1.7365e-281,1.7365e-281
8.6824e-282,8.6824e-282,8.6824e-282,8.6824e-282,8.6824e-282
4.3412e-282,4.3412e-282,4.3412e-282,4.3412e-282,4.3412e-282
2.1706e-282,2.1706e-282,2.1706e-282,2.1706e-282,2.1706e-282
1.0853e-282,1.0853e-282,1.0853e-282,1.0853e-282,1.0853e-282
5.4265e-283,5.4265e-283,5.4265e-283,5.4265e-283,5.4265e-283
2.7133e-283,2.7133e-283,2.7133e-283,2.7133e-283,2.7133e-283
1.3566e-283,1.3566e-283,1.3566e-283,1.3566e-283,1.3566e-283
6.7831e-284,6.7831e-284,6.7831e-284,6.7831e-284,6.7831e-284
3.3916e-284,3.3916e-284,3.3916e-284,3.3916e-284,3.3916e-284
1.6958e-284,1.6958e-284,1.6958e-284,1.6958e-284,1.6958e-284
8.4789e-285,8.4789e-285,8.4789e-285,8.4789e-285,8.4789e-285
4.2395e-285,4.2395e-285,4.2395e-285,4.2395e-285,4.2395e-285
2.1197e-285,2.1197e-285,2.1197e-285,2.1197e-285,2.1197e-285
1.0599e-285,1.0599e-285,1.0599e-285,1.0599e-285,1.0599e-285
5.2993e-286,5.2993e-286,5.2993e-286,5.2993e-286,5.2993e-286
2.6497e-286,2.6497e-286,2.6497e-286,2.6497e-286,2.6497e-286
1.3248e-286,1.3248e-286,1.3248e-286,1.3248e-286,1.3248e-286
6.6242e-287,6.6242e-287,6.6242e-287,6.6242e-287,6.6242e-287
3.3121e-287,3.3121e-287,3.3121e-287,3.3121e-287,3.3121e-287
1.656e-287,1.656e-287,1.656e-287,1.656e-287,1.656e-287
8.2802e-288,8.2802e-288,8.2802e-288,8.2802e-288,8.2802e-288
4.1401e-288,4.1401e-288,4.1401e-288,4.1401e-288,4.1401e-288
2.07e-288,2.07e-288,2.07e-288,2.07e-288,2.07e-288
1.035e-288,1.035e-288,1.035e-288,1.035e-288,1.035e-288
5.1751e-289,5.1751e-289,5.1751e-289,5.1751e-289,5.1751e-289
2.5876e-289,2.5876e-289,2.5876e-289,2.5876e-289,2.5876e-289
1.2938e-289,1.2938e-289,1.2938e-289,1.2938e-289,1.2938e-289
6.4689e-290,6.4689e-290,6.4689e-290,6.4689e-290,6.4689e-290
3.2344e-290,3.2344e-290,3.2344e-290,3.2344e-290,3.2344e-290
1.6172e-290,1.6172e-290,1.6172e-290,1.6172e-290,1.6172e-290
8.0861e-291,8.0861e-291,8.0861e-291,8.0861e-291,8.0861e-291
4.0431e-291,4.0431e-291,4.0431e-291,4.0431e-291,4.0431e-291
2.0215e-291,2.0215e-291,2.0215e-291,2.0215e-291,2.0215e-291
1.0108e-291,1.0108e-291,1.0108e-291,1.0108e-291,1.0108e-291
5.0538e-292,5.0538e-292,5.0538e-292,5.0538e-292,5.0538e-292
2.5269e-292,2.5269e-292,2.5269e-292,2.5269e-292,2.5269e-292
1.2635e-292,1.2635e-292,1.2635e-292,1.2635e-292,1.2635e-292
6.3173e-293,6.3173e-293,6.3173e-293,6.3173e-293,6.3173e-293
3.1586e-293,3.1586e-293,3.1586e-293,3.1586e-293,3.1586e-293
1.5793e-293,1.5793e-293,1.5793e-293,1.5793e-293,1.5793e-293
7.8966e-294,7.8966e-294,7.8966e-294,7.8966e-294,7.8966e-294
3.9483e-294,3.9483e-294,3.9483e-294,3.9483e-294,3.9483e-294
1.9742e-294,1.9742e-294,1.9742e-294,1.9742e-294,1.9742e-294
9.8708e-295,9.8708e-295,9.8708e-295,9.8708e-295,9.8708e-295
4.9354e-295,4.9354e-295,4.9354e-295,4.9354e-295,4.9354e-295
2.4677e-295,2.4677e-295,2.4677e-295,2.4677e-295,2.4677e-295
1.2338e-295,1.2338e-295,1.2338e-295,1.2338e-295,1.2338e-295
6.1692e-296,6.1692e-296,6.1692e-296,6.1692e-296,6.1692e-296
3.0846e-296,3.0846e-296,3.0846e-296,3.0846e-296,3.0846e-296
1.5423e-296,1.5423e-296,1.5423e-296,1.5423e-296,1.5423e-296
7.7115e-297,7.7115e-297,7.7115e-297,7.7115e-297,7.7115e-297
3.8558e-297,3.8558e-297,3.8558e-297,3.8558e-297,3.8558e-297
1.9279e-297,1.9279e-297,1.9279e-297,1.9279e-297,1.9279e-297
9.6394e-298,9.6394e-298,9.6394e-298,9.6394e-298,9.6394e-298
4.8197e-298,4.8197e-298,4.8197e-298,4.8197e-298,4.8197e-298
2.4099e-298,2.4099e-298,2.4099e-298,2.4099e-298,2.4099e-298
1.2049e-298,1.2049e-298,1.2049e-298,1.2049e-298,1.2049e-298
6.0246e-299,6.0246e-299,6.0246e-299,6.0246e-299,6.0246e-299
3.0123e-299,3.0123e-299,3.0123e-299,3.0123e-299,3.0123e-299
1.5062e-299,1.5062e-299,1.5062e-299,1.5062e-299,1.5062e-299
7.5308e-300,7.5308e-300,7.5308e-300,7.5308e-300,7.5308e-300
3.7654e-300,3.7654e-300,3.7654e-300,3.7654e-300,3.7654e-300
1.8827e-300,1.8827e-300,1.8827e-300,1.8827e-300,1.8827e-300
9.4135e-301,9.4135e-301,9.4135e-301,9.4135e-301,9.4135e-301
4.7067e-301,4.7067e-301,4.7067e-301,4.7067e-301,4.7067e-301
2.3534e-301,2.3534e-301,2.3534e-301,2.3534e-301,2.3534e-301
1.1767e-301,1.1767e-301,1.1767e-301,1.1767e-301,1.1767e-301
5.8834e-302,5.8834e-302,5.8834e-302,5.8834e-302,5.8834e-302
2.9417e-302,2.9417e-302,2.9417e-302,2.9417e-302,2.9417e-302
