0.1,0.2,0.3,0.5,0.6
0.1068,0.0912,0.1236,0.138,0.1104
0.05491,0.058838,0.06144,0.063843,0.063229
0.033733,0.03294,0.034554,0.035227,0.033907
0.019418,0.019652,0.019805,0.019946,0.01991
0.011592,0.011541,0.011645,0.011688,0.011603
0.0068652,0.006881,0.0068913,0.0069009,0.0068985
0.0041025,0.0040989,0.0041061,0.0041091,0.0041032
0.0024507,0.0024518,0.0024526,0.0024532,0.0024531
0.0014676,0.0014674,0.0014679,0.0014681,0.0014677
0.00087925,0.00087933,0.00087938,0.00087943,0.00087942
0.00052715,0.00052713,0.00052716,0.00052718,0.00052715
0.00031612,0.00031612,0.00031613,0.00031613,0.00031613
0.00018961,0.00018961,0.00018962,0.00018962,0.00018961
0.00011375,0.00011375,0.00011375,0.00011375,0.00011375
6.8241e-05,6.8241e-05,6.8241e-05,6.8241e-05,6.8241e-05
4.0942e-05,4.0942e-05,4.0942e-05,4.0942e-05,4.0942e-05
2.4564e-05,2.4564e-05,2.4564e-05,2.4564e-05,2.4564e-05
1.4738e-05,1.4738e-05,1.4738e-05,1.4738e-05,1.4738e-05
8.8427e-06,8.8427e-06,8.8427e-06,8.8427e-06,8.8427e-06
5.3056e-06,5.3056e-06,5.3056e-06,5.3056e-06,5.3056e-06
3.1833e-06,3.1833e-06,3.1833e-06,3.1833e-06,3.1833e-06
1.91e-06,1.91e-06,1.91e-06,1.91e-06,1.91e-06
1.146e-06,1.146e-06,1.146e-06,1.146e-06,1.146e-06
6.8759e-07,6.8759e-07,6.8759e-07,6.8759e-07,6.8759e-07
4.1256e-07,4.1256e-07,4.1256e-07,4.1256e-07,4.1256e-07
2.4753e-07,2.4753e-07,2.4753e-07,2.4753e-07,2.4753e-07
1.4852e-07,1.4852e-07,1.4852e-07,1.4852e-07,1.4852e-07
8.9112e-08,8.9112e-08,8.9112e-08,8.9112e-08,8.9112e-08
5.3467e-08,5.3467e-08,5.3467e-08,5.3467e-08,5.3467e-08
3.208e-08,3.208e-08,3.208e-08,3.208e-08,3.208e-08
1.9248e-08,1.9248e-08,1.9248e-08,1.9248e-08,1.9248e-08
1.1549e-08,1.1549e-08,1.1549e-08,1.1549e-08,1.1549e-08
6.9293e-09,6.9293e-09,6.9293e-09,6.9293e-09,6.9293e-09
4.1576e-09,4.1576e-09,4.1576e-09,4.1576e-09,4.1576e-09
2.4946e-09,2.4946e-09,2.4946e-09,2.4946e-09,2.4946e-09
1.4967e-09,1.4967e-09,1.4967e-09,1.4967e-09,1.4967e-09
8.9804e-10,8.9804e-10,8.9804e-10,8.9804e-10,8.9804e-10
5.3883e-10,5.3883e-10,5.3883e-10,5.3883e-10,5.3883e-10
3.233e-10,3.233e-10,3.233e-10,3.233e-10,3.233e-10
1.9398e-10,1.9398e-10,1.9398e-10,1.9398e-10,1.9398e-10
1.1639e-10,1.1639e-10,1.1639e-10,1.1639e-10,1.1639e-10
6.9832e-11,6.9832e-11,6.9832e-11,6.9832e-11,6.9832e-11
4.1899e-11,4.1899e-11,4.1899e-11,4.1899e-11,4.1899e-11
2.5139e-11,2.5139e-11,2.5139e-11,2.5139e-11,2.5139e-11
1.5084e-11,1.5084e-11,1.5084e-11,1.5084e-11,1.5084e-11
9.0502e-12,9.0502e-12,9.0502e-12,9.0502e-12,9.0502e-12
5.4301e-12,5.4301e-12,5.4301e-12,5.4301e-12,5.4301e-12
3.2581e-12,3.2581e-12,3.2581e-12,3.2581e-12,3.2581e-12
1.9548e-12,1.9548e-12,1.9548e-12,1.9548e-12,1.9548e-12
1.1729e-12,1.1729e-12,1.1729e-12,1.1729e-12,1.1729e-12
7.0374e-13,7.0374e-13,7.0374e-13,7.0374e-13,7.0374e-13
4.2225e-13,4.2225e-13,4.2225e-13,4.2225e-13,4.2225e-13
2.5335e-13,2.5335e-13,2.5335e-13,2.5335e-13,2.5335e-13
1.5201e-13,1.5201e-13,1.5201e-13,1.5201e-13,1.5201e-13
9.1205e-14,9.1205e-14,9.1205e-14,9.1205e-14,9.1205e-14
5.4723e-14,5.4723e-14,5.4723e-14,5.4723e-14,5.4723e-14
3.2834e-14,3.2834e-14,3.2834e-14,3.2834e-14,3.2834e-14
1.97e-14,1.97e-14,1.97e-14,1.97e-14,1.97e-14
1.182e-14,1.182e-14,1.182e-14,1.182e-14,1.182e-14
7.0921e-15,7.0921e-15,7.0921e-15,7.0921e-15,7.0921e-15
4.2553e-15,4.2553e-15,4.2553e-15,4.2553e-15,4.2553e-15
2.5532e-15,2.5532e-15,2.5532e-15,2.5532e-15,2.5532e-15
1.5319e-15,1.5319e-15,1.5319e-15,1.5319e-15,1.5319e-15
9.1914e-16,9.1914e-16,9.1914e-16,9.1914e-16,9.1914e-16
5.5148e-16,5.5148e-16,5.5148e-16,5.5148e-16,5.5148e-16
3.3089e-16,3.3089e-16,3.3089e-16,3.3089e-16,3.3089e-16
1.9853e-16,1.9853e-16,1.9853e-16,1.9853e-16,1.9853e-16
1.1912e-16,1.1912e-16,1.1912e-16,1.1912e-16,1.1912e-16
7.1472e-17,7.1472e-17,7.1472e-17,7.1472e-17,7.1472e-17
4.2883e-17,4.2883e-17,4.2883e-17,4.2883e-17,4.2883e-17
2.573e-17,2.573e-17,2.573e-17,2.573e-17,2.573e-17
1.5438e-17,1.5438e-17,1.5438e-17,1.5438e-17,1.5438e-17
9.2628e-18,9.2628e-18,9.2628e-18,9.2628e-18,9.2628e-18
5.5577e-18,5.5577e-18,5.5577e-18,5.5577e-18,5.5577e-18
3.3346e-18,3.3346e-18,3.3346e-18,3.3346e-18,3.3346e-18
2.0008e-18,2.0008e-18,2.0008e-18,2.0008e-18,2.0008e-18
1.2005e-18,1.2005e-18,1.2005e-18,1.2005e-18,1.2005e-18
7.2027e-19,7.2027e-19,7.2027e-19,7.2027e-19,7.2027e-19
4.3216e-19,4.3216e-19,4.3216e-19,4.3216e-19,4.3216e-19
2.593e-19,2.593e-19,2.593e-19,2.593e-19,2.593e-19
1.5558e-19,1.5558e-19,1.5558e-19,1.5558e-19,1.5558e-19
9.3348e-20,9.3348e-20,9.3348e-20,9.3348e-20,9.3348e-20
5.6009e-20,5.6009e-20,5.6009e-20,5.6009e-20,5.6009e-20
3.3605e-20,3.3605e-20,3.3605e-20,3.3605e-20,3.3605e-20
2.0163e-20,2.0163e-20,2.0163e-20,2.0163e-20,2.0163e-20
1.2098e-20,1.2098e-20,1.2098e-20,1.2098e-20,1.2098e-20
7.2587e-21,7.2587e-21,7.2587e-21,7.2587e-21,7.2587e-21
4.3552e-21,4.3552e-21,4.3552e-21,4.3552e-21,4.3552e-21
2.6131e-21,2.6131e-21,2.6131e-21,2.6131e-21,2.6131e-21
1.5679e-21,1.5679e-21,1.5679e-21,1.5679e-21,1.5679e-21
9.4073e-22,9.4073e-22,9.4073e-22,9.4073e-22,9.4073e-22
5.6444e-22,5.6444e-22,5.6444e-22,5.6444e-22,5.6444e-22
3.3866e-22,3.3866e-22,3.3866e-22,3.3866e-22,3.3866e-22
2.032e-22,2.032e-22,2.032e-22,2.032e-22,2.032e-22
1.2192e-22,1.2192e-22,1.2192e-22,1.2192e-22,1.2192e-22
7.3151e-23,7.3151e-23,7.3151e-23,7.3151e-23,7.3151e-23
4.3891e-23,4.3891e-23,4.3891e-23,4.3891e-23,4.3891e-23
2.6334e-23,2.6334e-23,2.6334e-23,2.6334e-23,2.6334e-23
1.5801e-23,1.5801e-23,1.5801e-23,1.5801e-23,1.5801e-23
9.4804e-24,9.4804e-24,9.4804e-24,9.4804e-24,9.4804e-24
5.6882e-24,5.6882e-24,5.6882e-24,5.6882e-24,5.6882e-24
3.4129e-24,3.4129e-24,3.4129e-24,3.4129e-24,3.4129e-24
2.0478e-24,2.0478e-24,2.0478e-24,2.0478e-24,2.0478e-24
1.2287e-24,1.2287e-24,1.2287e-24,1.2287e-24,1.2287e-24
7.3719e-25,7.3719e-25,7.3719e-25,7.3719e-25,7.3719e-25
4.4232e-25,4.4232e-25,4.4232e-25,4.4232e-25,4.4232e-25
2.6539e-25,2.6539e-25,2.6539e-25,2.6539e-25,2.6539e-25
1.5923e-25,1.5923e-25,1.5923e-25,1.5923e-25,1.5923e-25
9.554e-26,9.554e-26,9.554e-26,9.554e-26,9.554e-26
5.7324e-26,5.7324e-26,5.7324e-26,5.7324e-26,5.7324e-26
3.4395e-26,3.4395e-26,3.4395e-26,3.4395e-26,3.4395e-26
2.0637e-26,2.0637e-26,2.0637e-26,2.0637e-26,2.0637e-26
1.2382e-26,1.2382e-26,1.2382e-26,1.2382e-26,1.2382e-26
7.4292e-27,7.4292e-27,7.4292e-27,7.4292e-27,7.4292e-27
4.4575e-27,4.4575e-27,4.4575e-27,4.4575e-27,4.4575e-27
2.6745e-27,2.6745e-27,2.6745e-27,2.6745e-27,2.6745e-27
1.6047e-27,1.6047e-27,1.6047e-27,1.6047e-27,1.6047e-27
9.6283e-28,9.6283e-28,9.6283e-28,9.6283e-28,9.6283e-28
5.777e-28,5.777e-28,5.777e-28,5.777e-28,5.777e-28
3.4662e-28,3.4662e-28,3.4662e-28,3.4662e-28,3.4662e-28
2.0797e-28,2.0797e-28,2.0797e-28,2.0797e-28,2.0797e-28
1.2478e-28,1.2478e-28,1.2478e-28,1.2478e-28,1.2478e-28
7.4869e-29,7.4869e-29,7.4869e-29,7.4869e-29,7.4869e-29
4.4922e-29,4.4922e-29,4.4922e-29,4.4922e-29,4.4922e-29
2.6953e-29,2.6953e-29,2.6953e-29,2.6953e-29,2.6953e-29
1.6172e-29,1.6172e-29,1.6172e-29,1.6172e-29,1.6172e-29
9.7031e-30,9.7031e-30,9.7031e-30,9.7031e-30,9.7031e-30
5.8218e-30,5.8218e-30,5.8218e-30,5.8218e-30,5.8218e-30
3.4931e-30,3.4931e-30,3.4931e-30,3.4931e-30,3.4931e-30
2.0959e-30,2.0959e-30,2.0959e-30,2.0959e-30,2.0959e-30
1.2575e-30,1.2575e-30,1.2575e-30,1.2575e-30,1.2575e-30
7.5451e-31,7.5451e-31,7.5451e-31,7.5451e-31,7.5451e-31
4.5271e-31,4.5271e-31,4.5271e-31,4.5271e-31,4.5271e-31
2.7162e-31,2.7162e-31,2.7162e-31,2.7162e-31,2.7162e-31
1.6297e-31,1.6297e-31,1.6297e-31,1.6297e-31,1.6297e-31
9.7785e-32,9.7785e-32,9.7785e-32,9.7785e-32,9.7785e-32
5.8671e-32,5.8671e-32,5.8671e-32,5.8671e-32,5.8671e-32
3.5202e-32,3.5202e-32,3.5202e-32,3.5202e-32,3.5202e-32
2.1121e-32,2.1121e-32,2.1121e-32,2.1121e-32,2.1121e-32
1.2673e-32,1.2673e-32,1.2673e-32,1.2673e-32,1.2673e-32
7.6037e-33,7.6037e-33,7.6037e-33,7.6037e-33,7.6037e-33
4.5622e-33,4.5622e-33,4.5622e-33,4.5622e-33,4.5622e-33
2.7373e-33,2.7373e-33,2.7373e-33,2.7373e-33,2.7373e-33
1.6424e-33,1.6424e-33,1.6424e-33,1.6424e-33,1.6424e-33
9.8544e-34,9.8544e-34,9.8544e-34,9.8544e-34,9.8544e-34
5.9127e-34,5.9127e-34,5.9127e-34,5.9127e-34,5.9127e-34
3.5476e-34,3.5476e-34,3.5476e-34,3.5476e-34,3.5476e-34
2.1286e-34,2.1286e-34,2.1286e-34,2.1286e-34,2.1286e-34
1.2771e-34,1.2771e-34,1.2771e-34,1.2771e-34,1.2771e-34
7.6628e-35,7.6628e-35,7.6628e-35,7.6628e-35,7.6628e-35
4.5977e-35,4.5977e-35,4.5977e-35,4.5977e-35,4.5977e-35
2.7586e-35,2.7586e-35,2.7586e-35,2.7586e-35,2.7586e-35
1.6552e-35,1.6552e-35,1.6552e-35,1.6552e-35,1.6552e-35
9.931e-36,9.931e-36,9.931e-36,9.931e-36,9.931e-36
5.9586e-36,5.9586e-36,5.9586e-36,5.9586e-36,5.9586e-36
3.5752e-36,3.5752e-36,3.5752e-36,3.5752e-36,3.5752e-36
2.1451e-36,2.1451e-36,2.1451e-36,2.1451e-36,2.1451e-36
1.2871e-36,1.2871e-36,1.2871e-36,1.2871e-36,1.2871e-36
7.7224e-37,7.7224e-37,7.7224e-37,7.7224e-37,7.7224e-37
4.6334e-37,4.6334e-37,4.6334e-37,4.6334e-37,4.6334e-37
2.78e-37,2.78e-37,2.78e-37,2.78e-37,2.78e-37
1.668e-37,1.668e-37,1.668e-37,1.668e-37,1.668e-37
1.0008e-37,1.0008e-37,1.0008e-37,1.0008e-37,1.0008e-37
6.0049e-38,6.0049e-38,6.0049e-38,6.0049e-38,6.0049e-38
3.6029e-38,3.6029e-38,3.6029e-38,3.6029e-38,3.6029e-38
2.1618e-38,2.1618e-38,2.1618e-38,2.1618e-38,2.1618e-38
1.2971e-38,1.2971e-38,1.2971e-38,1.2971e-38,1.2971e-38
7.7824e-39,7.7824e-39,7.7824e-39,7.7824e-39,7.7824e-39
4.6694e-39,4.6694e-39,4.6694e-39,4.6694e-39,4.6694e-39
2.8016e-39,2.8016e-39,2.8016e-39,2.8016e-39,2.8016e-39
1.681e-39,1.681e-39,1.681e-39,1.681e-39,1.681e-39
1.0086e-39,1.0086e-39,1.0086e-39,1.0086e-39,1.0086e-39
6.0516e-40,6.0516e-40,6.0516e-40,6.0516e-40,6.0516e-40
3.6309e-40,3.6309e-40,3.6309e-40,3.6309e-40,3.6309e-40
2.1786e-40,2.1786e-40,2.1786e-40,2.1786e-40,2.1786e-40
1.3071e-40,1.3071e-40,1.3071e-40,1.3071e-40,1.3071e-40
7.8428e-41,7.8428e-41,7.8428e-41,7.8428e-41,7.8428e-41
4.7057e-41,4.7057e-41,4.7057e-41,4.7057e-41,4.7057e-41
2.8234e-41,2.8234e-41,2.8234e-41,2.8234e-41,2.8234e-41
1.694e-41,1.694e-41,1.694e-41,1.694e-41,1.694e-41
1.0164e-41,1.0164e-41,1.0164e-41,1.0164e-41,1.0164e-41
6.0986e-42,6.0986e-42,6.0986e-42,6.0986e-42,6.0986e-42
3.6591e-42,3.6591e-42,3.6591e-42,3.6591e-42,3.6591e-42
2.1955e-42,2.1955e-42,2.1955e-42,2.1955e-42,2.1955e-42
1.3173e-42,1.3173e-42,1.3173e-42,1.3173e-42,1.3173e-42
7.9038e-43,7.9038e-43,7.9038e-43,7.9038e-43,7.9038e-43
4.7423e-43,4.7423e-43,4.7423e-43,4.7423e-43,4.7423e-43
2.8454e-43,2.8454e-43,2.8454e-43,2.8454e-43,2.8454e-43
1.7072e-43,1.7072e-43,1.7072e-43,1.7072e-43,1.7072e-43
1.0243e-43,1.0243e-43,1.0243e-43,1.0243e-43,1.0243e-43
6.146e-44,6.146e-44,6.146e-44,6.146e-44,6.146e-44
3.6876e-44,3.6876e-44,3.6876e-44,3.6876e-44,3.6876e-44
2.2125e-44,2.2125e-44,2.2125e-44,2.2125e-44,2.2125e-44
1.3275e-44,1.3275e-44,1.3275e-44,1.3275e-44,1.3275e-44
7.9652e-45,7.9652e-45,7.9652e-45,7.9652e-45,7.9652e-45
4.7791e-45,4.7791e-45,4.7791e-45,4.7791e-45,4.7791e-45
2.8675e-45,2.8675e-45,2.8675e-45,2.8675e-45,2.8675e-45
1.7205e-45,1.7205e-45,1.7205e-45,1.7205e-45,1.7205e-45
1.0323e-45,1.0323e-45,1.0323e-45,1.0323e-45,1.0323e-45
6.1937e-46,6.1937e-46,6.1937e-46,6.1937e-46,6.1937e-46
3.7162e-46,3.7162e-46,3.7162e-46,3.7162e-46,3.7162e-46
2.2297e-46,2.2297e-46,2.2297e-46,2.2297e-46,2.2297e-46
1.3378e-46,1.3378e-46,1.3378e-46,1.3378e-46,1.3378e-46
8.027e-47,8.027e-47,8.027e-47,8.027e-47,8.027e-47
4.8162e-47,4.8162e-47,4.8162e-47,4.8162e-47,4.8162e-47
2.8897e-47,2.8897e-47,2.8897e-47,2.8897e-47,2.8897e-47
1.7338e-47,1.7338e-47,1.7338e-47,1.7338e-47,1.7338e-47
1.0403e-47,1.0403e-47,1.0403e-47,1.0403e-47,1.0403e-47
6.2418e-48,6.2418e-48,6.2418e-48,6.2418e-48,6.2418e-48
3.7451e-48,3.7451e-48,3.7451e-48,3.7451e-48,3.7451e-48
2.2471e-48,2.2471e-48,2.2471e-48,2.2471e-48,2.2471e-48
1.3482e-48,1.3482e-48,1.3482e-48,1.3482e-48,1.3482e-48
8.0894e-49,8.0894e-49,8.0894e-49,8.0894e-49,8.0894e-49
4.8536e-49,4.8536e-49,4.8536e-49,4.8536e-49,4.8536e-49
2.9122e-49,2.9122e-49,2.9122e-49,2.9122e-49,2.9122e-49
1.7473e-49,1.7473e-49,1.7473e-49,1.7473e-49,1.7473e-49
1.0484e-49,1.0484e-49,1.0484e-49,1.0484e-49,1.0484e-49
6.2903e-50,6.2903e-50,6.2903e-50,6.2903e-50,6.2903e-50
3.7742e-50,3.7742e-50,3.7742e-50,3.7742e-50,3.7742e-50
2.2645e-50,2.2645e-50,2.2645e-50,2.2645e-50,2.2645e-50
1.3587e-50,1.3587e-50,1.3587e-50,1.3587e-50,1.3587e-50
8.1523e-51,8.1523e-51,8.1523e-51,8.1523e-51,8.1523e-51
4.8914e-51,4.8914e-51,4.8914e-51,4.8914e-51,4.8914e-51
2.9348e-51,2.9348e-51,2.9348e-51,2.9348e-51,2.9348e-51
1.7609e-51,1.7609e-51,1.7609e-51,1.7609e-51,1.7609e-51
1.0565e-51,1.0565e-51,1.0565e-51,1.0565e-51,1.0565e-51
6.3392e-52,6.3392e-52,6.3392e-52,6.3392e-52,6.3392e-52
3.8035e-52,3.8035e-52,3.8035e-52,3.8035e-52,3.8035e-52
2.2821e-52,2.2821e-52,2.2821e-52,2.2821e-52,2.2821e-52
1.3693e-52,1.3693e-52,1.3693e-52,1.3693e-52,1.3693e-52
8.2156e-53,8.2156e-53,8.2156e-53,8.2156e-53,8.2156e-53
4.9294e-53,4.9294e-53,4.9294e-53,4.9294e-53,4.9294e-53
2.9576e-53,2.9576e-53,2.9576e-53,2.9576e-53,2.9576e-53
1.7746e-53,1.7746e-53,1.7746e-53,1.7746e-53,1.7746e-53
1.0647e-53,1.0647e-53,1.0647e-53,1.0647e-53,1.0647e-53
6.3885e-54,6.3885e-54,6.3885e-54,6.3885e-54,6.3885e-54
3.8331e-54,3.8331e-54,3.8331e-54,3.8331e-54,3.8331e-54
2.2998e-54,2.2998e-54,2.2998e-54,2.2998e-54,2.2998e-54
1.3799e-54,1.3799e-54,1.3799e-54,1.3799e-54,1.3799e-54
8.2794e-55,8.2794e-55,8.2794e-55,8.2794e-55,8.2794e-55
4.9677e-55,4.9677e-55,4.9677e-55,4.9677e-55,4.9677e-55
2.9806e-55,2.9806e-55,2.9806e-55,2.9806e-55,2.9806e-55
1.7884e-55,1.7884e-55,1.7884e-55,1.7884e-55,1.7884e-55
1.073e-55,1.073e-55,1.073e-55,1.073e-55,1.073e-55
6.4381e-56,6.4381e-56,6.4381e-56,6.4381e-56,6.4381e-56
3.8629e-56,3.8629e-56,3.8629e-56,3.8629e-56,3.8629e-56
2.3177e-56,2.3177e-56,2.3177e-56,2.3177e-56,2.3177e-56
1.3906e-56,1.3906e-56,1.3906e-56,1.3906e-56,1.3906e-56
8.3438e-57,8.3438e-57,8.3438e-57,8.3438e-57,8.3438e-57
5.0063e-57,5.0063e-57,5.0063e-57,5.0063e-57,5.0063e-57
3.0038e-57,3.0038e-57,3.0038e-57,3.0038e-57,3.0038e-57
1.8023e-57,1.8023e-57,1.8023e-57,1.8023e-57,1.8023e-57
1.0814e-57,1.0814e-57,1.0814e-57,1.0814e-57,1.0814e-57
6.4881e-58,6.4881e-58,6.4881e-58,6.4881e-58,6.4881e-58
3.8929e-58,3.8929e-58,3.8929e-58,3.8929e-58,3.8929e-58
2.3357e-58,2.3357e-58,2.3357e-58,2.3357e-58,2.3357e-58
1.4014e-58,1.4014e-58,1.4014e-58,1.4014e-58,1.4014e-58
8.4086e-59,8.4086e-59,8.4086e-59,8.4086e-59,8.4086e-59
5.0452e-59,5.0452e-59,5.0452e-59,5.0452e-59,5.0452e-59
3.0271e-59,3.0271e-59,3.0271e-59,3.0271e-59,3.0271e-59
1.8163e-59,1.8163e-59,1.8163e-59,1.8163e-59,1.8163e-59
1.0898e-59,1.0898e-59,1.0898e-59,1.0898e-59,1.0898e-59
6.5385e-60,6.5385e-60,6.5385e-60,6.5385e-60,6.5385e-60
3.9231e-60,3.9231e-60,3.9231e-60,3.9231e-60,3.9231e-60
2.3539e-60,2.3539e-60,2.3539e-60,2.3539e-60,2.3539e-60
1.4123e-60,1.4123e-60,1.4123e-60,1.4123e-60,1.4123e-60
8.4739e-61,8.4739e-61,8.4739e-61,8.4739e-61,8.4739e-61
5.0844e-61,5.0844e-61,5.0844e-61,5.0844e-61,5.0844e-61
3.0506e-61,3.0506e-61,3.0506e-61,3.0506e-61,3.0506e-61
1.8304e-61,1.8304e-61,1.8304e-61,1.8304e-61,1.8304e-61
1.0982e-61,1.0982e-61,1.0982e-61,1.0982e-61,1.0982e-61
6.5893e-62,6.5893e-62,6.5893e-62,6.5893e-62,6.5893e-62
3.9536e-62,3.9536e-62,3.9536e-62,3.9536e-62,3.9536e-62
2.3722e-62,2.3722e-62,2.3722e-62,2.3722e-62,2.3722e-62
1.4233e-62,1.4233e-62,1.4233e-62,1.4233e-62,1.4233e-62
8.5398e-63,8.5398e-63,8.5398e-63,8.5398e-63,8.5398e-63
5.1239e-63,5.1239e-63,5.1239e-63,5.1239e-63,5.1239e-63
3.0743e-63,3.0743e-63,3.0743e-63,3.0743e-63,3.0743e-63
1.8446e-63,1.8446e-63,1.8446e-63,1.8446e-63,1.8446e-63
1.1068e-63,1.1068e-63,1.1068e-63,1.1068e-63,1.1068e-63
6.6405e-64,6.6405e-64,6.6405e-64,6.6405e-64,6.6405e-64
3.9843e-64,3.9843e-64,3.9843e-64,3.9843e-64,3.9843e-64
2.3906e-64,2.3906e-64,2.3906e-64,2.3906e-64,2.3906e-64
1.4344e-64,1.4344e-64,1.4344e-64,1.4344e-64,1.4344e-64
8.6061e-65,8.6061e-65,8.6061e-65,8.6061e-65,8.6061e-65
5.1637e-65,5.1637e-65,5.1637e-65,5.1637e-65,5.1637e-65
3.0982e-65,3.0982e-65,3.0982e-65,3.0982e-65,3.0982e-65
1.8589e-65,1.8589e-65,1.8589e-65,1.8589e-65,1.8589e-65
1.1154e-65,1.1154e-65,1.1154e-65,1.1154e-65,1.1154e-65
6.6921e-66,6.6921e-66,6.6921e-66,6.6921e-66,6.6921e-66
4.0153e-66,4.0153e-66,4.0153e-66,4.0153e-66,4.0153e-66
2.4092e-66,2.4092e-66,2.4092e-66,2.4092e-66,2.4092e-66
1.4455e-66,1.4455e-66,1.4455e-66,1.4455e-66,1.4455e-66
8.673e-67,8.673e-67,8.673e-67,8.673e-67,8.673e-67
5.2038e-67,5.2038e-67,5.2038e-67,5.2038e-67,5.2038e-67
3.1223e-67,3.1223e-67,3.1223e-67,3.1223e-67,3.1223e-67
1.8734e-67,1.8734e-67,1.8734e-67,1.8734e-67,1.8734e-67
1.124e-67,1.124e-67,1.124e-67,1.124e-67,1.124e-67
6.7441e-68,6.7441e-68,6.7441e-68,6.7441e-68,6.7441e-68
4.0465e-68,4.0465e-68,4.0465e-68,4.0465e-68,4.0465e-68
2.4279e-68,2.4279e-68,2.4279e-68,2.4279e-68,2.4279e-68
1.4567e-68,1.4567e-68,1.4567e-68,1.4567e-68,1.4567e-68
8.7404e-69,8.7404e-69,8.7404e-69,8.7404e-69,8.7404e-69
5.2442e-69,5.2442e-69,5.2442e-69,5.2442e-69,5.2442e-69
3.1465e-69,3.1465e-69,3.1465e-69,3.1465e-69,3.1465e-69
1.8879e-69,1.8879e-69,1.8879e-69,1.8879e-69,1.8879e-69
1.1328e-69,1.1328e-69,1.1328e-69,1.1328e-69,1.1328e-69
6.7965e-70,6.7965e-70,6.7965e-70,6.7965e-70,6.7965e-70
4.0779e-70,4.0779e-70,4.0779e-70,4.0779e-70,4.0779e-70
2.4467e-70,2.4467e-70,2.4467e-70,2.4467e-70,2.4467e-70
1.468e-70,1.468e-70,1.468e-70,1.468e-70,1.468e-70
8.8083e-71,8.8083e-71,8.8083e-71,8.8083e-71,8.8083e-71
5.285e-71,5.285e-71,5.285e-71,5.285e-71,5.285e-71
3.171e-71,3.171e-71,3.171e-71,3.171e-71,3.171e-71
1.9026e-71,1.9026e-71,1.9026e-71,1.9026e-71,1.9026e-71
1.1416e-71,1.1416e-71,1.1416e-71,1.1416e-71,1.1416e-71
6.8493e-72,6.8493e-72,6.8493e-72,6.8493e-72,6.8493e-72
4.1096e-72,4.1096e-72,4.1096e-72,4.1096e-72,4.1096e-72
2.4658e-72,2.4658e-72,2.4658e-72,2.4658e-72,2.4658e-72
1.4795e-72,1.4795e-72,1.4795e-72,1.4795e-72,1.4795e-72
8.8767e-73,8.8767e-73,8.8767e-73,8.8767e-73,8.8767e-73
5.326e-73,5.326e-73,5.326e-73,5.326e-73,5.326e-73
3.1956e-73,3.1956e-73,3.1956e-73,3.1956e-73,3.1956e-73
1.9174e-73,1.9174e-73,1.9174e-73,1.9174e-73,1.9174e-73
1.1504e-73,1.1504e-73,1.1504e-73,1.1504e-73,1.1504e-73
6.9025e-74,6.9025e-74,6.9025e-74,6.9025e-74,6.9025e-74
4.1415e-74,4.1415e-74,4.1415e-74,4.1415e-74,4.1415e-74
2.4849e-74,2.4849e-74,2.4849e-74,2.4849e-74,2.4849e-74
1.4909e-74,1.4909e-74,1.4909e-74,1.4909e-74,1.4909e-74
8.9457e-75,8.9457e-75,8.9457e-75,8.9457e-75,8.9457e-75
5.3674e-75,5.3674e-75,5.3674e-75,5.3674e-75,5.3674e-75
3.2204e-75,3.2204e-75,3.2204e-75,3.2204e-75,3.2204e-75
1.9323e-75,1.9323e-75,1.9323e-75,1.9323e-75,1.9323e-75
1.1594e-75,1.1594e-75,1.1594e-75,1.1594e-75,1.1594e-75
6.9562e-76,6.9562e-76,6.9562e-76,6.9562e-76,6.9562e-76
4.1737e-76,4.1737e-76,4.1737e-76,4.1737e-76,4.1737e-76
2.5042e-76,2.5042e-76,2.5042e-76,2.5042e-76,2.5042e-76
1.5025e-76,1.5025e-76,1.5025e-76,1.5025e-76,1.5025e-76
9.0152e-77,9.0152e-77,9.0152e-77,9.0152e-77,9.0152e-77
5.4091e-77,5.4091e-77,5.4091e-77,5.4091e-77,5.4091e-77
3.2455e-77,3.2455e-77,3.2455e-77,3.2455e-77,3.2455e-77
1.9473e-77,1.9473e-77,1.9473e-77,1.9473e-77,1.9473e-77
1.1684e-77,1.1684e-77,1.1684e-77,1.1684e-77,1.1684e-77
7.0102e-78,7.0102e-78,7.0102e-78,7.0102e-78,7.0102e-78
4.2061e-78,4.2061e-78,4.2061e-78,4.2061e-78,4.2061e-78
2.5237e-78,2.5237e-78,2.5237e-78,2.5237e-78,2.5237e-78
1.5142e-78,1.5142e-78,1.5142e-78,1.5142e-78,1.5142e-78
9.0852e-79,9.0852e-79,9.0852e-79,9.0852e-79,9.0852e-79
5.4511e-79,5.4511e-79,5.4511e-79,5.4511e-79,5.4511e-79
3.2707e-79,3.2707e-79,3.2707e-79,3.2707e-79,3.2707e-79
1.9624e-79,1.9624e-79,1.9624e-79,1.9624e-79,1.9624e-79
1.1774e-79,1.1774e-79,1.1774e-79,1.1774e-79,1.1774e-79
7.0647e-80,7.0647e-80,7.0647e-80,7.0647e-80,7.0647e-80
4.2388e-80,4.2388e-80,4.2388e-80,4.2388e-80,4.2388e-80
2.5433e-80,2.5433e-80,2.5433e-80,2.5433e-80,2.5433e-80
1.526e-80,1.526e-80,1.526e-80,1.526e-80,1.526e-80
9.1558e-81,9.1558e-81,9.1558e-81,9.1558e-81,9.1558e-81
5.4935e-81,5.4935e-81,5.4935e-81,5.4935e-81,5.4935e-81
3.2961e-81,3.2961e-81,3.2961e-81,3.2961e-81,3.2961e-81
1.9777e-81,1.9777e-81,1.9777e-81,1.9777e-81,1.9777e-81
1.1866e-81,1.1866e-81,1.1866e-81,1.1866e-81,1.1866e-81
7.1196e-82,7.1196e-82,7.1196e-82,7.1196e-82,7.1196e-82
4.2717e-82,4.2717e-82,4.2717e-82,4.2717e-82,4.2717e-82
2.563e-82,2.563e-82,2.563e-82,2.563e-82,2.563e-82
1.5378e-82,1.5378e-82,1.5378e-82,1.5378e-82,1.5378e-82
9.227e-83,9.227e-83,9.227e-83,9.227e-83,9.227e-83
5.5362e-83,5.5362e-83,5.5362e-83,5.5362e-83,5.5362e-83
3.3217e-83,3.3217e-83,3.3217e-83,3.3217e-83,3.3217e-83
1.993e-83,1.993e-83,1.993e-83,1.993e-83,1.993e-83
1.1958e-83,1.1958e-83,1.1958e-83,1.1958e-83,1.1958e-83
7.1749e-84,7.1749e-84,7.1749e-84,7.1749e-84,7.1749e-84
4.3049e-84,4.3049e-84,4.3049e-84,4.3049e-84,4.3049e-84
2.583e-84,2.583e-84,2.583e-84,2.583e-84,2.583e-84
1.5498e-84,1.5498e-84,1.5498e-84,1.5498e-84,1.5498e-84
9.2986e-85,9.2986e-85,9.2986e-85,9.2986e-85,9.2986e-85
5.5792e-85,5.5792e-85,5.5792e-85,5.5792e-85,5.5792e-85
3.3475e-85,3.3475e-85,3.3475e-85,3.3475e-85,3.3475e-85
2.0085e-85,2.0085e-85,2.0085e-85,2.0085e-85,2.0085e-85
1.2051e-85,1.2051e-85,1.2051e-85,1.2051e-85,1.2051e-85
7.2306e-86,7.2306e-86,7.2306e-86,7.2306e-86,7.2306e-86
4.3384e-86,4.3384e-86,4.3384e-86,4.3384e-86,4.3384e-86
2.603e-86,2.603e-86,2.603e-86,2.603e-86,2.603e-86
1.5618e-86,1.5618e-86,1.5618e-86,1.5618e-86,1.5618e-86
9.3709e-87,9.3709e-87,9.3709e-87,9.3709e-87,9.3709e-87
5.6225e-87,5.6225e-87,5.6225e-87,5.6225e-87,5.6225e-87
3.3735e-87,3.3735e-87,3.3735e-87,3.3735e-87,3.3735e-87
2.0241e-87,2.0241e-87,2.0241e-87,2.0241e-87,2.0241e-87
1.2145e-87,1.2145e-87,1.2145e-87,1.2145e-87,1.2145e-87
7.2868e-88,7.2868e-88,7.2868e-88,7.2868e-88,7.2868e-88
4.3721e-88,4.3721e-88,4.3721e-88,4.3721e-88,4.3721e-88
2.6232e-88,2.6232e-88,2.6232e-88,2.6232e-88,2.6232e-88
1.5739e-88,1.5739e-88,1.5739e-88,1.5739e-88,1.5739e-88
9.4437e-89,9.4437e-89,9.4437e-89,9.4437e-89,9.4437e-89
5.6662e-89,5.6662e-89,5.6662e-89,5.6662e-89,5.6662e-89
3.3997e-89,3.3997e-89,3.3997e-89,3.3997e-89,3.3997e-89
2.0398e-89,2.0398e-89,2.0398e-89,2.0398e-89,2.0398e-89
1.2239e-89,1.2239e-89,1.2239e-89,1.2239e-89,1.2239e-89
7.3434e-90,7.3434e-90,7.3434e-90,7.3434e-90,7.3434e-90
4.4061e-90,4.4061e-90,4.4061e-90,4.4061e-90,4.4061e-90
2.6436e-90,2.6436e-90,2.6436e-90,2.6436e-90,2.6436e-90
1.5862e-90,1.5862e-90,1.5862e-90,1.5862e-90,1.5862e-90
9.5171e-91,9.5171e-91,9.5171e-91,9.5171e-91,9.5171e-91
5.7102e-91,5.7102e-91,5.7102e-91,5.7102e-91,5.7102e-91
3.4261e-91,3.4261e-91,3.4261e-91,3.4261e-91,3.4261e-91
2.0557e-91,2.0557e-91,2.0557e-91,2.0557e-91,2.0557e-91
1.2334e-91,1.2334e-91,1.2334e-91,1.2334e-91,1.2334e-91
7.4005e-92,7.4005e-92,7.4005e-92,7.4005e-92,7.4005e-92
4.4403e-92,4.4403e-92,4.4403e-92,4.4403e-92,4.4403e-92
2.6642e-92,2.6642e-92,2.6642e-92,2.6642e-92,2.6642e-92
1.5985e-92,1.5985e-92,1.5985e-92,1.5985e-92,1.5985e-92
9.591e-93,9.591e-93,9.591e-93,9.591e-93,9.591e-93
5.7546e-93,5.7546e-93,5.7546e-93,5.7546e-93,5.7546e-93
3.4528e-93,3.4528e-93,3.4528e-93,3.4528e-93,3.4528e-93
2.0717e-93,2.0717e-93,2.0717e-93,2.0717e-93,2.0717e-93
1.243e-93,1.243e-93,1.243e-93,1.243e-93,1.243e-93
7.458e-94,7.458e-94,7.458e-94,7.458e-94,7.458e-94
4.4748e-94,4.4748e-94,4.4748e-94,4.4748e-94,4.4748e-94
2.6849e-94,2.6849e-94,2.6849e-94,2.6849e-94,2.6849e-94
1.6109e-94,1.6109e-94,1.6109e-94,1.6109e-94,1.6109e-94
9.6655e-95,9.6655e-95,9.6655e-95,9.6655e-95,9.6655e-95
5.7993e-95,5.7993e-95,5.7993e-95,5.7993e-95,5.7993e-95
3.4796e-95,3.4796e-95,3.4796e-95,3.4796e-95,3.4796e-95
2.0878e-95,2.0878e-95,2.0878e-95,2.0878e-95,2.0878e-95
1.2527e-95,1.2527e-95,1.2527e-95,1.2527e-95,1.2527e-95
7.5159e-96,7.5159e-96,7.5159e-96,7.5159e-96,7.5159e-96
4.5096e-96,4.5096e-96,4.5096e-96,4.5096e-96,4.5096e-96
2.7057e-96,2.7057e-96,2.7057e-96,2.7057e-96,2.7057e-96
1.6234e-96,1.6234e-96,1.6234e-96,1.6234e-96,1.6234e-96
9.7406e-97,9.7406e-97,9.7406e-97,9.7406e-97,9.7406e-97
5.8444e-97,5.8444e-97,5.8444e-97,5.8444e-97,5.8444e-97
3.5066e-97,3.5066e-97,3.5066e-97,3.5066e-97,3.5066e-97
2.104e-97,2.104e-97,2.104e-97,2.104e-97,2.104e-97
1.2624e-97,1.2624e-97,1.2624e-97,1.2624e-97,1.2624e-97
7.5743e-98,7.5743e-98,7.5743e-98,7.5743e-98,7.5743e-98
4.5446e-98,4.5446e-98,4.5446e-98,4.5446e-98,4.5446e-98
2.7268e-98,2.7268e-98,2.7268e-98,2.7268e-98,2.7268e-98
1.6361e-98,1.6361e-98,1.6361e-98,1.6361e-98,1.6361e-98
9.8163e-99,9.8163e-99,9.8163e-99,9.8163e-99,9.8163e-99
5.8898e-99,5.8898e-99,5.8898e-99,5.8898e-99,5.8898e-99
3.5339e-99,3.5339e-99,3.5339e-99,3.5339e-99,3.5339e-99
2.1203e-99,2.1203e-99,2.1203e-99,2.1203e-99,2.1203e-99
1.2722e-99,1.2722e-99,1.2722e-99,1.2722e-99,1.2722e-99
7.6332e-100,7.6332e-100,7.6332e-100,7.6332e-100,7.6332e-100
4.5799e-100,4.5799e-100,4.5799e-100,4.5799e-100,4.5799e-100
2.7479e-100,2.7479e-100,2.7479e-100,2.7479e-100,2.7479e-100
1.6488e-100,1.6488e-100,1.6488e-100,1.6488e-100,1.6488e-100
9.8926e-101,9.8926e-101,9.8926e-101,9.8926e-101,9.8926e-101
5.9355e-101,5.9355e-101,5.9355e-101,5.9355e-101,5.9355e-101
3.5613e-101,3.5613e-101,3.5613e-101,3.5613e-101,3.5613e-101
2.1368e-101,2.1368e-101,2.1368e-101,2.1368e-101,2.1368e-101
1.2821e-101,1.2821e-101,1.2821e-101,1.2821e-101,1.2821e-101
7.6925e-102,7.6925e-102,7.6925e-102,7.6925e-102,7.6925e-102
4.6155e-102,4.6155e-102,4.6155e-102,4.6155e-102,4.6155e-102
2.7693e-102,2.7693e-102,2.7693e-102,2.7693e-102,2.7693e-102
1.6616e-102,1.6616e-102,1.6616e-102,1.6616e-102,1.6616e-102
9.9694e-103,9.9694e-103,9.9694e-103,9.9694e-103,9.9694e-103
5.9817e-103,5.9817e-103,5.9817e-103,5.9817e-103,5.9817e-103
3.589e-103,3.589e-103,3.589e-103,3.589e-103,3.589e-103
2.1534e-103,2.1534e-103,2.1534e-103,2.1534e-103,2.1534e-103
1.292e-103,1.292e-103,1.292e-103,1.292e-103,1.292e-103
7.7522e-104,7.7522e-104,7.7522e-104,7.7522e-104,7.7522e-104
4.6513e-104,4.6513e-104,4.6513e-104,4.6513e-104,4.6513e-104
2.7908e-104,2.7908e-104,2.7908e-104,2.7908e-104,2.7908e-104
1.6745e-104,1.6745e-104,1.6745e-104,1.6745e-104,1.6745e-104
1.0047e-104,1.0047e-104,1.0047e-104,1.0047e-104,1.0047e-104
6.0281e-105,6.0281e-105,6.0281e-105,6.0281e-105,6.0281e-105
3.6169e-105,3.6169e-105,3.6169e-105,3.6169e-105,3.6169e-105
2.1701e-105,2.1701e-105,2.1701e-105,2.1701e-105,2.1701e-105
1.3021e-105,1.3021e-105,1.3021e-105,1.3021e-105,1.3021e-105
7.8125e-106,7.8125e-106,7.8125e-106,7.8125e-106,7.8125e-106
4.6875e-106,4.6875e-106,4.6875e-106,4.6875e-106,4.6875e-106
2.8125e-106,2.8125e-106,2.8125e-106,2.8125e-106,2.8125e-106
1.6875e-106,1.6875e-106,1.6875e-106,1.6875e-106,1.6875e-106
1.0125e-106,1.0125e-106,1.0125e-106,1.0125e-106,1.0125e-106
6.075e-107,6.075e-107,6.075e-107,6.075e-107,6.075e-107
3.645e-107,3.645e-107,3.645e-107,3.645e-107,3.645e-107
2.187e-107,2.187e-107,2.187e-107,2.187e-107,2.187e-107
1.3122e-107,1.3122e-107,1.3122e-107,1.3122e-107,1.3122e-107
7.8732e-108,7.8732e-108,7.8732e-108,7.8732e-108,7.8732e-108
4.7239e-108,4.7239e-108,4.7239e-108,4.7239e-108,4.7239e-108
2.8343e-108,2.8343e-108,2.8343e-108,2.8343e-108,2.8343e-108
1.7006e-108,1.7006e-108,1.7006e-108,1.7006e-108,1.7006e-108
1.0204e-108,1.0204e-108,1.0204e-108,1.0204e-108,1.0204e-108
6.1222e-109,6.1222e-109,6.1222e-109,6.1222e-109,6.1222e-109
3.6733e-109,3.6733e-109,3.6733e-109,3.6733e-109,3.6733e-109
2.204e-109,2.204e-109,2.204e-109,2.204e-109,2.204e-109
1.3224e-109,1.3224e-109,1.3224e-109,1.3224e-109,1.3224e-109
7.9343e-110,7.9343e-110,7.9343e-110,7.9343e-110,7.9343e-110
4.7606e-110,4.7606e-110,4.7606e-110,4.7606e-110,4.7606e-110
2.8564e-110,2.8564e-110,2.8564e-110,2.8564e-110,2.8564e-110
1.7138e-110,1.7138e-110,1.7138e-110,1.7138e-110,1.7138e-110
1.0283e-110,1.0283e-110,1.0283e-110,1.0283e-110,1.0283e-110
6.1697e-111,6.1697e-111,6.1697e-111,6.1697e-111,6.1697e-111
3.7018e-111,3.7018e-111,3.7018e-111,3.7018e-111,3.7018e-111
2.2211e-111,2.2211e-111,2.2211e-111,2.2211e-111,2.2211e-111
1.3327e-111,1.3327e-111,1.3327e-111,1.3327e-111,1.3327e-111
7.996e-112,7.996e-112,7.996e-112,7.996e-112,7.996e-112
4.7976e-112,4.7976e-112,4.7976e-112,4.7976e-112,4.7976e-112
2.8786e-112,2.8786e-112,2.8786e-112,2.8786e-112,2.8786e-112
1.7271e-112,1.7271e-112,1.7271e-112,1.7271e-112,1.7271e-112
1.0363e-112,1.0363e-112,1.0363e-112,1.0363e-112,1.0363e-112
6.2177e-113,6.2177e-113,6.2177e-113,6.2177e-113,6.2177e-113
3.7306e-113,3.7306e-113,3.7306e-113,3.7306e-113,3.7306e-113
2.2384e-113,2.2384e-113,2.2384e-113,2.2384e-113,2.2384e-113
1.343e-113,1.343e-113,1.343e-113,1.343e-113,1.343e-113
8.0581e-114,8.0581e-114,8.0581e-114,8.0581e-114,8.0581e-114
4.8349e-114,4.8349e-114,4.8349e-114,4.8349e-114,4.8349e-114
2.9009e-114,2.9009e-114,2.9009e-114,2.9009e-114,2.9009e-114
1.7406e-114,1.7406e-114,1.7406e-114,1.7406e-114,1.7406e-114
1.0443e-114,1.0443e-114,1.0443e-114,1.0443e-114,1.0443e-114
6.266e-115,6.266e-115,6.266e-115,6.266e-115,6.266e-115
3.7596e-115,3.7596e-115,3.7596e-115,3.7596e-115,3.7596e-115
2.2558e-115,2.2558e-115,2.2558e-115,2.2558e-115,2.2558e-115
1.3535e-115,1.3535e-115,1.3535e-115,1.3535e-115,1.3535e-115
8.1207e-116,8.1207e-116,8.1207e-116,8.1207e-116,8.1207e-116
4.8724e-116,4.8724e-116,4.8724e-116,4.8724e-116,4.8724e-116
2.9235e-116,2.9235e-116,2.9235e-116,2.9235e-116,2.9235e-116
1.7541e-116,1.7541e-116,1.7541e-116,1.7541e-116,1.7541e-116
1.0524e-116,1.0524e-116,1.0524e-116,1.0524e-116,1.0524e-116
6.3147e-117,6.3147e-117,6.3147e-117,6.3147e-117,6.3147e-117
3.7888e-117,3.7888e-117,3.7888e-117,3.7888e-117,3.7888e-117
2.2733e-117,2.2733e-117,2.2733e-117,2.2733e-117,2.2733e-117
1.364e-117,1.364e-117,1.364e-117,1.364e-117,1.364e-117
8.1838e-118,8.1838e-118,8.1838e-118,8.1838e-118,8.1838e-118
4.9103e-118,4.9103e-118,4.9103e-118,4.9103e-118,4.9103e-118
2.9462e-118,2.9462e-118,2.9462e-118,2.9462e-118,2.9462e-118
1.7677e-118,1.7677e-118,1.7677e-118,1.7677e-118,1.7677e-118
1.0606e-118,1.0606e-118,1.0606e-118,1.0606e-118,1.0606e-118
6.3637e-119,6.3637e-119,6.3637e-119,6.3637e-119,6.3637e-119
3.8182e-119,3.8182e-119,3.8182e-119,3.8182e-119,3.8182e-119
2.2909e-119,2.2909e-119,2.2909e-119,2.2909e-119,2.2909e-119
1.3746e-119,1.3746e-119,1.3746e-119,1.3746e-119,1.3746e-119
8.2474e-120,8.2474e-120,8.2474e-120,8.2474e-120,8.2474e-120
4.9484e-120,4.9484e-120,4.9484e-120,4.9484e-120,4.9484e-120
2.9691e-120,2.9691e-120,2.9691e-120,2.9691e-120,2.9691e-120
1.7814e-120,1.7814e-120,1.7814e-120,1.7814e-120,1.7814e-120
1.0689e-120,1.0689e-120,1.0689e-120,1.0689e-120,1.0689e-120
6.4132e-121,6.4132e-121,6.4132e-121,6.4132e-121,6.4132e-121
3.8479e-121,3.8479e-121,3.8479e-121,3.8479e-121,3.8479e-121
2.3087e-121,2.3087e-121,2.3087e-121,2.3087e-121,2.3087e-121
1.3852e-121,1.3852e-121,1.3852e-121,1.3852e-121,1.3852e-121
8.3115e-122,8.3115e-122,8.3115e-122,8.3115e-122,8.3115e-122
4.9869e-122,4.9869e-122,4.9869e-122,4.9869e-122,4.9869e-122
2.9921e-122,2.9921e-122,2.9921e-122,2.9921e-122,2.9921e-122
1.7953e-122,1.7953e-122,1.7953e-122,1.7953e-122,1.7953e-122
1.0772e-122,1.0772e-122,1.0772e-122,1.0772e-122,1.0772e-122
6.463e-123,6.463e-123,6.463e-123,6.463e-123,6.463e-123
3.8778e-123,3.8778e-123,3.8778e-123,3.8778e-123,3.8778e-123
2.3267e-123,2.3267e-123,2.3267e-123,2.3267e-123,2.3267e-123
1.396e-123,1.396e-123,1.396e-123,1.396e-123,1.396e-123
8.3761e-124,8.3761e-124,8.3761e-124,8.3761e-124,8.3761e-124
5.0256e-124,5.0256e-124,5.0256e-124,5.0256e-124,5.0256e-124
3.0154e-124,3.0154e-124,3.0154e-124,3.0154e-124,3.0154e-124
1.8092e-124,1.8092e-124,1.8092e-124,1.8092e-124,1.8092e-124
1.0855e-124,1.0855e-124,1.0855e-124,1.0855e-124,1.0855e-124
6.5132e-125,6.5132e-125,6.5132e-125,6.5132e-125,6.5132e-125
3.9079e-125,3.9079e-125,3.9079e-125,3.9079e-125,3.9079e-125
2.3448e-125,2.3448e-125,2.3448e-125,2.3448e-125,2.3448e-125
1.4069e-125,1.4069e-125,1.4069e-125,1.4069e-125,1.4069e-125
8.4411e-126,8.4411e-126,8.4411e-126,8.4411e-126,8.4411e-126
5.0647e-126,5.0647e-126,5.0647e-126,5.0647e-126,5.0647e-126
3.0388e-126,3.0388e-126,3.0388e-126,3.0388e-126,3.0388e-126
1.8233e-126,1.8233e-126,1.8233e-126,1.8233e-126,1.8233e-126
1.094e-126,1.094e-126,1.094e-126,1.094e-126,1.094e-126
6.5638e-127,6.5638e-127,6.5638e-127,6.5638e-127,6.5638e-127
3.9383e-127,3.9383e-127,3.9383e-127,3.9383e-127,3.9383e-127
2.363e-127,2.363e-127,2.363e-127,2.363e-127,2.363e-127
1.4178e-127,1.4178e-127,1.4178e-127,1.4178e-127,1.4178e-127
8.5067e-128,8.5067e-128,8.5067e-128,8.5067e-128,8.5067e-128
5.104e-128,5.104e-128,5.104e-128,5.104e-128,5.104e-128
3.0624e-128,3.0624e-128,3.0624e-128,3.0624e-128,3.0624e-128
1.8375e-128,1.8375e-128,1.8375e-128,1.8375e-128,1.8375e-128
1.1025e-128,1.1025e-128,1.1025e-128,1.1025e-128,1.1025e-128
6.6148e-129,6.6148e-129,6.6148e-129,6.6148e-129,6.6148e-129
3.9689e-129,3.9689e-129,3.9689e-129,3.9689e-129,3.9689e-129
2.3813e-129,2.3813e-129,2.3813e-129,2.3813e-129,2.3813e-129
1.4288e-129,1.4288e-129,1.4288e-129,1.4288e-129,1.4288e-129
8.5728e-130,8.5728e-130,8.5728e-130,8.5728e-130,8.5728e-130
5.1437e-130,5.1437e-130,5.1437e-130,5.1437e-130,5.1437e-130
3.0862e-130,3.0862e-130,3.0862e-130,3.0862e-130,3.0862e-130
1.8517e-130,1.8517e-130,1.8517e-130,1.8517e-130,1.8517e-130
1.111e-130,1.111e-130,1.111e-130,1.111e-130,1.111e-130
6.6662e-131,6.6662e-131,6.6662e-131,6.6662e-131,6.6662e-131
3.9997e-131,3.9997e-131,3.9997e-131,3.9997e-131,3.9997e-131
2.3998e-131,2.3998e-131,2.3998e-131,2.3998e-131,2.3998e-131
1.4399e-131,1.4399e-131,1.4399e-131,1.4399e-131,1.4399e-131
8.6394e-132,8.6394e-132,8.6394e-132,8.6394e-132,8.6394e-132
5.1837e-132,5.1837e-132,5.1837e-132,5.1837e-132,5.1837e-132
3.1102e-132,3.1102e-132,3.1102e-132,3.1102e-132,3.1102e-132
1.8661e-132,1.8661e-132,1.8661e-132,1.8661e-132,1.8661e-132
1.1197e-132,1.1197e-132,1.1197e-132,1.1197e-132,1.1197e-132
6.718e-133,6.718e-133,6.718e-133,6.718e-133,6.718e-133
4.0308e-133,4.0308e-133,4.0308e-133,4.0308e-133,4.0308e-133
2.4185e-133,2.4185e-133,2.4185e-133,2.4185e-133,2.4185e-133
1.4511e-133,1.4511e-133,1.4511e-133,1.4511e-133,1.4511e-133
8.7065e-134,8.7065e-134,8.7065e-134,8.7065e-134,8.7065e-134
5.2239e-134,5.2239e-134,5.2239e-134,5.2239e-134,5.2239e-134
3.1344e-134,3.1344e-134,3.1344e-134,3.1344e-134,3.1344e-134
1.8806e-134,1.8806e-134,1.8806e-134,1.8806e-134,1.8806e-134
1.1284e-134,1.1284e-134,1.1284e-134,1.1284e-134,1.1284e-134
6.7702e-135,6.7702e-135,6.7702e-135,6.7702e-135,6.7702e-135
4.0621e-135,4.0621e-135,4.0621e-135,4.0621e-135,4.0621e-135
2.4373e-135,2.4373e-135,2.4373e-135,2.4373e-135,2.4373e-135
1.4624e-135,1.4624e-135,1.4624e-135,1.4624e-135,1.4624e-135
8.7742e-136,8.7742e-136,8.7742e-136,8.7742e-136,8.7742e-136
5.2645e-136,5.2645e-136,5.2645e-136,5.2645e-136,5.2645e-136
3.1587e-136,3.1587e-136,3.1587e-136,3.1587e-136,3.1587e-136
1.8952e-136,1.8952e-136,1.8952e-136,1.8952e-136,1.8952e-136
1.1371e-136,1.1371e-136,1.1371e-136,1.1371e-136,1.1371e-136
6.8228e-137,6.8228e-137,6.8228e-137,6.8228e-137,6.8228e-137
4.0937e-137,4.0937e-137,4.0937e-137,4.0937e-137,4.0937e-137
2.4562e-137,2.4562e-137,2.4562e-137,2.4562e-137,2.4562e-137
1.4737e-137,1.4737e-137,1.4737e-137,1.4737e-137,1.4737e-137
8.8424e-138,8.8424e-138,8.8424e-138,8.8424e-138,8.8424e-138
5.3054e-138,5.3054e-138,5.3054e-138,5.3054e-138,5.3054e-138
3.1833e-138,3.1833e-138,3.1833e-138,3.1833e-138,3.1833e-138
1.91e-138,1.91e-138,1.91e-138,1.91e-138,1.91e-138
1.146e-138,1.146e-138,1.146e-138,1.146e-138,1.146e-138
6.8758e-139,6.8758e-139,6.8758e-139,6.8758e-139,6.8758e-139
4.1255e-139,4.1255e-139,4.1255e-139,4.1255e-139,4.1255e-139
2.4753e-139,2.4753e-139,2.4753e-139,2.4753e-139,2.4753e-139
1.4852e-139,1.4852e-139,1.4852e-139,1.4852e-139,1.4852e-139
8.9111e-140,8.9111e-140,8.9111e-140,8.9111e-140,8.9111e-140
5.3466e-140,5.3466e-140,5.3466e-140,5.3466e-140,5.3466e-140
3.208e-140,3.208e-140,3.208e-140,3.208e-140,3.208e-140
1.9248e-140,1.9248e-140,1.9248e-140,1.9248e-140,1.9248e-140
1.1549e-140,1.1549e-140,1.1549e-140,1.1549e-140,1.1549e-140
6.9292e-141,6.9292e-141,6.9292e-141,6.9292e-141,6.9292e-141
4.1575e-141,4.1575e-141,4.1575e-141,4.1575e-141,4.1575e-141
2.4945e-141,2.4945e-141,2.4945e-141,2.4945e-141,2.4945e-141
1.4967e-141,1.4967e-141,1.4967e-141,1.4967e-141,1.4967e-141
8.9803e-142,8.9803e-142,8.9803e-142,8.9803e-142,8.9803e-142
5.3882e-142,5.3882e-142,5.3882e-142,5.3882e-142,5.3882e-142
3.2329e-142,3.2329e-142,3.2329e-142,3.2329e-142,3.2329e-142
1.9397e-142,1.9397e-142,1.9397e-142,1.9397e-142,1.9397e-142
1.1638e-142,1.1638e-142,1.1638e-142,1.1638e-142,1.1638e-142
6.9831e-143,6.9831e-143,6.9831e-143,6.9831e-143,6.9831e-143
4.1899e-143,4.1899e-143,4.1899e-143,4.1899e-143,4.1899e-143
2.5139e-143,2.5139e-143,2.5139e-143,2.5139e-143,2.5139e-143
1.5083e-143,1.5083e-143,1.5083e-143,1.5083e-143,1.5083e-143
9.0501e-144,9.0501e-144,9.0501e-144,9.0501e-144,9.0501e-144
5.43e-144,5.43e-144,5.43e-144,5.43e-144,5.43e-144
3.258e-144,3.258e-144,3.258e-144,3.258e-144,3.258e-144
1.9548e-144,1.9548e-144,1.9548e-144,1.9548e-144,1.9548e-144
1.1729e-144,1.1729e-144,1.1729e-144,1.1729e-144,1.1729e-144
7.0373e-145,7.0373e-145,7.0373e-145,7.0373e-145,7.0373e-145
4.2224e-145,4.2224e-145,4.2224e-145,4.2224e-145,4.2224e-145
2.5334e-145,2.5334e-145,2.5334e-145,2.5334e-145,2.5334e-145
1.5201e-145,1.5201e-145,1.5201e-145,1.5201e-145,1.5201e-145
9.1204e-146,9.1204e-146,9.1204e-146,9.1204e-146,9.1204e-146
5.4722e-146,5.4722e-146,5.4722e-146,5.4722e-146,5.4722e-146
3.2833e-146,3.2833e-146,3.2833e-146,3.2833e-146,3.2833e-146
1.97e-146,1.97e-146,1.97e-146,1.97e-146,1.97e-146
1.182e-146,1.182e-146,1.182e-146,1.182e-146,1.182e-146
7.092e-147,7.092e-147,7.092e-147,7.092e-147,7.092e-147
4.2552e-147,4.2552e-147,4.2552e-147,4.2552e-147,4.2552e-147
2.5531e-147,2.5531e-147,2.5531e-147,2.5531e-147,2.5531e-147
1.5319e-147,1.5319e-147,1.5319e-147,1.5319e-147,1.5319e-147
9.1913e-148,9.1913e-148,9.1913e-148,9.1913e-148,9.1913e-148
5.5148e-148,5.5148e-148,5.5148e-148,5.5148e-148,5.5148e-148
3.3089e-148,3.3089e-148,3.3089e-148,3.3089e-148,3.3089e-148
1.9853e-148,1.9853e-148,1.9853e-148,1.9853e-148,1.9853e-148
1.1912e-148,1.1912e-148,1.1912e-148,1.1912e-148,1.1912e-148
7.1471e-149,7.1471e-149,7.1471e-149,7.1471e-149,7.1471e-149
4.2883e-149,4.2883e-149,4.2883e-149,4.2883e-149,4.2883e-149
2.573e-149,2.573e-149,2.573e-149,2.573e-149,2.573e-149
1.5438e-149,1.5438e-149,1.5438e-149,1.5438e-149,1.5438e-149
9.2627e-150,9.2627e-150,9.2627e-150,9.2627e-150,9.2627e-150
5.5576e-150,5.5576e-150,5.5576e-150,5.5576e-150,5.5576e-150
3.3346e-150,3.3346e-150,3.3346e-150,3.3346e-150,3.3346e-150
2.0007e-150,2.0007e-150,2.0007e-150,2.0007e-150,2.0007e-150
1.2004e-150,1.2004e-150,1.2004e-150,1.2004e-150,1.2004e-150
7.2026e-151,7.2026e-151,7.2026e-151,7.2026e-151,7.2026e-151
4.3216e-151,4.3216e-151,4.3216e-151,4.3216e-151,4.3216e-151
2.593e-151,2.593e-151,2.593e-151,2.593e-151,2.593e-151
1.5558e-151,1.5558e-151,1.5558e-151,1.5558e-151,1.5558e-151
9.3346e-152,9.3346e-152,9.3346e-152,9.3346e-152,9.3346e-152
5.6008e-152,5.6008e-152,5.6008e-152,5.6008e-152,5.6008e-152
3.3605e-152,3.3605e-152,3.3605e-152,3.3605e-152,3.3605e-152
2.0163e-152,2.0163e-152,2.0163e-152,2.0163e-152,2.0163e-152
1.2098e-152,1.2098e-152,1.2098e-152,1.2098e-152,1.2098e-152
7.2586e-153,7.2586e-153,7.2586e-153,7.2586e-153,7.2586e-153
4.3552e-153,4.3552e-153,4.3552e-153,4.3552e-153,4.3552e-153
2.6131e-153,2.6131e-153,2.6131e-153,2.6131e-153,2.6131e-153
1.5679e-153,1.5679e-153,1.5679e-153,1.5679e-153,1.5679e-153
9.4072e-154,9.4072e-154,9.4072e-154,9.4072e-154,9.4072e-154
5.6443e-154,5.6443e-154,5.6443e-154,5.6443e-154,5.6443e-154
3.3866e-154,3.3866e-154,3.3866e-154,3.3866e-154,3.3866e-154
2.0319e-154,2.0319e-154,2.0319e-154,2.0319e-154,2.0319e-154
1.2192e-154,1.2192e-154,1.2192e-154,1.2192e-154,1.2192e-154
7.315e-155,7.315e-155,7.315e-155,7.315e-155,7.315e-155
4.389e-155,4.389e-155,4.389e-155,4.389e-155,4.389e-155
2.6334e-155,2.6334e-155,2.6334e-155,2.6334e-155,2.6334e-155
1.58e-155,1.58e-155,1.58e-155,1.58e-155,1.58e-155
9.4802e-156,9.4802e-156,9.4802e-156,9.4802e-156,9.4802e-156
5.6881e-156,5.6881e-156,5.6881e-156,5.6881e-156,5.6881e-156
3.4129e-156,3.4129e-156,3.4129e-156,3.4129e-156,3.4129e-156
2.0477e-156,2.0477e-156,2.0477e-156,2.0477e-156,2.0477e-156
1.2286e-156,1.2286e-156,1.2286e-156,1.2286e-156,1.2286e-156
7.3718e-157,7.3718e-157,7.3718e-157,7.3718e-157,7.3718e-157
4.4231e-157,4.4231e-157,4.4231e-157,4.4231e-157,4.4231e-157
2.6539e-157,2.6539e-157,2.6539e-157,2.6539e-157,2.6539e-157
1.5923e-157,1.5923e-157,1.5923e-157,1.5923e-157,1.5923e-157
9.5539e-158,9.5539e-158,9.5539e-158,9.5539e-158,9.5539e-158
5.7323e-158,5.7323e-158,5.7323e-158,5.7323e-158,5.7323e-158
3.4394e-158,3.4394e-158,3.4394e-158,3.4394e-158,3.4394e-158
2.0636e-158,2.0636e-158,2.0636e-158,2.0636e-158,2.0636e-158
1.2382e-158,1.2382e-158,1.2382e-158,1.2382e-158,1.2382e-158
7.4291e-159,7.4291e-159,7.4291e-159,7.4291e-159,7.4291e-159
4.4575e-159,4.4575e-159,4.4575e-159,4.4575e-159,4.4575e-159
2.6745e-159,2.6745e-159,2.6745e-159,2.6745e-159,2.6745e-159
1.6047e-159,1.6047e-159,1.6047e-159,1.6047e-159,1.6047e-159
9.6281e-160,9.6281e-160,9.6281e-160,9.6281e-160,9.6281e-160
5.7769e-160,5.7769e-160,5.7769e-160,5.7769e-160,5.7769e-160
3.4661e-160,3.4661e-160,3.4661e-160,3.4661e-160,3.4661e-160
2.0797e-160,2.0797e-160,2.0797e-160,2.0797e-160,2.0797e-160
1.2478e-160,1.2478e-160,1.2478e-160,1.2478e-160,1.2478e-160
7.4868e-161,7.4868e-161,7.4868e-161,7.4868e-161,7.4868e-161
4.4921e-161,4.4921e-161,4.4921e-161,4.4921e-161,4.4921e-161
2.6953e-161,2.6953e-161,2.6953e-161,2.6953e-161,2.6953e-161
1.6172e-161,1.6172e-161,1.6172e-161,1.6172e-161,1.6172e-161
9.7029e-162,9.7029e-162,9.7029e-162,9.7029e-162,9.7029e-162
5.8218e-162,5.8218e-162,5.8218e-162,5.8218e-162,5.8218e-162
3.4931e-162,3.4931e-162,3.4931e-162,3.4931e-162,3.4931e-162
2.0958e-162,2.0958e-162,2.0958e-162,2.0958e-162,2.0958e-162
1.2575e-162,1.2575e-162,1.2575e-162,1.2575e-162,1.2575e-162
7.545e-163,7.545e-163,7.545e-163,7.545e-163,7.545e-163
4.527e-163,4.527e-163,4.527e-163,4.527e-163,4.527e-163
2.7162e-163,2.7162e-163,2.7162e-163,2.7162e-163,2.7162e-163
1.6297e-163,1.6297e-163,1.6297e-163,1.6297e-163,1.6297e-163
9.7783e-164,9.7783e-164,9.7783e-164,9.7783e-164,9.7783e-164
5.867e-164,5.867e-164,5.867e-164,5.867e-164,5.867e-164
3.5202e-164,3.5202e-164,3.5202e-164,3.5202e-164,3.5202e-164
2.1121e-164,2.1121e-164,2.1121e-164,2.1121e-164,2.1121e-164
1.2673e-164,1.2673e-164,1.2673e-164,1.2673e-164,1.2673e-164
7.6036e-165,7.6036e-165,7.6036e-165,7.6036e-165,7.6036e-165
4.5622e-165,4.5622e-165,4.5622e-165,4.5622e-165,4.5622e-165
2.7373e-165,2.7373e-165,2.7373e-165,2.7373e-165,2.7373e-165
1.6424e-165,1.6424e-165,1.6424e-165,1.6424e-165,1.6424e-165
9.8543e-166,9.8543e-166,9.8543e-166,9.8543e-166,9.8543e-166
5.9126e-166,5.9126e-166,5.9126e-166,5.9126e-166,5.9126e-166
3.5475e-166,3.5475e-166,3.5475e-166,3.5475e-166,3.5475e-166
2.1285e-166,2.1285e-166,2.1285e-166,2.1285e-166,2.1285e-166
1.2771e-166,1.2771e-166,1.2771e-166,1.2771e-166,1.2771e-166
7.6627e-167,7.6627e-167,7.6627e-167,7.6627e-167,7.6627e-167
4.5976e-167,4.5976e-167,4.5976e-167,4.5976e-167,4.5976e-167
2.7586e-167,2.7586e-167,2.7586e-167,2.7586e-167,2.7586e-167
1.6551e-167,1.6551e-167,1.6551e-167,1.6551e-167,1.6551e-167
9.9309e-168,9.9309e-168,9.9309e-168,9.9309e-168,9.9309e-168
5.9585e-168,5.9585e-168,5.9585e-168,5.9585e-168,5.9585e-168
3.5751e-168,3.5751e-168,3.5751e-168,3.5751e-168,3.5751e-168
2.1451e-168,2.1451e-168,2.1451e-168,2.1451e-168,2.1451e-168
1.287e-168,1.287e-168,1.287e-168,1.287e-168,1.287e-168
7.7222e-169,7.7222e-169,7.7222e-169,7.7222e-169,7.7222e-169
4.6333e-169,4.6333e-169,4.6333e-169,4.6333e-169,4.6333e-169
2.78e-169,2.78e-169,2.78e-169,2.78e-169,2.78e-169
1.668e-169,1.668e-169,1.668e-169,1.668e-169,1.668e-169
1.0008e-169,1.0008e-169,1.0008e-169,1.0008e-169,1.0008e-169
6.0048e-170,6.0048e-170,6.0048e-170,6.0048e-170,6.0048e-170
3.6029e-170,3.6029e-170,3.6029e-170,3.6029e-170,3.6029e-170
2.1617e-170,2.1617e-170,2.1617e-170,2.1617e-170,2.1617e-170
1.297e-170,1.297e-170,1.297e-170,1.297e-170,1.297e-170
7.7822e-171,7.7822e-171,7.7822e-171,7.7822e-171,7.7822e-171
4.6693e-171,4.6693e-171,4.6693e-171,4.6693e-171,4.6693e-171
2.8016e-171,2.8016e-171,2.8016e-171,2.8016e-171,2.8016e-171
1.681e-171,1.681e-171,1.681e-171,1.681e-171,1.681e-171
1.0086e-171,1.0086e-171,1.0086e-171,1.0086e-171,1.0086e-171
6.0515e-172,6.0515e-172,6.0515e-172,6.0515e-172,6.0515e-172
3.6309e-172,3.6309e-172,3.6309e-172,3.6309e-172,3.6309e-172
2.1785e-172,2.1785e-172,2.1785e-172,2.1785e-172,2.1785e-172
1.3071e-172,1.3071e-172,1.3071e-172,1.3071e-172,1.3071e-172
7.8427e-173,7.8427e-173,7.8427e-173,7.8427e-173,7.8427e-173
4.7056e-173,4.7056e-173,4.7056e-173,4.7056e-173,4.7056e-173
2.8234e-173,2.8234e-173,2.8234e-173,2.8234e-173,2.8234e-173
1.694e-173,1.694e-173,1.694e-173,1.694e-173,1.694e-173
1.0164e-173,1.0164e-173,1.0164e-173,1.0164e-173,1.0164e-173
6.0985e-174,6.0985e-174,6.0985e-174,6.0985e-174,6.0985e-174
3.6591e-174,3.6591e-174,3.6591e-174,3.6591e-174,3.6591e-174
2.1955e-174,2.1955e-174,2.1955e-174,2.1955e-174,2.1955e-174
1.3173e-174,1.3173e-174,1.3173e-174,1.3173e-174,1.3173e-174
7.9036e-175,7.9036e-175,7.9036e-175,7.9036e-175,7.9036e-175
4.7422e-175,4.7422e-175,4.7422e-175,4.7422e-175,4.7422e-175
2.8453e-175,2.8453e-175,2.8453e-175,2.8453e-175,2.8453e-175
1.7072e-175,1.7072e-175,1.7072e-175,1.7072e-175,1.7072e-175
1.0243e-175,1.0243e-175,1.0243e-175,1.0243e-175,1.0243e-175
6.1459e-176,6.1459e-176,6.1459e-176,6.1459e-176,6.1459e-176
3.6875e-176,3.6875e-176,3.6875e-176,3.6875e-176,3.6875e-176
2.2125e-176,2.2125e-176,2.2125e-176,2.2125e-176,2.2125e-176
1.3275e-176,1.3275e-176,1.3275e-176,1.3275e-176,1.3275e-176
7.9651e-177,7.9651e-177,7.9651e-177,7.9651e-177,7.9651e-177
4.779e-177,4.779e-177,4.779e-177,4.779e-177,4.779e-177
2.8674e-177,2.8674e-177,2.8674e-177,2.8674e-177,2.8674e-177
1.7205e-177,1.7205e-177,1.7205e-177,1.7205e-177,1.7205e-177
1.0323e-177,1.0323e-177,1.0323e-177,1.0323e-177,1.0323e-177
6.1936e-178,6.1936e-178,6.1936e-178,6.1936e-178,6.1936e-178
3.7162e-178,3.7162e-178,3.7162e-178,3.7162e-178,3.7162e-178
2.2297e-178,2.2297e-178,2.2297e-178,2.2297e-178,2.2297e-178
1.3378e-178,1.3378e-178,1.3378e-178,1.3378e-178,1.3378e-178
8.0269e-179,8.0269e-179,8.0269e-179,8.0269e-179,8.0269e-179
4.8162e-179,4.8162e-179,4.8162e-179,4.8162e-179,4.8162e-179
2.8897e-179,2.8897e-179,2.8897e-179,2.8897e-179,2.8897e-179
1.7338e-179,1.7338e-179,1.7338e-179,1.7338e-179,1.7338e-179
1.0403e-179,1.0403e-179,1.0403e-179,1.0403e-179,1.0403e-179
6.2417e-180,6.2417e-180,6.2417e-180,6.2417e-180,6.2417e-180
3.745e-180,3.745e-180,3.745e-180,3.745e-180,3.745e-180
2.247e-180,2.247e-180,2.247e-180,2.247e-180,2.247e-180
1.3482e-180,1.3482e-180,1.3482e-180,1.3482e-180,1.3482e-180
8.0893e-181,8.0893e-181,8.0893e-181,8.0893e-181,8.0893e-181
4.8536e-181,4.8536e-181,4.8536e-181,4.8536e-181,4.8536e-181
2.9121e-181,2.9121e-181,2.9121e-181,2.9121e-181,2.9121e-181
1.7473e-181,1.7473e-181,1.7473e-181,1.7473e-181,1.7473e-181
1.0484e-181,1.0484e-181,1.0484e-181,1.0484e-181,1.0484e-181
6.2902e-182,6.2902e-182,6.2902e-182,6.2902e-182,6.2902e-182
3.7741e-182,3.7741e-182,3.7741e-182,3.7741e-182,3.7741e-182
2.2645e-182,2.2645e-182,2.2645e-182,2.2645e-182,2.2645e-182
1.3587e-182,1.3587e-182,1.3587e-182,1.3587e-182,1.3587e-182
8.1522e-183,8.1522e-183,8.1522e-183,8.1522e-183,8.1522e-183
4.8913e-183,4.8913e-183,4.8913e-183,4.8913e-183,4.8913e-183
2.9348e-183,2.9348e-183,2.9348e-183,2.9348e-183,2.9348e-183
1.7609e-183,1.7609e-183,1.7609e-183,1.7609e-183,1.7609e-183
1.0565e-183,1.0565e-183,1.0565e-183,1.0565e-183,1.0565e-183
6.3391e-184,6.3391e-184,6.3391e-184,6.3391e-184,6.3391e-184
3.8035e-184,3.8035e-184,3.8035e-184,3.8035e-184,3.8035e-184
2.2821e-184,2.2821e-184,2.2821e-184,2.2821e-184,2.2821e-184
1.3692e-184,1.3692e-184,1.3692e-184,1.3692e-184,1.3692e-184
8.2155e-185,8.2155e-185,8.2155e-185,8.2155e-185,8.2155e-185
4.9293e-185,4.9293e-185,4.9293e-185,4.9293e-185,4.9293e-185
2.9576e-185,2.9576e-185,2.9576e-185,2.9576e-185,2.9576e-185
1.7745e-185,1.7745e-185,1.7745e-185,1.7745e-185,1.7745e-185
1.0647e-185,1.0647e-185,1.0647e-185,1.0647e-185,1.0647e-185
6.3884e-186,6.3884e-186,6.3884e-186,6.3884e-186,6.3884e-186
3.833e-186,3.833e-186,3.833e-186,3.833e-186,3.833e-186
2.2998e-186,2.2998e-186,2.2998e-186,2.2998e-186,2.2998e-186
1.3799e-186,1.3799e-186,1.3799e-186,1.3799e-186,1.3799e-186
8.2793e-187,8.2793e-187,8.2793e-187,8.2793e-187,8.2793e-187
4.9676e-187,4.9676e-187,4.9676e-187,4.9676e-187,4.9676e-187
2.9806e-187,2.9806e-187,2.9806e-187,2.9806e-187,2.9806e-187
1.7883e-187,1.7883e-187,1.7883e-187,1.7883e-187,1.7883e-187
1.073e-187,1.073e-187,1.073e-187,1.073e-187,1.073e-187
6.438e-188,6.438e-188,6.438e-188,6.438e-188,6.438e-188
3.8628e-188,3.8628e-188,3.8628e-188,3.8628e-188,3.8628e-188
2.3177e-188,2.3177e-188,2.3177e-188,2.3177e-188,2.3177e-188
1.3906e-188,1.3906e-188,1.3906e-188,1.3906e-188,1.3906e-188
8.3436e-189,8.3436e-189,8.3436e-189,8.3436e-189,8.3436e-189
5.0062e-189,5.0062e-189,5.0062e-189,5.0062e-189,5.0062e-189
3.0037e-189,3.0037e-189,3.0037e-189,3.0037e-189,3.0037e-189
1.8022e-189,1.8022e-189,1.8022e-189,1.8022e-189,1.8022e-189
1.0813e-189,1.0813e-189,1.0813e-189,1.0813e-189,1.0813e-189
6.488e-190,6.488e-190,6.488e-190,6.488e-190,6.488e-190
3.8928e-190,3.8928e-190,3.8928e-190,3.8928e-190,3.8928e-190
2.3357e-190,2.3357e-190,2.3357e-190,2.3357e-190,2.3357e-190
1.4014e-190,1.4014e-190,1.4014e-190,1.4014e-190,1.4014e-190
8.4085e-191,8.4085e-191,8.4085e-191,8.4085e-191,8.4085e-191
5.0451e-191,5.0451e-191,5.0451e-191,5.0451e-191,5.0451e-191
3.0271e-191,3.0271e-191,3.0271e-191,3.0271e-191,3.0271e-191
1.8162e-191,1.8162e-191,1.8162e-191,1.8162e-191,1.8162e-191
1.0897e-191,1.0897e-191,1.0897e-191,1.0897e-191,1.0897e-191
6.5384e-192,6.5384e-192,6.5384e-192,6.5384e-192,6.5384e-192
3.9231e-192,3.9231e-192,3.9231e-192,3.9231e-192,3.9231e-192
2.3538e-192,2.3538e-192,2.3538e-192,2.3538e-192,2.3538e-192
1.4123e-192,1.4123e-192,1.4123e-192,1.4123e-192,1.4123e-192
8.4738e-193,8.4738e-193,8.4738e-193,8.4738e-193,8.4738e-193
5.0843e-193,5.0843e-193,5.0843e-193,5.0843e-193,5.0843e-193
3.0506e-193,3.0506e-193,3.0506e-193,3.0506e-193,3.0506e-193
1.8303e-193,1.8303e-193,1.8303e-193,1.8303e-193,1.8303e-193
1.0982e-193,1.0982e-193,1.0982e-193,1.0982e-193,1.0982e-193
6.5892e-194,6.5892e-194,6.5892e-194,6.5892e-194,6.5892e-194
3.9535e-194,3.9535e-194,3.9535e-194,3.9535e-194,3.9535e-194
2.3721e-194,2.3721e-194,2.3721e-194,2.3721e-194,2.3721e-194
1.4233e-194,1.4233e-194,1.4233e-194,1.4233e-194,1.4233e-194
8.5396e-195,8.5396e-195,8.5396e-195,8.5396e-195,8.5396e-195
5.1238e-195,5.1238e-195,5.1238e-195,5.1238e-195,5.1238e-195
3.0743e-195,3.0743e-195,3.0743e-195,3.0743e-195,3.0743e-195
1.8446e-195,1.8446e-195,1.8446e-195,1.8446e-195,1.8446e-195
1.1067e-195,1.1067e-195,1.1067e-195,1.1067e-195,1.1067e-195
6.6404e-196,6.6404e-196,6.6404e-196,6.6404e-196,6.6404e-196
3.9843e-196,3.9843e-196,3.9843e-196,3.9843e-196,3.9843e-196
2.3906e-196,2.3906e-196,2.3906e-196,2.3906e-196,2.3906e-196
1.4343e-196,1.4343e-196,1.4343e-196,1.4343e-196,1.4343e-196
8.606e-197,8.606e-197,8.606e-197,8.606e-197,8.606e-197
5.1636e-197,5.1636e-197,5.1636e-197,5.1636e-197,5.1636e-197
3.0982e-197,3.0982e-197,3.0982e-197,3.0982e-197,3.0982e-197
1.8589e-197,1.8589e-197,1.8589e-197,1.8589e-197,1.8589e-197
1.1153e-197,1.1153e-197,1.1153e-197,1.1153e-197,1.1153e-197
6.692e-198,6.692e-198,6.692e-198,6.692e-198,6.692e-198
4.0152e-198,4.0152e-198,4.0152e-198,4.0152e-198,4.0152e-198
2.4091e-198,2.4091e-198,2.4091e-198,2.4091e-198,2.4091e-198
1.4455e-198,1.4455e-198,1.4455e-198,1.4455e-198,1.4455e-198
8.6729e-199,8.6729e-199,8.6729e-199,8.6729e-199,8.6729e-199
5.2037e-199,5.2037e-199,5.2037e-199,5.2037e-199,5.2037e-199
3.1222e-199,3.1222e-199,3.1222e-199,3.1222e-199,3.1222e-199
1.8733e-199,1.8733e-199,1.8733e-199,1.8733e-199,1.8733e-199
1.124e-199,1.124e-199,1.124e-199,1.124e-199,1.124e-199
6.744e-200,6.744e-200,6.744e-200,6.744e-200,6.744e-200
4.0464e-200,4.0464e-200,4.0464e-200,4.0464e-200,4.0464e-200
2.4278e-200,2.4278e-200,2.4278e-200,2.4278e-200,2.4278e-200
1.4567e-200,1.4567e-200,1.4567e-200,1.4567e-200,1.4567e-200
8.7402e-201,8.7402e-201,8.7402e-201,8.7402e-201,8.7402e-201
5.2441e-201,5.2441e-201,5.2441e-201,5.2441e-201,5.2441e-201
3.1465e-201,3.1465e-201,3.1465e-201,3.1465e-201,3.1465e-201
1.8879e-201,1.8879e-201,1.8879e-201,1.8879e-201,1.8879e-201
1.1327e-201,1.1327e-201,1.1327e-201,1.1327e-201,1.1327e-201
6.7964e-202,6.7964e-202,6.7964e-202,6.7964e-202,6.7964e-202
4.0778e-202,4.0778e-202,4.0778e-202,4.0778e-202,4.0778e-202
2.4467e-202,2.4467e-202,2.4467e-202,2.4467e-202,2.4467e-202
1.468e-202,1.468e-202,1.468e-202,1.468e-202,1.468e-202
8.8082e-203,8.8082e-203,8.8082e-203,8.8082e-203,8.8082e-203
5.2849e-203,5.2849e-203,5.2849e-203,5.2849e-203,5.2849e-203
3.1709e-203,3.1709e-203,3.1709e-203,3.1709e-203,3.1709e-203
1.9026e-203,1.9026e-203,1.9026e-203,1.9026e-203,1.9026e-203
1.1415e-203,1.1415e-203,1.1415e-203,1.1415e-203,1.1415e-203
6.8492e-204,6.8492e-204,6.8492e-204,6.8492e-204,6.8492e-204
4.1095e-204,4.1095e-204,4.1095e-204,4.1095e-204,4.1095e-204
2.4657e-204,2.4657e-204,2.4657e-204,2.4657e-204,2.4657e-204
1.4794e-204,1.4794e-204,1.4794e-204,1.4794e-204,1.4794e-204
8.8766e-205,8.8766e-205,8.8766e-205,8.8766e-205,8.8766e-205
5.326e-205,5.326e-205,5.326e-205,5.326e-205,5.326e-205
3.1956e-205,3.1956e-205,3.1956e-205,3.1956e-205,3.1956e-205
1.9173e-205,1.9173e-205,1.9173e-205,1.9173e-205,1.9173e-205
1.1504e-205,1.1504e-205,1.1504e-205,1.1504e-205,1.1504e-205
6.9024e-206,6.9024e-206,6.9024e-206,6.9024e-206,6.9024e-206
4.1415e-206,4.1415e-206,4.1415e-206,4.1415e-206,4.1415e-206
2.4849e-206,2.4849e-206,2.4849e-206,2.4849e-206,2.4849e-206
1.4909e-206,1.4909e-206,1.4909e-206,1.4909e-206,1.4909e-206
8.9456e-207,8.9456e-207,8.9456e-207,8.9456e-207,8.9456e-207
5.3673e-207,5.3673e-207,5.3673e-207,5.3673e-207,5.3673e-207
3.2204e-207,3.2204e-207,3.2204e-207,3.2204e-207,3.2204e-207
1.9322e-207,1.9322e-207,1.9322e-207,1.9322e-207,1.9322e-207
1.1593e-207,1.1593e-207,1.1593e-207,1.1593e-207,1.1593e-207
6.9561e-208,6.9561e-208,6.9561e-208,6.9561e-208,6.9561e-208
4.1736e-208,4.1736e-208,4.1736e-208,4.1736e-208,4.1736e-208
2.5042e-208,2.5042e-208,2.5042e-208,2.5042e-208,2.5042e-208
1.5025e-208,1.5025e-208,1.5025e-208,1.5025e-208,1.5025e-208
9.0151e-209,9.0151e-209,9.0151e-209,9.0151e-209,9.0151e-209
5.409e-209,5.409e-209,5.409e-209,5.409e-209,5.409e-209
3.2454e-209,3.2454e-209,3.2454e-209,3.2454e-209,3.2454e-209
1.9473e-209,1.9473e-209,1.9473e-209,1.9473e-209,1.9473e-209
1.1684e-209,1.1684e-209,1.1684e-209,1.1684e-209,1.1684e-209
7.0101e-210,7.0101e-210,7.0101e-210,7.0101e-210,7.0101e-210
4.2061e-210,4.2061e-210,4.2061e-210,4.2061e-210,4.2061e-210
2.5236e-210,2.5236e-210,2.5236e-210,2.5236e-210,2.5236e-210
1.5142e-210,1.5142e-210,1.5142e-210,1.5142e-210,1.5142e-210
9.0851e-211,9.0851e-211,9.0851e-211,9.0851e-211,9.0851e-211
5.4511e-211,5.4511e-211,5.4511e-211,5.4511e-211,5.4511e-211
3.2706e-211,3.2706e-211,3.2706e-211,3.2706e-211,3.2706e-211
1.9624e-211,1.9624e-211,1.9624e-211,1.9624e-211,1.9624e-211
1.1774e-211,1.1774e-211,1.1774e-211,1.1774e-211,1.1774e-211
7.0646e-212,7.0646e-212,7.0646e-212,7.0646e-212,7.0646e-212
4.2387e-212,4.2387e-212,4.2387e-212,4.2387e-212,4.2387e-212
2.5432e-212,2.5432e-212,2.5432e-212,2.5432e-212,2.5432e-212
1.5259e-212,1.5259e-212,1.5259e-212,1.5259e-212,1.5259e-212
9.1557e-213,9.1557e-213,9.1557e-213,9.1557e-213,9.1557e-213
5.4934e-213,5.4934e-213,5.4934e-213,5.4934e-213,5.4934e-213
3.296e-213,3.296e-213,3.296e-213,3.296e-213,3.296e-213
1.9776e-213,1.9776e-213,1.9776e-213,1.9776e-213,1.9776e-213
1.1866e-213,1.1866e-213,1.1866e-213,1.1866e-213,1.1866e-213
7.1195e-214,7.1195e-214,7.1195e-214,7.1195e-214,7.1195e-214
4.2717e-214,4.2717e-214,4.2717e-214,4.2717e-214,4.2717e-214
2.563e-214,2.563e-214,2.563e-214,2.563e-214,2.563e-214
1.5378e-214,1.5378e-214,1.5378e-214,1.5378e-214,1.5378e-214
9.2268e-215,9.2268e-215,9.2268e-215,9.2268e-215,9.2268e-215
5.5361e-215,5.5361e-215,5.5361e-215,5.5361e-215,5.5361e-215
3.3217e-215,3.3217e-215,3.3217e-215,3.3217e-215,3.3217e-215
1.993e-215,1.993e-215,1.993e-215,1.993e-215,1.993e-215
1.1958e-215,1.1958e-215,1.1958e-215,1.1958e-215,1.1958e-215
7.1748e-216,7.1748e-216,7.1748e-216,7.1748e-216,7.1748e-216
4.3049e-216,4.3049e-216,4.3049e-216,4.3049e-216,4.3049e-216
2.5829e-216,2.5829e-216,2.5829e-216,2.5829e-216,2.5829e-216
1.5498e-216,1.5498e-216,1.5498e-216,1.5498e-216,1.5498e-216
9.2985e-217,9.2985e-217,9.2985e-217,9.2985e-217,9.2985e-217
5.5791e-217,5.5791e-217,5.5791e-217,5.5791e-217,5.5791e-217
3.3475e-217,3.3475e-217,3.3475e-217,3.3475e-217,3.3475e-217
2.0085e-217,2.0085e-217,2.0085e-217,2.0085e-217,2.0085e-217
1.2051e-217,1.2051e-217,1.2051e-217,1.2051e-217,1.2051e-217
7.2305e-218,7.2305e-218,7.2305e-218,7.2305e-218,7.2305e-218
4.3383e-218,4.3383e-218,4.3383e-218,4.3383e-218,4.3383e-218
2.603e-218,2.603e-218,2.603e-218,2.603e-218,2.603e-218
1.5618e-218,1.5618e-218,1.5618e-218,1.5618e-218,1.5618e-218
9.3708e-219,9.3708e-219,9.3708e-219,9.3708e-219,9.3708e-219
5.6225e-219,5.6225e-219,5.6225e-219,5.6225e-219,5.6225e-219
3.3735e-219,3.3735e-219,3.3735e-219,3.3735e-219,3.3735e-219
2.0241e-219,2.0241e-219,2.0241e-219,2.0241e-219,2.0241e-219
1.2145e-219,1.2145e-219,1.2145e-219,1.2145e-219,1.2145e-219
7.2867e-220,7.2867e-220,7.2867e-220,7.2867e-220,7.2867e-220
4.372e-220,4.372e-220,4.372e-220,4.372e-220,4.372e-220
2.6232e-220,2.6232e-220,2.6232e-220,2.6232e-220,2.6232e-220
1.5739e-220,1.5739e-220,1.5739e-220,1.5739e-220,1.5739e-220
9.4436e-221,9.4436e-221,9.4436e-221,9.4436e-221,9.4436e-221
5.6661e-221,5.6661e-221,5.6661e-221,5.6661e-221,5.6661e-221
3.3997e-221,3.3997e-221,3.3997e-221,3.3997e-221,3.3997e-221
2.0398e-221,2.0398e-221,2.0398e-221,2.0398e-221,2.0398e-221
1.2239e-221,1.2239e-221,1.2239e-221,1.2239e-221,1.2239e-221
7.3433e-222,7.3433e-222,7.3433e-222,7.3433e-222,7.3433e-222
4.406e-222,4.406e-222,4.406e-222,4.406e-222,4.406e-222
2.6436e-222,2.6436e-222,2.6436e-222,2.6436e-222,2.6436e-222
1.5862e-222,1.5862e-222,1.5862e-222,1.5862e-222,1.5862e-222
9.5169e-223,9.5169e-223,9.5169e-223,9.5169e-223,9.5169e-223
5.7102e-223,5.7102e-223,5.7102e-223,5.7102e-223,5.7102e-223
3.4261e-223,3.4261e-223,3.4261e-223,3.4261e-223,3.4261e-223
