0.1,0.2,0.3,0.5,0.6
0.6513,0.5967,0.80535,0.90675,0.7449
0.85359,0.80554,0.62731,0.57229,0.64775
0.6715,0.67299,0.82147,0.91696,0.77167
0.799,0.75878,0.57592,0.52978,0.61119
0.76212,0.76675,0.87564,0.94922,0.8373
0.64219,0.60535,0.43732,0.39099,0.47265
0.93518,0.92906,0.93903,0.95471,0.93031
0.2494,0.23801,0.21597,0.21723,0.21762
0.69899,0.69885,0.67778,0.66249,0.68684
0.82705,0.83155,0.84801,0.85332,0.84407
0.53821,0.53507,0.51285,0.50203,0.52009
0.97106,0.97134,0.97312,0.97422,0.97253
0.10734,0.10663,0.10288,0.10156,0.1039
0.36922,0.36823,0.36256,0.35983,0.36427
0.90614,0.90556,0.90238,0.90108,0.90328
0.3355,0.3364,0.34148,0.34378,0.33997
0.87185,0.87244,0.87575,0.87719,0.87479
0.43214,0.43124,0.42626,0.42408,0.42771
0.95603,0.95576,0.95432,0.9537,0.95473
0.16589,0.16636,0.16899,0.17016,0.16822
0.54219,0.54283,0.54636,0.5479,0.54533
0.96761,0.96749,0.96685,0.96658,0.96703
0.12312,0.12333,0.12453,0.12506,0.12418
0.42236,0.42269,0.4245,0.42529,0.42397
0.9519,0.952,0.95255,0.9528,0.95239
0.17784,0.17766,0.17664,0.1762,0.17694
0.56928,0.56904,0.56772,0.56714,0.56811
0.95654,0.95661,0.95697,0.95713,0.95687
0.16163,0.16151,0.16084,0.16055,0.16103
0.52781,0.52764,0.52673,0.52633,0.527
0.97206,0.97208,0.97217,0.97222,0.97215
0.10579,0.10576,0.10557,0.10549,0.10563
0.36873,0.36868,0.36838,0.36824,0.36846
0.90768,0.90765,0.90749,0.90742,0.90754
0.32699,0.32704,0.3273,0.32741,0.32722
0.8584,0.85843,0.85861,0.85869,0.85856
0.47386,0.47381,0.47355,0.47343,0.47362
0.97231,0.97231,0.97228,0.97227,0.97229
0.10502,0.10503,0.10508,0.10511,0.10507
0.36663,0.36665,0.36673,0.36677,0.36671
0.90566,0.90567,0.90572,0.90574,0.9057
0.33315,0.33314,0.33306,0.33303,0.33309
0.86639,0.86639,0.86634,0.86631,0.86635
0.4515,0.45151,0.45158,0.45162,0.45156
0.96584,0.96584,0.96585,0.96586,0.96585
0.12867,0.12866,0.12864,0.12863,0.12864
0.43721,0.4372,0.43716,0.43715,0.43718
0.95962,0.95962,0.95961,0.9596,0.95961
0.15115,0.15115,0.15117,0.15118,0.15116
0.50039,0.5004,0.50042,0.50044,0.50042
0.975,0.975,0.975,0.975,0.975
0.095065,0.095065,0.095065,0.095065,0.095065
0.33551,0.33551,0.33551,0.33551,0.33551
0.86947,0.86947,0.86948,0.86948,0.86947
0.4426,0.4426,0.4426,0.4426,0.4426
0.96215,0.96215,0.96215,0.96215,0.96215
0.14202,0.14202,0.14202,0.14202,0.14202
0.47521,0.47521,0.47522,0.47522,0.47522
0.9726,0.9726,0.9726,0.9726,0.9726
0.10392,0.10392,0.10392,0.10392,0.10392
0.36316,0.36316,0.36316,0.36316,0.36316
0.90197,0.90197,0.90197,0.90197,0.90197
0.34484,0.34484,0.34484,0.34484,0.34484
0.8811,0.8811,0.8811,0.8811,0.8811
0.40857,0.40857,0.40857,0.40857,0.40857
0.9424,0.9424,0.9424,0.9424,0.9424
0.21172,0.21172,0.21172,0.21172,0.21172
0.65088,0.65088,0.65088,0.65088,0.65088
0.88621,0.88621,0.88621,0.88621,0.88621
0.39328,0.39328,0.39328,0.39328,0.39328
0.93058,0.93058,0.93058,0.93058,0.93058
0.25195,0.25195,0.25195,0.25195,0.25195
0.73503,0.73503,0.73503,0.73503,0.73503
0.75957,0.75957,0.75957,0.75957,0.75957
0.71223,0.71223,0.71223,0.71223,0.71223
0.79934,0.79934,0.79934,0.79934,0.79934
0.62555,0.62555,0.62555,0.62555,0.62555
0.91352,0.91352,0.91352,0.91352,0.91352
0.3081,0.3081,0.3081,0.3081,0.3081
0.83138,0.83138,0.83138,0.83138,0.83138
0.54673,0.54673,0.54673,0.54673,0.54673
0.96648,0.96648,0.96648,0.96648,0.96648
0.12633,0.12633,0.12633,0.12633,0.12633
0.43045,0.43045,0.43045,0.43045,0.43045
0.95613,0.95613,0.95613,0.95613,0.95613
0.16357,0.16357,0.16357,0.16357,0.16357
0.53358,0.53358,0.53358,0.53358,0.53358
0.9706,0.9706,0.9706,0.9706,0.9706
0.11128,0.11128,0.11128,0.11128,0.11128
0.38571,0.38571,0.38571,0.38571,0.38571
0.92406,0.92406,0.92406,0.92406,0.92406
0.27368,0.27368,0.27368,0.27368,0.27368
0.77524,0.77524,0.77524,0.77524,0.77524
0.67956,0.67956,0.67956,0.67956,0.67956
0.84926,0.84926,0.84926,0.84926,0.84926
0.49926,0.49926,0.49926,0.49926,0.49926
0.975,0.975,0.975,0.975,0.975
0.09507,0.09507,0.09507,0.09507,0.09507
0.33552,0.33552,0.33552,0.33552,0.33552
0.8695,0.8695,0.8695,0.8695,0.8695
0.44254,0.44254,0.44254,0.44254,0.44254
0.96212,0.96212,0.96212,0.96212,0.96212
0.14212,0.14212,0.14212,0.14212,0.14212
0.4755,0.4755,0.4755,0.4755,0.4755
0.97266,0.97266,0.97266,0.97266,0.97266
0.10371,0.10371,0.10371,0.10371,0.10371
0.36253,0.36253,0.36253,0.36253,0.36253
0.9013,0.9013,0.9013,0.9013,0.9013
0.34694,0.34694,0.34694,0.34694,0.34694
0.88363,0.88363,0.88363,0.88363,0.88363
0.40102,0.40102,0.40102,0.40102,0.40102
0.93679,0.93679,0.93679,0.93679,0.93679
0.23093,0.23093,0.23093,0.23093,0.23093
0.69264,0.69264,0.69264,0.69264,0.69264
0.83027,0.83027,0.83027,0.83027,0.83027
0.54958,0.54958,0.54958,0.54958,0.54958
0.96541,0.96541,0.96541,0.96541,0.96541
0.13023,0.13023,0.13023,0.13023,0.13023
0.44175,0.44175,0.44175,0.44175,0.44175
0.96177,0.96177,0.96177,0.96177,0.96177
0.1434,0.1434,0.1434,0.1434,0.1434
0.47906,0.47906,0.47906,0.47906,0.47906
0.97329,0.97329,0.97329,0.97329,0.97329
0.10139,0.10139,0.10139,0.10139,0.10139
0.35532,0.35532,0.35532,0.35532,0.35532
0.89336,0.89336,0.89336,0.89336,0.89336
0.37154,0.37154,0.37154,0.37154,0.37154
0.91064,0.91064,0.91064,0.91064,0.91064
0.31736,0.31736,0.31736,0.31736,0.31736
0.84491,0.84491,0.84491,0.84491,0.84491
0.51105,0.51105,0.51105,0.51105,0.51105
0.97452,0.97452,0.97452,0.97452,0.97452
0.096827,0.096827,0.096827,0.096827,0.096827
0.34106,0.34106,0.34106,0.34106,0.34106
0.87648,0.87648,0.87648,0.87648,0.87648
0.42223,0.42223,0.42223,0.42223,0.42223
0.95141,0.95141,0.95141,0.95141,0.95141
0.18029,0.18029,0.18029,0.18029,0.18029
0.57637,0.57637,0.57637,0.57637,0.57637
0.95225,0.95225,0.95225,0.95225,0.95225
0.17732,0.17732,0.17732,0.17732,0.17732
0.56893,0.56893,0.56893,0.56893,0.56893
0.95647,0.95647,0.95647,0.95647,0.95647
0.16238,0.16238,0.16238,0.16238,0.16238
0.53044,0.53044,0.53044,0.53044,0.53044
0.97139,0.97139,0.97139,0.97139,0.97139
0.1084,0.1084,0.1084,0.1084,0.1084
0.37694,0.37694,0.37694,0.37694,0.37694
0.91594,0.91594,0.91594,0.91594,0.91594
0.30027,0.30027,0.30027,0.30027,0.30027
0.81942,0.81942,0.81942,0.81942,0.81942
0.57709,0.57709,0.57709,0.57709,0.57709
0.95182,0.95182,0.95182,0.95182,0.95182
0.17884,0.17884,0.17884,0.17884,0.17884
0.57273,0.57273,0.57273,0.57273,0.57273
0.95437,0.95437,0.95437,0.95437,0.95437
0.16983,0.16983,0.16983,0.16983,0.16983
0.54985,0.54985,0.54985,0.54985,0.54985
0.96531,0.96531,0.96531,0.96531,0.96531
0.13061,0.13061,0.13061,0.13061,0.13061
0.44284,0.44284,0.44284,0.44284,0.44284
0.96226,0.96226,0.96226,0.96226,0.96226
0.14163,0.14163,0.14163,0.14163,0.14163
0.47413,0.47413,0.47413,0.47413,0.47413
0.97239,0.97239,0.97239,0.97239,0.97239
0.1047,0.1047,0.1047,0.1047,0.1047
0.36559,0.36559,0.36559,0.36559,0.36559
0.90454,0.90454,0.90454,0.90454,0.90454
0.33674,0.33674,0.33674,0.33674,0.33674
0.87105,0.87105,0.87105,0.87105,0.87105
0.43806,0.43806,0.43806,0.43806,0.43806
0.96004,0.96004,0.96004,0.96004,0.96004
0.14963,0.14963,0.14963,0.14963,0.14963
0.49624,0.49624,0.49624,0.49624,0.49624
0.97494,0.97494,0.97494,0.97494,0.97494
0.095267,0.095267,0.095267,0.095267,0.095267
0.33615,0.33615,0.33615,0.33615,0.33615
0.87029,0.87029,0.87029,0.87029,0.87029
0.44025,0.44025,0.44025,0.44025,0.44025
0.96107,0.96107,0.96107,0.96107,0.96107
0.1459,0.1459,0.1459,0.1459,0.1459
0.48599,0.48599,0.48599,0.48599,0.48599
0.97423,0.97423,0.97423,0.97423,0.97423
0.097896,0.097896,0.097896,0.097896,0.097896
0.34442,0.34442,0.34442,0.34442,0.34442
0.8806,0.8806,0.8806,0.8806,0.8806
0.41007,0.41007,0.41007,0.41007,0.41007
0.94346,0.94346,0.94346,0.94346,0.94346
0.20805,0.20805,0.20805,0.20805,0.20805
0.64258,0.64258,0.64258,0.64258,0.64258
0.89572,0.89572,0.89572,0.89572,0.89572
0.36429,0.36429,0.36429,0.36429,0.36429
0.90318,0.90318,0.90318,0.90318,0.90318
0.34105,0.34105,0.34105,0.34105,0.34105
0.87646,0.87646,0.87646,0.87646,0.87646
0.42228,0.42228,0.42228,0.42228,0.42228
0.95144,0.95144,0.95144,0.95144,0.95144
0.18017,0.18017,0.18017,0.18017,0.18017
0.57607,0.57607,0.57607,0.57607,0.57607
0.95243,0.95243,0.95243,0.95243,0.95243
0.1767,0.1767,0.1767,0.1767,0.1767
0.56736,0.56736,0.56736,0.56736,0.56736
0.95731,0.95731,0.95731,0.95731,0.95731
0.1594,0.1594,0.1594,0.1594,0.1594
0.52256,0.52256,0.52256,0.52256,0.52256
0.97301,0.97301,0.97301,0.97301,0.97301
0.1024,0.1024,0.1024,0.1024,0.1024
0.35847,0.35847,0.35847,0.35847,0.35847
0.89688,0.89688,0.89688,0.89688,0.89688
0.36069,0.36069,0.36069,0.36069,0.36069
0.89932,0.89932,0.89932,0.89932,0.89932
0.35313,0.35313,0.35313,0.35313,0.35313
0.89087,0.89087,0.89087,0.89087,0.89087
0.37915,0.37915,0.37915,0.37915,0.37915
0.91804,0.91804,0.91804,0.91804,0.91804
0.29345,0.29345,0.29345,0.29345,0.29345
0.80862,0.80862,0.80862,0.80862,0.80862
0.60353,0.60353,0.60353,0.60353,0.60353
0.9332,0.9332,0.9332,0.9332,0.9332
0.24313,0.24313,0.24313,0.24313,0.24313
0.71768,0.71768,0.71768,0.71768,0.71768
0.7902,0.7902,0.7902,0.7902,0.7902
0.64655,0.64655,0.64655,0.64655,0.64655
0.89124,0.89124,0.89124,0.89124,0.89124
0.37802,0.37802,0.37802,0.37802,0.37802
0.91697,0.91697,0.91697,0.91697,0.91697
0.29692,0.29692,0.29692,0.29692,0.29692
0.81415,0.81415,0.81415,0.81415,0.81415
0.5901,0.5901,0.5901,0.5901,0.5901
0.94334,0.94334,0.94334,0.94334,0.94334
0.20845,0.20845,0.20845,0.20845,0.20845
0.6435,0.6435,0.6435,0.6435,0.6435
0.89469,0.89469,0.89469,0.89469,0.89469
0.36746,0.36746,0.36746,0.36746,0.36746
0.90649,0.90649,0.90649,0.90649,0.90649
0.33058,0.33058,0.33058,0.33058,0.33058
0.86305,0.86305,0.86305,0.86305,0.86305
0.46095,0.46095,0.46095,0.46095,0.46095
0.96905,0.96905,0.96905,0.96905,0.96905
0.11696,0.11696,0.11696,0.11696,0.11696
0.40279,0.40279,0.40279,0.40279,0.40279
0.93815,0.93815,0.93815,0.93815,0.93815
0.2263,0.2263,0.2263,0.2263,0.2263
0.68284,0.68284,0.68284,0.68284,0.68284
0.84462,0.84462,0.84462,0.84462,0.84462
0.51181,0.51181,0.51181,0.51181,0.51181
0.97446,0.97446,0.97446,0.97446,0.97446
0.097078,0.097078,0.097078,0.097078,0.097078
0.34185,0.34185,0.34185,0.34185,0.34185
0.87746,0.87746,0.87746,0.87746,0.87746
0.41935,0.41935,0.41935,0.41935,0.41935
0.94963,0.94963,0.94963,0.94963,0.94963
0.18653,0.18653,0.18653,0.18653,0.18653
0.59178,0.59178,0.59178,0.59178,0.59178
0.94215,0.94215,0.94215,0.94215,0.94215
0.21256,0.21256,0.21256,0.21256,0.21256
0.65278,0.65278,0.65278,0.65278,0.65278
0.88397,0.88397,0.88397,0.88397,0.88397
0.40001,0.40001,0.40001,0.40001,0.40001
0.93601,0.93601,0.93601,0.93601,0.93601
0.2336,0.2336,0.2336,0.2336,0.2336
0.69822,0.69822,0.69822,0.69822,0.69822
0.82176,0.82176,0.82176,0.82176,0.82176
0.57124,0.57124,0.57124,0.57124,0.57124
0.95521,0.95521,0.95521,0.95521,0.95521
0.16686,0.16686,0.16686,0.16686,0.16686
0.54218,0.54218,0.54218,0.54218,0.54218
0.96806,0.96806,0.96806,0.96806,0.96806
0.12058,0.12058,0.12058,0.12058,0.12058
0.41357,0.41357,0.41357,0.41357,0.41357
0.94587,0.94587,0.94587,0.94587,0.94587
0.19969,0.19969,0.19969,0.19969,0.19969
0.62328,0.62328,0.62328,0.62328,0.62328
0.91573,0.91573,0.91573,0.91573,0.91573
0.30096,0.30096,0.30096,0.30096,0.30096
0.8205,0.8205,0.8205,0.8205,0.8205
0.5744,0.5744,0.5744,0.5744,0.5744
0.95341,0.95341,0.95341,0.95341,0.95341
0.17323,0.17323,0.17323,0.17323,0.17323
0.55857,0.55857,0.55857,0.55857,0.55857
0.96162,0.96162,0.96162,0.96162,0.96162
0.14393,0.14393,0.14393,0.14393,0.14393
0.48054,0.48054,0.48054,0.48054,0.48054
0.97352,0.97352,0.97352,0.97352,0.97352
0.10053,0.10053,0.10053,0.10053,0.10053
0.35264,0.35264,0.35264,0.35264,0.35264
0.89032,0.89032,0.89032,0.89032,0.89032
0.38085,0.38085,0.38085,0.38085,0.38085
0.91963,0.91963,0.91963,0.91963,0.91963
0.28825,0.28825,0.28825,0.28825,0.28825
0.80013,0.80013,0.80013,0.80013,0.80013
0.6237,0.6237,0.6237,0.6237,0.6237
0.91532,0.91532,0.91532,0.91532,0.91532
0.30228,0.30228,0.30228,0.30228,0.30228
0.82254,0.82254,0.82254,0.82254,0.82254
0.56927,0.56927,0.56927,0.56927,0.56927
0.95629,0.95629,0.95629,0.95629,0.95629
0.16303,0.16303,0.16303,0.16303,0.16303
0.53215,0.53215,0.53215,0.53215,0.53215
0.97097,0.97097,0.97097,0.97097,0.97097
0.10993,0.10993,0.10993,0.10993,0.10993
0.3816,0.3816,0.3816,0.3816,0.3816
0.92033,0.92033,0.92033,0.92033,0.92033
0.28596,0.28596,0.28596,0.28596,0.28596
0.79632,0.79632,0.79632,0.79632,0.79632
0.63255,0.63255,0.63255,0.63255,0.63255
0.90648,0.90648,0.90648,0.90648,0.90648
0.33061,0.33061,0.33061,0.33061,0.33061
0.8631,0.8631,0.8631,0.8631,0.8631
0.46082,0.46082,0.46082,0.46082,0.46082
0.96901,0.96901,0.96901,0.96901,0.96901
0.1171,0.1171,0.1171,0.1171,0.1171
0.40323,0.40323,0.40323,0.40323,0.40323
0.93848,0.93848,0.93848,0.93848,0.93848
0.22518,0.22518,0.22518,0.22518,0.22518
0.68045,0.68045,0.68045,0.68045,0.68045
0.848,0.848,0.848,0.848,0.848
0.50269,0.50269,0.50269,0.50269,0.50269
0.97497,0.97497,0.97497,0.97497,0.97497
0.095167,0.095167,0.095167,0.095167,0.095167
0.33583,0.33583,0.33583,0.33583,0.33583
0.86989,0.86989,0.86989,0.86989,0.86989
0.44142,0.44142,0.44142,0.44142,0.44142
0.96162,0.96162,0.96162,0.96162,0.96162
0.14395,0.14395,0.14395,0.14395,0.14395
0.4806,0.4806,0.4806,0.4806,0.4806
0.97353,0.97353,0.97353,0.97353,0.97353
0.10049,0.10049,0.10049,0.10049,0.10049
0.35253,0.35253,0.35253,0.35253,0.35253
0.89018,0.89018,0.89018,0.89018,0.89018
0.38125,0.38125,0.38125,0.38125,0.38125
0.92,0.92,0.92,0.92,0.92
0.28702,0.28702,0.28702,0.28702,0.28702
0.7981,0.7981,0.7981,0.7981,0.7981
0.62843,0.62843,0.62843,0.62843,0.62843
0.91068,0.91068,0.91068,0.91068,0.91068
0.31725,0.31725,0.31725,0.31725,0.31725
0.84475,0.84475,0.84475,0.84475,0.84475
0.51148,0.51148,0.51148,0.51148,0.51148
0.97449,0.97449,0.97449,0.97449,0.97449
0.096967,0.096967,0.096967,0.096967,0.096967
0.3415,0.3415,0.3415,0.3415,0.3415
0.87702,0.87702,0.87702,0.87702,0.87702
0.42063,0.42063,0.42063,0.42063,0.42063
0.95043,0.95043,0.95043,0.95043,0.95043
0.18374,0.18374,0.18374,0.18374,0.18374
0.58492,0.58492,0.58492,0.58492,0.58492
0.94688,0.94688,0.94688,0.94688,0.94688
0.19617,0.19617,0.19617,0.19617,0.19617
0.61498,0.61498,0.61498,0.61498,0.61498
0.92344,0.92344,0.92344,0.92344,0.92344
0.27572,0.27572,0.27572,0.27572,0.27572
0.77882,0.77882,0.77882,0.77882,0.77882
0.67182,0.67182,0.67182,0.67182,0.67182
0.85986,0.85986,0.85986,0.85986,0.85986
0.46995,0.46995,0.46995,0.46995,0.46995
0.97148,0.97148,0.97148,0.97148,0.97148
0.10806,0.10806,0.10806,0.10806,0.10806
0.37591,0.37591,0.37591,0.37591,0.37591
0.91494,0.91494,0.91494,0.91494,0.91494
0.30351,0.30351,0.30351,0.30351,0.30351
0.82442,0.82442,0.82442,0.82442,0.82442
0.56453,0.56453,0.56453,0.56453,0.56453
0.95876,0.95876,0.95876,0.95876,0.95876
0.1542,0.1542,0.1542,0.1542,0.1542
0.50865,0.50865,0.50865,0.50865,0.50865
0.97471,0.97471,0.97471,0.97471,0.97471
0.096144,0.096144,0.096144,0.096144,0.096144
0.33891,0.33891,0.33891,0.33891,0.33891
0.8738,0.8738,0.8738,0.8738,0.8738
0.43008,0.43008,0.43008,0.43008,0.43008
0.95593,0.95593,0.95593,0.95593,0.95593
0.16429,0.16429,0.16429,0.16429,0.16429
0.53547,0.53547,0.53547,0.53547,0.53547
0.97009,0.97009,0.97009,0.97009,0.97009
0.11314,0.11314,0.11314,0.11314,0.11314
0.39134,0.39134,0.39134,0.39134,0.39134
0.92895,0.92895,0.92895,0.92895,0.92895
0.25741,0.25741,0.25741,0.25741,0.25741
0.74548,0.74548,0.74548,0.74548,0.74548
0.73998,0.73998,0.73998,0.73998,0.73998
0.75039,0.75039,0.75039,0.75039,0.75039
0.73048,0.73048,0.73048,0.73048,0.73048
0.76783,0.76783,0.76783,0.76783,0.76783
0.69525,0.69525,0.69525,0.69525,0.69525
0.82633,0.82633,0.82633,0.82633,0.82633
0.55969,0.55969,0.55969,0.55969,0.55969
0.9611,0.9611,0.9611,0.9611,0.9611
0.1458,0.1458,0.1458,0.1458,0.1458
0.4857,0.4857,0.4857,0.4857,0.4857
0.9742,0.9742,0.9742,0.9742,0.9742
0.098014,0.098014,0.098014,0.098014,0.098014
0.34479,0.34479,0.34479,0.34479,0.34479
0.88105,0.88105,0.88105,0.88105,0.88105
0.40874,0.40874,0.40874,0.40874,0.40874
0.94252,0.94252,0.94252,0.94252,0.94252
0.21129,0.21129,0.21129,0.21129,0.21129
0.64993,0.64993,0.64993,0.64993,0.64993
0.88733,0.88733,0.88733,0.88733,0.88733
0.38991,0.38991,0.38991,0.38991,0.38991
0.92773,0.92773,0.92773,0.92773,0.92773
0.26149,0.26149,0.26149,0.26149,0.26149
0.75313,0.75313,0.75313,0.75313,0.75313
0.7251,0.7251,0.7251,0.7251,0.7251
0.77739,0.77739,0.77739,0.77739,0.77739
0.67492,0.67492,0.67492,0.67492,0.67492
0.85568,0.85568,0.85568,0.85568,0.85568
0.48163,0.48163,0.48163,0.48163,0.48163
0.97368,0.97368,0.97368,0.97368,0.97368
0.099933,0.099933,0.099933,0.099933,0.099933
0.35079,0.35079,0.35079,0.35079,0.35079
0.88817,0.88817,0.88817,0.88817,0.88817
0.38736,0.38736,0.38736,0.38736,0.38736
0.92551,0.92551,0.92551,0.92551,0.92551
0.26886,0.26886,0.26886,0.26886,0.26886
0.76664,0.76664,0.76664,0.76664,0.76664
0.69773,0.69773,0.69773,0.69773,0.69773
0.82252,0.82252,0.82252,0.82252,0.82252
0.56933,0.56933,0.56933,0.56933,0.56933
0.95626,0.95626,0.95626,0.95626,0.95626
0.16314,0.16314,0.16314,0.16314,0.16314
0.53245,0.53245,0.53245,0.53245,0.53245
0.97089,0.97089,0.97089,0.97089,0.97089
0.11021,0.11021,0.11021,0.11021,0.11021
0.38244,0.38244,0.38244,0.38244,0.38244
0.9211,0.9211,0.9211,0.9211,0.9211
0.28342,0.28342,0.28342,0.28342,0.28342
0.79206,0.79206,0.79206,0.79206,0.79206
0.64233,0.64233,0.64233,0.64233,0.64233
0.896,0.896,0.896,0.896,0.896
0.36343,0.36343,0.36343,0.36343,0.36343
0.90226,0.90226,0.90226,0.90226,0.90226
0.34394,0.34394,0.34394,0.34394,0.34394
0.88002,0.88002,0.88002,0.88002,0.88002
0.41178,0.41178,0.41178,0.41178,0.41178
0.94464,0.94464,0.94464,0.94464,0.94464
0.20394,0.20394,0.20394,0.20394,0.20394
0.63315,0.63315,0.63315,0.63315,0.63315
0.90586,0.90586,0.90586,0.90586,0.90586
0.33259,0.33259,0.33259,0.33259,0.33259
0.8657,0.8657,0.8657,0.8657,0.8657
0.45344,0.45344,0.45344,0.45344,0.45344
0.96654,0.96654,0.96654,0.96654,0.96654
0.12611,0.12611,0.12611,0.12611,0.12611
0.42981,0.42981,0.42981,0.42981,0.42981
0.95578,0.95578,0.95578,0.95578,0.95578
0.16482,0.16482,0.16482,0.16482,0.16482
0.53684,0.53684,0.53684,0.53684,0.53684
0.96971,0.96971,0.96971,0.96971,0.96971
0.11456,0.11456,0.11456,0.11456,0.11456
0.39561,0.39561,0.39561,0.39561,0.39561
0.9325,0.9325,0.9325,0.9325,0.9325
0.24548,0.24548,0.24548,0.24548,0.24548
0.72235,0.72235,0.72235,0.72235,0.72235
0.78218,0.78218,0.78218,0.78218,0.78218
0.66446,0.66446,0.66446,0.66446,0.66446
0.86952,0.86952,0.86952,0.86952,0.86952
0.44248,0.44248,0.44248,0.44248,0.44248
0.9621,0.9621,0.9621,0.9621,0.9621
0.14223,0.14223,0.14223,0.14223,0.14223
0.47579,0.47579,0.47579,0.47579,0.47579
0.97271,0.97271,0.97271,0.97271,0.97271
0.10351,0.10351,0.10351,0.10351,0.10351
0.36191,0.36191,0.36191,0.36191,0.36191
0.90063,0.90063,0.90063,0.90063,0.90063
0.34903,0.34903,0.34903,0.34903,0.34903
0.88611,0.88611,0.88611,0.88611,0.88611
0.39357,0.39357,0.39357,0.39357,0.39357
0.93083,0.93083,0.93083,0.93083,0.93083
0.25111,0.25111,0.25111,0.25111,0.25111
0.73342,0.73342,0.73342,0.73342,0.73342
0.76251,0.76251,0.76251,0.76251,0.76251
0.70624,0.70624,0.70624,0.70624,0.70624
0.80911,0.80911,0.80911,0.80911,0.80911
0.60237,0.60237,0.60237,0.60237,0.60237
0.93413,0.93413,0.93413,0.93413,0.93413
0.23997,0.23997,0.23997,0.23997,0.23997
0.71129,0.71129,0.71129,0.71129,0.71129
0.80088,0.80088,0.80088,0.80088,0.80088
0.62193,0.62193,0.62193,0.62193,0.62193
0.91702,0.91702,0.91702,0.91702,0.91702
0.29677,0.29677,0.29677,0.29677,0.29677
0.81393,0.81393,0.81393,0.81393,0.81393
0.59065,0.59065,0.59065,0.59065,0.59065
0.94295,0.94295,0.94295,0.94295,0.94295
0.2098,0.2098,0.2098,0.2098,0.2098
0.64655,0.64655,0.64655,0.64655,0.64655
0.89124,0.89124,0.89124,0.89124,0.89124
0.37804,0.37804,0.37804,0.37804,0.37804
0.91699,0.91699,0.91699,0.91699,0.91699
0.29685,0.29685,0.29685,0.29685,0.29685
0.81405,0.81405,0.81405,0.81405,0.81405
0.59034,0.59034,0.59034,0.59034,0.59034
0.94317,0.94317,0.94317,0.94317,0.94317
0.20904,0.20904,0.20904,0.20904,0.20904
0.64484,0.64484,0.64484,0.64484,0.64484
0.89318,0.89318,0.89318,0.89318,0.89318
0.37209,0.37209,0.37209,0.37209,0.37209
0.91119,0.91119,0.91119,0.91119,0.91119
0.3156,0.3156,0.3156,0.3156,0.3156
0.84239,0.84239,0.84239,0.84239,0.84239
0.5178,0.5178,0.5178,0.5178,0.5178
0.97376,0.97376,0.97376,0.97376,0.97376
0.099637,0.099637,0.099637,0.099637,0.099637
0.34987,0.34987,0.34987,0.34987,0.34987
0.88709,0.88709,0.88709,0.88709,0.88709
0.39062,0.39062,0.39062,0.39062,0.39062
0.92834,0.92834,0.92834,0.92834,0.92834
0.25945,0.25945,0.25945,0.25945,0.25945
0.74934,0.74934,0.74934,0.74934,0.74934
0.73254,0.73254,0.73254,0.73254,0.73254
0.76411,0.76411,0.76411,0.76411,0.76411
0.70296,0.70296,0.70296,0.70296,0.70296
0.81435,0.81435,0.81435,0.81435,0.81435
0.58962,0.58962,0.58962,0.58962,0.58962
0.94368,0.94368,0.94368,0.94368,0.94368
0.20729,0.20729,0.20729,0.20729,0.20729
0.64086,0.64086,0.64086,0.64086,0.64086
0.89762,0.89762,0.89762,0.89762,0.89762
0.35841,0.35841,0.35841,0.35841,0.35841
0.89681,0.89681,0.89681,0.89681,0.89681
0.3609,0.3609,0.3609,0.3609,0.3609
0.89954,0.89954,0.89954,0.89954,0.89954
0.35244,0.35244,0.35244,0.35244,0.35244
0.89008,0.89008,0.89008,0.89008,0.89008
0.38157,0.38157,0.38157,0.38157,0.38157
0.9203,0.9203,0.9203,0.9203,0.9203
0.28605,0.28605,0.28605,0.28605,0.28605
0.79649,0.79649,0.79649,0.79649,0.79649
0.63217,0.63217,0.63217,0.63217,0.63217
0.90687,0.90687,0.90687,0.90687,0.90687
0.32939,0.32939,0.32939,0.32939,0.32939
0.86147,0.86147,0.86147,0.86147,0.86147
0.46541,0.46541,0.46541,0.46541,0.46541
0.97033,0.97033,0.97033,0.97033,0.97033
0.11226,0.11226,0.11226,0.11226,0.11226
0.38867,0.38867,0.38867,0.38867,0.38867
0.92667,0.92667,0.92667,0.92667,0.92667
0.26503,0.26503,0.26503,0.26503,0.26503
0.75968,0.75968,0.75968,0.75968,0.75968
0.71201,0.71201,0.71201,0.71201,0.71201
0.79971,0.79971,0.79971,0.79971,0.79971
0.62468,0.62468,0.62468,0.62468,0.62468
0.91437,0.91437,0.91437,0.91437,0.91437
0.30536,0.30536,0.30536,0.30536,0.30536
0.82725,0.82725,0.82725,0.82725,0.82725
0.55734,0.55734,0.55734,0.55734,0.55734
0.96218,0.96218,0.96218,0.96218,0.96218
0.14193,0.14193,0.14193,0.14193,0.14193
0.47496,0.47496,0.47496,0.47496,0.47496
0.97256,0.97256,0.97256,0.97256,0.97256
0.1041,0.1041,0.1041,0.1041,0.1041
0.36372,0.36372,0.36372,0.36372,0.36372
0.90257,0.90257,0.90257,0.90257,0.90257
0.34297,0.34297,0.34297,0.34297,0.34297
0.87883,0.87883,0.87883,0.87883,0.87883
0.41531,0.41531,0.41531,0.41531,0.41531
0.94703,0.94703,0.94703,0.94703,0.94703
0.19565,0.19565,0.19565,0.19565,0.19565
0.61374,0.61374,0.61374,0.61374,0.61374
0.92455,0.92455,0.92455,0.92455,0.92455
0.27206,0.27206,0.27206,0.27206,0.27206
0.77237,0.77237,0.77237,0.77237,0.77237
0.68567,0.68567,0.68567,0.68567,0.68567
0.84056,0.84056,0.84056,0.84056,0.84056
0.52268,0.52268,0.52268,0.52268,0.52268
0.97299,0.97299,0.97299,0.97299,0.97299
0.10248,0.10248,0.10248,0.10248,0.10248
0.35872,0.35872,0.35872,0.35872,0.35872
0.89716,0.89716,0.89716,0.89716,0.89716
0.35984,0.35984,0.35984,0.35984,0.35984
0.89838,0.89838,0.89838,0.89838,0.89838
0.35604,0.35604,0.35604,0.35604,0.35604
0.89417,0.89417,0.89417,0.89417,0.89417
0.36906,0.36906,0.36906,0.36906,0.36906
0.90813,0.90813,0.90813,0.90813,0.90813
0.32537,0.32537,0.32537,0.32537,0.32537
0.85606,0.85606,0.85606,0.85606,0.85606
0.48056,0.48056,0.48056,0.48056,0.48056
0.97353,0.97353,0.97353,0.97353,0.97353
0.10051,0.10051,0.10051,0.10051,0.10051
0.3526,0.3526,0.3526,0.3526,0.3526
0.89027,0.89027,0.89027,0.89027,0.89027
0.381,0.381,0.381,0.381,0.381
0.91977,0.91977,0.91977,0.91977,0.91977
0.2878,0.2878,0.2878,0.2878,0.2878
0.79938,0.79938,0.79938,0.79938,0.79938
0.62544,0.62544,0.62544,0.62544,0.62544
0.91363,0.91363,0.91363,0.91363,0.91363
0.30774,0.30774,0.30774,0.30774,0.30774
0.83085,0.83085,0.83085,0.83085,0.83085
0.54811,0.54811,0.54811,0.54811,0.54811
0.96597,0.96597,0.96597,0.96597,0.96597
0.12819,0.12819,0.12819,0.12819,0.12819
0.43584,0.43584,0.43584,0.43584,0.43584
0.95895,0.95895,0.95895,0.95895,0.95895
0.15353,0.15353,0.15353,0.15353,0.15353
0.50684,0.50684,0.50684,0.50684,0.50684
0.97482,0.97482,0.97482,0.97482,0.97482
0.095739,0.095739,0.095739,0.095739,0.095739
0.33763,0.33763,0.33763,0.33763,0.33763
0.87219,0.87219,0.87219,0.87219,0.87219
0.43476,0.43476,0.43476,0.43476,0.43476
0.9584,0.9584,0.9584,0.9584,0.9584
0.15548,0.15548,0.15548,0.15548,0.15548
0.5121,0.5121,0.5121,0.5121,0.5121
0.97443,0.97443,0.97443,0.97443,0.97443
0.097178,0.097178,0.097178,0.097178,0.097178
0.34216,0.34216,0.34216,0.34216,0.34216
0.87784,0.87784,0.87784,0.87784,0.87784
0.41822,0.41822,0.41822,0.41822,0.41822
0.94891,0.94891,0.94891,0.94891,0.94891
0.18905,0.18905,0.18905,0.18905,0.18905
0.59792,0.59792,0.59792,0.59792,0.59792
0.93761,0.93761,0.93761,0.93761,0.93761
0.22816,0.22816,0.22816,0.22816,0.22816
0.68679,0.68679,0.68679,0.68679,0.68679
0.83892,0.83892,0.83892,0.83892,0.83892
0.52701,0.52701,0.52701,0.52701,0.52701
0.97215,0.97215,0.97215,0.97215,0.97215
0.10557,0.10557,0.10557,0.10557,0.10557
0.36827,0.36827,0.36827,0.36827,0.36827
0.90732,0.90732,0.90732,0.90732,0.90732
0.32795,0.32795,0.32795,0.32795,0.32795
0.85956,0.85956,0.85956,0.85956,0.85956
0.47079,0.47079,0.47079,0.47079,0.47079
0.97167,0.97167,0.97167,0.97167,0.97167
0.10735,0.10735,0.10735,0.10735,0.10735
0.37371,0.37371,0.37371,0.37371,0.37371
0.9128,0.9128,0.9128,0.9128,0.9128
0.31042,0.31042,0.31042,0.31042,0.31042
0.83484,0.83484,0.83484,0.83484,0.83484
0.53775,0.53775,0.53775,0.53775,0.53775
0.96944,0.96944,0.96944,0.96944,0.96944
0.11553,0.11553,0.11553,0.11553,0.11553
0.39851,0.39851,0.39851,0.39851,0.39851
0.93483,0.93483,0.93483,0.93483,0.93483
0.2376,0.2376,0.2376,0.2376,0.2376
0.70646,0.70646,0.70646,0.70646,0.70646
0.80875,0.80875,0.80875,0.80875,0.80875
0.60322,0.60322,0.60322,0.60322,0.60322
0.93345,0.93345,0.93345,0.93345,0.93345
0.24228,0.24228,0.24228,0.24228,0.24228
0.71596,0.71596,0.71596,0.71596,0.71596
0.79311,0.79311,0.79311,0.79311,0.79311
0.63995,0.63995,0.63995,0.63995,0.63995
0.89862,0.89862,0.89862,0.89862,0.89862
0.3553,0.3553,0.3553,0.3553,0.3553
0.89335,0.89335,0.89335,0.89335,0.89335
0.37159,0.37159,0.37159,0.37159,0.37159
0.91069,0.91069,0.91069,0.91069,0.91069
0.3172,0.3172,0.3172,0.3172,0.3172
0.84467,0.84467,0.84467,0.84467,0.84467
0.51168,0.51168,0.51168,0.51168,0.51168
0.97447,0.97447,0.97447,0.97447,0.97447
0.097034,0.097034,0.097034,0.097034,0.097034
0.34171,0.34171,0.34171,0.34171,0.34171
0.87728,0.87728,0.87728,0.87728,0.87728
0.41986,0.41986,0.41986,0.41986,0.41986
0.94995,0.94995,0.94995,0.94995,0.94995
0.18542,0.18542,0.18542,0.18542,0.18542
0.58904,0.58904,0.58904,0.58904,0.58904
0.94408,0.94408,0.94408,0.94408,0.94408
0.2059,0.2059,0.2059,0.2059,0.2059
0.63767,0.63767,0.63767,0.63767,0.63767
0.90109,0.90109,0.90109,0.90109,0.90109
0.3476,0.3476,0.3476,0.3476,0.3476
0.88442,0.88442,0.88442,0.88442,0.88442
0.39866,0.39866,0.39866,0.39866,0.39866
0.93495,0.93495,0.93495,0.93495,0.93495
0.2372,0.2372,0.2372,0.2372,0.2372
0.70566,0.70566,0.70566,0.70566,0.70566
0.81005,0.81005,0.81005,0.81005,0.81005
0.6001,0.6001,0.6001,0.6001,0.6001
0.93593,0.93593,0.93593,0.93593,0.93593
0.23388,0.23388,0.23388,0.23388,0.23388
0.6988,0.6988,0.6988,0.6988,0.6988
0.82087,0.82087,0.82087,0.82087,0.82087
0.57348,0.57348,0.57348,0.57348,0.57348
0.95394,0.95394,0.95394,0.95394,0.95394
0.17134,0.17134,0.17134,0.17134,0.17134
0.55374,0.55374,0.55374,0.55374,0.55374
0.96374,0.96374,0.96374,0.96374,0.96374
0.1363,0.1363,0.1363,0.1363,0.1363
0.45913,0.45913,0.45913,0.45913,0.45913
0.96848,0.96848,0.96848,0.96848,0.96848
0.11904,0.11904,0.11904,0.11904,0.11904
0.40898,0.40898,0.40898,0.40898,0.40898
0.94269,0.94269,0.94269,0.94269,0.94269
0.21069,0.21069,0.21069,0.21069,0.21069
0.64858,0.64858,0.64858,0.64858,0.64858
0.88891,0.88891,0.88891,0.88891,0.88891
0.38513,0.38513,0.38513,0.38513,0.38513
0.92354,0.92354,0.92354,0.92354,0.92354
0.27539,0.27539,0.27539,0.27539,0.27539
0.77824,0.77824,0.77824,0.77824,0.77824
0.67307,0.67307,0.67307,0.67307,0.67307
0.85818,0.85818,0.85818,0.85818,0.85818
0.47466,0.47466,0.47466,0.47466,0.47466
0.9725,0.9725,0.9725,0.9725,0.9725
0.10431,0.10431,0.10431,0.10431,0.10431
0.36439,0.36439,0.36439,0.36439,0.36439
0.90328,0.90328,0.90328,0.90328,0.90328
0.34073,0.34073,0.34073,0.34073,0.34073
0.87607,0.87607,0.87607,0.87607,0.87607
0.42342,0.42342,0.42342,0.42342,0.42342
0.95213,0.95213,0.95213,0.95213,0.95213
0.17776,0.17776,0.17776,0.17776,0.17776
0.57002,0.57002,0.57002,0.57002,0.57002
0.95588,0.95588,0.95588,0.95588,0.95588
0.16448,0.16448,0.16448,0.16448,0.16448
0.53597,0.53597,0.53597,0.53597,0.53597
0.96996,0.96996,0.96996,0.96996,0.96996
0.11365,0.11365,0.11365,0.11365,0.11365
0.39287,0.39287,0.39287,0.39287,0.39287
0.93024,0.93024,0.93024,0.93024,0.93024
0.25308,0.25308,0.25308,0.25308,0.25308
0.73722,0.73722,0.73722,0.73722,0.73722
0.75554,0.75554,0.75554,0.75554,0.75554
0.72033,0.72033,0.72033,0.72033,0.72033
0.78568,0.78568,0.78568,0.78568,0.78568
0.65672,0.65672,0.65672,0.65672,0.65672
0.87921,0.87921,0.87921,0.87921,0.87921
0.41417,0.41417,0.41417,0.41417,0.41417
0.94627,0.94627,0.94627,0.94627,0.94627
0.19829,0.19829,0.19829,0.19829,0.19829
0.61998,0.61998,0.61998,0.61998,0.61998
0.91886,0.91886,0.91886,0.91886,0.91886
0.29077,0.29077,0.29077,0.29077,0.29077
0.80426,0.80426,0.80426,0.80426,0.80426
0.61396,0.61396,0.61396,0.61396,0.61396
0.92436,0.92436,0.92436,0.92436,0.92436
0.2727,0.2727,0.2727,0.2727,0.2727
0.7735,0.7735,0.7735,0.7735,0.7735
0.68326,0.68326,0.68326,0.68326,0.68326
0.84401,0.84401,0.84401,0.84401,0.84401
0.51345,0.51345,0.51345,0.51345,0.51345
0.97429,0.97429,0.97429,0.97429,0.97429
0.097674,0.097674,0.097674,0.097674,0.097674
0.34372,0.34372,0.34372,0.34372,0.34372
0.87975,0.87975,0.87975,0.87975,0.87975
0.41258,0.41258,0.41258,0.41258,0.41258
0.94519,0.94519,0.94519,0.94519,0.94519
0.20204,0.20204,0.20204,0.20204,0.20204
0.62875,0.62875,0.62875,0.62875,0.62875
0.91035,0.91035,0.91035,0.91035,0.91035
0.31827,0.31827,0.31827,0.31827,0.31827
0.84621,0.84621,0.84621,0.84621,0.84621
0.50755,0.50755,0.50755,0.50755,0.50755
0.97478,0.97478,0.97478,0.97478,0.97478
0.095886,0.095886,0.095886,0.095886,0.095886
0.3381,0.3381,0.3381,0.3381,0.3381
0.87277,0.87277,0.87277,0.87277,0.87277
0.43305,0.43305,0.43305,0.43305,0.43305
0.95752,0.95752,0.95752,0.95752,0.95752
0.15863,0.15863,0.15863,0.15863,0.15863
0.52053,0.52053,0.52053,0.52053,0.52053
0.97336,0.97336,0.97336,0.97336,0.97336
0.10114,0.10114,0.10114,0.10114,0.10114
0.35455,0.35455,0.35455,0.35455,0.35455
0.89249,0.89249,0.89249,0.89249,0.89249
0.3742,0.3742,0.3742,0.3742,0.3742
0.91328,0.91328,0.91328,0.91328,0.91328
0.30889,0.30889,0.30889,0.30889,0.30889
0.83256,0.83256,0.83256,0.83256,0.83256
0.54368,0.54368,0.54368,0.54368,0.54368
0.96756,0.96756,0.96756,0.96756,0.96756
0.12242,0.12242,0.12242,0.12242,0.12242
0.41899,0.41899,0.41899,0.41899,0.41899
0.94941,0.94941,0.94941,0.94941,0.94941
0.18733,0.18733,0.18733,0.18733,0.18733
0.59373,0.59373,0.59373,0.59373,0.59373
0.94073,0.94073,0.94073,0.94073,0.94073
0.21744,0.21744,0.21744,0.21744,0.21744
0.66361,0.66361,0.66361,0.66361,0.66361
0.8706,0.8706,0.8706,0.8706,0.8706
0.43936,0.43936,0.43936,0.43936,0.43936
0.96066,0.96066,0.96066,0.96066,0.96066
0.14739,0.14739,0.14739,0.14739,0.14739
0.49011,0.49011,0.49011,0.49011,0.49011
0.97462,0.97462,0.97462,0.97462,0.97462
0.096475,0.096475,0.096475,0.096475,0.096475
0.33995,0.33995,0.33995,0.33995,0.33995
0.8751,0.8751,0.8751,0.8751,0.8751
0.42627,0.42627,0.42627,0.42627,0.42627
0.9538,0.9538,0.9538,0.9538,0.9538
0.17187,0.17187,0.17187,0.17187,0.17187
0.55508,0.55508,0.55508,0.55508,0.55508
0.96317,0.96317,0.96317,0.96317,0.96317
0.13836,0.13836,0.13836,0.13836,0.13836
0.46495,0.46495,0.46495,0.46495,0.46495
0.97021,0.97021,0.97021,0.97021,0.97021
0.11273,0.11273,0.11273,0.11273,0.11273
0.39008,0.39008,0.39008,0.39008,0.39008
0.92788,0.92788,0.92788,0.92788,0.92788
0.26098,0.26098,0.26098,0.26098,0.26098
0.7522,0.7522,0.7522,0.7522,0.7522
0.72694,0.72694,0.72694,0.72694,0.72694
0.77414,0.77414,0.77414,0.77414,0.77414
0.6819,0.6819,0.6819,0.6819,0.6819
0.84595,0.84595,0.84595,0.84595,0.84595
0.50823,0.50823,0.50823,0.50823,0.50823
0.97474,0.97474,0.97474,0.97474,0.97474
0.096041,0.096041,0.096041,0.096041,0.096041
0.33859,0.33859,0.33859,0.33859,0.33859
0.87339,0.87339,0.87339,0.87339,0.87339
0.43126,0.43126,0.43126,0.43126,0.43126
0.95657,0.95657,0.95657,0.95657,0.95657
0.16201,0.16201,0.16201,0.16201,0.16201
0.52948,0.52948,0.52948,0.52948,0.52948
0.97161,0.97161,0.97161,0.97161,0.97161
0.10758,0.10758,0.10758,0.10758,0.10758
0.37442,0.37442,0.37442,0.37442,0.37442
0.91349,0.91349,0.91349,0.91349,0.91349
0.30819,0.30819,0.30819,0.30819,0.30819
0.83152,0.83152,0.83152,0.83152,0.83152
0.54636,0.54636,0.54636,0.54636,0.54636
0.96662,0.96662,0.96662,0.96662,0.96662
0.12585,0.12585,0.12585,0.12585,0.12585
0.42905,0.42905,0.42905,0.42905,0.42905
0.95537,0.95537,0.95537,0.95537,0.95537
0.1663,0.1663,0.1663,0.1663,0.1663
0.54072,0.54072,0.54072,0.54072,0.54072
0.96853,0.96853,0.96853,0.96853,0.96853
0.11886,0.11886,0.11886,0.11886,0.11886
0.40845,0.40845,0.40845,0.40845,0.40845
0.94231,0.94231,0.94231,0.94231,0.94231
0.21201,0.21201,0.21201,0.21201,0.21201
0.65154,0.65154,0.65154,0.65154,0.65154
0.88544,0.88544,0.88544,0.88544,0.88544
0.3956,0.3956,0.3956,0.3956,0.3956
0.9325,0.9325,0.9325,0.9325,0.9325
0.2455,0.2455,0.2455,0.2455,0.2455
0.72239,0.72239,0.72239,0.72239,0.72239
0.78212,0.78212,0.78212,0.78212,0.78212
0.66459,0.66459,0.66459,0.66459,0.66459
0.86935,0.86935,0.86935,0.86935,0.86935
0.44297,0.44297,0.44297,0.44297,0.44297
0.96231,0.96231,0.96231,0.96231,0.96231
0.14143,0.14143,0.14143,0.14143,0.14143
0.47358,0.47358,0.47358,0.47358,0.47358
0.97228,0.97228,0.97228,0.97228,0.97228
0.10512,0.10512,0.10512,0.10512,0.10512
0.36687,0.36687,0.36687,0.36687,0.36687
0.90588,0.90588,0.90588,0.90588,0.90588
0.33251,0.33251,0.33251,0.33251,0.33251
0.86559,0.86559,0.86559,0.86559,0.86559
0.45373,0.45373,0.45373,0.45373,0.45373
0.96665,0.96665,0.96665,0.96665,0.96665
0.12573,0.12573,0.12573,0.12573,0.12573
0.42869,0.42869,0.42869,0.42869,0.42869
0.95517,0.95517,0.95517,0.95517,0.95517
0.167,0.167,0.167,0.167,0.167
0.54254,0.54254,0.54254,0.54254,0.54254
0.96794,0.96794,0.96794,0.96794,0.96794
0.12101,0.12101,0.12101,0.12101,0.12101
0.41484,0.41484,0.41484,0.41484,0.41484
0.94672,0.94672,0.94672,0.94672,0.94672
0.19673,0.19673,0.19673,0.19673,0.19673
0.61632,0.61632,0.61632,0.61632,0.61632
0.92223,0.92223,0.92223,0.92223,0.92223
0.2797,0.2797,0.2797,0.2797,0.2797
0.78573,0.78573,0.78573,0.78573,0.78573
0.6566,0.6566,0.6566,0.6566,0.6566
0.87936,0.87936,0.87936,0.87936,0.87936
0.41375,0.41375,0.41375,0.41375,0.41375
0.94599,0.94599,0.94599,0.94599,0.94599
0.19927,0.19927,0.19927,0.19927,0.19927
0.6223,0.6223,0.6223,0.6223,0.6223
0.91667,0.91667,0.91667,0.91667,0.91667
0.2979,0.2979,0.2979,0.2979,0.2979
0.81571,0.81571,0.81571,0.81571,0.81571
0.58627,0.58627,0.58627,0.58627,0.58627
0.94598,0.94598,0.94598,0.94598,0.94598
0.19931,0.19931,0.19931,0.19931,0.19931
0.62238,0.62238,0.62238,0.62238,0.62238
0.91659,0.91659,0.91659,0.91659,0.91659
0.29817,0.29817,0.29817,0.29817,0.29817
0.81614,0.81614,0.81614,0.81614,0.81614
0.58522,0.58522,0.58522,0.58522,0.58522
0.94668,0.94668,0.94668,0.94668,0.94668
0.19687,0.19687,0.19687,0.19687,0.19687
0.61663,0.61663,0.61663,0.61663,0.61663
0.92195,0.92195,0.92195,0.92195,0.92195
0.28064,0.28064,0.28064,0.28064,0.28064
0.78734,0.78734,0.78734,0.78734,0.78734
0.65299,0.65299,0.65299,0.65299,0.65299
0.88372,0.88372,0.88372,0.88372,0.88372
0.40077,0.40077,0.40077,0.40077,0.40077
0.9366,0.9366,0.9366,0.9366,0.9366
0.23159,0.23159,0.23159,0.23159,0.23159
0.69403,0.69403,0.69403,0.69403,0.69403
0.82817,0.82817,0.82817,0.82817,0.82817
0.55499,0.55499,0.55499,0.55499,0.55499
0.96321,0.96321,0.96321,0.96321,0.96321
0.13822,0.13822,0.13822,0.13822,0.13822
0.46454,0.46454,0.46454,0.46454,0.46454
0.9701,0.9701,0.9701,0.9701,0.9701
0.11314,0.11314,0.11314,0.11314,0.11314
0.39132,0.39132,0.39132,0.39132,0.39132
0.92893,0.92893,0.92893,0.92893,0.92893
0.25747,0.25747,0.25747,0.25747,0.25747
0.7456,0.7456,0.7456,0.7456,0.7456
0.73976,0.73976,0.73976,0.73976,0.73976
0.75081,0.75081,0.75081,0.75081,0.75081
0.72967,0.72967,0.72967,0.72967,0.72967
0.76927,0.76927,0.76927,0.76927,0.76927
0.69222,0.69222,0.69222,0.69222,0.69222
0.8309,0.8309,0.8309,0.8309,0.8309
0.54796,0.54796,0.54796,0.54796,0.54796
0.96603,0.96603,0.96603,0.96603,0.96603
0.12799,0.12799,0.12799,0.12799,0.12799
0.43526,0.43526,0.43526,0.43526,0.43526
0.95865,0.95865,0.95865,0.95865,0.95865
0.15458,0.15458,0.15458,0.15458,0.15458
0.50968,0.50968,0.50968,0.50968,0.50968
0.97463,0.97463,0.97463,0.97463,0.97463
0.096416,0.096416,0.096416,0.096416,0.096416
0.33977,0.33977,0.33977,0.33977,0.33977
0.87487,0.87487,0.87487,0.87487,0.87487
0.42695,0.42695,0.42695,0.42695,0.42695
0.95419,0.95419,0.95419,0.95419,0.95419
0.17049,0.17049,0.17049,0.17049,0.17049
0.55154,0.55154,0.55154,0.55154,0.55154
0.96464,0.96464,0.96464,0.96464,0.96464
0.13303,0.13303,0.13303,0.13303,0.13303
0.4498,0.4498,0.4498,0.4498,0.4498
0.96517,0.96517,0.96517,0.96517,0.96517
0.13109,0.13109,0.13109,0.13109,0.13109
0.44424,0.44424,0.44424,0.44424,0.44424
0.96288,0.96288,0.96288,0.96288,0.96288
0.13941,0.13941,0.13941,0.13941,0.13941
0.4679,0.4679,0.4679,0.4679,0.4679
0.97098,0.97098,0.97098,0.97098,0.97098
0.10989,0.10989,0.10989,0.10989,0.10989
0.38147,0.38147,0.38147,0.38147,0.38147
0.9202,0.9202,0.9202,0.9202,0.9202
0.28637,0.28637,0.28637,0.28637,0.28637
0.79701,0.79701,0.79701,0.79701,0.79701
0.63096,0.63096,0.63096,0.63096,0.63096
0.90811,0.90811,0.90811,0.90811,0.90811
0.32544,0.32544,0.32544,0.32544,0.32544
0.85616,0.85616,0.85616,0.85616,0.85616
0.48029,0.48029,0.48029,0.48029,0.48029
0.97348,0.97348,0.97348,0.97348,0.97348
0.10067,0.10067,0.10067,0.10067,0.10067
0.35308,0.35308,0.35308,0.35308,0.35308
0.89082,0.89082,0.89082,0.89082,0.89082
0.37932,0.37932,0.37932,0.37932,0.37932
0.91821,0.91821,0.91821,0.91821,0.91821
0.2929,0.2929,0.2929,0.2929,0.2929
0.80773,0.80773,0.80773,0.80773,0.80773
0.60567,0.60567,0.60567,0.60567,0.60567
0.93145,0.93145,0.93145,0.93145,0.93145
0.24902,0.24902,0.24902,0.24902,0.24902
0.72933,0.72933,0.72933,0.72933,0.72933
0.7699,0.7699,0.7699,0.7699,0.7699
0.69091,0.69091,0.69091,0.69091,0.69091
0.83286,0.83286,0.83286,0.83286,0.83286
0.5429,0.5429,0.5429,0.5429,0.5429
0.96782,0.96782,0.96782,0.96782,0.96782
0.12145,0.12145,0.12145,0.12145,0.12145
0.41614,0.41614,0.41614,0.41614,0.41614
0.94757,0.94757,0.94757,0.94757,0.94757
0.19375,0.19375,0.19375,0.19375,0.19375
0.60923,0.60923,0.60923,0.60923,0.60923
0.92846,0.92846,0.92846,0.92846,0.92846
0.25903,0.25903,0.25903,0.25903,0.25903
0.74854,0.74854,0.74854,0.74854,0.74854
0.73409,0.73409,0.73409,0.73409,0.73409
0.76129,0.76129,0.76129,0.76129,0.76129
0.70873,0.70873,0.70873,0.70873,0.70873
0.80508,0.80508,0.80508,0.80508,0.80508
0.61201,0.61201,0.61201,0.61201,0.61201
0.92607,0.92607,0.92607,0.92607,0.92607
0.26701,0.26701,0.26701,0.26701,0.26701
0.76329,0.76329,0.76329,0.76329,0.76329
0.70464,0.70464,0.70464,0.70464,0.70464
0.81167,0.81167,0.81167,0.81167,0.81167
0.59615,0.59615,0.59615,0.59615,0.59615
0.93895,0.93895,0.93895,0.93895,0.93895
0.22357,0.22357,0.22357,0.22357,0.22357
0.677,0.677,0.677,0.677,0.677
0.85282,0.85282,0.85282,0.85282,0.85282
0.48952,0.48952,0.48952,0.48952,0.48952
0.97457,0.97457,0.97457,0.97457,0.97457
0.096649,0.096649,0.096649,0.096649,0.096649
0.3405,0.3405,0.3405,0.3405,0.3405
0.87579,0.87579,0.87579,0.87579,0.87579
0.42426,0.42426,0.42426,0.42426,0.42426
0.95263,0.95263,0.95263,0.95263,0.95263
0.176,0.176,0.176,0.176,0.176
0.56559,0.56559,0.56559,0.56559,0.56559
0.95822,0.95822,0.95822,0.95822,0.95822
0.15612,0.15612,0.15612,0.15612,0.15612
0.51381,0.51381,0.51381,0.51381,0.51381
0.97426,0.97426,0.97426,0.97426,0.97426
0.097818,0.097818,0.097818,0.097818,0.097818
0.34417,0.34417,0.34417,0.34417,0.34417
