0.1,0.2,0.3,0.5,0.6
0.5518,0.4712,0.6386,0.713,0.5704
0.76616,0.74734,0.7058,0.71691,0.71234
0.59931,0.59671,0.61454,0.6374,0.60086
0.74467,0.7407,0.73186,0.73441,0.73305
0.59869,0.59818,0.60169,0.60692,0.59895
0.74487,0.74412,0.74246,0.74295,0.74268
0.5909,0.59081,0.59146,0.59248,0.59095
0.7494,0.74927,0.74898,0.74907,0.74902
0.5825,0.58248,0.5826,0.58278,0.58251
0.7539,0.75388,0.75384,0.75385,0.75384
0.5752,0.5752,0.57522,0.57525,0.5752
0.75747,0.75747,0.75746,0.75746,0.75746
0.56951,0.56951,0.56951,0.56951,0.56951
0.76002,0.76002,0.76002,0.76002,0.76002
0.5654,0.5654,0.5654,0.56541,0.5654
0.76174,0.76174,0.76174,0.76174,0.76174
0.56263,0.56263,0.56263,0.56263,0.56263
0.76284,0.76284,0.76284,0.76284,0.76284
0.56083,0.56083,0.56083,0.56083,0.56083
0.76353,0.76353,0.76353,0.76353,0.76353
0.55972,0.55972,0.55972,0.55972,0.55972
0.76395,0.76395,0.76395,0.76395,0.76395
0.55903,0.55903,0.55903,0.55903,0.55903
0.7642,0.7642,0.7642,0.7642,0.7642
0.55862,0.55862,0.55862,0.55862,0.55862
0.76435,0.76435,0.76435,0.76435,0.76435
0.55837,0.55837,0.55837,0.55837,0.55837
0.76444,0.76444,0.76444,0.76444,0.76444
0.55823,0.55823,0.55823,0.55823,0.55823
0.76449,0.76449,0.76449,0.76449,0.76449
0.55814,0.55814,0.55814,0.55814,0.55814
0.76452,0.76452,0.76452,0.76452,0.76452
0.55809,0.55809,0.55809,0.55809,0.55809
0.76454,0.76454,0.76454,0.76454,0.76454
0.55806,0.55806,0.55806,0.55806,0.55806
0.76455,0.76455,0.76455,0.76455,0.76455
0.55804,0.55804,0.55804,0.55804,0.55804
0.76456,0.76456,0.76456,0.76456,0.76456
0.55803,0.55803,0.55803,0.55803,0.55803
0.76456,0.76456,0.76456,0.76456,0.76456
0.55802,0.55802,0.55802,0.55802,0.55802
0.76456,0.76456,0.76456,0.76456,0.76456
0.55802,0.55802,0.55802,0.55802,0.55802
0.76456,0.76456,0.76456,0.76456,0.76456
0.55802,0.55802,0.55802,0.55802,0.55802
0.76457,0.76457,0.76457,0.76457,0.76457
0.55802,0.55802,0.55802,0.55802,0.55802
0.76457,0.76457,0.76457,0.76457,0.76457
0.55802,0.55802,0.55802,0.55802,0.55802
0.76457,0.76457,0.76457,0.76457,0.76457
0.55801,0.55801,0.55801,0.55801,0.55801
0.76457,0.76457,0.76457,0.76457,0.76457
0.55801,0.55801,0.55801,0.55801,0.55801
0.76457,0.76457,0.76457,0.76457,0.76457
0.55801,0.55801,0.55801,0.55801,0.55801
0.76457,0.76457,0.76457,0.76457,0.76457
0.55801,0.55801,0.55801,0.55801,0.55801
0.76457,0.76457,0.76457,0.76457,0.76457
0.55801,0.55801,0.55801,0.55801,0.55801
0.76457,0.76457,0.76457,0.76457,0.76457
0.55801,0.55801,0.55801,0.55801,0.55801
0.76457,0.76457,0.76457,0.76457,0.76457
0.55801,0.55801,0.55801,0.55801,0.55801
0.76457,0.76457,0.76457,0.76457,0.76457
0.55801,0.55801,0.55801,0.55801,0.55801
0.76457,0.76457,0.76457,0.76457,0.76457
0.55801,0.55801,0.55801,0.55801,0.55801
0.76457,0.76457,0.76457,0.76457,0.76457
0.55801,0.55801,0.55801,0.55801,0.55801
0.76457,0.76457,0.76457,0.76457,0.76457
0.55801,0.55801,0.55801,0.55801,0.55801
0.76457,0.76457,0.76457,0.76457,0.76457
0.55801,0.55801,0.55801,0.55801,0.55801
0.76457,0.76457,0.76457,0.76457,0.76457
0.55801,0.55801,0.55801,0.55801,0.55801
0.76457,0.76457,0.76457,0.76457,0.76457
0.55801,0.55801,0.55801,0.55801,0.55801
0.76457,0.76457,0.76457,0.76457,0.76457
0.55801,0.55801,0.55801,0.55801,0.55801
0.76457,0.76457,0.76457,0.76457,0.76457
0.55801,0.55801,0.55801,0.55801,0.55801
0.76457,0.76457,0.76457,0.76457,0.76457
0.55801,0.55801,0.55801,0.55801,0.55801
0.76457,0.76457,0.76457,0.76457,0.76457
0.55801,0.55801,0.55801,0.55801,0.55801
0.76457,0.76457,0.76457,0.76457,0.76457
0.55801,0.55801,0.55801,0.55801,0.55801
0.76457,0.76457,0.76457,0.76457,0.76457
0.55801,0.55801,0.55801,0.55801,0.55801
0.76457,0.76457,0.76457,0.76457,0.76457
0.55801,0.55801,0.55801,0.55801,0.55801
0.76457,0.76457,0.76457,0.76457,0.76457
0.55801,0.55801,0.55801,0.55801,0.55801
0.76457,0.76457,0.76457,0.76457,0.76457
0.55801,0.55801,0.55801,0.55801,0.55801
0.76457,0.76457,0.76457,0.76457,0.76457
0.55801,0.55801,0.55801,0.55801,0.55801
0.76457,0.76457,0.76457,0.76457,0.76457
0.55801,0.55801,0.55801,0.55801,0.55801
0.76457,0.76457,0.76457,0.76457,0.76457
0.55801,0.55801,0.55801,0.55801,0.55801
0.76457,0.76457,0.76457,0.76457,0.76457
0.55801,0.55801,0.55801,0.55801,0.55801
0.76457,0.76457,0.76457,0.76457,0.76457
0.55801,0.55801,0.55801,0.55801,0.55801
0.76457,0.76457,0.76457,0.76457,0.76457
0.55801,0.55801,0.55801,0.55801,0.55801
0.76457,0.76457,0.76457,0.76457,0.76457
0.55801,0.55801,0.55801,0.55801,0.55801
0.76457,0.76457,0.76457,0.76457,0.76457
0.55801,0.55801,0.55801,0.55801,0.55801
0.76457,0.76457,0.76457,0.76457,0.76457
0.55801,0.55801,0.55801,0.55801,0.55801
0.76457,0.76457,0.76457,0.76457,0.76457
0.55801,0.55801,0.55801,0.55801,0.55801
0.76457,0.76457,0.76457,0.76457,0.76457
0.55801,0.55801,0.55801,0.55801,0.55801
0.76457,0.76457,0.76457,0.76457,0.76457
0.55801,0.55801,0.55801,0.55801,0.55801
0.76457,0.76457,0.76457,0.76457,0.76457
0.55801,0.55801,0.55801,0.55801,0.55801
0.76457,0.76457,0.76457,0.76457,0.76457
0.55801,0.55801,0.55801,0.55801,0.55801
0.76457,0.76457,0.76457,0.76457,0.76457
0.55801,0.55801,0.55801,0.55801,0.55801
0.76457,0.76457,0.76457,0.76457,0.76457
0.55801,0.55801,0.55801,0.55801,0.55801
0.76457,0.76457,0.76457,0.76457,0.76457
0.55801,0.55801,0.55801,0.55801,0.55801
0.76457,0.76457,0.76457,0.76457,0.76457
0.55801,0.55801,0.55801,0.55801,0.55801
0.76457,0.76457,0.76457,0.76457,0.76457
0.55801,0.55801,0.55801,0.55801,0.55801
0.76457,0.76457,0.76457,0.76457,0.76457
0.55801,0.55801,0.55801,0.55801,0.55801
0.76457,0.76457,0.76457,0.76457,0.76457
0.55801,0.55801,0.55801,0.55801,0.55801
0.76457,0.76457,0.76457,0.76457,0.76457
0.55801,0.55801,0.55801,0.55801,0.55801
0.76457,0.76457,0.76457,0.76457,0.76457
0.55801,0.55801,0.55801,0.55801,0.55801
0.76457,0.76457,0.76457,0.76457,0.76457
0.55801,0.55801,0.55801,0.55801,0.55801
0.76457,0.76457,0.76457,0.76457,0.76457
0.55801,0.55801,0.55801,0.55801,0.55801
0.76457,0.76457,0.76457,0.76457,0.76457
0.55801,0.55801,0.55801,0.55801,0.55801
0.76457,0.76457,0.76457,0.76457,0.76457
0.55801,0.55801,0.55801,0.55801,0.55801
0.76457,0.76457,0.76457,0.76457,0.76457
0.55801,0.55801,0.55801,0.55801,0.55801
0.76457,0.76457,0.76457,0.76457,0.76457
0.55801,0.55801,0.55801,0.55801,0.55801
0.76457,0.76457,0.76457,0.76457,0.76457
0.55801,0.55801,0.55801,0.55801,0.55801
0.76457,0.76457,0.76457,0.76457,0.76457
0.55801,0.55801,0.55801,0.55801,0.55801
0.76457,0.76457,0.76457,0.76457,0.76457
0.55801,0.55801,0.55801,0.55801,0.55801
0.76457,0.76457,0.76457,0.76457,0.76457
0.55801,0.55801,0.55801,0.55801,0.55801
0.76457,0.76457,0.76457,0.76457,0.76457
0.55801,0.55801,0.55801,0.55801,0.55801
0.76457,0.76457,0.76457,0.76457,0.76457
0.55801,0.55801,0.55801,0.55801,0.55801
0.76457,0.76457,0.76457,0.76457,0.76457
0.55801,0.55801,0.55801,0.55801,0.55801
0.76457,0.76457,0.76457,0.76457,0.76457
0.55801,0.55801,0.55801,0.55801,0.55801
0.76457,0.76457,0.76457,0.76457,0.76457
0.55801,0.55801,0.55801,0.55801,0.55801
0.76457,0.76457,0.76457,0.76457,0.76457
0.55801,0.55801,0.55801,0.55801,0.55801
0.76457,0.76457,0.76457,0.76457,0.76457
0.55801,0.55801,0.55801,0.55801,0.55801
0.76457,0.76457,0.76457,0.76457,0.76457
0.55801,0.55801,0.55801,0.55801,0.55801
0.76457,0.76457,0.76457,0.76457,0.76457
0.55801,0.55801,0.55801,0.55801,0.55801
0.76457,0.76457,0.76457,0.76457,0.76457
0.55801,0.55801,0.55801,0.55801,0.55801
0.76457,0.76457,0.76457,0.76457,0.76457
0.55801,0.55801,0.55801,0.55801,0.55801
0.76457,0.76457,0.76457,0.76457,0.76457
0.55801,0.55801,0.55801,0.55801,0.55801
0.76457,0.76457,0.76457,0.76457,0.76457
0.55801,0.55801,0.55801,0.55801,0.55801
0.76457,0.76457,0.76457,0.76457,0.76457
0.55801,0.55801,0.55801,0.55801,0.55801
0.76457,0.76457,0.76457,0.76457,0.76457
0.55801,0.55801,0.55801,0.55801,0.55801
0.76457,0.76457,0.76457,0.76457,0.76457
0.55801,0.55801,0.55801,0.55801,0.55801
0.76457,0.76457,0.76457,0.76457,0.76457
0.55801,0.55801,0.55801,0.55801,0.55801
0.76457,0.76457,0.76457,0.76457,0.76457
0.55801,0.55801,0.55801,0.55801,0.55801
0.76457,0.76457,0.76457,0.76457,0.76457
0.55801,0.55801,0.55801,0.55801,0.55801
0.76457,0.76457,0.76457,0.76457,0.76457
0.55801,0.55801,0.55801,0.55801,0.55801
0.76457,0.76457,0.76457,0.76457,0.76457
0.55801,0.55801,0.55801,0.55801,0.55801
0.76457,0.76457,0.76457,0.76457,0.76457
0.55801,0.55801,0.55801,0.55801,0.55801
0.76457,0.76457,0.76457,0.76457,0.76457
0.55801,0.55801,0.55801,0.55801,0.55801
0.76457,0.76457,0.76457,0.76457,0.76457
0.55801,0.55801,0.55801,0.55801,0.55801
0.76457,0.76457,0.76457,0.76457,0.76457
0.55801,0.55801,0.55801,0.55801,0.55801
0.76457,0.76457,0.76457,0.76457,0.76457
0.55801,0.55801,0.55801,0.55801,0.55801
0.76457,0.76457,0.76457,0.76457,0.76457
0.55801,0.55801,0.55801,0.55801,0.55801
0.76457,0.76457,0.76457,0.76457,0.76457
0.55801,0.55801,0.55801,0.55801,0.55801
0.76457,0.76457,0.76457,0.76457,0.76457
0.55801,0.55801,0.55801,0.55801,0.55801
0.76457,0.76457,0.76457,0.76457,0.76457
0.55801,0.55801,0.55801,0.55801,0.55801
0.76457,0.76457,0.76457,0.76457,0.76457
0.55801,0.55801,0.55801,0.55801,0.55801
0.76457,0.76457,0.76457,0.76457,0.76457
0.55801,0.55801,0.55801,0.55801,0.55801
0.76457,0.76457,0.76457,0.76457,0.76457
0.55801,0.55801,0.55801,0.55801,0.55801
0.76457,0.76457,0.76457,0.76457,0.76457
0.55801,0.55801,0.55801,0.55801,0.55801
0.76457,0.76457,0.76457,0.76457,0.76457
0.55801,0.55801,0.55801,0.55801,0.55801
0.76457,0.76457,0.76457,0.76457,0.76457
0.55801,0.55801,0.55801,0.55801,0.55801
0.76457,0.76457,0.76457,0.76457,0.76457
0.55801,0.55801,0.55801,0.55801,0.55801
0.76457,0.76457,0.76457,0.76457,0.76457
0.55801,0.55801,0.55801,0.55801,0.55801
0.76457,0.76457,0.76457,0.76457,0.76457
0.55801,0.55801,0.55801,0.55801,0.55801
0.76457,0.76457,0.76457,0.76457,0.76457
0.55801,0.55801,0.55801,0.55801,0.55801
0.76457,0.76457,0.76457,0.76457,0.76457
0.55801,0.55801,0.55801,0.55801,0.55801
0.76457,0.76457,0.76457,0.76457,0.76457
0.55801,0.55801,0.55801,0.55801,0.55801
0.76457,0.76457,0.76457,0.76457,0.76457
0.55801,0.55801,0.55801,0.55801,0.55801
0.76457,0.76457,0.76457,0.76457,0.76457
0.55801,0.55801,0.55801,0.55801,0.55801
0.76457,0.76457,0.76457,0.76457,0.76457
0.55801,0.55801,0.55801,0.55801,0.55801
0.76457,0.76457,0.76457,0.76457,0.76457
0.55801,0.55801,0.55801,0.55801,0.55801
0.76457,0.76457,0.76457,0.76457,0.76457
0.55801,0.55801,0.55801,0.55801,0.55801
0.76457,0.76457,0.76457,0.76457,0.76457
0.55801,0.55801,0.55801,0.55801,0.55801
0.76457,0.76457,0.76457,0.76457,0.76457
0.55801,0.55801,0.55801,0.55801,0.55801
0.76457,0.76457,0.76457,0.76457,0.76457
0.55801,0.55801,0.55801,0.55801,0.55801
0.76457,0.76457,0.76457,0.76457,0.76457
0.55801,0.55801,0.55801,0.55801,0.55801
0.76457,0.76457,0.76457,0.76457,0.76457
0.55801,0.55801,0.55801,0.55801,0.55801
0.76457,0.76457,0.76457,0.76457,0.76457
0.55801,0.55801,0.55801,0.55801,0.55801
0.76457,0.76457,0.76457,0.76457,0.76457
0.55801,0.55801,0.55801,0.55801,0.55801
0.76457,0.76457,0.76457,0.76457,0.76457
0.55801,0.55801,0.55801,0.55801,0.55801
0.76457,0.76457,0.76457,0.76457,0.76457
0.55801,0.55801,0.55801,0.55801,0.55801
0.76457,0.76457,0.76457,0.76457,0.76457
0.55801,0.55801,0.55801,0.55801,0.55801
0.76457,0.76457,0.76457,0.76457,0.76457
0.55801,0.55801,0.55801,0.55801,0.55801
0.76457,0.76457,0.76457,0.76457,0.76457
0.55801,0.55801,0.55801,0.55801,0.55801
0.76457,0.76457,0.76457,0.76457,0.76457
0.55801,0.55801,0.55801,0.55801,0.55801
0.76457,0.76457,0.76457,0.76457,0.76457
0.55801,0.55801,0.55801,0.55801,0.55801
0.76457,0.76457,0.76457,0.76457,0.76457
0.55801,0.55801,0.55801,0.55801,0.55801
0.76457,0.76457,0.76457,0.76457,0.76457
0.55801,0.55801,0.55801,0.55801,0.55801
0.76457,0.76457,0.76457,0.76457,0.76457
0.55801,0.55801,0.55801,0.55801,0.55801
0.76457,0.76457,0.76457,0.76457,0.76457
0.55801,0.55801,0.55801,0.55801,0.55801
0.76457,0.76457,0.76457,0.76457,0.76457
0.55801,0.55801,0.55801,0.55801,0.55801
0.76457,0.76457,0.76457,0.76457,0.76457
0.55801,0.55801,0.55801,0.55801,0.55801
0.76457,0.76457,0.76457,0.76457,0.76457
0.55801,0.55801,0.55801,0.55801,0.55801
0.76457,0.76457,0.76457,0.76457,0.76457
0.55801,0.55801,0.55801,0.55801,0.55801
0.76457,0.76457,0.76457,0.76457,0.76457
0.55801,0.55801,0.55801,0.55801,0.55801
0.76457,0.76457,0.76457,0.76457,0.76457
0.55801,0.55801,0.55801,0.55801,0.55801
0.76457,0.76457,0.76457,0.76457,0.76457
0.55801,0.55801,0.55801,0.55801,0.55801
0.76457,0.76457,0.76457,0.76457,0.76457
0.55801,0.55801,0.55801,0.55801,0.55801
0.76457,0.76457,0.76457,0.76457,0.76457
0.55801,0.55801,0.55801,0.55801,0.55801
0.76457,0.76457,0.76457,0.76457,0.76457
0.55801,0.55801,0.55801,0.55801,0.55801
0.76457,0.76457,0.76457,0.76457,0.76457
0.55801,0.55801,0.55801,0.55801,0.55801
0.76457,0.76457,0.76457,0.76457,0.76457
0.55801,0.55801,0.55801,0.55801,0.55801
0.76457,0.76457,0.76457,0.76457,0.76457
0.55801,0.55801,0.55801,0.55801,0.55801
0.76457,0.76457,0.76457,0.76457,0.76457
0.55801,0.55801,0.55801,0.55801,0.55801
0.76457,0.76457,0.76457,0.76457,0.76457
0.55801,0.55801,0.55801,0.55801,0.55801
0.76457,0.76457,0.76457,0.76457,0.76457
0.55801,0.55801,0.55801,0.55801,0.55801
0.76457,0.76457,0.76457,0.76457,0.76457
0.55801,0.55801,0.55801,0.55801,0.55801
0.76457,0.76457,0.76457,0.76457,0.76457
0.55801,0.55801,0.55801,0.55801,0.55801
0.76457,0.76457,0.76457,0.76457,0.76457
0.55801,0.55801,0.55801,0.55801,0.55801
0.76457,0.76457,0.76457,0.76457,0.76457
0.55801,0.55801,0.55801,0.55801,0.55801
0.76457,0.76457,0.76457,0.76457,0.76457
0.55801,0.55801,0.55801,0.55801,0.55801
0.76457,0.76457,0.76457,0.76457,0.76457
0.55801,0.55801,0.55801,0.55801,0.55801
0.76457,0.76457,0.76457,0.76457,0.76457
0.55801,0.55801,0.55801,0.55801,0.55801
0.76457,0.76457,0.76457,0.76457,0.76457
0.55801,0.55801,0.55801,0.55801,0.55801
0.76457,0.76457,0.76457,0.76457,0.76457
0.55801,0.55801,0.55801,0.55801,0.55801
0.76457,0.76457,0.76457,0.76457,0.76457
0.55801,0.55801,0.55801,0.55801,0.55801
0.76457,0.76457,0.76457,0.76457,0.76457
0.55801,0.55801,0.55801,0.55801,0.55801
0.76457,0.76457,0.76457,0.76457,0.76457
0.55801,0.55801,0.55801,0.55801,0.55801
0.76457,0.76457,0.76457,0.76457,0.76457
0.55801,0.55801,0.55801,0.55801,0.55801
0.76457,0.76457,0.76457,0.76457,0.76457
0.55801,0.55801,0.55801,0.55801,0.55801
0.76457,0.76457,0.76457,0.76457,0.76457
0.55801,0.55801,0.55801,0.55801,0.55801
0.76457,0.76457,0.76457,0.76457,0.76457
0.55801,0.55801,0.55801,0.55801,0.55801
0.76457,0.76457,0.76457,0.76457,0.76457
0.55801,0.55801,0.55801,0.55801,0.55801
0.76457,0.76457,0.76457,0.76457,0.76457
0.55801,0.55801,0.55801,0.55801,0.55801
0.76457,0.76457,0.76457,0.76457,0.76457
0.55801,0.55801,0.55801,0.55801,0.55801
0.76457,0.76457,0.76457,0.76457,0.76457
0.55801,0.55801,0.55801,0.55801,0.55801
0.76457,0.76457,0.76457,0.76457,0.76457
0.55801,0.55801,0.55801,0.55801,0.55801
0.76457,0.76457,0.76457,0.76457,0.76457
0.55801,0.55801,0.55801,0.55801,0.55801
0.76457,0.76457,0.76457,0.76457,0.76457
0.55801,0.55801,0.55801,0.55801,0.55801
0.76457,0.76457,0.76457,0.76457,0.76457
0.55801,0.55801,0.55801,0.55801,0.55801
0.76457,0.76457,0.76457,0.76457,0.76457
0.55801,0.55801,0.55801,0.55801,0.55801
0.76457,0.76457,0.76457,0.76457,0.76457
0.55801,0.55801,0.55801,0.55801,0.55801
0.76457,0.76457,0.76457,0.76457,0.76457
0.55801,0.55801,0.55801,0.55801,0.55801
0.76457,0.76457,0.76457,0.76457,0.76457
0.55801,0.55801,0.55801,0.55801,0.55801
0.76457,0.76457,0.76457,0.76457,0.76457
0.55801,0.55801,0.55801,0.55801,0.55801
0.76457,0.76457,0.76457,0.76457,0.76457
0.55801,0.55801,0.55801,0.55801,0.55801
0.76457,0.76457,0.76457,0.76457,0.76457
0.55801,0.55801,0.55801,0.55801,0.55801
0.76457,0.76457,0.76457,0.76457,0.76457
0.55801,0.55801,0.55801,0.55801,0.55801
0.76457,0.76457,0.76457,0.76457,0.76457
0.55801,0.55801,0.55801,0.55801,0.55801
0.76457,0.76457,0.76457,0.76457,0.76457
0.55801,0.55801,0.55801,0.55801,0.55801
0.76457,0.76457,0.76457,0.76457,0.76457
0.55801,0.55801,0.55801,0.55801,0.55801
0.76457,0.76457,0.76457,0.76457,0.76457
0.55801,0.55801,0.55801,0.55801,0.55801
0.76457,0.76457,0.76457,0.76457,0.76457
0.55801,0.55801,0.55801,0.55801,0.55801
0.76457,0.76457,0.76457,0.76457,0.76457
0.55801,0.55801,0.55801,0.55801,0.55801
0.76457,0.76457,0.76457,0.76457,0.76457
0.55801,0.55801,0.55801,0.55801,0.55801
0.76457,0.76457,0.76457,0.76457,0.76457
0.55801,0.55801,0.55801,0.55801,0.55801
0.76457,0.76457,0.76457,0.76457,0.76457
0.55801,0.55801,0.55801,0.55801,0.55801
0.76457,0.76457,0.76457,0.76457,0.76457
0.55801,0.55801,0.55801,0.55801,0.55801
0.76457,0.76457,0.76457,0.76457,0.76457
0.55801,0.55801,0.55801,0.55801,0.55801
0.76457,0.76457,0.76457,0.76457,0.76457
0.55801,0.55801,0.55801,0.55801,0.55801
0.76457,0.76457,0.76457,0.76457,0.76457
0.55801,0.55801,0.55801,0.55801,0.55801
0.76457,0.76457,0.76457,0.76457,0.76457
0.55801,0.55801,0.55801,0.55801,0.55801
0.76457,0.76457,0.76457,0.76457,0.76457
0.55801,0.55801,0.55801,0.55801,0.55801
0.76457,0.76457,0.76457,0.76457,0.76457
0.55801,0.55801,0.55801,0.55801,0.55801
0.76457,0.76457,0.76457,0.76457,0.76457
0.55801,0.55801,0.55801,0.55801,0.55801
0.76457,0.76457,0.76457,0.76457,0.76457
0.55801,0.55801,0.55801,0.55801,0.55801
0.76457,0.76457,0.76457,0.76457,0.76457
0.55801,0.55801,0.55801,0.55801,0.55801
0.76457,0.76457,0.76457,0.76457,0.76457
0.55801,0.55801,0.55801,0.55801,0.55801
0.76457,0.76457,0.76457,0.76457,0.76457
0.55801,0.55801,0.55801,0.55801,0.55801
0.76457,0.76457,0.76457,0.76457,0.76457
0.55801,0.55801,0.55801,0.55801,0.55801
0.76457,0.76457,0.76457,0.76457,0.76457
0.55801,0.55801,0.55801,0.55801,0.55801
0.76457,0.76457,0.76457,0.76457,0.76457
0.55801,0.55801,0.55801,0.55801,0.55801
0.76457,0.76457,0.76457,0.76457,0.76457
0.55801,0.55801,0.55801,0.55801,0.55801
0.76457,0.76457,0.76457,0.76457,0.76457
0.55801,0.55801,0.55801,0.55801,0.55801
0.76457,0.76457,0.76457,0.76457,0.76457
0.55801,0.55801,0.55801,0.55801,0.55801
0.76457,0.76457,0.76457,0.76457,0.76457
0.55801,0.55801,0.55801,0.55801,0.55801
0.76457,0.76457,0.76457,0.76457,0.76457
0.55801,0.55801,0.55801,0.55801,0.55801
0.76457,0.76457,0.76457,0.76457,0.76457
0.55801,0.55801,0.55801,0.55801,0.55801
0.76457,0.76457,0.76457,0.76457,0.76457
0.55801,0.55801,0.55801,0.55801,0.55801
0.76457,0.76457,0.76457,0.76457,0.76457
0.55801,0.55801,0.55801,0.55801,0.55801
0.76457,0.76457,0.76457,0.76457,0.76457
0.55801,0.55801,0.55801,0.55801,0.55801
0.76457,0.76457,0.76457,0.76457,0.76457
0.55801,0.55801,0.55801,0.55801,0.55801
0.76457,0.76457,0.76457,0.76457,0.76457
0.55801,0.55801,0.55801,0.55801,0.55801
0.76457,0.76457,0.76457,0.76457,0.76457
0.55801,0.55801,0.55801,0.55801,0.55801
0.76457,0.76457,0.76457,0.76457,0.76457
0.55801,0.55801,0.55801,0.55801,0.55801
0.76457,0.76457,0.76457,0.76457,0.76457
0.55801,0.55801,0.55801,0.55801,0.55801
0.76457,0.76457,0.76457,0.76457,0.76457
0.55801,0.55801,0.55801,0.55801,0.55801
0.76457,0.76457,0.76457,0.76457,0.76457
0.55801,0.55801,0.55801,0.55801,0.55801
0.76457,0.76457,0.76457,0.76457,0.76457
0.55801,0.55801,0.55801,0.55801,0.55801
0.76457,0.76457,0.76457,0.76457,0.76457
0.55801,0.55801,0.55801,0.55801,0.55801
0.76457,0.76457,0.76457,0.76457,0.76457
0.55801,0.55801,0.55801,0.55801,0.55801
0.76457,0.76457,0.76457,0.76457,0.76457
0.55801,0.55801,0.55801,0.55801,0.55801
0.76457,0.76457,0.76457,0.76457,0.76457
0.55801,0.55801,0.55801,0.55801,0.55801
0.76457,0.76457,0.76457,0.76457,0.76457
0.55801,0.55801,0.55801,0.55801,0.55801
0.76457,0.76457,0.76457,0.76457,0.76457
0.55801,0.55801,0.55801,0.55801,0.55801
0.76457,0.76457,0.76457,0.76457,0.76457
0.55801,0.55801,0.55801,0.55801,0.55801
0.76457,0.76457,0.76457,0.76457,0.76457
0.55801,0.55801,0.55801,0.55801,0.55801
0.76457,0.76457,0.76457,0.76457,0.76457
0.55801,0.55801,0.55801,0.55801,0.55801
0.76457,0.76457,0.76457,0.76457,0.76457
0.55801,0.55801,0.55801,0.55801,0.55801
0.76457,0.76457,0.76457,0.76457,0.76457
0.55801,0.55801,0.55801,0.55801,0.55801
0.76457,0.76457,0.76457,0.76457,0.76457
0.55801,0.55801,0.55801,0.55801,0.55801
0.76457,0.76457,0.76457,0.76457,0.76457
0.55801,0.55801,0.55801,0.55801,0.55801
0.76457,0.76457,0.76457,0.76457,0.76457
0.55801,0.55801,0.55801,0.55801,0.55801
0.76457,0.76457,0.76457,0.76457,0.76457
0.55801,0.55801,0.55801,0.55801,0.55801
0.76457,0.76457,0.76457,0.76457,0.76457
0.55801,0.55801,0.55801,0.55801,0.55801
0.76457,0.76457,0.76457,0.76457,0.76457
0.55801,0.55801,0.55801,0.55801,0.55801
0.76457,0.76457,0.76457,0.76457,0.76457
0.55801,0.55801,0.55801,0.55801,0.55801
0.76457,0.76457,0.76457,0.76457,0.76457
0.55801,0.55801,0.55801,0.55801,0.55801
0.76457,0.76457,0.76457,0.76457,0.76457
0.55801,0.55801,0.55801,0.55801,0.55801
0.76457,0.76457,0.76457,0.76457,0.76457
0.55801,0.55801,0.55801,0.55801,0.55801
0.76457,0.76457,0.76457,0.76457,0.76457
0.55801,0.55801,0.55801,0.55801,0.55801
0.76457,0.76457,0.76457,0.76457,0.76457
0.55801,0.55801,0.55801,0.55801,0.55801
0.76457,0.76457,0.76457,0.76457,0.76457
0.55801,0.55801,0.55801,0.55801,0.55801
0.76457,0.76457,0.76457,0.76457,0.76457
0.55801,0.55801,0.55801,0.55801,0.55801
0.76457,0.76457,0.76457,0.76457,0.76457
0.55801,0.55801,0.55801,0.55801,0.55801
0.76457,0.76457,0.76457,0.76457,0.76457
0.55801,0.55801,0.55801,0.55801,0.55801
0.76457,0.76457,0.76457,0.76457,0.76457
0.55801,0.55801,0.55801,0.55801,0.55801
0.76457,0.76457,0.76457,0.76457,0.76457
0.55801,0.55801,0.55801,0.55801,0.55801
0.76457,0.76457,0.76457,0.76457,0.76457
0.55801,0.55801,0.55801,0.55801,0.55801
0.76457,0.76457,0.76457,0.76457,0.76457
0.55801,0.55801,0.55801,0.55801,0.55801
0.76457,0.76457,0.76457,0.76457,0.76457
0.55801,0.55801,0.55801,0.55801,0.55801
0.76457,0.76457,0.76457,0.76457,0.76457
0.55801,0.55801,0.55801,0.55801,0.55801
0.76457,0.76457,0.76457,0.76457,0.76457
0.55801,0.55801,0.55801,0.55801,0.55801
0.76457,0.76457,0.76457,0.76457,0.76457
0.55801,0.55801,0.55801,0.55801,0.55801
0.76457,0.76457,0.76457,0.76457,0.76457
0.55801,0.55801,0.55801,0.55801,0.55801
0.76457,0.76457,0.76457,0.76457,0.76457
0.55801,0.55801,0.55801,0.55801,0.55801
0.76457,0.76457,0.76457,0.76457,0.76457
0.55801,0.55801,0.55801,0.55801,0.55801
0.76457,0.76457,0.76457,0.76457,0.76457
0.55801,0.55801,0.55801,0.55801,0.55801
0.76457,0.76457,0.76457,0.76457,0.76457
0.55801,0.55801,0.55801,0.55801,0.55801
0.76457,0.76457,0.76457,0.76457,0.76457
0.55801,0.55801,0.55801,0.55801,0.55801
0.76457,0.76457,0.76457,0.76457,0.76457
0.55801,0.55801,0.55801,0.55801,0.55801
0.76457,0.76457,0.76457,0.76457,0.76457
0.55801,0.55801,0.55801,0.55801,0.55801
0.76457,0.76457,0.76457,0.76457,0.76457
0.55801,0.55801,0.55801,0.55801,0.55801
0.76457,0.76457,0.76457,0.76457,0.76457
0.55801,0.55801,0.55801,0.55801,0.55801
0.76457,0.76457,0.76457,0.76457,0.76457
0.55801,0.55801,0.55801,0.55801,0.55801
0.76457,0.76457,0.76457,0.76457,0.76457
0.55801,0.55801,0.55801,0.55801,0.55801
0.76457,0.76457,0.76457,0.76457,0.76457
0.55801,0.55801,0.55801,0.55801,0.55801
0.76457,0.76457,0.76457,0.76457,0.76457
0.55801,0.55801,0.55801,0.55801,0.55801
0.76457,0.76457,0.76457,0.76457,0.76457
0.55801,0.55801,0.55801,0.55801,0.55801
0.76457,0.76457,0.76457,0.76457,0.76457
0.55801,0.55801,0.55801,0.55801,0.55801
0.76457,0.76457,0.76457,0.76457,0.76457
0.55801,0.55801,0.55801,0.55801,0.55801
0.76457,0.76457,0.76457,0.76457,0.76457
0.55801,0.55801,0.55801,0.55801,0.55801
0.76457,0.76457,0.76457,0.76457,0.76457
0.55801,0.55801,0.55801,0.55801,0.55801
0.76457,0.76457,0.76457,0.76457,0.76457
0.55801,0.55801,0.55801,0.55801,0.55801
0.76457,0.76457,0.76457,0.76457,0.76457
0.55801,0.55801,0.55801,0.55801,0.55801
0.76457,0.76457,0.76457,0.76457,0.76457
0.55801,0.55801,0.55801,0.55801,0.55801
0.76457,0.76457,0.76457,0.76457,0.76457
0.55801,0.55801,0.55801,0.55801,0.55801
0.76457,0.76457,0.76457,0.76457,0.76457
0.55801,0.55801,0.55801,0.55801,0.55801
0.76457,0.76457,0.76457,0.76457,0.76457
0.55801,0.55801,0.55801,0.55801,0.55801
0.76457,0.76457,0.76457,0.76457,0.76457
0.55801,0.55801,0.55801,0.55801,0.55801
0.76457,0.76457,0.76457,0.76457,0.76457
0.55801,0.55801,0.55801,0.55801,0.55801
0.76457,0.76457,0.76457,0.76457,0.76457
0.55801,0.55801,0.55801,0.55801,0.55801
0.76457,0.76457,0.76457,0.76457,0.76457
0.55801,0.55801,0.55801,0.55801,0.55801
0.76457,0.76457,0.76457,0.76457,0.76457
0.55801,0.55801,0.55801,0.55801,0.55801
0.76457,0.76457,0.76457,0.76457,0.76457
0.55801,0.55801,0.55801,0.55801,0.55801
0.76457,0.76457,0.76457,0.76457,0.76457
0.55801,0.55801,0.55801,0.55801,0.55801
0.76457,0.76457,0.76457,0.76457,0.76457
0.55801,0.55801,0.55801,0.55801,0.55801
0.76457,0.76457,0.76457,0.76457,0.76457
0.55801,0.55801,0.55801,0.55801,0.55801
0.76457,0.76457,0.76457,0.76457,0.76457
0.55801,0.55801,0.55801,0.55801,0.55801
0.76457,0.76457,0.76457,0.76457,0.76457
0.55801,0.55801,0.55801,0.55801,0.55801
0.76457,0.76457,0.76457,0.76457,0.76457
0.55801,0.55801,0.55801,0.55801,0.55801
0.76457,0.76457,0.76457,0.76457,0.76457
0.55801,0.55801,0.55801,0.55801,0.55801
0.76457,0.76457,0.76457,0.76457,0.76457
0.55801,0.55801,0.55801,0.55801,0.55801
0.76457,0.76457,0.76457,0.76457,0.76457
0.55801,0.55801,0.55801,0.55801,0.55801
0.76457,0.76457,0.76457,0.76457,0.76457
0.55801,0.55801,0.55801,0.55801,0.55801
0.76457,0.76457,0.76457,0.76457,0.76457
0.55801,0.55801,0.55801,0.55801,0.55801
0.76457,0.76457,0.76457,0.76457,0.76457
0.55801,0.55801,0.55801,0.55801,0.55801
0.76457,0.76457,0.76457,0.76457,0.76457
0.55801,0.55801,0.55801,0.55801,0.55801
0.76457,0.76457,0.76457,0.76457,0.76457
0.55801,0.55801,0.55801,0.55801,0.55801
0.76457,0.76457,0.76457,0.76457,0.76457
0.55801,0.55801,0.55801,0.55801,0.55801
0.76457,0.76457,0.76457,0.76457,0.76457
0.55801,0.55801,0.55801,0.55801,0.55801
0.76457,0.76457,0.76457,0.76457,0.76457
0.55801,0.55801,0.55801,0.55801,0.55801
0.76457,0.76457,0.76457,0.76457,0.76457
0.55801,0.55801,0.55801,0.55801,0.55801
0.76457,0.76457,0.76457,0.76457,0.76457
0.55801,0.55801,0.55801,0.55801,0.55801
0.76457,0.76457,0.76457,0.76457,0.76457
0.55801,0.55801,0.55801,0.55801,0.55801
0.76457,0.76457,0.76457,0.76457,0.76457
0.55801,0.55801,0.55801,0.55801,0.55801
0.76457,0.76457,0.76457,0.76457,0.76457
0.55801,0.55801,0.55801,0.55801,0.55801
0.76457,0.76457,0.76457,0.76457,0.76457
0.55801,0.55801,0.55801,0.55801,0.55801
0.76457,0.76457,0.76457,0.76457,0.76457
0.55801,0.55801,0.55801,0.55801,0.55801
0.76457,0.76457,0.76457,0.76457,0.76457
0.55801,0.55801,0.55801,0.55801,0.55801
0.76457,0.76457,0.76457,0.76457,0.76457
0.55801,0.55801,0.55801,0.55801,0.55801
0.76457,0.76457,0.76457,0.76457,0.76457
0.55801,0.55801,0.55801,0.55801,0.55801
0.76457,0.76457,0.76457,0.76457,0.76457
0.55801,0.55801,0.55801,0.55801,0.55801
0.76457,0.76457,0.76457,0.76457,0.76457
0.55801,0.55801,0.55801,0.55801,0.55801
0.76457,0.76457,0.76457,0.76457,0.76457
0.55801,0.55801,0.55801,0.55801,0.55801
0.76457,0.76457,0.76457,0.76457,0.76457
0.55801,0.55801,0.55801,0.55801,0.55801
0.76457,0.76457,0.76457,0.76457,0.76457
0.55801,0.55801,0.55801,0.55801,0.55801
0.76457,0.76457,0.76457,0.76457,0.76457
0.55801,0.55801,0.55801,0.55801,0.55801
0.76457,0.76457,0.76457,0.76457,0.76457
0.55801,0.55801,0.55801,0.55801,0.55801
0.76457,0.76457,0.76457,0.76457,0.76457
0.55801,0.55801,0.55801,0.55801,0.55801
0.76457,0.76457,0.76457,0.76457,0.76457
0.55801,0.55801,0.55801,0.55801,0.55801
0.76457,0.76457,0.76457,0.76457,0.76457
0.55801,0.55801,0.55801,0.55801,0.55801
0.76457,0.76457,0.76457,0.76457,0.76457
0.55801,0.55801,0.55801,0.55801,0.55801
0.76457,0.76457,0.76457,0.76457,0.76457
0.55801,0.55801,0.55801,0.55801,0.55801
0.76457,0.76457,0.76457,0.76457,0.76457
0.55801,0.55801,0.55801,0.55801,0.55801
0.76457,0.76457,0.76457,0.76457,0.76457
0.55801,0.55801,0.55801,0.55801,0.55801
0.76457,0.76457,0.76457,0.76457,0.76457
0.55801,0.55801,0.55801,0.55801,0.55801
0.76457,0.76457,0.76457,0.76457,0.76457
0.55801,0.55801,0.55801,0.55801,0.55801
0.76457,0.76457,0.76457,0.76457,0.76457
0.55801,0.55801,0.55801,0.55801,0.55801
0.76457,0.76457,0.76457,0.76457,0.76457
0.55801,0.55801,0.55801,0.55801,0.55801
0.76457,0.76457,0.76457,0.76457,0.76457
0.55801,0.55801,0.55801,0.55801,0.55801
0.76457,0.76457,0.76457,0.76457,0.76457
0.55801,0.55801,0.55801,0.55801,0.55801
0.76457,0.76457,0.76457,0.76457,0.76457
0.55801,0.55801,0.55801,0.55801,0.55801
0.76457,0.76457,0.76457,0.76457,0.76457
0.55801,0.55801,0.55801,0.55801,0.55801
0.76457,0.76457,0.76457,0.76457,0.76457
0.55801,0.55801,0.55801,0.55801,0.55801
0.76457,0.76457,0.76457,0.76457,0.76457
0.55801,0.55801,0.55801,0.55801,0.55801
0.76457,0.76457,0.76457,0.76457,0.76457
0.55801,0.55801,0.55801,0.55801,0.55801
0.76457,0.76457,0.76457,0.76457,0.76457
0.55801,0.55801,0.55801,0.55801,0.55801
0.76457,0.76457,0.76457,0.76457,0.76457
0.55801,0.55801,0.55801,0.55801,0.55801
0.76457,0.76457,0.76457,0.76457,0.76457
0.55801,0.55801,0.55801,0.55801,0.55801
0.76457,0.76457,0.76457,0.76457,0.76457
0.55801,0.55801,0.55801,0.55801,0.55801
0.76457,0.76457,0.76457,0.76457,0.76457
0.55801,0.55801,0.55801,0.55801,0.55801
0.76457,0.76457,0.76457,0.76457,0.76457
0.55801,0.55801,0.55801,0.55801,0.55801
0.76457,0.76457,0.76457,0.76457,0.76457
0.55801,0.55801,0.55801,0.55801,0.55801
0.76457,0.76457,0.76457,0.76457,0.76457
0.55801,0.55801,0.55801,0.55801,0.55801
0.76457,0.76457,0.76457,0.76457,0.76457
0.55801,0.55801,0.55801,0.55801,0.55801
0.76457,0.76457,0.76457,0.76457,0.76457
0.55801,0.55801,0.55801,0.55801,0.55801
0.76457,0.76457,0.76457,0.76457,0.76457
0.55801,0.55801,0.55801,0.55801,0.55801
0.76457,0.76457,0.76457,0.76457,0.76457
0.55801,0.55801,0.55801,0.55801,0.55801
0.76457,0.76457,0.76457,0.76457,0.76457
0.55801,0.55801,0.55801,0.55801,0.55801
0.76457,0.76457,0.76457,0.76457,0.76457
0.55801,0.55801,0.55801,0.55801,0.55801
0.76457,0.76457,0.76457,0.76457,0.76457
0.55801,0.55801,0.55801,0.55801,0.55801
0.76457,0.76457,0.76457,0.76457,0.76457
0.55801,0.55801,0.55801,0.55801,0.55801
0.76457,0.76457,0.76457,0.76457,0.76457
0.55801,0.55801,0.55801,0.55801,0.55801
0.76457,0.76457,0.76457,0.76457,0.76457
0.55801,0.55801,0.55801,0.55801,0.55801
0.76457,0.76457,0.76457,0.76457,0.76457
0.55801,0.55801,0.55801,0.55801,0.55801
0.76457,0.76457,0.76457,0.76457,0.76457
0.55801,0.55801,0.55801,0.55801,0.55801
0.76457,0.76457,0.76457,0.76457,0.76457
0.55801,0.55801,0.55801,0.55801,0.55801
0.76457,0.76457,0.76457,0.76457,0.76457
0.55801,0.55801,0.55801,0.55801,0.55801
0.76457,0.76457,0.76457,0.76457,0.76457
0.55801,0.55801,0.55801,0.55801,0.55801
0.76457,0.76457,0.76457,0.76457,0.76457
0.55801,0.55801,0.55801,0.55801,0.55801
0.76457,0.76457,0.76457,0.76457,0.76457
0.55801,0.55801,0.55801,0.55801,0.55801
0.76457,0.76457,0.76457,0.76457,0.76457
0.55801,0.55801,0.55801,0.55801,0.55801
0.76457,0.76457,0.76457,0.76457,0.76457
0.55801,0.55801,0.55801,0.55801,0.55801
0.76457,0.76457,0.76457,0.76457,0.76457
0.55801,0.55801,0.55801,0.55801,0.55801
0.76457,0.76457,0.76457,0.76457,0.76457
0.55801,0.55801,0.55801,0.55801,0.55801
0.76457,0.76457,0.76457,0.76457,0.76457
0.55801,0.55801,0.55801,0.55801,0.55801
0.76457,0.76457,0.76457,0.76457,0.76457
0.55801,0.55801,0.55801,0.55801,0.55801
0.76457,0.76457,0.76457,0.76457,0.76457
0.55801,0.55801,0.55801,0.55801,0.55801
0.76457,0.76457,0.76457,0.76457,0.76457
0.55801,0.55801,0.55801,0.55801,0.55801
0.76457,0.76457,0.76457,0.76457,0.76457
0.55801,0.55801,0.55801,0.55801,0.55801
0.76457,0.76457,0.76457,0.76457,0.76457
0.55801,0.55801,0.55801,0.55801,0.55801
0.76457,0.76457,0.76457,0.76457,0.76457
0.55801,0.55801,0.55801,0.55801,0.55801
0.76457,0.76457,0.76457,0.76457,0.76457
0.55801,0.55801,0.55801,0.55801,0.55801
0.76457,0.76457,0.76457,0.76457,0.76457
0.55801,0.55801,0.55801,0.55801,0.55801
0.76457,0.76457,0.76457,0.76457,0.76457
0.55801,0.55801,0.55801,0.55801,0.55801
0.76457,0.76457,0.76457,0.76457,0.76457
0.55801,0.55801,0.55801,0.55801,0.55801
0.76457,0.76457,0.76457,0.76457,0.76457
0.55801,0.55801,0.55801,0.55801,0.55801
0.76457,0.76457,0.76457,0.76457,0.76457
0.55801,0.55801,0.55801,0.55801,0.55801
0.76457,0.76457,0.76457,0.76457,0.76457
0.55801,0.55801,0.55801,0.55801,0.55801
0.76457,0.76457,0.76457,0.76457,0.76457
0.55801,0.55801,0.55801,0.55801,0.55801
0.76457,0.76457,0.76457,0.76457,0.76457
0.55801,0.55801,0.55801,0.55801,0.55801
0.76457,0.76457,0.76457,0.76457,0.76457
0.55801,0.55801,0.55801,0.55801,0.55801
0.76457,0.76457,0.76457,0.76457,0.76457
0.55801,0.55801,0.55801,0.55801,0.55801
0.76457,0.76457,0.76457,0.76457,0.76457
0.55801,0.55801,0.55801,0.55801,0.55801
0.76457,0.76457,0.76457,0.76457,0.76457
0.55801,0.55801,0.55801,0.55801,0.55801
0.76457,0.76457,0.76457,0.76457,0.76457
0.55801,0.55801,0.55801,0.55801,0.55801
0.76457,0.76457,0.76457,0.76457,0.76457
0.55801,0.55801,0.55801,0.55801,0.55801
0.76457,0.76457,0.76457,0.76457,0.76457
0.55801,0.55801,0.55801,0.55801,0.55801
0.76457,0.76457,0.76457,0.76457,0.76457
0.55801,0.55801,0.55801,0.55801,0.55801
0.76457,0.76457,0.76457,0.76457,0.76457
0.55801,0.55801,0.55801,0.55801,0.55801
0.76457,0.76457,0.76457,0.76457,0.76457
0.55801,0.55801,0.55801,0.55801,0.55801
0.76457,0.76457,0.76457,0.76457,0.76457
0.55801,0.55801,0.55801,0.55801,0.55801
0.76457,0.76457,0.76457,0.76457,0.76457
0.55801,0.55801,0.55801,0.55801,0.55801
0.76457,0.76457,0.76457,0.76457,0.76457
0.55801,0.55801,0.55801,0.55801,0.55801
0.76457,0.76457,0.76457,0.76457,0.76457
0.55801,0.55801,0.55801,0.55801,0.55801
0.76457,0.76457,0.76457,0.76457,0.76457
0.55801,0.55801,0.55801,0.55801,0.55801
0.76457,0.76457,0.76457,0.76457,0.76457
0.55801,0.55801,0.55801,0.55801,0.55801
0.76457,0.76457,0.76457,0.76457,0.76457
0.55801,0.55801,0.55801,0.55801,0.55801
0.76457,0.76457,0.76457,0.76457,0.76457
0.55801,0.55801,0.55801,0.55801,0.55801
0.76457,0.76457,0.76457,0.76457,0.76457
0.55801,0.55801,0.55801,0.55801,0.55801
0.76457,0.76457,0.76457,0.76457,0.76457
0.55801,0.55801,0.55801,0.55801,0.55801
0.76457,0.76457,0.76457,0.76457,0.76457
0.55801,0.55801,0.55801,0.55801,0.55801
0.76457,0.76457,0.76457,0.76457,0.76457
0.55801,0.55801,0.55801,0.55801,0.55801
0.76457,0.76457,0.76457,0.76457,0.76457
0.55801,0.55801,0.55801,0.55801,0.55801
0.76457,0.76457,0.76457,0.76457,0.76457
0.55801,0.55801,0.55801,0.55801,0.55801
0.76457,0.76457,0.76457,0.76457,0.76457
0.55801,0.55801,0.55801,0.55801,0.55801
0.76457,0.76457,0.76457,0.76457,0.76457
0.55801,0.55801,0.55801,0.55801,0.55801
0.76457,0.76457,0.76457,0.76457,0.76457
0.55801,0.55801,0.55801,0.55801,0.55801
0.76457,0.76457,0.76457,0.76457,0.76457
0.55801,0.55801,0.55801,0.55801,0.55801
0.76457,0.76457,0.76457,0.76457,0.76457
0.55801,0.55801,0.55801,0.55801,0.55801
0.76457,0.76457,0.76457,0.76457,0.76457
0.55801,0.55801,0.55801,0.55801,0.55801
0.76457,0.76457,0.76457,0.76457,0.76457
0.55801,0.55801,0.55801,0.55801,0.55801
0.76457,0.76457,0.76457,0.76457,0.76457
0.55801,0.55801,0.55801,0.55801,0.55801
0.76457,0.76457,0.76457,0.76457,0.76457
0.55801,0.55801,0.55801,0.55801,0.55801
0.76457,0.76457,0.76457,0.76457,0.76457
0.55801,0.55801,0.55801,0.55801,0.55801
0.76457,0.76457,0.76457,0.76457,0.76457
0.55801,0.55801,0.55801,0.55801,0.55801
0.76457,0.76457,0.76457,0.76457,0.76457
0.55801,0.55801,0.55801,0.55801,0.55801
0.76457,0.76457,0.76457,0.76457,0.76457
0.55801,0.55801,0.55801,0.55801,0.55801
0.76457,0.76457,0.76457,0.76457,0.76457
0.55801,0.55801,0.55801,0.55801,0.55801
0.76457,0.76457,0.76457,0.76457,0.76457
0.55801,0.55801,0.55801,0.55801,0.55801
0.76457,0.76457,0.76457,0.76457,0.76457
0.55801,0.55801,0.55801,0.55801,0.55801
0.76457,0.76457,0.76457,0.76457,0.76457
0.55801,0.55801,0.55801,0.55801,0.55801
0.76457,0.76457,0.76457,0.76457,0.76457
0.55801,0.55801,0.55801,0.55801,0.55801
0.76457,0.76457,0.76457,0.76457,0.76457
0.55801,0.55801,0.55801,0.55801,0.55801
0.76457,0.76457,0.76457,0.76457,0.76457
0.55801,0.55801,0.55801,0.55801,0.55801
0.76457,0.76457,0.76457,0.76457,0.76457
0.55801,0.55801,0.55801,0.55801,0.55801
0.76457,0.76457,0.76457,0.76457,0.76457
0.55801,0.55801,0.55801,0.55801,0.55801
0.76457,0.76457,0.76457,0.76457,0.76457
0.55801,0.55801,0.55801,0.55801,0.55801
0.76457,0.76457,0.76457,0.76457,0.76457
0.55801,0.55801,0.55801,0.55801,0.55801
0.76457,0.76457,0.76457,0.76457,0.76457
0.55801,0.55801,0.55801,0.55801,0.55801
0.76457,0.76457,0.76457,0.76457,0.76457
0.55801,0.55801,0.55801,0.55801,0.55801
0.76457,0.76457,0.76457,0.76457,0.76457
0.55801,0.55801,0.55801,0.55801,0.55801
0.76457,0.76457,0.76457,0.76457,0.76457
0.55801,0.55801,0.55801,0.55801,0.55801
0.76457,0.76457,0.76457,0.76457,0.76457
0.55801,0.55801,0.55801,0.55801,0.55801
0.76457,0.76457,0.76457,0.76457,0.76457
0.55801,0.55801,0.55801,0.55801,0.55801
0.76457,0.76457,0.76457,0.76457,0.76457
0.55801,0.55801,0.55801,0.55801,0.55801
0.76457,0.76457,0.76457,0.76457,0.76457
0.55801,0.55801,0.55801,0.55801,0.55801
0.76457,0.76457,0.76457,0.76457,0.76457
0.55801,0.55801,0.55801,0.55801,0.55801
0.76457,0.76457,0.76457,0.76457,0.76457
0.55801,0.55801,0.55801,0.55801,0.55801
0.76457,0.76457,0.76457,0.76457,0.76457
0.55801,0.55801,0.55801,0.55801,0.55801
0.76457,0.76457,0.76457,0.76457,0.76457
0.55801,0.55801,0.55801,0.55801,0.55801
0.76457,0.76457,0.76457,0.76457,0.76457
0.55801,0.55801,0.55801,0.55801,0.55801
0.76457,0.76457,0.76457,0.76457,0.76457
0.55801,0.55801,0.55801,0.55801,0.55801
0.76457,0.76457,0.76457,0.76457,0.76457
0.55801,0.55801,0.55801,0.55801,0.55801
0.76457,0.76457,0.76457,0.76457,0.76457
0.55801,0.55801,0.55801,0.55801,0.55801
0.76457,0.76457,0.76457,0.76457,0.76457
0.55801,0.55801,0.55801,0.55801,0.55801
0.76457,0.76457,0.76457,0.76457,0.76457
0.55801,0.55801,0.55801,0.55801,0.55801
0.76457,0.76457,0.76457,0.76457,0.76457
0.55801,0.55801,0.55801,0.55801,0.55801
0.76457,0.76457,0.76457,0.76457,0.76457
0.55801,0.55801,0.55801,0.55801,0.55801
0.76457,0.76457,0.76457,0.76457,0.76457
0.55801,0.55801,0.55801,0.55801,0.55801
0.76457,0.76457,0.76457,0.76457,0.76457
0.55801,0.55801,0.55801,0.55801,0.55801
0.76457,0.76457,0.76457,0.76457,0.76457
0.55801,0.55801,0.55801,0.55801,0.55801
0.76457,0.76457,0.76457,0.76457,0.76457
0.55801,0.55801,0.55801,0.55801,0.55801
0.76457,0.76457,0.76457,0.76457,0.76457
0.55801,0.55801,0.55801,0.55801,0.55801
0.76457,0.76457,0.76457,0.76457,0.76457
0.55801,0.55801,0.55801,0.55801,0.55801
0.76457,0.76457,0.76457,0.76457,0.76457
0.55801,0.55801,0.55801,0.55801,0.55801
0.76457,0.76457,0.76457,0.76457,0.76457
0.55801,0.55801,0.55801,0.55801,0.55801
0.76457,0.76457,0.76457,0.76457,0.76457
0.55801,0.55801,0.55801,0.55801,0.55801
0.76457,0.76457,0.76457,0.76457,0.76457
0.55801,0.55801,0.55801,0.55801,0.55801
0.76457,0.76457,0.76457,0.76457,0.76457
0.55801,0.55801,0.55801,0.55801,0.55801
0.76457,0.76457,0.76457,0.76457,0.76457
0.55801,0.55801,0.55801,0.55801,0.55801
0.76457,0.76457,0.76457,0.76457,0.76457
0.55801,0.55801,0.55801,0.55801,0.55801
0.76457,0.76457,0.76457,0.76457,0.76457
0.55801,0.55801,0.55801,0.55801,0.55801
0.76457,0.76457,0.76457,0.76457,0.76457
0.55801,0.55801,0.55801,0.55801,0.55801
0.76457,0.76457,0.76457,0.76457,0.76457
0.55801,0.55801,0.55801,0.55801,0.55801
0.76457,0.76457,0.76457,0.76457,0.76457
0.55801,0.55801,0.55801,0.55801,0.55801
0.76457,0.76457,0.76457,0.76457,0.76457
0.55801,0.55801,0.55801,0.55801,0.55801
0.76457,0.76457,0.76457,0.76457,0.76457
0.55801,0.55801,0.55801,0.55801,0.55801
0.76457,0.76457,0.76457,0.76457,0.76457
0.55801,0.55801,0.55801,0.55801,0.55801
0.76457,0.76457,0.76457,0.76457,0.76457
0.55801,0.55801,0.55801,0.55801,0.55801
0.76457,0.76457,0.76457,0.76457,0.76457
0.55801,0.55801,0.55801,0.55801,0.55801
0.76457,0.76457,0.76457,0.76457,0.76457
0.55801,0.55801,0.55801,0.55801,0.55801
0.76457,0.76457,0.76457,0.76457,0.76457
0.55801,0.55801,0.55801,0.55801,0.55801
0.76457,0.76457,0.76457,0.76457,0.76457
0.55801,0.55801,0.55801,0.55801,0.55801
0.76457,0.76457,0.76457,0.76457,0.76457
0.55801,0.55801,0.55801,0.55801,0.55801
0.76457,0.76457,0.76457,0.76457,0.76457
0.55801,0.55801,0.55801,0.55801,0.55801
0.76457,0.76457,0.76457,0.76457,0.76457
0.55801,0.55801,0.55801,0.55801,0.55801
0.76457,0.76457,0.76457,0.76457,0.76457
0.55801,0.55801,0.55801,0.55801,0.55801
0.76457,0.76457,0.76457,0.76457,0.76457
0.55801,0.55801,0.55801,0.55801,0.55801
0.76457,0.76457,0.76457,0.76457,0.76457
0.55801,0.55801,0.55801,0.55801,0.55801
0.76457,0.76457,0.76457,0.76457,0.76457
0.55801,0.55801,0.55801,0.55801,0.55801
0.76457,0.76457,0.76457,0.76457,0.76457
0.55801,0.55801,0.55801,0.55801,0.55801
0.76457,0.76457,0.76457,0.76457,0.76457
0.55801,0.55801,0.55801,0.55801,0.55801
