0.1,0.2,0.3,0.5,0.6
0.5772,0.5698,0.7659,0.8695,0.7326
0.85072,0.83269,0.6634,0.5844,0.68676
0.58138,0.59502,0.75472,0.8461,0.72894
0.847,0.83227,0.68599,0.61752,0.70712
0.57663,0.58955,0.73592,0.81854,0.71253
0.85727,0.84483,0.72109,0.66291,0.739
0.54069,0.55307,0.69121,0.76806,0.66932
0.8876,0.87841,0.788,0.74625,0.80097
0.44316,0.45424,0.57598,0.64264,0.55687
0.9143,0.91191,0.89155,0.88489,0.89404
0.31028,0.31319,0.34533,0.36323,0.34023
0.80466,0.80685,0.83009,0.84243,0.8265
0.56479,0.56168,0.52907,0.51218,0.53404
0.91328,0.91377,0.91936,0.92256,0.91846
0.2878,0.28682,0.27649,0.27116,0.27806
0.75324,0.7523,0.74249,0.73736,0.74399
0.69335,0.69434,0.70478,0.71027,0.70317
0.78193,0.78106,0.77194,0.7672,0.77333
0.63675,0.63778,0.64862,0.65432,0.64695
0.85228,0.85163,0.8448,0.84126,0.84584
0.47132,0.47229,0.48253,0.48791,0.48095
0.92253,0.92261,0.92353,0.92404,0.92339
0.26355,0.26339,0.26168,0.26079,0.26194
0.71721,0.71704,0.71528,0.71436,0.71555
0.75131,0.75147,0.75311,0.75397,0.75286
0.69037,0.6902,0.68839,0.68745,0.68867
0.7917,0.79184,0.79331,0.79409,0.79309
0.60918,0.609,0.60713,0.60615,0.60742
0.88136,0.88144,0.88232,0.88277,0.88218
0.38612,0.38598,0.38454,0.38378,0.38476
0.87664,0.87657,0.87585,0.87547,0.87596
0.40076,0.40087,0.40205,0.40266,0.40187
0.88883,0.88888,0.88938,0.88964,0.8893
0.36516,0.36508,0.36424,0.36379,0.36436
0.85746,0.85742,0.85692,0.85666,0.857
0.45262,0.45269,0.45346,0.45386,0.45334
0.91678,0.91679,0.91695,0.91703,0.91692
0.28215,0.28212,0.28184,0.2817,0.28189
0.74926,0.74924,0.74897,0.74883,0.74901
0.69527,0.69529,0.69558,0.69573,0.69553
0.7838,0.78377,0.78353,0.7834,0.78357
0.62716,0.62719,0.62748,0.62764,0.62744
0.86509,0.86507,0.86491,0.86482,0.86493
0.43197,0.432,0.43226,0.43239,0.43222
0.90792,0.90793,0.908,0.90804,0.90799
0.30926,0.30924,0.30911,0.30904,0.30913
0.79033,0.79031,0.7902,0.79015,0.79022
0.61321,0.61322,0.61336,0.61343,0.61334
0.87755,0.87754,0.87747,0.87743,0.87748
0.39766,0.39767,0.39778,0.39784,0.39776
0.88627,0.88628,0.88633,0.88635,0.88632
0.37289,0.37288,0.3728,0.37275,0.37281
0.86519,0.86519,0.86514,0.86512,0.86515
0.43158,0.43159,0.43166,0.4317,0.43165
0.90769,0.90769,0.90772,0.90773,0.90771
0.30999,0.30999,0.30995,0.30993,0.30996
0.7914,0.7914,0.79137,0.79135,0.79137
0.61083,0.61083,0.61087,0.61089,0.61087
0.87954,0.87954,0.87952,0.87951,0.87952
0.39203,0.39203,0.39206,0.39208,0.39206
0.88187,0.88187,0.88189,0.8819,0.88189
0.38543,0.38543,0.38541,0.38539,0.38541
0.87643,0.87643,0.87641,0.87641,0.87642
0.40073,0.40073,0.40075,0.40076,0.40075
0.88854,0.88854,0.88855,0.88856,0.88855
0.36642,0.36642,0.36641,0.3664,0.36641
0.85898,0.85898,0.85897,0.85896,0.85897
0.44821,0.44821,0.44822,0.44823,0.44822
0.91508,0.91508,0.91508,0.91508,0.91508
0.28753,0.28753,0.28753,0.28752,0.28753
0.75797,0.75797,0.75796,0.75796,0.75796
0.67878,0.67878,0.67878,0.67879,0.67878
0.80674,0.80674,0.80674,0.80673,0.80674
0.57687,0.57687,0.57688,0.57688,0.57687
0.90314,0.90314,0.90313,0.90313,0.90313
0.32368,0.32368,0.32369,0.32369,0.32369
0.80998,0.80998,0.80998,0.80998,0.80998
0.56948,0.56948,0.56948,0.56948,0.56948
0.90714,0.90714,0.90714,0.90714,0.90714
0.31168,0.31168,0.31168,0.31168,0.31168
0.79378,0.79378,0.79378,0.79378,0.79378
0.60566,0.60566,0.60566,0.60566,0.60566
0.88369,0.88369,0.88369,0.88369,0.88369
0.38028,0.38028,0.38029,0.38029,0.38029
0.87197,0.87197,0.87197,0.87197,0.87197
0.41306,0.41306,0.41305,0.41305,0.41305
0.89703,0.89703,0.89703,0.89703,0.89703
0.34176,0.34176,0.34176,0.34176,0.34176
0.83235,0.83235,0.83235,0.83235,0.83235
0.51631,0.51631,0.51631,0.51631,0.51631
0.92402,0.92402,0.92402,0.92402,0.92402
0.25978,0.25978,0.25978,0.25978,0.25978
0.71149,0.71149,0.71149,0.71149,0.71149
0.75951,0.75951,0.75951,0.75951,0.75951
0.67582,0.67582,0.67582,0.67582,0.67582
0.81063,0.81063,0.81063,0.81063,0.81063
0.56799,0.56799,0.56799,0.56799,0.56799
0.9079,0.9079,0.9079,0.9079,0.9079
0.3094,0.3094,0.3094,0.3094,0.3094
0.79058,0.79058,0.79058,0.79058,0.79058
0.61259,0.61259,0.61259,0.61259,0.61259
0.8781,0.8781,0.8781,0.8781,0.8781
0.39605,0.39605,0.39605,0.39605,0.39605
0.88502,0.88502,0.88502,0.88502,0.88502
0.37652,0.37652,0.37652,0.37652,0.37652
0.86858,0.86858,0.86858,0.86858,0.86858
0.42234,0.42234,0.42234,0.42234,0.42234
0.90268,0.90268,0.90268,0.90268,0.90268
0.32503,0.32503,0.32503,0.32503,0.32503
0.81172,0.81172,0.81172,0.81172,0.81172
0.56547,0.56547,0.56547,0.56547,0.56547
0.90914,0.90914,0.90914,0.90914,0.90914
0.30563,0.30563,0.30563,0.30563,0.30563
0.78521,0.78521,0.78521,0.78521,0.78521
0.62402,0.62402,0.62402,0.62402,0.62402
0.86809,0.86809,0.86809,0.86809,0.86809
0.42368,0.42368,0.42368,0.42368,0.42368
0.90345,0.90345,0.90345,0.90345,0.90345
0.32275,0.32275,0.32275,0.32275,0.32275
0.80875,0.80875,0.80875,0.80875,0.80875
0.57229,0.57229,0.57229,0.57229,0.57229
0.90567,0.90567,0.90567,0.90567,0.90567
0.31611,0.31611,0.31611,0.31611,0.31611
0.79988,0.79988,0.79988,0.79988,0.79988
0.59226,0.59226,0.59226,0.59226,0.59226
0.89351,0.89351,0.89351,0.89351,0.89351
0.35206,0.35206,0.35206,0.35206,0.35206
0.84402,0.84402,0.84402,0.84402,0.84402
0.4871,0.4871,0.4871,0.4871,0.4871
0.92438,0.92438,0.92438,0.92438,0.92438
0.25862,0.25862,0.25862,0.25862,0.25862
0.70943,0.70943,0.70943,0.70943,0.70943
0.76272,0.76272,0.76272,0.76272,0.76272
0.66962,0.66962,0.66962,0.66962,0.66962
0.81855,0.81855,0.81855,0.81855,0.81855
0.54954,0.54954,0.54954,0.54954,0.54954
0.91592,0.91592,0.91592,0.91592,0.91592
0.28494,0.28494,0.28494,0.28494,0.28494
0.75387,0.75387,0.75387,0.75387,0.75387
0.68653,0.68653,0.68653,0.68653,0.68653
0.79627,0.79627,0.79627,0.79627,0.79627
0.60024,0.60024,0.60024,0.60024,0.60024
0.88782,0.88782,0.88782,0.88782,0.88782
0.36849,0.36849,0.36849,0.36849,0.36849
0.86101,0.86101,0.86101,0.86101,0.86101
0.44279,0.44279,0.44279,0.44279,0.44279
0.91289,0.91289,0.91289,0.91289,0.91289
0.29423,0.29423,0.29423,0.29423,0.29423
0.76834,0.76834,0.76834,0.76834,0.76834
0.65857,0.65857,0.65857,0.65857,0.65857
0.83197,0.83197,0.83197,0.83197,0.83197
0.51725,0.51725,0.51725,0.51725,0.51725
0.9239,0.9239,0.9239,0.9239,0.9239
0.26015,0.26015,0.26015,0.26015,0.26015
0.71214,0.71214,0.71214,0.71214,0.71214
0.75849,0.75849,0.75849,0.75849,0.75849
0.67778,0.67778,0.67778,0.67778,0.67778
0.80806,0.80806,0.80806,0.80806,0.80806
0.57386,0.57386,0.57386,0.57386,0.57386
0.90482,0.90482,0.90482,0.90482,0.90482
0.31865,0.31865,0.31865,0.31865,0.31865
0.80332,0.80332,0.80332,0.80332,0.80332
0.58459,0.58459,0.58459,0.58459,0.58459
0.89853,0.89853,0.89853,0.89853,0.89853
0.33735,0.33735,0.33735,0.33735,0.33735
0.82712,0.82712,0.82712,0.82712,0.82712
0.52907,0.52907,0.52907,0.52907,0.52907
0.92187,0.92187,0.92187,0.92187,0.92187
0.26649,0.26649,0.26649,0.26649,0.26649
0.72324,0.72324,0.72324,0.72324,0.72324
0.7406,0.7406,0.7406,0.7406,0.7406
0.71081,0.71081,0.71081,0.71081,0.71081
0.76057,0.76057,0.76057,0.76057,0.76057
0.67378,0.67378,0.67378,0.67378,0.67378
0.81326,0.81326,0.81326,0.81326,0.81326
0.56191,0.56191,0.56191,0.56191,0.56191
0.91082,0.91082,0.91082,0.91082,0.91082
0.30054,0.30054,0.30054,0.30054,0.30054
0.7778,0.7778,0.7778,0.7778,0.7778
0.63946,0.63946,0.63946,0.63946,0.63946
0.85304,0.85304,0.85304,0.85304,0.85304
0.46384,0.46384,0.46384,0.46384,0.46384
0.92016,0.92016,0.92016,0.92016,0.92016
0.27181,0.27181,0.27181,0.27181,0.27181
0.73234,0.73234,0.73234,0.73234,0.73234
0.72526,0.72526,0.72526,0.72526,0.72526
0.73725,0.73725,0.73725,0.73725,0.73725
0.71673,0.71673,0.71673,0.71673,0.71673
0.75121,0.75121,0.75121,0.75121,0.75121
0.69151,0.69151,0.69151,0.69151,0.69151
0.7893,0.7893,0.7893,0.7893,0.7893
0.61534,0.61534,0.61534,0.61534,0.61534
0.87578,0.87578,0.87578,0.87578,0.87578
0.40252,0.40252,0.40252,0.40252,0.40252
0.88984,0.88984,0.88984,0.88984,0.88984
0.36269,0.36269,0.36269,0.36269,0.36269
0.85524,0.85524,0.85524,0.85524,0.85524
0.45809,0.45809,0.45809,0.45809,0.45809
0.9185,0.9185,0.9185,0.9185,0.9185
0.27697,0.27697,0.27697,0.27697,0.27697
0.74096,0.74096,0.74096,0.74096,0.74096
0.71017,0.71017,0.71017,0.71017,0.71017
0.76156,0.76156,0.76156,0.76156,0.76156
0.67187,0.67187,0.67187,0.67187,0.67187
0.8157,0.8157,0.8157,0.8157,0.8157
0.55622,0.55622,0.55622,0.55622,0.55622
0.9133,0.9133,0.9133,0.9133,0.9133
0.29297,0.29297,0.29297,0.29297,0.29297
0.76641,0.76641,0.76641,0.76641,0.76641
0.6624,0.6624,0.6624,0.6624,0.6624
0.82741,0.82741,0.82741,0.82741,0.82741
0.52836,0.52836,0.52836,0.52836,0.52836
0.92202,0.92202,0.92202,0.92202,0.92202
0.26601,0.26601,0.26601,0.26601,0.26601
0.72243,0.72243,0.72243,0.72243,0.72243
0.74195,0.74195,0.74195,0.74195,0.74195
0.7084,0.7084,0.7084,0.7084,0.7084
0.7643,0.7643,0.7643,0.7643,0.7643
0.66653,0.66653,0.66653,0.66653,0.66653
0.82239,0.82239,0.82239,0.82239,0.82239
0.54045,0.54045,0.54045,0.54045,0.54045
0.91895,0.91895,0.91895,0.91895,0.91895
0.27559,0.27559,0.27559,0.27559,0.27559
0.73867,0.73867,0.73867,0.73867,0.73867
0.71424,0.71424,0.71424,0.71424,0.71424
0.75517,0.75517,0.75517,0.75517,0.75517
0.68408,0.68408,0.68408,0.68408,0.68408
0.79963,0.79963,0.79963,0.79963,0.79963
0.59283,0.59283,0.59283,0.59283,0.59283
0.89311,0.89311,0.89311,0.89311,0.89311
0.35321,0.35321,0.35321,0.35321,0.35321
0.84527,0.84527,0.84527,0.84527,0.84527
0.48392,0.48392,0.48392,0.48392,0.48392
0.92404,0.92404,0.92404,0.92404,0.92404
0.25969,0.25969,0.25969,0.25969,0.25969
0.71134,0.71134,0.71134,0.71134,0.71134
0.75975,0.75975,0.75975,0.75975,0.75975
0.67537,0.67537,0.67537,0.67537,0.67537
0.81121,0.81121,0.81121,0.81121,0.81121
0.56665,0.56665,0.56665,0.56665,0.56665
0.90857,0.90857,0.90857,0.90857,0.90857
0.30737,0.30737,0.30737,0.30737,0.30737
0.78771,0.78771,0.78771,0.78771,0.78771
0.61872,0.61872,0.61872,0.61872,0.61872
0.87285,0.87285,0.87285,0.87285,0.87285
0.41064,0.41064,0.41064,0.41064,0.41064
0.89545,0.89545,0.89545,0.89545,0.89545
0.34638,0.34638,0.34638,0.34638,0.34638
0.83769,0.83769,0.83769,0.83769,0.83769
0.50308,0.50308,0.50308,0.50308,0.50308
0.92496,0.92496,0.92496,0.92496,0.92496
0.2568,0.2568,0.2568,0.2568,0.2568
0.70616,0.70616,0.70616,0.70616,0.70616
0.76775,0.76775,0.76775,0.76775,0.76775
0.65975,0.65975,0.65975,0.65975,0.65975
0.83058,0.83058,0.83058,0.83058,0.83058
0.52066,0.52066,0.52066,0.52066,0.52066
0.92342,0.92342,0.92342,0.92342,0.92342
0.26164,0.26164,0.26164,0.26164,0.26164
0.71479,0.71479,0.71479,0.71479,0.71479
0.7543,0.7543,0.7543,0.7543,0.7543
0.68572,0.68572,0.68572,0.68572,0.68572
0.79738,0.79738,0.79738,0.79738,0.79738
0.59779,0.59779,0.59779,0.59779,0.59779
0.88962,0.88962,0.88962,0.88962,0.88962
0.36333,0.36333,0.36333,0.36333,0.36333
0.85589,0.85589,0.85589,0.85589,0.85589
0.45637,0.45637,0.45637,0.45637,0.45637
0.91796,0.91796,0.91796,0.91796,0.91796
0.27865,0.27865,0.27865,0.27865,0.27865
0.74372,0.74372,0.74372,0.74372,0.74372
0.70522,0.70522,0.70522,0.70522,0.70522
0.76918,0.76918,0.76918,0.76918,0.76918
0.65691,0.65691,0.65691,0.65691,0.65691
0.83391,0.83391,0.83391,0.83391,0.83391
0.51247,0.51247,0.51247,0.51247,0.51247
0.92442,0.92442,0.92442,0.92442,0.92442
0.2585,0.2585,0.2585,0.2585,0.2585
0.7092,0.7092,0.7092,0.7092,0.7092
0.76307,0.76307,0.76307,0.76307,0.76307
0.66894,0.66894,0.66894,0.66894,0.66894
0.8194,0.8194,0.8194,0.8194,0.8194
0.54754,0.54754,0.54754,0.54754,0.54754
0.91664,0.91664,0.91664,0.91664,0.91664
0.28273,0.28273,0.28273,0.28273,0.28273
0.75033,0.75033,0.75033,0.75033,0.75033
0.69314,0.69314,0.69314,0.69314,0.69314
0.78698,0.78698,0.78698,0.78698,0.78698
0.62028,0.62028,0.62028,0.62028,0.62028
0.87147,0.87147,0.87147,0.87147,0.87147
0.41444,0.41444,0.41444,0.41444,0.41444
0.89792,0.89792,0.89792,0.89792,0.89792
0.33915,0.33915,0.33915,0.33915,0.33915
0.82927,0.82927,0.82927,0.82927,0.82927
0.52384,0.52384,0.52384,0.52384,0.52384
0.9229,0.9229,0.9229,0.9229,0.9229
0.26329,0.26329,0.26329,0.26329,0.26329
0.71768,0.71768,0.71768,0.71768,0.71768
0.74968,0.74968,0.74968,0.74968,0.74968
0.69434,0.69434,0.69434,0.69434,0.69434
0.78526,0.78526,0.78526,0.78526,0.78526
0.62391,0.62391,0.62391,0.62391,0.62391
0.86819,0.86819,0.86819,0.86819,0.86819
0.42341,0.42341,0.42341,0.42341,0.42341
0.9033,0.9033,0.9033,0.9033,0.9033
0.3232,0.3232,0.3232,0.3232,0.3232
0.80934,0.80934,0.80934,0.80934,0.80934
0.57094,0.57094,0.57094,0.57094,0.57094
0.90638,0.90638,0.90638,0.90638,0.90638
0.31397,0.31397,0.31397,0.31397,0.31397
0.79695,0.79695,0.79695,0.79695,0.79695
0.59874,0.59874,0.59874,0.59874,0.59874
0.88893,0.88893,0.88893,0.88893,0.88893
0.36531,0.36531,0.36531,0.36531,0.36531
0.85788,0.85788,0.85788,0.85788,0.85788
0.45111,0.45111,0.45111,0.45111,0.45111
0.91616,0.91616,0.91616,0.91616,0.91616
0.28421,0.28421,0.28421,0.28421,0.28421
0.75272,0.75272,0.75272,0.75272,0.75272
0.6887,0.6887,0.6887,0.6887,0.6887
0.79325,0.79325,0.79325,0.79325,0.79325
0.60681,0.60681,0.60681,0.60681,0.60681
0.88279,0.88279,0.88279,0.88279,0.88279
0.38285,0.38285,0.38285,0.38285,0.38285
0.87422,0.87422,0.87422,0.87422,0.87422
0.40684,0.40684,0.40684,0.40684,0.40684
0.89289,0.89289,0.89289,0.89289,0.89289
0.35386,0.35386,0.35386,0.35386,0.35386
0.84598,0.84598,0.84598,0.84598,0.84598
0.4821,0.4821,0.4821,0.4821,0.4821
0.92381,0.92381,0.92381,0.92381,0.92381
0.26041,0.26041,0.26041,0.26041,0.26041
0.71261,0.71261,0.71261,0.71261,0.71261
0.75775,0.75775,0.75775,0.75775,0.75775
0.67919,0.67919,0.67919,0.67919,0.67919
0.8062,0.8062,0.8062,0.8062,0.8062
0.5781,0.5781,0.5781,0.5781,0.5781
0.90243,0.90243,0.90243,0.90243,0.90243
0.32578,0.32578,0.32578,0.32578,0.32578
0.81269,0.81269,0.81269,0.81269,0.81269
0.56323,0.56323,0.56323,0.56323,0.56323
0.91021,0.91021,0.91021,0.91021,0.91021
0.3024,0.3024,0.3024,0.3024,0.3024
0.78053,0.78053,0.78053,0.78053,0.78053
0.63382,0.63382,0.63382,0.63382,0.63382
0.85875,0.85875,0.85875,0.85875,0.85875
0.44881,0.44881,0.44881,0.44881,0.44881
0.91531,0.91531,0.91531,0.91531,0.91531
0.28683,0.28683,0.28683,0.28683,0.28683
0.75686,0.75686,0.75686,0.75686,0.75686
0.68088,0.68088,0.68088,0.68088,0.68088
0.80394,0.80394,0.80394,0.80394,0.80394
0.58319,0.58319,0.58319,0.58319,0.58319
0.89939,0.89939,0.89939,0.89939,0.89939
0.3348,0.3348,0.3348,0.3348,0.3348
0.82402,0.82402,0.82402,0.82402,0.82402
0.53654,0.53654,0.53654,0.53654,0.53654
0.92006,0.92006,0.92006,0.92006,0.92006
0.27214,0.27214,0.27214,0.27214,0.27214
0.73289,0.73289,0.73289,0.73289,0.73289
0.72432,0.72432,0.72432,0.72432,0.72432
0.73881,0.73881,0.73881,0.73881,0.73881
0.71398,0.71398,0.71398,0.71398,0.71398
0.75558,0.75558,0.75558,0.75558,0.75558
0.68331,0.68331,0.68331,0.68331,0.68331
0.80067,0.80067,0.80067,0.80067,0.80067
0.59051,0.59051,0.59051,0.59051,0.59051
0.89469,0.89469,0.89469,0.89469,0.89469
0.34861,0.34861,0.34861,0.34861,0.34861
0.8402,0.8402,0.8402,0.8402,0.8402
0.49678,0.49678,0.49678,0.49678,0.49678
0.92496,0.92496,0.92496,0.92496,0.92496
0.25681,0.25681,0.25681,0.25681,0.25681
0.70617,0.70617,0.70617,0.70617,0.70617
0.76772,0.76772,0.76772,0.76772,0.76772
0.6598,0.6598,0.6598,0.6598,0.6598
0.83051,0.83051,0.83051,0.83051,0.83051
0.52081,0.52081,0.52081,0.52081,0.52081
0.9234,0.9234,0.9234,0.9234,0.9234
0.26172,0.26172,0.26172,0.26172,0.26172
0.71492,0.71492,0.71492,0.71492,0.71492
0.75409,0.75409,0.75409,0.75409,0.75409
0.68612,0.68612,0.68612,0.68612,0.68612
0.79683,0.79683,0.79683,0.79683,0.79683
0.59899,0.59899,0.59899,0.59899,0.59899
0.88874,0.88874,0.88874,0.88874,0.88874
0.36585,0.36585,0.36585,0.36585,0.36585
0.85841,0.85841,0.85841,0.85841,0.85841
0.4497,0.4497,0.4497,0.4497,0.4497
0.91564,0.91564,0.91564,0.91564,0.91564
0.28581,0.28581,0.28581,0.28581,0.28581
0.75525,0.75525,0.75525,0.75525,0.75525
0.68393,0.68393,0.68393,0.68393,0.68393
0.79982,0.79982,0.79982,0.79982,0.79982
0.59239,0.59239,0.59239,0.59239,0.59239
0.89342,0.89342,0.89342,0.89342,0.89342
0.35233,0.35233,0.35233,0.35233,0.35233
0.84432,0.84432,0.84432,0.84432,0.84432
0.48635,0.48635,0.48635,0.48635,0.48635
0.92431,0.92431,0.92431,0.92431,0.92431
0.25885,0.25885,0.25885,0.25885,0.25885
0.70984,0.70984,0.70984,0.70984,0.70984
0.76208,0.76208,0.76208,0.76208,0.76208
0.67086,0.67086,0.67086,0.67086,0.67086
0.81698,0.81698,0.81698,0.81698,0.81698
0.55323,0.55323,0.55323,0.55323,0.55323
0.91452,0.91452,0.91452,0.91452,0.91452
0.28925,0.28925,0.28925,0.28925,0.28925
0.76067,0.76067,0.76067,0.76067,0.76067
0.6736,0.6736,0.6736,0.6736,0.6736
0.8135,0.8135,0.8135,0.8135,0.8135
0.56137,0.56137,0.56137,0.56137,0.56137
0.91107,0.91107,0.91107,0.91107,0.91107
0.29979,0.29979,0.29979,0.29979,0.29979
0.77669,0.77669,0.77669,0.77669,0.77669
0.64174,0.64174,0.64174,0.64174,0.64174
0.85067,0.85067,0.85067,0.85067,0.85067
0.47001,0.47001,0.47001,0.47001,0.47001
0.92167,0.92167,0.92167,0.92167,0.92167
0.26711,0.26711,0.26711,0.26711,0.26711
0.72432,0.72432,0.72432,0.72432,0.72432
0.73882,0.73882,0.73882,0.73882,0.73882
0.71397,0.71397,0.71397,0.71397,0.71397
0.7556,0.7556,0.7556,0.7556,0.7556
0.68327,0.68327,0.68327,0.68327,0.68327
0.80072,0.80072,0.80072,0.80072,0.80072
0.5904,0.5904,0.5904,0.5904,0.5904
0.89476,0.89476,0.89476,0.89476,0.89476
0.34841,0.34841,0.34841,0.34841,0.34841
0.83997,0.83997,0.83997,0.83997,0.83997
0.49735,0.49735,0.49735,0.49735,0.49735
0.92497,0.92497,0.92497,0.92497,0.92497
0.25677,0.25677,0.25677,0.25677,0.25677
0.7061,0.7061,0.7061,0.7061,0.7061
0.76783,0.76783,0.76783,0.76783,0.76783
0.65959,0.65959,0.65959,0.65959,0.65959
0.83076,0.83076,0.83076,0.83076,0.83076
0.5202,0.5202,0.5202,0.5202,0.5202
0.92349,0.92349,0.92349,0.92349,0.92349
0.26143,0.26143,0.26143,0.26143,0.26143
0.71441,0.71441,0.71441,0.71441,0.71441
0.75491,0.75491,0.75491,0.75491,0.75491
0.68458,0.68458,0.68458,0.68458,0.68458
0.79894,0.79894,0.79894,0.79894,0.79894
0.59435,0.59435,0.59435,0.59435,0.59435
0.89206,0.89206,0.89206,0.89206,0.89206
0.35626,0.35626,0.35626,0.35626,0.35626
0.84855,0.84855,0.84855,0.84855,0.84855
0.4755,0.4755,0.4755,0.4755,0.4755
0.92278,0.92278,0.92278,0.92278,0.92278
0.26365,0.26365,0.26365,0.26365,0.26365
0.71832,0.71832,0.71832,0.71832,0.71832
0.74864,0.74864,0.74864,0.74864,0.74864
0.69625,0.69625,0.69625,0.69625,0.69625
0.7825,0.7825,0.7825,0.7825,0.7825
0.62973,0.62973,0.62973,0.62973,0.62973
0.86273,0.86273,0.86273,0.86273,0.86273
0.43817,0.43817,0.43817,0.43817,0.43817
0.91086,0.91086,0.91086,0.91086,0.91086
0.30043,0.30043,0.30043,0.30043,0.30043
0.77764,0.77764,0.77764,0.77764,0.77764
0.6398,0.6398,0.6398,0.6398,0.6398
0.85269,0.85269,0.85269,0.85269,0.85269
0.46476,0.46476,0.46476,0.46476,0.46476
0.9204,0.9204,0.9204,0.9204,0.9204
0.27106,0.27106,0.27106,0.27106,0.27106
0.73107,0.73107,0.73107,0.73107,0.73107
0.72744,0.72744,0.72744,0.72744,0.72744
0.7336,0.7336,0.7336,0.7336,0.7336
0.72309,0.72309,0.72309,0.72309,0.72309
0.74085,0.74085,0.74085,0.74085,0.74085
0.71036,0.71036,0.71036,0.71036,0.71036
0.76127,0.76127,0.76127,0.76127,0.76127
0.67244,0.67244,0.67244,0.67244,0.67244
0.81498,0.81498,0.81498,0.81498,0.81498
0.55791,0.55791,0.55791,0.55791,0.55791
0.91259,0.91259,0.91259,0.91259,0.91259
0.29514,0.29514,0.29514,0.29514,0.29514
0.76973,0.76973,0.76973,0.76973,0.76973
0.65582,0.65582,0.65582,0.65582,0.65582
0.83517,0.83517,0.83517,0.83517,0.83517
0.50936,0.50936,0.50936,0.50936,0.50936
0.92468,0.92468,0.92468,0.92468,0.92468
0.25771,0.25771,0.25771,0.25771,0.25771
0.70779,0.70779,0.70779,0.70779,0.70779
0.76525,0.76525,0.76525,0.76525,0.76525
0.66467,0.66467,0.66467,0.66467,0.66467
0.82467,0.82467,0.82467,0.82467,0.82467
0.53499,0.53499,0.53499,0.53499,0.53499
0.92047,0.92047,0.92047,0.92047,0.92047
0.27086,0.27086,0.27086,0.27086,0.27086
0.73073,0.73073,0.73073,0.73073,0.73073
0.72803,0.72803,0.72803,0.72803,0.72803
0.73261,0.73261,0.73261,0.73261,0.73261
0.7248,0.7248,0.7248,0.7248,0.7248
0.73802,0.73802,0.73802,0.73802,0.73802
0.71539,0.71539,0.71539,0.71539,0.71539
0.75335,0.75335,0.75335,0.75335,0.75335
0.68751,0.68751,0.68751,0.68751,0.68751
0.79491,0.79491,0.79491,0.79491,0.79491
0.60321,0.60321,0.60321,0.60321,0.60321
0.88558,0.88558,0.88558,0.88558,0.88558
0.3749,0.3749,0.3749,0.3749,0.3749
0.8671,0.8671,0.8671,0.8671,0.8671
0.42638,0.42638,0.42638,0.42638,0.42638
0.90495,0.90495,0.90495,0.90495,0.90495
0.31826,0.31826,0.31826,0.31826,0.31826
0.8028,0.8028,0.8028,0.8028,0.8028
0.58576,0.58576,0.58576,0.58576,0.58576
0.89779,0.89779,0.89779,0.89779,0.89779
0.33953,0.33953,0.33953,0.33953,0.33953
0.82973,0.82973,0.82973,0.82973,0.82973
0.52273,0.52273,0.52273,0.52273,0.52273
0.92309,0.92309,0.92309,0.92309,0.92309
0.26269,0.26269,0.26269,0.26269,0.26269
0.71663,0.71663,0.71663,0.71663,0.71663
0.75137,0.75137,0.75137,0.75137,0.75137
0.69121,0.69121,0.69121,0.69121,0.69121
0.78972,0.78972,0.78972,0.78972,0.78972
0.61443,0.61443,0.61443,0.61443,0.61443
0.87655,0.87655,0.87655,0.87655,0.87655
0.40037,0.40037,0.40037,0.40037,0.40037
0.88827,0.88827,0.88827,0.88827,0.88827
0.3672,0.3672,0.3672,0.3672,0.3672
0.85975,0.85975,0.85975,0.85975,0.85975
0.44615,0.44615,0.44615,0.44615,0.44615
0.91427,0.91427,0.91427,0.91427,0.91427
0.29001,0.29001,0.29001,0.29001,0.29001
0.76184,0.76184,0.76184,0.76184,0.76184
0.67133,0.67133,0.67133,0.67133,0.67133
0.81639,0.81639,0.81639,0.81639,0.81639
0.55462,0.55462,0.55462,0.55462,0.55462
0.91396,0.91396,0.91396,0.91396,0.91396
0.29095,0.29095,0.29095,0.29095,0.29095
0.7633,0.7633,0.7633,0.7633,0.7633
0.6685,0.6685,0.6685,0.6685,0.6685
0.81995,0.81995,0.81995,0.81995,0.81995
0.54623,0.54623,0.54623,0.54623,0.54623
0.91709,0.91709,0.91709,0.91709,0.91709
0.28132,0.28132,0.28132,0.28132,0.28132
0.74807,0.74807,0.74807,0.74807,0.74807
0.69731,0.69731,0.69731,0.69731,0.69731
0.78095,0.78095,0.78095,0.78095,0.78095
0.63294,0.63294,0.63294,0.63294,0.63294
0.85961,0.85961,0.85961,0.85961,0.85961
0.44653,0.44653,0.44653,0.44653,0.44653
0.91442,0.91442,0.91442,0.91442,0.91442
0.28955,0.28955,0.28955,0.28955,0.28955
0.76112,0.76112,0.76112,0.76112,0.76112
0.67271,0.67271,0.67271,0.67271,0.67271
0.81463,0.81463,0.81463,0.81463,0.81463
0.55873,0.55873,0.55873,0.55873,0.55873
0.91224,0.91224,0.91224,0.91224,0.91224
0.29622,0.29622,0.29622,0.29622,0.29622
0.77135,0.77135,0.77135,0.77135,0.77135
0.65258,0.65258,0.65258,0.65258,0.65258
0.83887,0.83887,0.83887,0.83887,0.83887
0.50013,0.50013,0.50013,0.50013,0.50013
0.925,0.925,0.925,0.925,0.925
0.25669,0.25669,0.25669,0.25669,0.25669
0.70596,0.70596,0.70596,0.70596,0.70596
0.76805,0.76805,0.76805,0.76805,0.76805
0.65915,0.65915,0.65915,0.65915,0.65915
0.83129,0.83129,0.83129,0.83129,0.83129
0.51892,0.51892,0.51892,0.51892,0.51892
0.92368,0.92368,0.92368,0.92368,0.92368
0.26085,0.26085,0.26085,0.26085,0.26085
0.71338,0.71338,0.71338,0.71338,0.71338
0.75654,0.75654,0.75654,0.75654,0.75654
0.6815,0.6815,0.6815,0.6815,0.6815
0.80311,0.80311,0.80311,0.80311,0.80311
0.58506,0.58506,0.58506,0.58506,0.58506
0.89823,0.89823,0.89823,0.89823,0.89823
0.33822,0.33822,0.33822,0.33822,0.33822
0.82817,0.82817,0.82817,0.82817,0.82817
0.52654,0.52654,0.52654,0.52654,0.52654
0.92239,0.92239,0.92239,0.92239,0.92239
0.26486,0.26486,0.26486,0.26486,0.26486
0.72042,0.72042,0.72042,0.72042,0.72042
0.74524,0.74524,0.74524,0.74524,0.74524
0.70247,0.70247,0.70247,0.70247,0.70247
0.77332,0.77332,0.77332,0.77332,0.77332
0.6486,0.6486,0.6486,0.6486,0.6486
0.8433,0.8433,0.8433,0.8433,0.8433
0.48894,0.48894,0.48894,0.48894,0.48894
0.92455,0.92455,0.92455,0.92455,0.92455
0.25811,0.25811,0.25811,0.25811,0.25811
0.70851,0.70851,0.70851,0.70851,0.70851
0.76413,0.76413,0.76413,0.76413,0.76413
0.66686,0.66686,0.66686,0.66686,0.66686
0.82198,0.82198,0.82198,0.82198,0.82198
0.54142,0.54142,0.54142,0.54142,0.54142
0.91865,0.91865,0.91865,0.91865,0.91865
0.2765,0.2765,0.2765,0.2765,0.2765
0.74018,0.74018,0.74018,0.74018,0.74018
0.71157,0.71157,0.71157,0.71157,0.71157
0.75938,0.75938,0.75938,0.75938,0.75938
0.67607,0.67607,0.67607,0.67607,0.67607
0.8103,0.8103,0.8103,0.8103,0.8103
0.56874,0.56874,0.56874,0.56874,0.56874
0.90752,0.90752,0.90752,0.90752,0.90752
0.31053,0.31053,0.31053,0.31053,0.31053
0.79218,0.79218,0.79218,0.79218,0.79218
0.60913,0.60913,0.60913,0.60913,0.60913
0.88093,0.88093,0.88093,0.88093,0.88093
0.38809,0.38809,0.38809,0.38809,0.38809
0.87866,0.87866,0.87866,0.87866,0.87866
0.39447,0.39447,0.39447,0.39447,0.39447
0.88379,0.88379,0.88379,0.88379,0.88379
0.38,0.38,0.38,0.38,0.38
0.87172,0.87172,0.87172,0.87172,0.87172
0.41376,0.41376,0.41376,0.41376,0.41376
0.89748,0.89748,0.89748,0.89748,0.89748
0.34043,0.34043,0.34043,0.34043,0.34043
0.83079,0.83079,0.83079,0.83079,0.83079
0.52014,0.52014,0.52014,0.52014,0.52014
0.9235,0.9235,0.9235,0.9235,0.9235
0.2614,0.2614,0.2614,0.2614,0.2614
0.71436,0.71436,0.71436,0.71436,0.71436
0.75499,0.75499,0.75499,0.75499,0.75499
0.68443,0.68443,0.68443,0.68443,0.68443
0.79915,0.79915,0.79915,0.79915,0.79915
0.59389,0.59389,0.59389,0.59389,0.59389
0.89239,0.89239,0.89239,0.89239,0.89239
0.35532,0.35532,0.35532,0.35532,0.35532
0.84756,0.84756,0.84756,0.84756,0.84756
0.47806,0.47806,0.47806,0.47806,0.47806
0.92322,0.92322,0.92322,0.92322,0.92322
0.26228,0.26228,0.26228,0.26228,0.26228
0.7159,0.7159,0.7159,0.7159,0.7159
0.75253,0.75253,0.75253,0.75253,0.75253
0.68906,0.68906,0.68906,0.68906,0.68906
0.79276,0.79276,0.79276,0.79276,0.79276
0.60789,0.60789,0.60789,0.60789,0.60789
0.88193,0.88193,0.88193,0.88193,0.88193
0.38527,0.38527,0.38527,0.38527,0.38527
0.8763,0.8763,0.8763,0.8763,0.8763
0.40107,0.40107,0.40107,0.40107,0.40107
0.88879,0.88879,0.88879,0.88879,0.88879
0.36572,0.36572,0.36572,0.36572,0.36572
0.85828,0.85828,0.85828,0.85828,0.85828
0.45004,0.45004,0.45004,0.45004,0.45004
0.91577,0.91577,0.91577,0.91577,0.91577
0.28541,0.28541,0.28541,0.28541,0.28541
0.75462,0.75462,0.75462,0.75462,0.75462
0.68512,0.68512,0.68512,0.68512,0.68512
0.7982,0.7982,0.7982,0.7982,0.7982
0.59598,0.59598,0.59598,0.59598,0.59598
0.89091,0.89091,0.89091,0.89091,0.89091
0.35959,0.35959,0.35959,0.35959,0.35959
0.85206,0.85206,0.85206,0.85206,0.85206
0.4664,0.4664,0.4664,0.4664,0.4664
0.92082,0.92082,0.92082,0.92082,0.92082
0.26976,0.26976,0.26976,0.26976,0.26976
0.72886,0.72886,0.72886,0.72886,0.72886
0.73121,0.73121,0.73121,0.73121,0.73121
0.72721,0.72721,0.72721,0.72721,0.72721
0.73398,0.73398,0.73398,0.73398,0.73398
0.72243,0.72243,0.72243,0.72243,0.72243
0.74194,0.74194,0.74194,0.74194,0.74194
0.70842,0.70842,0.70842,0.70842,0.70842
0.76428,0.76428,0.76428,0.76428,0.76428
0.66659,0.66659,0.66659,0.66659,0.66659
0.82232,0.82232,0.82232,0.82232,0.82232
0.5406,0.5406,0.5406,0.5406,0.5406
0.9189,0.9189,0.9189,0.9189,0.9189
0.27573,0.27573,0.27573,0.27573,0.27573
0.73891,0.73891,0.73891,0.73891,0.73891
0.71381,0.71381,0.71381,0.71381,0.71381
0.75585,0.75585,0.75585,0.75585,0.75585
0.6828,0.6828,0.6828,0.6828,0.6828
0.80136,0.80136,0.80136,0.80136,0.80136
0.58897,0.58897,0.58897,0.58897,0.58897
0.89571,0.89571,0.89571,0.89571,0.89571
0.34562,0.34562,0.34562,0.34562,0.34562
0.83682,0.83682,0.83682,0.83682,0.83682
0.50524,0.50524,0.50524,0.50524,0.50524
0.9249,0.9249,0.9249,0.9249,0.9249
0.25701,0.25701,0.25701,0.25701,0.25701
0.70653,0.70653,0.70653,0.70653,0.70653
0.76717,0.76717,0.76717,0.76717,0.76717
0.66089,0.66089,0.66089,0.66089,0.66089
0.82923,0.82923,0.82923,0.82923,0.82923
0.52395,0.52395,0.52395,0.52395,0.52395
0.92288,0.92288,0.92288,0.92288,0.92288
0.26335,0.26335,0.26335,0.26335,0.26335
0.71778,0.71778,0.71778,0.71778,0.71778
0.74951,0.74951,0.74951,0.74951,0.74951
0.69465,0.69465,0.69465,0.69465,0.69465
0.78481,0.78481,0.78481,0.78481,0.78481
0.62486,0.62486,0.62486,0.62486,0.62486
0.86732,0.86732,0.86732,0.86732,0.86732
0.42579,0.42579,0.42579,0.42579,0.42579
0.90462,0.90462,0.90462,0.90462,0.90462
0.31923,0.31923,0.31923,0.31923,0.31923
0.8041,0.8041,0.8041,0.8041,0.8041
0.58285,0.58285,0.58285,0.58285,0.58285
0.89961,0.89961,0.89961,0.89961,0.89961
0.33417,0.33417,0.33417,0.33417,0.33417
0.82325,0.82325,0.82325,0.82325,0.82325
0.53839,0.53839,0.53839,0.53839,0.53839
0.91955,0.91955,0.91955,0.91955,0.91955
0.27372,0.27372,0.27372,0.27372,0.27372
0.73556,0.73556,0.73556,0.73556,0.73556
0.7197,0.7197,0.7197,0.7197,0.7197
0.74641,0.74641,0.74641,0.74641,0.74641
0.70034,0.70034,0.70034,0.70034,0.70034
0.7765,0.7765,0.7765,0.7765,0.7765
0.64213,0.64213,0.64213,0.64213,0.64213
0.85025,0.85025,0.85025,0.85025,0.85025
0.47109,0.47109,0.47109,0.47109,0.47109
0.92191,0.92191,0.92191,0.92191,0.92191
0.26638,0.26638,0.26638,0.26638,0.26638
0.72306,0.72306,0.72306,0.72306,0.72306
0.74091,0.74091,0.74091,0.74091,0.74091
0.71026,0.71026,0.71026,0.71026,0.71026
0.76142,0.76142,0.76142,0.76142,0.76142
0.67214,0.67214,0.67214,0.67214,0.67214
0.81536,0.81536,0.81536,0.81536,0.81536
0.55702,0.55702,0.55702,0.55702,0.55702
0.91297,0.91297,0.91297,0.91297,0.91297
0.29399,0.29399,0.29399,0.29399,0.29399
0.76797,0.76797,0.76797,0.76797,0.76797
0.65931,0.65931,0.65931,0.65931,0.65931
0.83109,0.83109,0.83109,0.83109,0.83109
0.5194,0.5194,0.5194,0.5194,0.5194
0.92361,0.92361,0.92361,0.92361,0.92361
0.26106,0.26106,0.26106,0.26106,0.26106
0.71376,0.71376,0.71376,0.71376,0.71376
0.75594,0.75594,0.75594,0.75594,0.75594
0.68263,0.68263,0.68263,0.68263,0.68263
0.80159,0.80159,0.80159,0.80159,0.80159
0.58847,0.58847,0.58847,0.58847,0.58847
0.89604,0.89604,0.89604,0.89604,0.89604
0.34467,0.34467,0.34467,0.34467,0.34467
0.83572,0.83572,0.83572,0.83572,0.83572
0.50797,0.50797,0.50797,0.50797,0.50797
0.92476,0.92476,0.92476,0.92476,0.92476
0.25743,0.25743,0.25743,0.25743,0.25743
0.70729,0.70729,0.70729,0.70729,0.70729
0.76602,0.76602,0.76602,0.76602,0.76602
0.66316,0.66316,0.66316,0.66316,0.66316
0.8265,0.8265,0.8265,0.8265,0.8265
0.53057,0.53057,0.53057,0.53057,0.53057
0.92154,0.92154,0.92154,0.92154,0.92154
0.26752,0.26752,0.26752,0.26752,0.26752
0.72503,0.72503,0.72503,0.72503,0.72503
0.73764,0.73764,0.73764,0.73764,0.73764
0.71605,0.71605,0.71605,0.71605,0.71605
0.7523,0.7523,0.7523,0.7523,0.7523
0.68947,0.68947,0.68947,0.68947,0.68947
0.79217,0.79217,0.79217,0.79217,0.79217
0.60916,0.60916,0.60916,0.60916,0.60916
0.88091,0.88091,0.88091,0.88091,0.88091
0.38816,0.38816,0.38816,0.38816,0.38816
0.87872,0.87872,0.87872,0.87872,0.87872
0.39432,0.39432,0.39432,0.39432,0.39432
0.88368,0.88368,0.88368,0.88368,0.88368
0.38033,0.38033,0.38033,0.38033,0.38033
0.87202,0.87202,0.87202,0.87202,0.87202
0.41294,0.41294,0.41294,0.41294,0.41294
0.89695,0.89695,0.89695,0.89695,0.89695
0.34199,0.34199,0.34199,0.34199,0.34199
0.83262,0.83262,0.83262,0.83262,0.83262
0.51566,0.51566,0.51566,0.51566,0.51566
0.92409,0.92409,0.92409,0.92409,0.92409
0.25954,0.25954,0.25954,0.25954,0.25954
0.71106,0.71106,0.71106,0.71106,0.71106
0.76018,0.76018,0.76018,0.76018,0.76018
0.67453,0.67453,0.67453,0.67453,0.67453
0.8123,0.8123,0.8123,0.8123,0.8123
0.56414,0.56414,0.56414,0.56414,0.56414
0.90978,0.90978,0.90978,0.90978,0.90978
0.3037,0.3037,0.3037,0.3037,0.3037
0.78242,0.78242,0.78242,0.78242,0.78242
0.62988,0.62988,0.62988,0.62988,0.62988
0.86259,0.86259,0.86259,0.86259,0.86259
0.43857,0.43857,0.43857,0.43857,0.43857
0.91104,0.91104,0.91104,0.91104,0.91104
0.29988,0.29988,0.29988,0.29988,0.29988
0.77683,0.77683,0.77683,0.77683,0.77683
0.64145,0.64145,0.64145,0.64145,0.64145
0.85097,0.85097,0.85097,0.85097,0.85097
0.46924,0.46924,0.46924,0.46924,0.46924
0.9215,0.9215,0.9215,0.9215,0.9215
0.26765,0.26765,0.26765,0.26765,0.26765
0.72525,0.72525,0.72525,0.72525,0.72525
0.73727,0.73727,0.73727,0.73727,0.73727
0.71669,0.71669,0.71669,0.71669,0.71669
0.75126,0.75126,0.75126,0.75126,0.75126
0.69141,0.69141,0.69141,0.69141,0.69141
0.78944,0.78944,0.78944,0.78944,0.78944
0.61502,0.61502,0.61502,0.61502,0.61502
0.87605,0.87605,0.87605,0.87605,0.87605
0.40177,0.40177,0.40177,0.40177,0.40177
0.8893,0.8893,0.8893,0.8893,0.8893
0.36425,0.36425,0.36425,0.36425,0.36425
0.85682,0.85682,0.85682,0.85682,0.85682
0.45391,0.45391,0.45391,0.45391,0.45391
0.91714,0.91714,0.91714,0.91714,0.91714
0.28117,0.28117,0.28117,0.28117,0.28117
0.74783,0.74783,0.74783,0.74783,0.74783
0.69775,0.69775,0.69775,0.69775,0.69775
0.78031,0.78031,0.78031,0.78031,0.78031
0.63428,0.63428,0.63428,0.63428,0.63428
0.85828,0.85828,0.85828,0.85828,0.85828
0.45005,0.45005,0.45005,0.45005,0.45005
0.91577,0.91577,0.91577,0.91577,0.91577
0.2854,0.2854,0.2854,0.2854,0.2854
0.75461,0.75461,0.75461,0.75461,0.75461
0.68514,0.68514,0.68514,0.68514,0.68514
0.79817,0.79817,0.79817,0.79817,0.79817
0.59605,0.59605,0.59605,0.59605,0.59605
0.89087,0.89087,0.89087,0.89087,0.89087
0.35972,0.35972,0.35972,0.35972,0.35972
0.85219,0.85219,0.85219,0.85219,0.85219
0.46605,0.46605,0.46605,0.46605,0.46605
0.92074,0.92074,0.92074,0.92074,0.92074
0.27003,0.27003,0.27003,0.27003,0.27003
0.72932,0.72932,0.72932,0.72932,0.72932
0.73043,0.73043,0.73043,0.73043,0.73043
0.72855,0.72855,0.72855,0.72855,0.72855
0.73174,0.73174,0.73174,0.73174,0.73174
0.7263,0.7263,0.7263,0.7263,0.7263
0.73551,0.73551,0.73551,0.73551,0.73551
0.71977,0.71977,0.71977,0.71977,0.71977
0.74629,0.74629,0.74629,0.74629,0.74629
0.70057,0.70057,0.70057,0.70057,0.70057
0.77616,0.77616,0.77616,0.77616,0.77616
0.64282,0.64282,0.64282,0.64282,0.64282
0.84953,0.84953,0.84953,0.84953,0.84953
0.47297,0.47297,0.47297,0.47297,0.47297
0.9223,0.9223,0.9223,0.9223,0.9223
0.26517,0.26517,0.26517,0.26517,0.26517
0.72095,0.72095,0.72095,0.72095,0.72095
0.74436,0.74436,0.74436,0.74436,0.74436
0.70406,0.70406,0.70406,0.70406,0.70406
0.77093,0.77093,0.77093,0.77093,0.77093
0.65341,0.65341,0.65341,0.65341,0.65341
0.83792,0.83792,0.83792,0.83792,0.83792
0.5025,0.5025,0.5025,0.5025,0.5025
0.92498,0.92498,0.92498,0.92498,0.92498
0.25676,0.25676,0.25676,0.25676,0.25676
0.70609,0.70609,0.70609,0.70609,0.70609
0.76785,0.76785,0.76785,0.76785,0.76785
0.65954,0.65954,0.65954,0.65954,0.65954
0.83082,0.83082,0.83082,0.83082,0.83082
0.52006,0.52006,0.52006,0.52006,0.52006
0.92351,0.92351,0.92351,0.92351,0.92351
0.26136,0.26136,0.26136,0.26136,0.26136
0.71429,0.71429,0.71429,0.71429,0.71429
0.7551,0.7551,0.7551,0.7551,0.7551
0.68423,0.68423,0.68423,0.68423,0.68423
0.79942,0.79942,0.79942,0.79942,0.79942
0.59328,0.59328,0.59328,0.59328,0.59328
0.89281,0.89281,0.89281,0.89281,0.89281
0.3541,0.3541,0.3541,0.3541,0.3541
0.84624,0.84624,0.84624,0.84624,0.84624
0.48143,0.48143,0.48143,0.48143,0.48143
0.92372,0.92372,0.92372,0.92372,0.92372
0.2607,0.2607,0.2607,0.2607,0.2607
0.71311,0.71311,0.71311,0.71311,0.71311
0.75696,0.75696,0.75696,0.75696,0.75696
0.6807,0.6807,0.6807,0.6807,0.6807
0.80418,0.80418,0.80418,0.80418,0.80418
0.58265,0.58265,0.58265,0.58265,0.58265
0.89972,0.89972,0.89972,0.89972,0.89972
0.33382,0.33382,0.33382,0.33382,0.33382
0.82282,0.82282,0.82282,0.82282,0.82282
0.53941,0.53941,0.53941,0.53941,0.53941
0.91925,0.91925,0.91925,0.91925,0.91925
0.27463,0.27463,0.27463,0.27463,0.27463
0.73708,0.73708,0.73708,0.73708,0.73708
0.71704,0.71704,0.71704,0.71704,0.71704
0.75071,0.75071,0.75071,0.75071,0.75071
0.69243,0.69243,0.69243,0.69243,0.69243
0.78799,0.78799,0.78799,0.78799,0.78799
0.61814,0.61814,0.61814,0.61814,0.61814
0.87336,0.87336,0.87336,0.87336,0.87336
0.40923,0.40923,0.40923,0.40923,0.40923
0.89451,0.89451,0.89451,0.89451,0.89451
0.34913,0.34913,0.34913,0.34913,0.34913
0.84078,0.84078,0.84078,0.84078,0.84078
0.49531,0.49531,0.49531,0.49531,0.49531
0.92492,0.92492,0.92492,0.92492,0.92492
0.25694,0.25694,0.25694,0.25694,0.25694
0.70642,0.70642,0.70642,0.70642,0.70642
0.76735,0.76735,0.76735,0.76735,0.76735
0.66054,0.66054,0.66054,0.66054,0.66054
0.82964,0.82964,0.82964,0.82964,0.82964
0.52295,0.52295,0.52295,0.52295,0.52295
0.92305,0.92305,0.92305,0.92305,0.92305
0.2628,0.2628,0.2628,0.2628,0.2628
0.71683,0.71683,0.71683,0.71683,0.71683
0.75105,0.75105,0.75105,0.75105,0.75105
0.6918,0.6918,0.6918,0.6918,0.6918
0.78888,0.78888,0.78888,0.78888,0.78888
0.61623,0.61623,0.61623,0.61623,0.61623
0.87502,0.87502,0.87502,0.87502,0.87502
0.40464,0.40464,0.40464,0.40464,0.40464
0.89135,0.89135,0.89135,0.89135,0.89135
0.35832,0.35832,0.35832,0.35832,0.35832
0.85073,0.85073,0.85073,0.85073,0.85073
0.46985,0.46985,0.46985,0.46985,0.46985
0.92164,0.92164,0.92164,0.92164,0.92164
0.26723,0.26723,0.26723,0.26723,0.26723
0.72452,0.72452,0.72452,0.72452,0.72452
0.73849,0.73849,0.73849,0.73849,0.73849
0.71456,0.71456,0.71456,0.71456,0.71456
0.75467,0.75467,0.75467,0.75467,0.75467
0.68503,0.68503,0.68503,0.68503,0.68503
0.79833,0.79833,0.79833,0.79833,0.79833
0.5957,0.5957,0.5957,0.5957,0.5957
0.89111,0.89111,0.89111,0.89111,0.89111
0.35902,0.35902,0.35902,0.35902,0.35902
0.85146,0.85146,0.85146,0.85146,0.85146
0.46797,0.46797,0.46797,0.46797,0.46797
0.9212,0.9212,0.9212,0.9212,0.9212
0.26857,0.26857,0.26857,0.26857,0.26857
0.72683,0.72683,0.72683,0.72683,0.72683
0.73462,0.73462,0.73462,0.73462,0.73462
0.72133,0.72133,0.72133,0.72133,0.72133
0.74375,0.74375,0.74375,0.74375,0.74375
0.70517,0.70517,0.70517,0.70517,0.70517
0.76926,0.76926,0.76926,0.76926,0.76926
0.65675,0.65675,0.65675,0.65675,0.65675
0.83409,0.83409,0.83409,0.83409,0.83409
0.51203,0.51203,0.51203,0.51203,0.51203
0.92446,0.92446,0.92446,0.92446,0.92446
0.25837,0.25837,0.25837,0.25837,0.25837
0.70898,0.70898,0.70898,0.70898,0.70898
0.76342,0.76342,0.76342,0.76342,0.76342
0.66826,0.66826,0.66826,0.66826,0.66826
0.82024,0.82024,0.82024,0.82024,0.82024
0.54554,0.54554,0.54554,0.54554,0.54554
0.91733,0.91733,0.91733,0.91733,0.91733
0.2806,0.2806,0.2806,0.2806,0.2806
0.7469,0.7469,0.7469,0.7469,0.7469
0.69944,0.69944,0.69944,0.69944,0.69944
0.77782,0.77782,0.77782,0.77782,0.77782
0.63941,0.63941,0.63941,0.63941,0.63941
0.85309,0.85309,0.85309,0.85309,0.85309
0.46372,0.46372,0.46372,0.46372,0.46372
0.92013,0.92013,0.92013,0.92013,0.92013
0.27191,0.27191,0.27191,0.27191,0.27191
0.73252,0.73252,0.73252,0.73252,0.73252
0.72496,0.72496,0.72496,0.72496,0.72496
0.73775,0.73775,0.73775,0.73775,0.73775
0.71586,0.71586,0.71586,0.71586,0.71586
0.75259,0.75259,0.75259,0.75259,0.75259
0.68894,0.68894,0.68894,0.68894,0.68894
0.79292,0.79292,0.79292,0.79292,0.79292
0.60753,0.60753,0.60753,0.60753,0.60753
0.88222,0.88222,0.88222,0.88222,0.88222
0.38446,0.38446,0.38446,0.38446,0.38446
0.8756,0.8756,0.8756,0.8756,0.8756
0.40301,0.40301,0.40301,0.40301,0.40301
0.8902,0.8902,0.8902,0.8902,0.8902
0.36166,0.36166,0.36166,0.36166,0.36166
0.85419,0.85419,0.85419,0.85419,0.85419
0.46083,0.46083,0.46083,0.46083,0.46083
0.91932,0.91932,0.91932,0.91932,0.91932
0.27442,0.27442,0.27442,0.27442,0.27442
0.73673,0.73673,0.73673,0.73673,0.73673
0.71765,0.71765,0.71765,0.71765,0.71765
0.74972,0.74972,0.74972,0.74972,0.74972
0.69427,0.69427,0.69427,0.69427,0.69427
0.78536,0.78536,0.78536,0.78536,0.78536
0.6237,0.6237,0.6237,0.6237,0.6237
0.86838,0.86838,0.86838,0.86838,0.86838
0.42289,0.42289,0.42289,0.42289,0.42289
0.903,0.903,0.903,0.903,0.903
0.32409,0.32409,0.32409,0.32409,0.32409
0.8105,0.8105,0.8105,0.8105,0.8105
0.56828,0.56828,0.56828,0.56828,0.56828
0.90775,0.90775,0.90775,0.90775,0.90775
0.30983,0.30983,0.30983,0.30983,0.30983
0.7912,0.7912,0.7912,0.7912,0.7912
0.61126,0.61126,0.61126,0.61126,0.61126
0.8792,0.8792,0.8792,0.8792,0.8792
0.39297,0.39297,0.39297,0.39297,0.39297
0.88261,0.88261,0.88261,0.88261,0.88261
0.38335,0.38335,0.38335,0.38335,0.38335
0.87465,0.87465,0.87465,0.87465,0.87465
0.40565,0.40565,0.40565,0.40565,0.40565
0.89206,0.89206,0.89206,0.89206,0.89206
0.35626,0.35626,0.35626,0.35626,0.35626
0.84855,0.84855,0.84855,0.84855,0.84855
0.47549,0.47549,0.47549,0.47549,0.47549
0.92278,0.92278,0.92278,0.92278,0.92278
0.26366,0.26366,0.26366,0.26366,0.26366
0.71833,0.71833,0.71833,0.71833,0.71833
0.74863,0.74863,0.74863,0.74863,0.74863
0.69627,0.69627,0.69627,0.69627,0.69627
0.78247,0.78247,0.78247,0.78247,0.78247
0.62978,0.62978,0.62978,0.62978,0.62978
0.86268,0.86268,0.86268,0.86268,0.86268
0.43832,0.43832,0.43832,0.43832,0.43832
0.91092,0.91092,0.91092,0.91092,0.91092
