0.1,0.2,0.3,0.5,0.6
0.1503,0.1377,0.18585,0.20925,0.1719
0.11672,0.11995,0.13038,0.13718,0.13078
0.096898,0.096693,0.10115,0.10348,0.10045
0.079605,0.079787,0.081284,0.082152,0.081187
0.066408,0.066426,0.067042,0.06738,0.066972
0.055957,0.055975,0.056217,0.056353,0.056195
0.047615,0.04762,0.047721,0.047777,0.047711
0.040842,0.040845,0.040887,0.04091,0.040883
0.035269,0.03527,0.035288,0.035298,0.035286
0.030628,0.030628,0.030636,0.030641,0.030636
0.026723,0.026723,0.026727,0.026729,0.026727
0.023409,0.023409,0.023411,0.023412,0.023411
0.020576,0.020576,0.020576,0.020577,0.020576
0.018137,0.018137,0.018138,0.018138,0.018138
0.016028,0.016028,0.016028,0.016028,0.016028
0.014194,0.014194,0.014194,0.014194,0.014194
0.012593,0.012593,0.012593,0.012593,0.012593
0.011191,0.011191,0.011191,0.011191,0.011191
0.0099592,0.0099592,0.0099592,0.0099592,0.0099592
0.008874,0.008874,0.008874,0.008874,0.008874
0.0079157,0.0079157,0.0079157,0.0079157,0.0079157
0.0070677,0.0070677,0.0070677,0.0070677,0.0070677
0.006316,0.006316,0.006316,0.006316,0.006316
0.0056485,0.0056485,0.0056485,0.0056485,0.0056485
0.0050549,0.0050549,0.0050549,0.0050549,0.0050549
0.0045265,0.0045265,0.0045265,0.0045265,0.0045265
0.0040554,0.0040554,0.0040554,0.0040554,0.0040554
0.003635,0.003635,0.003635,0.003635,0.003635
0.0032596,0.0032596,0.0032596,0.0032596,0.0032596
0.0029241,0.0029241,0.0029241,0.0029241,0.0029241
0.002624,0.002624,0.002624,0.002624,0.002624
0.0023554,0.0023554,0.0023554,0.0023554,0.0023554
0.0021149,0.0021149,0.0021149,0.0021149,0.0021149
0.0018994,0.0018994,0.0018994,0.0018994,0.0018994
0.0017062,0.0017062,0.0017062,0.0017062,0.0017062
0.0015329,0.0015329,0.0015329,0.0015329,0.0015329
0.0013775,0.0013775,0.0013775,0.0013775,0.0013775
0.0012381,0.0012381,0.0012381,0.0012381,0.0012381
0.0011129,0.0011129,0.0011129,0.0011129,0.0011129
0.0010005,0.0010005,0.0010005,0.0010005,0.0010005
0.00089953,0.00089953,0.00089953,0.00089953,0.00089953
0.00080885,0.00080885,0.00080885,0.00080885,0.00080885
0.00072738,0.00072738,0.00072738,0.00072738,0.00072738
0.00065416,0.00065416,0.00065416,0.00065416,0.00065416
0.00058836,0.00058836,0.00058836,0.00058836,0.00058836
0.00052921,0.00052921,0.00052921,0.00052921,0.00052921
0.00047604,0.00047604,0.00047604,0.00047604,0.00047604
0.00042823,0.00042823,0.00042823,0.00042823,0.00042823
0.00038524,0.00038524,0.00038524,0.00038524,0.00038524
0.00034659,0.00034659,0.00034659,0.00034659,0.00034659
0.00031182,0.00031182,0.00031182,0.00031182,0.00031182
0.00028055,0.00028055,0.00028055,0.00028055,0.00028055
0.00025242,0.00025242,0.00025242,0.00025242,0.00025242
0.00022712,0.00022712,0.00022712,0.00022712,0.00022712
0.00020437,0.00020437,0.00020437,0.00020437,0.00020437
0.00018389,0.00018389,0.00018389,0.00018389,0.00018389
0.00016547,0.00016547,0.00016547,0.00016547,0.00016547
0.0001489,0.0001489,0.0001489,0.0001489,0.0001489
0.00013399,0.00013399,0.00013399,0.00013399,0.00013399
0.00012057,0.00012057,0.00012057,0.00012057,0.00012057
0.0001085,0.0001085,0.0001085,0.0001085,0.0001085
9.7643e-05,9.7643e-05,9.7643e-05,9.7643e-05,9.7643e-05
8.787e-05,8.787e-05,8.787e-05,8.787e-05,8.787e-05
7.9076e-05,7.9076e-05,7.9076e-05,7.9076e-05,7.9076e-05
7.1163e-05,7.1163e-05,7.1163e-05,7.1163e-05,7.1163e-05
6.4042e-05,6.4042e-05,6.4042e-05,6.4042e-05,6.4042e-05
5.7634e-05,5.7634e-05,5.7634e-05,5.7634e-05,5.7634e-05
5.1868e-05,5.1868e-05,5.1868e-05,5.1868e-05,5.1868e-05
4.6679e-05,4.6679e-05,4.6679e-05,4.6679e-05,4.6679e-05
4.2009e-05,4.2009e-05,4.2009e-05,4.2009e-05,4.2009e-05
3.7806e-05,3.7806e-05,3.7806e-05,3.7806e-05,3.7806e-05
3.4024e-05,3.4024e-05,3.4024e-05,3.4024e-05,3.4024e-05
3.0621e-05,3.0621e-05,3.0621e-05,3.0621e-05,3.0621e-05
2.7558e-05,2.7558e-05,2.7558e-05,2.7558e-05,2.7558e-05
2.4801e-05,2.4801e-05,2.4801e-05,2.4801e-05,2.4801e-05
2.2321e-05,2.2321e-05,2.2321e-05,2.2321e-05,2.2321e-05
2.0088e-05,2.0088e-05,2.0088e-05,2.0088e-05,2.0088e-05
1.8079e-05,1.8079e-05,1.8079e-05,1.8079e-05,1.8079e-05
1.6271e-05,1.6271e-05,1.6271e-05,1.6271e-05,1.6271e-05
1.4644e-05,1.4644e-05,1.4644e-05,1.4644e-05,1.4644e-05
1.3179e-05,1.3179e-05,1.3179e-05,1.3179e-05,1.3179e-05
1.1861e-05,1.1861e-05,1.1861e-05,1.1861e-05,1.1861e-05
1.0675e-05,1.0675e-05,1.0675e-05,1.0675e-05,1.0675e-05
9.6071e-06,9.6071e-06,9.6071e-06,9.6071e-06,9.6071e-06
8.6464e-06,8.6464e-06,8.6464e-06,8.6464e-06,8.6464e-06
7.7816e-06,7.7816e-06,7.7816e-06,7.7816e-06,7.7816e-06
7.0034e-06,7.0034e-06,7.0034e-06,7.0034e-06,7.0034e-06
6.303e-06,6.303e-06,6.303e-06,6.303e-06,6.303e-06
5.6727e-06,5.6727e-06,5.6727e-06,5.6727e-06,5.6727e-06
5.1054e-06,5.1054e-06,5.1054e-06,5.1054e-06,5.1054e-06
4.5948e-06,4.5948e-06,4.5948e-06,4.5948e-06,4.5948e-06
4.1353e-06,4.1353e-06,4.1353e-06,4.1353e-06,4.1353e-06
3.7218e-06,3.7218e-06,3.7218e-06,3.7218e-06,3.7218e-06
3.3496e-06,3.3496e-06,3.3496e-06,3.3496e-06,3.3496e-06
3.0146e-06,3.0146e-06,3.0146e-06,3.0146e-06,3.0146e-06
2.7132e-06,2.7132e-06,2.7132e-06,2.7132e-06,2.7132e-06
2.4418e-06,2.4418e-06,2.4418e-06,2.4418e-06,2.4418e-06
2.1976e-06,2.1976e-06,2.1976e-06,2.1976e-06,2.1976e-06
1.9779e-06,1.9779e-06,1.9779e-06,1.9779e-06,1.9779e-06
1.7801e-06,1.7801e-06,1.7801e-06,1.7801e-06,1.7801e-06
1.6021e-06,1.6021e-06,1.6021e-06,1.6021e-06,1.6021e-06
1.4419e-06,1.4419e-06,1.4419e-06,1.4419e-06,1.4419e-06
1.2977e-06,1.2977e-06,1.2977e-06,1.2977e-06,1.2977e-06
1.1679e-06,1.1679e-06,1.1679e-06,1.1679e-06,1.1679e-06
1.0511e-06,1.0511e-06,1.0511e-06,1.0511e-06,1.0511e-06
9.46e-07,9.46e-07,9.46e-07,9.46e-07,9.46e-07
8.514e-07,8.514e-07,8.514e-07,8.514e-07,8.514e-07
7.6626e-07,7.6626e-07,7.6626e-07,7.6626e-07,7.6626e-07
6.8963e-07,6.8963e-07,6.8963e-07,6.8963e-07,6.8963e-07
6.2067e-07,6.2067e-07,6.2067e-07,6.2067e-07,6.2067e-07
5.586e-07,5.586e-07,5.586e-07,5.586e-07,5.586e-07
5.0274e-07,5.0274e-07,5.0274e-07,5.0274e-07,5.0274e-07
4.5247e-07,4.5247e-07,4.5247e-07,4.5247e-07,4.5247e-07
4.0722e-07,4.0722e-07,4.0722e-07,4.0722e-07,4.0722e-07
3.665e-07,3.665e-07,3.665e-07,3.665e-07,3.665e-07
3.2985e-07,3.2985e-07,3.2985e-07,3.2985e-07,3.2985e-07
2.9686e-07,2.9686e-07,2.9686e-07,2.9686e-07,2.9686e-07
2.6718e-07,2.6718e-07,2.6718e-07,2.6718e-07,2.6718e-07
2.4046e-07,2.4046e-07,2.4046e-07,2.4046e-07,2.4046e-07
2.1641e-07,2.1641e-07,2.1641e-07,2.1641e-07,2.1641e-07
1.9477e-07,1.9477e-07,1.9477e-07,1.9477e-07,1.9477e-07
1.7529e-07,1.7529e-07,1.7529e-07,1.7529e-07,1.7529e-07
1.5777e-07,1.5777e-07,1.5777e-07,1.5777e-07,1.5777e-07
1.4199e-07,1.4199e-07,1.4199e-07,1.4199e-07,1.4199e-07
1.2779e-07,1.2779e-07,1.2779e-07,1.2779e-07,1.2779e-07
1.1501e-07,1.1501e-07,1.1501e-07,1.1501e-07,1.1501e-07
1.0351e-07,1.0351e-07,1.0351e-07,1.0351e-07,1.0351e-07
9.3159e-08,9.3159e-08,9.3159e-08,9.3159e-08,9.3159e-08
8.3843e-08,8.3843e-08,8.3843e-08,8.3843e-08,8.3843e-08
7.5459e-08,7.5459e-08,7.5459e-08,7.5459e-08,7.5459e-08
6.7913e-08,6.7913e-08,6.7913e-08,6.7913e-08,6.7913e-08
6.1121e-08,6.1121e-08,6.1121e-08,6.1121e-08,6.1121e-08
5.5009e-08,5.5009e-08,5.5009e-08,5.5009e-08,5.5009e-08
4.9508e-08,4.9508e-08,4.9508e-08,4.9508e-08,4.9508e-08
4.4558e-08,4.4558e-08,4.4558e-08,4.4558e-08,4.4558e-08
4.0102e-08,4.0102e-08,4.0102e-08,4.0102e-08,4.0102e-08
3.6092e-08,3.6092e-08,3.6092e-08,3.6092e-08,3.6092e-08
3.2482e-08,3.2482e-08,3.2482e-08,3.2482e-08,3.2482e-08
2.9234e-08,2.9234e-08,2.9234e-08,2.9234e-08,2.9234e-08
2.6311e-08,2.6311e-08,2.6311e-08,2.6311e-08,2.6311e-08
2.368e-08,2.368e-08,2.368e-08,2.368e-08,2.368e-08
2.1312e-08,2.1312e-08,2.1312e-08,2.1312e-08,2.1312e-08
1.9181e-08,1.9181e-08,1.9181e-08,1.9181e-08,1.9181e-08
1.7262e-08,1.7262e-08,1.7262e-08,1.7262e-08,1.7262e-08
1.5536e-08,1.5536e-08,1.5536e-08,1.5536e-08,1.5536e-08
1.3983e-08,1.3983e-08,1.3983e-08,1.3983e-08,1.3983e-08
1.2584e-08,1.2584e-08,1.2584e-08,1.2584e-08,1.2584e-08
1.1326e-08,1.1326e-08,1.1326e-08,1.1326e-08,1.1326e-08
1.0193e-08,1.0193e-08,1.0193e-08,1.0193e-08,1.0193e-08
9.174e-09,9.174e-09,9.174e-09,9.174e-09,9.174e-09
8.2566e-09,8.2566e-09,8.2566e-09,8.2566e-09,8.2566e-09
7.4309e-09,7.4309e-09,7.4309e-09,7.4309e-09,7.4309e-09
6.6878e-09,6.6878e-09,6.6878e-09,6.6878e-09,6.6878e-09
6.0191e-09,6.0191e-09,6.0191e-09,6.0191e-09,6.0191e-09
5.4172e-09,5.4172e-09,5.4172e-09,5.4172e-09,5.4172e-09
4.8754e-09,4.8754e-09,4.8754e-09,4.8754e-09,4.8754e-09
4.3879e-09,4.3879e-09,4.3879e-09,4.3879e-09,4.3879e-09
3.9491e-09,3.9491e-09,3.9491e-09,3.9491e-09,3.9491e-09
3.5542e-09,3.5542e-09,3.5542e-09,3.5542e-09,3.5542e-09
3.1988e-09,3.1988e-09,3.1988e-09,3.1988e-09,3.1988e-09
2.8789e-09,2.8789e-09,2.8789e-09,2.8789e-09,2.8789e-09
2.591e-09,2.591e-09,2.591e-09,2.591e-09,2.591e-09
2.3319e-09,2.3319e-09,2.3319e-09,2.3319e-09,2.3319e-09
2.0987e-09,2.0987e-09,2.0987e-09,2.0987e-09,2.0987e-09
1.8888e-09,1.8888e-09,1.8888e-09,1.8888e-09,1.8888e-09
1.7e-09,1.7e-09,1.7e-09,1.7e-09,1.7e-09
1.53e-09,1.53e-09,1.53e-09,1.53e-09,1.53e-09
1.377e-09,1.377e-09,1.377e-09,1.377e-09,1.377e-09
1.2393e-09,1.2393e-09,1.2393e-09,1.2393e-09,1.2393e-09
1.1153e-09,1.1153e-09,1.1153e-09,1.1153e-09,1.1153e-09
1.0038e-09,1.0038e-09,1.0038e-09,1.0038e-09,1.0038e-09
9.0343e-10,9.0343e-10,9.0343e-10,9.0343e-10,9.0343e-10
8.1309e-10,8.1309e-10,8.1309e-10,8.1309e-10,8.1309e-10
7.3178e-10,7.3178e-10,7.3178e-10,7.3178e-10,7.3178e-10
6.586e-10,6.586e-10,6.586e-10,6.586e-10,6.586e-10
5.9274e-10,5.9274e-10,5.9274e-10,5.9274e-10,5.9274e-10
5.3347e-10,5.3347e-10,5.3347e-10,5.3347e-10,5.3347e-10
4.8012e-10,4.8012e-10,4.8012e-10,4.8012e-10,4.8012e-10
4.3211e-10,4.3211e-10,4.3211e-10,4.3211e-10,4.3211e-10
3.889e-10,3.889e-10,3.889e-10,3.889e-10,3.889e-10
3.5001e-10,3.5001e-10,3.5001e-10,3.5001e-10,3.5001e-10
3.1501e-10,3.1501e-10,3.1501e-10,3.1501e-10,3.1501e-10
2.8351e-10,2.8351e-10,2.8351e-10,2.8351e-10,2.8351e-10
2.5515e-10,2.5515e-10,2.5515e-10,2.5515e-10,2.5515e-10
2.2964e-10,2.2964e-10,2.2964e-10,2.2964e-10,2.2964e-10
2.0668e-10,2.0668e-10,2.0668e-10,2.0668e-10,2.0668e-10
1.8601e-10,1.8601e-10,1.8601e-10,1.8601e-10,1.8601e-10
1.6741e-10,1.6741e-10,1.6741e-10,1.6741e-10,1.6741e-10
1.5067e-10,1.5067e-10,1.5067e-10,1.5067e-10,1.5067e-10
1.356e-10,1.356e-10,1.356e-10,1.356e-10,1.356e-10
1.2204e-10,1.2204e-10,1.2204e-10,1.2204e-10,1.2204e-10
1.0984e-10,1.0984e-10,1.0984e-10,1.0984e-10,1.0984e-10
9.8852e-11,9.8852e-11,9.8852e-11,9.8852e-11,9.8852e-11
8.8967e-11,8.8967e-11,8.8967e-11,8.8967e-11,8.8967e-11
8.007e-11,8.007e-11,8.007e-11,8.007e-11,8.007e-11
7.2063e-11,7.2063e-11,7.2063e-11,7.2063e-11,7.2063e-11
6.4857e-11,6.4857e-11,6.4857e-11,6.4857e-11,6.4857e-11
5.8371e-11,5.8371e-11,5.8371e-11,5.8371e-11,5.8371e-11
5.2534e-11,5.2534e-11,5.2534e-11,5.2534e-11,5.2534e-11
4.7281e-11,4.7281e-11,4.7281e-11,4.7281e-11,4.7281e-11
4.2553e-11,4.2553e-11,4.2553e-11,4.2553e-11,4.2553e-11
3.8297e-11,3.8297e-11,3.8297e-11,3.8297e-11,3.8297e-11
3.4468e-11,3.4468e-11,3.4468e-11,3.4468e-11,3.4468e-11
3.1021e-11,3.1021e-11,3.1021e-11,3.1021e-11,3.1021e-11
2.7919e-11,2.7919e-11,2.7919e-11,2.7919e-11,2.7919e-11
2.5127e-11,2.5127e-11,2.5127e-11,2.5127e-11,2.5127e-11
2.2614e-11,2.2614e-11,2.2614e-11,2.2614e-11,2.2614e-11
2.0353e-11,2.0353e-11,2.0353e-11,2.0353e-11,2.0353e-11
1.8318e-11,1.8318e-11,1.8318e-11,1.8318e-11,1.8318e-11
1.6486e-11,1.6486e-11,1.6486e-11,1.6486e-11,1.6486e-11
1.4837e-11,1.4837e-11,1.4837e-11,1.4837e-11,1.4837e-11
1.3353e-11,1.3353e-11,1.3353e-11,1.3353e-11,1.3353e-11
1.2018e-11,1.2018e-11,1.2018e-11,1.2018e-11,1.2018e-11
1.0816e-11,1.0816e-11,1.0816e-11,1.0816e-11,1.0816e-11
9.7347e-12,9.7347e-12,9.7347e-12,9.7347e-12,9.7347e-12
8.7612e-12,8.7612e-12,8.7612e-12,8.7612e-12,8.7612e-12
7.8851e-12,7.8851e-12,7.8851e-12,7.8851e-12,7.8851e-12
7.0966e-12,7.0966e-12,7.0966e-12,7.0966e-12,7.0966e-12
6.3869e-12,6.3869e-12,6.3869e-12,6.3869e-12,6.3869e-12
5.7482e-12,5.7482e-12,5.7482e-12,5.7482e-12,5.7482e-12
5.1734e-12,5.1734e-12,5.1734e-12,5.1734e-12,5.1734e-12
4.6561e-12,4.6561e-12,4.6561e-12,4.6561e-12,4.6561e-12
4.1905e-12,4.1905e-12,4.1905e-12,4.1905e-12,4.1905e-12
3.7714e-12,3.7714e-12,3.7714e-12,3.7714e-12,3.7714e-12
3.3943e-12,3.3943e-12,3.3943e-12,3.3943e-12,3.3943e-12
3.0548e-12,3.0548e-12,3.0548e-12,3.0548e-12,3.0548e-12
2.7494e-12,2.7494e-12,2.7494e-12,2.7494e-12,2.7494e-12
2.4744e-12,2.4744e-12,2.4744e-12,2.4744e-12,2.4744e-12
2.227e-12,2.227e-12,2.227e-12,2.227e-12,2.227e-12
2.0043e-12,2.0043e-12,2.0043e-12,2.0043e-12,2.0043e-12
1.8039e-12,1.8039e-12,1.8039e-12,1.8039e-12,1.8039e-12
1.6235e-12,1.6235e-12,1.6235e-12,1.6235e-12,1.6235e-12
1.4611e-12,1.4611e-12,1.4611e-12,1.4611e-12,1.4611e-12
1.315e-12,1.315e-12,1.315e-12,1.315e-12,1.315e-12
1.1835e-12,1.1835e-12,1.1835e-12,1.1835e-12,1.1835e-12
1.0652e-12,1.0652e-12,1.0652e-12,1.0652e-12,1.0652e-12
9.5864e-13,9.5864e-13,9.5864e-13,9.5864e-13,9.5864e-13
8.6278e-13,8.6278e-13,8.6278e-13,8.6278e-13,8.6278e-13
7.765e-13,7.765e-13,7.765e-13,7.765e-13,7.765e-13
6.9885e-13,6.9885e-13,6.9885e-13,6.9885e-13,6.9885e-13
6.2897e-13,6.2897e-13,6.2897e-13,6.2897e-13,6.2897e-13
5.6607e-13,5.6607e-13,5.6607e-13,5.6607e-13,5.6607e-13
5.0946e-13,5.0946e-13,5.0946e-13,5.0946e-13,5.0946e-13
4.5852e-13,4.5852e-13,4.5852e-13,4.5852e-13,4.5852e-13
4.1266e-13,4.1266e-13,4.1266e-13,4.1266e-13,4.1266e-13
3.714e-13,3.714e-13,3.714e-13,3.714e-13,3.714e-13
3.3426e-13,3.3426e-13,3.3426e-13,3.3426e-13,3.3426e-13
3.0083e-13,3.0083e-13,3.0083e-13,3.0083e-13,3.0083e-13
2.7075e-13,2.7075e-13,2.7075e-13,2.7075e-13,2.7075e-13
2.4367e-13,2.4367e-13,2.4367e-13,2.4367e-13,2.4367e-13
2.1931e-13,2.1931e-13,2.1931e-13,2.1931e-13,2.1931e-13
1.9738e-13,1.9738e-13,1.9738e-13,1.9738e-13,1.9738e-13
1.7764e-13,1.7764e-13,1.7764e-13,1.7764e-13,1.7764e-13
1.5987e-13,1.5987e-13,1.5987e-13,1.5987e-13,1.5987e-13
1.4389e-13,1.4389e-13,1.4389e-13,1.4389e-13,1.4389e-13
1.295e-13,1.295e-13,1.295e-13,1.295e-13,1.295e-13
1.1655e-13,1.1655e-13,1.1655e-13,1.1655e-13,1.1655e-13
1.0489e-13,1.0489e-13,1.0489e-13,1.0489e-13,1.0489e-13
9.4404e-14,9.4404e-14,9.4404e-14,9.4404e-14,9.4404e-14
8.4964e-14,8.4964e-14,8.4964e-14,8.4964e-14,8.4964e-14
7.6468e-14,7.6468e-14,7.6468e-14,7.6468e-14,7.6468e-14
6.8821e-14,6.8821e-14,6.8821e-14,6.8821e-14,6.8821e-14
6.1939e-14,6.1939e-14,6.1939e-14,6.1939e-14,6.1939e-14
5.5745e-14,5.5745e-14,5.5745e-14,5.5745e-14,5.5745e-14
5.017e-14,5.017e-14,5.017e-14,5.017e-14,5.017e-14
4.5153e-14,4.5153e-14,4.5153e-14,4.5153e-14,4.5153e-14
4.0638e-14,4.0638e-14,4.0638e-14,4.0638e-14,4.0638e-14
3.6574e-14,3.6574e-14,3.6574e-14,3.6574e-14,3.6574e-14
3.2917e-14,3.2917e-14,3.2917e-14,3.2917e-14,3.2917e-14
2.9625e-14,2.9625e-14,2.9625e-14,2.9625e-14,2.9625e-14
2.6663e-14,2.6663e-14,2.6663e-14,2.6663e-14,2.6663e-14
2.3996e-14,2.3996e-14,2.3996e-14,2.3996e-14,2.3996e-14
2.1597e-14,2.1597e-14,2.1597e-14,2.1597e-14,2.1597e-14
1.9437e-14,1.9437e-14,1.9437e-14,1.9437e-14,1.9437e-14
1.7493e-14,1.7493e-14,1.7493e-14,1.7493e-14,1.7493e-14
1.5744e-14,1.5744e-14,1.5744e-14,1.5744e-14,1.5744e-14
1.417e-14,1.417e-14,1.417e-14,1.417e-14,1.417e-14
1.2753e-14,1.2753e-14,1.2753e-14,1.2753e-14,1.2753e-14
1.1477e-14,1.1477e-14,1.1477e-14,1.1477e-14,1.1477e-14
1.033e-14,1.033e-14,1.033e-14,1.033e-14,1.033e-14
9.2967e-15,9.2967e-15,9.2967e-15,9.2967e-15,9.2967e-15
8.367e-15,8.367e-15,8.367e-15,8.367e-15,8.367e-15
7.5303e-15,7.5303e-15,7.5303e-15,7.5303e-15,7.5303e-15
6.7773e-15,6.7773e-15,6.7773e-15,6.7773e-15,6.7773e-15
6.0995e-15,6.0995e-15,6.0995e-15,6.0995e-15,6.0995e-15
5.4896e-15,5.4896e-15,5.4896e-15,5.4896e-15,5.4896e-15
4.9406e-15,4.9406e-15,4.9406e-15,4.9406e-15,4.9406e-15
4.4466e-15,4.4466e-15,4.4466e-15,4.4466e-15,4.4466e-15
4.0019e-15,4.0019e-15,4.0019e-15,4.0019e-15,4.0019e-15
3.6017e-15,3.6017e-15,3.6017e-15,3.6017e-15,3.6017e-15
3.2415e-15,3.2415e-15,3.2415e-15,3.2415e-15,3.2415e-15
2.9174e-15,2.9174e-15,2.9174e-15,2.9174e-15,2.9174e-15
2.6257e-15,2.6257e-15,2.6257e-15,2.6257e-15,2.6257e-15
2.3631e-15,2.3631e-15,2.3631e-15,2.3631e-15,2.3631e-15
2.1268e-15,2.1268e-15,2.1268e-15,2.1268e-15,2.1268e-15
1.9141e-15,1.9141e-15,1.9141e-15,1.9141e-15,1.9141e-15
1.7227e-15,1.7227e-15,1.7227e-15,1.7227e-15,1.7227e-15
1.5504e-15,1.5504e-15,1.5504e-15,1.5504e-15,1.5504e-15
1.3954e-15,1.3954e-15,1.3954e-15,1.3954e-15,1.3954e-15
1.2558e-15,1.2558e-15,1.2558e-15,1.2558e-15,1.2558e-15
1.1303e-15,1.1303e-15,1.1303e-15,1.1303e-15,1.1303e-15
1.0172e-15,1.0172e-15,1.0172e-15,1.0172e-15,1.0172e-15
9.1551e-16,9.1551e-16,9.1551e-16,9.1551e-16,9.1551e-16
8.2396e-16,8.2396e-16,8.2396e-16,8.2396e-16,8.2396e-16
7.4156e-16,7.4156e-16,7.4156e-16,7.4156e-16,7.4156e-16
6.6741e-16,6.6741e-16,6.6741e-16,6.6741e-16,6.6741e-16
6.0067e-16,6.0067e-16,6.0067e-16,6.0067e-16,6.0067e-16
5.406e-16,5.406e-16,5.406e-16,5.406e-16,5.406e-16
4.8654e-16,4.8654e-16,4.8654e-16,4.8654e-16,4.8654e-16
4.3788e-16,4.3788e-16,4.3788e-16,4.3788e-16,4.3788e-16
3.941e-16,3.941e-16,3.941e-16,3.941e-16,3.941e-16
3.5469e-16,3.5469e-16,3.5469e-16,3.5469e-16,3.5469e-16
3.1922e-16,3.1922e-16,3.1922e-16,3.1922e-16,3.1922e-16
2.873e-16,2.873e-16,2.873e-16,2.873e-16,2.873e-16
2.5857e-16,2.5857e-16,2.5857e-16,2.5857e-16,2.5857e-16
2.3271e-16,2.3271e-16,2.3271e-16,2.3271e-16,2.3271e-16
2.0944e-16,2.0944e-16,2.0944e-16,2.0944e-16,2.0944e-16
1.885e-16,1.885e-16,1.885e-16,1.885e-16,1.885e-16
1.6965e-16,1.6965e-16,1.6965e-16,1.6965e-16,1.6965e-16
1.5268e-16,1.5268e-16,1.5268e-16,1.5268e-16,1.5268e-16
1.3741e-16,1.3741e-16,1.3741e-16,1.3741e-16,1.3741e-16
1.2367e-16,1.2367e-16,1.2367e-16,1.2367e-16,1.2367e-16
1.113e-16,1.113e-16,1.113e-16,1.113e-16,1.113e-16
1.0017e-16,1.0017e-16,1.0017e-16,1.0017e-16,1.0017e-16
9.0157e-17,9.0157e-17,9.0157e-17,9.0157e-17,9.0157e-17
8.1141e-17,8.1141e-17,8.1141e-17,8.1141e-17,8.1141e-17
7.3027e-17,7.3027e-17,7.3027e-17,7.3027e-17,7.3027e-17
6.5724e-17,6.5724e-17,6.5724e-17,6.5724e-17,6.5724e-17
5.9152e-17,5.9152e-17,5.9152e-17,5.9152e-17,5.9152e-17
5.3237e-17,5.3237e-17,5.3237e-17,5.3237e-17,5.3237e-17
4.7913e-17,4.7913e-17,4.7913e-17,4.7913e-17,4.7913e-17
4.3122e-17,4.3122e-17,4.3122e-17,4.3122e-17,4.3122e-17
3.8809e-17,3.8809e-17,3.8809e-17,3.8809e-17,3.8809e-17
3.4929e-17,3.4929e-17,3.4929e-17,3.4929e-17,3.4929e-17
3.1436e-17,3.1436e-17,3.1436e-17,3.1436e-17,3.1436e-17
2.8292e-17,2.8292e-17,2.8292e-17,2.8292e-17,2.8292e-17
2.5463e-17,2.5463e-17,2.5463e-17,2.5463e-17,2.5463e-17
2.2917e-17,2.2917e-17,2.2917e-17,2.2917e-17,2.2917e-17
2.0625e-17,2.0625e-17,2.0625e-17,2.0625e-17,2.0625e-17
1.8562e-17,1.8562e-17,1.8562e-17,1.8562e-17,1.8562e-17
1.6706e-17,1.6706e-17,1.6706e-17,1.6706e-17,1.6706e-17
1.5036e-17,1.5036e-17,1.5036e-17,1.5036e-17,1.5036e-17
1.3532e-17,1.3532e-17,1.3532e-17,1.3532e-17,1.3532e-17
1.2179e-17,1.2179e-17,1.2179e-17,1.2179e-17,1.2179e-17
1.0961e-17,1.0961e-17,1.0961e-17,1.0961e-17,1.0961e-17
9.8648e-18,9.8648e-18,9.8648e-18,9.8648e-18,9.8648e-18
8.8784e-18,8.8784e-18,8.8784e-18,8.8784e-18,8.8784e-18
7.9905e-18,7.9905e-18,7.9905e-18,7.9905e-18,7.9905e-18
7.1915e-18,7.1915e-18,7.1915e-18,7.1915e-18,7.1915e-18
6.4723e-18,6.4723e-18,6.4723e-18,6.4723e-18,6.4723e-18
5.8251e-18,5.8251e-18,5.8251e-18,5.8251e-18,5.8251e-18
5.2426e-18,5.2426e-18,5.2426e-18,5.2426e-18,5.2426e-18
4.7183e-18,4.7183e-18,4.7183e-18,4.7183e-18,4.7183e-18
4.2465e-18,4.2465e-18,4.2465e-18,4.2465e-18,4.2465e-18
3.8218e-18,3.8218e-18,3.8218e-18,3.8218e-18,3.8218e-18
3.4397e-18,3.4397e-18,3.4397e-18,3.4397e-18,3.4397e-18
3.0957e-18,3.0957e-18,3.0957e-18,3.0957e-18,3.0957e-18
2.7861e-18,2.7861e-18,2.7861e-18,2.7861e-18,2.7861e-18
2.5075e-18,2.5075e-18,2.5075e-18,2.5075e-18,2.5075e-18
2.2568e-18,2.2568e-18,2.2568e-18,2.2568e-18,2.2568e-18
2.0311e-18,2.0311e-18,2.0311e-18,2.0311e-18,2.0311e-18
1.828e-18,1.828e-18,1.828e-18,1.828e-18,1.828e-18
1.6452e-18,1.6452e-18,1.6452e-18,1.6452e-18,1.6452e-18
1.4807e-18,1.4807e-18,1.4807e-18,1.4807e-18,1.4807e-18
1.3326e-18,1.3326e-18,1.3326e-18,1.3326e-18,1.3326e-18
1.1993e-18,1.1993e-18,1.1993e-18,1.1993e-18,1.1993e-18
1.0794e-18,1.0794e-18,1.0794e-18,1.0794e-18,1.0794e-18
9.7146e-19,9.7146e-19,9.7146e-19,9.7146e-19,9.7146e-19
8.7432e-19,8.7432e-19,8.7432e-19,8.7432e-19,8.7432e-19
7.8688e-19,7.8688e-19,7.8688e-19,7.8688e-19,7.8688e-19
7.082e-19,7.082e-19,7.082e-19,7.082e-19,7.082e-19
6.3738e-19,6.3738e-19,6.3738e-19,6.3738e-19,6.3738e-19
5.7364e-19,5.7364e-19,5.7364e-19,5.7364e-19,5.7364e-19
5.1627e-19,5.1627e-19,5.1627e-19,5.1627e-19,5.1627e-19
4.6465e-19,4.6465e-19,4.6465e-19,4.6465e-19,4.6465e-19
4.1818e-19,4.1818e-19,4.1818e-19,4.1818e-19,4.1818e-19
3.7636e-19,3.7636e-19,3.7636e-19,3.7636e-19,3.7636e-19
3.3873e-19,3.3873e-19,3.3873e-19,3.3873e-19,3.3873e-19
3.0485e-19,3.0485e-19,3.0485e-19,3.0485e-19,3.0485e-19
2.7437e-19,2.7437e-19,2.7437e-19,2.7437e-19,2.7437e-19
2.4693e-19,2.4693e-19,2.4693e-19,2.4693e-19,2.4693e-19
2.2224e-19,2.2224e-19,2.2224e-19,2.2224e-19,2.2224e-19
2.0002e-19,2.0002e-19,2.0002e-19,2.0002e-19,2.0002e-19
1.8001e-19,1.8001e-19,1.8001e-19,1.8001e-19,1.8001e-19
1.6201e-19,1.6201e-19,1.6201e-19,1.6201e-19,1.6201e-19
1.4581e-19,1.4581e-19,1.4581e-19,1.4581e-19,1.4581e-19
1.3123e-19,1.3123e-19,1.3123e-19,1.3123e-19,1.3123e-19
1.1811e-19,1.1811e-19,1.1811e-19,1.1811e-19,1.1811e-19
1.063e-19,1.063e-19,1.063e-19,1.063e-19,1.063e-19
9.5667e-20,9.5667e-20,9.5667e-20,9.5667e-20,9.5667e-20
8.61e-20,8.61e-20,8.61e-20,8.61e-20,8.61e-20
7.749e-20,7.749e-20,7.749e-20,7.749e-20,7.749e-20
6.9741e-20,6.9741e-20,6.9741e-20,6.9741e-20,6.9741e-20
6.2767e-20,6.2767e-20,6.2767e-20,6.2767e-20,6.2767e-20
5.649e-20,5.649e-20,5.649e-20,5.649e-20,5.649e-20
5.0841e-20,5.0841e-20,5.0841e-20,5.0841e-20,5.0841e-20
4.5757e-20,4.5757e-20,4.5757e-20,4.5757e-20,4.5757e-20
4.1181e-20,4.1181e-20,4.1181e-20,4.1181e-20,4.1181e-20
3.7063e-20,3.7063e-20,3.7063e-20,3.7063e-20,3.7063e-20
3.3357e-20,3.3357e-20,3.3357e-20,3.3357e-20,3.3357e-20
3.0021e-20,3.0021e-20,3.0021e-20,3.0021e-20,3.0021e-20
2.7019e-20,2.7019e-20,2.7019e-20,2.7019e-20,2.7019e-20
2.4317e-20,2.4317e-20,2.4317e-20,2.4317e-20,2.4317e-20
2.1885e-20,2.1885e-20,2.1885e-20,2.1885e-20,2.1885e-20
1.9697e-20,1.9697e-20,1.9697e-20,1.9697e-20,1.9697e-20
1.7727e-20,1.7727e-20,1.7727e-20,1.7727e-20,1.7727e-20
1.5955e-20,1.5955e-20,1.5955e-20,1.5955e-20,1.5955e-20
1.4359e-20,1.4359e-20,1.4359e-20,1.4359e-20,1.4359e-20
1.2923e-20,1.2923e-20,1.2923e-20,1.2923e-20,1.2923e-20
1.1631e-20,1.1631e-20,1.1631e-20,1.1631e-20,1.1631e-20
1.0468e-20,1.0468e-20,1.0468e-20,1.0468e-20,1.0468e-20
9.421e-21,9.421e-21,9.421e-21,9.421e-21,9.421e-21
8.4789e-21,8.4789e-21,8.4789e-21,8.4789e-21,8.4789e-21
7.631e-21,7.631e-21,7.631e-21,7.631e-21,7.631e-21
6.8679e-21,6.8679e-21,6.8679e-21,6.8679e-21,6.8679e-21
6.1811e-21,6.1811e-21,6.1811e-21,6.1811e-21,6.1811e-21
5.563e-21,5.563e-21,5.563e-21,5.563e-21,5.563e-21
5.0067e-21,5.0067e-21,5.0067e-21,5.0067e-21,5.0067e-21
4.506e-21,4.506e-21,4.506e-21,4.506e-21,4.506e-21
4.0554e-21,4.0554e-21,4.0554e-21,4.0554e-21,4.0554e-21
3.6499e-21,3.6499e-21,3.6499e-21,3.6499e-21,3.6499e-21
3.2849e-21,3.2849e-21,3.2849e-21,3.2849e-21,3.2849e-21
2.9564e-21,2.9564e-21,2.9564e-21,2.9564e-21,2.9564e-21
2.6608e-21,2.6608e-21,2.6608e-21,2.6608e-21,2.6608e-21
2.3947e-21,2.3947e-21,2.3947e-21,2.3947e-21,2.3947e-21
2.1552e-21,2.1552e-21,2.1552e-21,2.1552e-21,2.1552e-21
1.9397e-21,1.9397e-21,1.9397e-21,1.9397e-21,1.9397e-21
1.7457e-21,1.7457e-21,1.7457e-21,1.7457e-21,1.7457e-21
1.5712e-21,1.5712e-21,1.5712e-21,1.5712e-21,1.5712e-21
1.414e-21,1.414e-21,1.414e-21,1.414e-21,1.414e-21
1.2726e-21,1.2726e-21,1.2726e-21,1.2726e-21,1.2726e-21
1.1454e-21,1.1454e-21,1.1454e-21,1.1454e-21,1.1454e-21
1.0308e-21,1.0308e-21,1.0308e-21,1.0308e-21,1.0308e-21
9.2775e-22,9.2775e-22,9.2775e-22,9.2775e-22,9.2775e-22
8.3498e-22,8.3498e-22,8.3498e-22,8.3498e-22,8.3498e-22
7.5148e-22,7.5148e-22,7.5148e-22,7.5148e-22,7.5148e-22
6.7633e-22,6.7633e-22,6.7633e-22,6.7633e-22,6.7633e-22
6.087e-22,6.087e-22,6.087e-22,6.087e-22,6.087e-22
5.4783e-22,5.4783e-22,5.4783e-22,5.4783e-22,5.4783e-22
4.9304e-22,4.9304e-22,4.9304e-22,4.9304e-22,4.9304e-22
4.4374e-22,4.4374e-22,4.4374e-22,4.4374e-22,4.4374e-22
3.9937e-22,3.9937e-22,3.9937e-22,3.9937e-22,3.9937e-22
3.5943e-22,3.5943e-22,3.5943e-22,3.5943e-22,3.5943e-22
3.2349e-22,3.2349e-22,3.2349e-22,3.2349e-22,3.2349e-22
2.9114e-22,2.9114e-22,2.9114e-22,2.9114e-22,2.9114e-22
2.6202e-22,2.6202e-22,2.6202e-22,2.6202e-22,2.6202e-22
2.3582e-22,2.3582e-22,2.3582e-22,2.3582e-22,2.3582e-22
2.1224e-22,2.1224e-22,2.1224e-22,2.1224e-22,2.1224e-22
1.9102e-22,1.9102e-22,1.9102e-22,1.9102e-22,1.9102e-22
1.7191e-22,1.7191e-22,1.7191e-22,1.7191e-22,1.7191e-22
1.5472e-22,1.5472e-22,1.5472e-22,1.5472e-22,1.5472e-22
1.3925e-22,1.3925e-22,1.3925e-22,1.3925e-22,1.3925e-22
1.2533e-22,1.2533e-22,1.2533e-22,1.2533e-22,1.2533e-22
1.1279e-22,1.1279e-22,1.1279e-22,1.1279e-22,1.1279e-22
1.0151e-22,1.0151e-22,1.0151e-22,1.0151e-22,1.0151e-22
9.1362e-23,9.1362e-23,9.1362e-23,9.1362e-23,9.1362e-23
8.2226e-23,8.2226e-23,8.2226e-23,8.2226e-23,8.2226e-23
7.4003e-23,7.4003e-23,7.4003e-23,7.4003e-23,7.4003e-23
6.6603e-23,6.6603e-23,6.6603e-23,6.6603e-23,6.6603e-23
5.9943e-23,5.9943e-23,5.9943e-23,5.9943e-23,5.9943e-23
5.3948e-23,5.3948e-23,5.3948e-23,5.3948e-23,5.3948e-23
4.8554e-23,4.8554e-23,4.8554e-23,4.8554e-23,4.8554e-23
4.3698e-23,4.3698e-23,4.3698e-23,4.3698e-23,4.3698e-23
3.9328e-23,3.9328e-23,3.9328e-23,3.9328e-23,3.9328e-23
3.5396e-23,3.5396e-23,3.5396e-23,3.5396e-23,3.5396e-23
3.1856e-23,3.1856e-23,3.1856e-23,3.1856e-23,3.1856e-23
2.867e-23,2.867e-23,2.867e-23,2.867e-23,2.867e-23
2.5803e-23,2.5803e-23,2.5803e-23,2.5803e-23,2.5803e-23
2.3223e-23,2.3223e-23,2.3223e-23,2.3223e-23,2.3223e-23
2.0901e-23,2.0901e-23,2.0901e-23,2.0901e-23,2.0901e-23
1.8811e-23,1.8811e-23,1.8811e-23,1.8811e-23,1.8811e-23
1.693e-23,1.693e-23,1.693e-23,1.693e-23,1.693e-23
1.5237e-23,1.5237e-23,1.5237e-23,1.5237e-23,1.5237e-23
1.3713e-23,1.3713e-23,1.3713e-23,1.3713e-23,1.3713e-23
1.2342e-23,1.2342e-23,1.2342e-23,1.2342e-23,1.2342e-23
1.1108e-23,1.1108e-23,1.1108e-23,1.1108e-23,1.1108e-23
9.9968e-24,9.9968e-24,9.9968e-24,9.9968e-24,9.9968e-24
8.9971e-24,8.9971e-24,8.9971e-24,8.9971e-24,8.9971e-24
8.0974e-24,8.0974e-24,8.0974e-24,8.0974e-24,8.0974e-24
7.2876e-24,7.2876e-24,7.2876e-24,7.2876e-24,7.2876e-24
6.5589e-24,6.5589e-24,6.5589e-24,6.5589e-24,6.5589e-24
5.903e-24,5.903e-24,5.903e-24,5.903e-24,5.903e-24
5.3127e-24,5.3127e-24,5.3127e-24,5.3127e-24,5.3127e-24
4.7814e-24,4.7814e-24,4.7814e-24,4.7814e-24,4.7814e-24
4.3033e-24,4.3033e-24,4.3033e-24,4.3033e-24,4.3033e-24
3.8729e-24,3.8729e-24,3.8729e-24,3.8729e-24,3.8729e-24
3.4857e-24,3.4857e-24,3.4857e-24,3.4857e-24,3.4857e-24
3.1371e-24,3.1371e-24,3.1371e-24,3.1371e-24,3.1371e-24
2.8234e-24,2.8234e-24,2.8234e-24,2.8234e-24,2.8234e-24
2.541e-24,2.541e-24,2.541e-24,2.541e-24,2.541e-24
2.2869e-24,2.2869e-24,2.2869e-24,2.2869e-24,2.2869e-24
2.0582e-24,2.0582e-24,2.0582e-24,2.0582e-24,2.0582e-24
1.8524e-24,1.8524e-24,1.8524e-24,1.8524e-24,1.8524e-24
1.6672e-24,1.6672e-24,1.6672e-24,1.6672e-24,1.6672e-24
1.5005e-24,1.5005e-24,1.5005e-24,1.5005e-24,1.5005e-24
1.3504e-24,1.3504e-24,1.3504e-24,1.3504e-24,1.3504e-24
1.2154e-24,1.2154e-24,1.2154e-24,1.2154e-24,1.2154e-24
1.0938e-24,1.0938e-24,1.0938e-24,1.0938e-24,1.0938e-24
9.8445e-25,9.8445e-25,9.8445e-25,9.8445e-25,9.8445e-25
8.8601e-25,8.8601e-25,8.8601e-25,8.8601e-25,8.8601e-25
7.9741e-25,7.9741e-25,7.9741e-25,7.9741e-25,7.9741e-25
7.1766e-25,7.1766e-25,7.1766e-25,7.1766e-25,7.1766e-25
6.459e-25,6.459e-25,6.459e-25,6.459e-25,6.459e-25
5.8131e-25,5.8131e-25,5.8131e-25,5.8131e-25,5.8131e-25
5.2318e-25,5.2318e-25,5.2318e-25,5.2318e-25,5.2318e-25
4.7086e-25,4.7086e-25,4.7086e-25,4.7086e-25,4.7086e-25
4.2377e-25,4.2377e-25,4.2377e-25,4.2377e-25,4.2377e-25
3.814e-25,3.814e-25,3.814e-25,3.814e-25,3.814e-25
3.4326e-25,3.4326e-25,3.4326e-25,3.4326e-25,3.4326e-25
3.0893e-25,3.0893e-25,3.0893e-25,3.0893e-25,3.0893e-25
2.7804e-25,2.7804e-25,2.7804e-25,2.7804e-25,2.7804e-25
2.5023e-25,2.5023e-25,2.5023e-25,2.5023e-25,2.5023e-25
2.2521e-25,2.2521e-25,2.2521e-25,2.2521e-25,2.2521e-25
2.0269e-25,2.0269e-25,2.0269e-25,2.0269e-25,2.0269e-25
1.8242e-25,1.8242e-25,1.8242e-25,1.8242e-25,1.8242e-25
1.6418e-25,1.6418e-25,1.6418e-25,1.6418e-25,1.6418e-25
1.4776e-25,1.4776e-25,1.4776e-25,1.4776e-25,1.4776e-25
1.3298e-25,1.3298e-25,1.3298e-25,1.3298e-25,1.3298e-25
1.1969e-25,1.1969e-25,1.1969e-25,1.1969e-25,1.1969e-25
1.0772e-25,1.0772e-25,1.0772e-25,1.0772e-25,1.0772e-25
9.6946e-26,9.6946e-26,9.6946e-26,9.6946e-26,9.6946e-26
8.7251e-26,8.7251e-26,8.7251e-26,8.7251e-26,8.7251e-26
7.8526e-26,7.8526e-26,7.8526e-26,7.8526e-26,7.8526e-26
7.0674e-26,7.0674e-26,7.0674e-26,7.0674e-26,7.0674e-26
6.3606e-26,6.3606e-26,6.3606e-26,6.3606e-26,6.3606e-26
5.7246e-26,5.7246e-26,5.7246e-26,5.7246e-26,5.7246e-26
5.1521e-26,5.1521e-26,5.1521e-26,5.1521e-26,5.1521e-26
4.6369e-26,4.6369e-26,4.6369e-26,4.6369e-26,4.6369e-26
4.1732e-26,4.1732e-26,4.1732e-26,4.1732e-26,4.1732e-26
3.7559e-26,3.7559e-26,3.7559e-26,3.7559e-26,3.7559e-26
3.3803e-26,3.3803e-26,3.3803e-26,3.3803e-26,3.3803e-26
3.0423e-26,3.0423e-26,3.0423e-26,3.0423e-26,3.0423e-26
2.738e-26,2.738e-26,2.738e-26,2.738e-26,2.738e-26
2.4642e-26,2.4642e-26,2.4642e-26,2.4642e-26,2.4642e-26
2.2178e-26,2.2178e-26,2.2178e-26,2.2178e-26,2.2178e-26
1.996e-26,1.996e-26,1.996e-26,1.996e-26,1.996e-26
1.7964e-26,1.7964e-26,1.7964e-26,1.7964e-26,1.7964e-26
1.6168e-26,1.6168e-26,1.6168e-26,1.6168e-26,1.6168e-26
1.4551e-26,1.4551e-26,1.4551e-26,1.4551e-26,1.4551e-26
1.3096e-26,1.3096e-26,1.3096e-26,1.3096e-26,1.3096e-26
1.1786e-26,1.1786e-26,1.1786e-26,1.1786e-26,1.1786e-26
1.0608e-26,1.0608e-26,1.0608e-26,1.0608e-26,1.0608e-26
9.5469e-27,9.5469e-27,9.5469e-27,9.5469e-27,9.5469e-27
8.5923e-27,8.5923e-27,8.5923e-27,8.5923e-27,8.5923e-27
7.733e-27,7.733e-27,7.733e-27,7.733e-27,7.733e-27
6.9597e-27,6.9597e-27,6.9597e-27,6.9597e-27,6.9597e-27
6.2638e-27,6.2638e-27,6.2638e-27,6.2638e-27,6.2638e-27
5.6374e-27,5.6374e-27,5.6374e-27,5.6374e-27,5.6374e-27
5.0736e-27,5.0736e-27,5.0736e-27,5.0736e-27,5.0736e-27
4.5663e-27,4.5663e-27,4.5663e-27,4.5663e-27,4.5663e-27
4.1096e-27,4.1096e-27,4.1096e-27,4.1096e-27,4.1096e-27
3.6987e-27,3.6987e-27,3.6987e-27,3.6987e-27,3.6987e-27
3.3288e-27,3.3288e-27,3.3288e-27,3.3288e-27,3.3288e-27
2.9959e-27,2.9959e-27,2.9959e-27,2.9959e-27,2.9959e-27
2.6963e-27,2.6963e-27,2.6963e-27,2.6963e-27,2.6963e-27
2.4267e-27,2.4267e-27,2.4267e-27,2.4267e-27,2.4267e-27
2.184e-27,2.184e-27,2.184e-27,2.184e-27,2.184e-27
1.9656e-27,1.9656e-27,1.9656e-27,1.9656e-27,1.9656e-27
1.7691e-27,1.7691e-27,1.7691e-27,1.7691e-27,1.7691e-27
1.5922e-27,1.5922e-27,1.5922e-27,1.5922e-27,1.5922e-27
1.4329e-27,1.4329e-27,1.4329e-27,1.4329e-27,1.4329e-27
1.2897e-27,1.2897e-27,1.2897e-27,1.2897e-27,1.2897e-27
1.1607e-27,1.1607e-27,1.1607e-27,1.1607e-27,1.1607e-27
1.0446e-27,1.0446e-27,1.0446e-27,1.0446e-27,1.0446e-27
9.4016e-28,9.4016e-28,9.4016e-28,9.4016e-28,9.4016e-28
8.4614e-28,8.4614e-28,8.4614e-28,8.4614e-28,8.4614e-28
7.6153e-28,7.6153e-28,7.6153e-28,7.6153e-28,7.6153e-28
6.8537e-28,6.8537e-28,6.8537e-28,6.8537e-28,6.8537e-28
6.1684e-28,6.1684e-28,6.1684e-28,6.1684e-28,6.1684e-28
5.5515e-28,5.5515e-28,5.5515e-28,5.5515e-28,5.5515e-28
4.9964e-28,4.9964e-28,4.9964e-28,4.9964e-28,4.9964e-28
4.4967e-28,4.4967e-28,4.4967e-28,4.4967e-28,4.4967e-28
4.0471e-28,4.0471e-28,4.0471e-28,4.0471e-28,4.0471e-28
3.6424e-28,3.6424e-28,3.6424e-28,3.6424e-28,3.6424e-28
3.2781e-28,3.2781e-28,3.2781e-28,3.2781e-28,3.2781e-28
2.9503e-28,2.9503e-28,2.9503e-28,2.9503e-28,2.9503e-28
2.6553e-28,2.6553e-28,2.6553e-28,2.6553e-28,2.6553e-28
2.3897e-28,2.3897e-28,2.3897e-28,2.3897e-28,2.3897e-28
2.1508e-28,2.1508e-28,2.1508e-28,2.1508e-28,2.1508e-28
1.9357e-28,1.9357e-28,1.9357e-28,1.9357e-28,1.9357e-28
1.7421e-28,1.7421e-28,1.7421e-28,1.7421e-28,1.7421e-28
1.5679e-28,1.5679e-28,1.5679e-28,1.5679e-28,1.5679e-28
1.4111e-28,1.4111e-28,1.4111e-28,1.4111e-28,1.4111e-28
1.27e-28,1.27e-28,1.27e-28,1.27e-28,1.27e-28
1.143e-28,1.143e-28,1.143e-28,1.143e-28,1.143e-28
1.0287e-28,1.0287e-28,1.0287e-28,1.0287e-28,1.0287e-28
9.2584e-29,9.2584e-29,9.2584e-29,9.2584e-29,9.2584e-29
8.3325e-29,8.3325e-29,8.3325e-29,8.3325e-29,8.3325e-29
7.4993e-29,7.4993e-29,7.4993e-29,7.4993e-29,7.4993e-29
6.7494e-29,6.7494e-29,6.7494e-29,6.7494e-29,6.7494e-29
6.0744e-29,6.0744e-29,6.0744e-29,6.0744e-29,6.0744e-29
5.467e-29,5.467e-29,5.467e-29,5.467e-29,5.467e-29
4.9203e-29,4.9203e-29,4.9203e-29,4.9203e-29,4.9203e-29
4.4283e-29,4.4283e-29,4.4283e-29,4.4283e-29,4.4283e-29
3.9854e-29,3.9854e-29,3.9854e-29,3.9854e-29,3.9854e-29
3.5869e-29,3.5869e-29,3.5869e-29,3.5869e-29,3.5869e-29
3.2282e-29,3.2282e-29,3.2282e-29,3.2282e-29,3.2282e-29
2.9054e-29,2.9054e-29,2.9054e-29,2.9054e-29,2.9054e-29
2.6148e-29,2.6148e-29,2.6148e-29,2.6148e-29,2.6148e-29
2.3534e-29,2.3534e-29,2.3534e-29,2.3534e-29,2.3534e-29
2.118e-29,2.118e-29,2.118e-29,2.118e-29,2.118e-29
1.9062e-29,1.9062e-29,1.9062e-29,1.9062e-29,1.9062e-29
1.7156e-29,1.7156e-29,1.7156e-29,1.7156e-29,1.7156e-29
1.544e-29,1.544e-29,1.544e-29,1.544e-29,1.544e-29
1.3896e-29,1.3896e-29,1.3896e-29,1.3896e-29,1.3896e-29
1.2507e-29,1.2507e-29,1.2507e-29,1.2507e-29,1.2507e-29
1.1256e-29,1.1256e-29,1.1256e-29,1.1256e-29,1.1256e-29
1.013e-29,1.013e-29,1.013e-29,1.013e-29,1.013e-29
9.1174e-30,9.1174e-30,9.1174e-30,9.1174e-30,9.1174e-30
8.2056e-30,8.2056e-30,8.2056e-30,8.2056e-30,8.2056e-30
7.3851e-30,7.3851e-30,7.3851e-30,7.3851e-30,7.3851e-30
6.6466e-30,6.6466e-30,6.6466e-30,6.6466e-30,6.6466e-30
5.9819e-30,5.9819e-30,5.9819e-30,5.9819e-30,5.9819e-30
5.3837e-30,5.3837e-30,5.3837e-30,5.3837e-30,5.3837e-30
4.8454e-30,4.8454e-30,4.8454e-30,4.8454e-30,4.8454e-30
4.3608e-30,4.3608e-30,4.3608e-30,4.3608e-30,4.3608e-30
3.9247e-30,3.9247e-30,3.9247e-30,3.9247e-30,3.9247e-30
3.5323e-30,3.5323e-30,3.5323e-30,3.5323e-30,3.5323e-30
3.179e-30,3.179e-30,3.179e-30,3.179e-30,3.179e-30
2.8611e-30,2.8611e-30,2.8611e-30,2.8611e-30,2.8611e-30
2.575e-30,2.575e-30,2.575e-30,2.575e-30,2.575e-30
2.3175e-30,2.3175e-30,2.3175e-30,2.3175e-30,2.3175e-30
2.0858e-30,2.0858e-30,2.0858e-30,2.0858e-30,2.0858e-30
1.8772e-30,1.8772e-30,1.8772e-30,1.8772e-30,1.8772e-30
1.6895e-30,1.6895e-30,1.6895e-30,1.6895e-30,1.6895e-30
1.5205e-30,1.5205e-30,1.5205e-30,1.5205e-30,1.5205e-30
1.3685e-30,1.3685e-30,1.3685e-30,1.3685e-30,1.3685e-30
1.2316e-30,1.2316e-30,1.2316e-30,1.2316e-30,1.2316e-30
1.1085e-30,1.1085e-30,1.1085e-30,1.1085e-30,1.1085e-30
9.9761e-31,9.9761e-31,9.9761e-31,9.9761e-31,9.9761e-31
8.9785e-31,8.9785e-31,8.9785e-31,8.9785e-31,8.9785e-31
8.0807e-31,8.0807e-31,8.0807e-31,8.0807e-31,8.0807e-31
7.2726e-31,7.2726e-31,7.2726e-31,7.2726e-31,7.2726e-31
6.5454e-31,6.5454e-31,6.5454e-31,6.5454e-31,6.5454e-31
5.8908e-31,5.8908e-31,5.8908e-31,5.8908e-31,5.8908e-31
5.3017e-31,5.3017e-31,5.3017e-31,5.3017e-31,5.3017e-31
4.7716e-31,4.7716e-31,4.7716e-31,4.7716e-31,4.7716e-31
4.2944e-31,4.2944e-31,4.2944e-31,4.2944e-31,4.2944e-31
3.865e-31,3.865e-31,3.865e-31,3.865e-31,3.865e-31
3.4785e-31,3.4785e-31,3.4785e-31,3.4785e-31,3.4785e-31
3.1306e-31,3.1306e-31,3.1306e-31,3.1306e-31,3.1306e-31
2.8176e-31,2.8176e-31,2.8176e-31,2.8176e-31,2.8176e-31
2.5358e-31,2.5358e-31,2.5358e-31,2.5358e-31,2.5358e-31
2.2822e-31,2.2822e-31,2.2822e-31,2.2822e-31,2.2822e-31
2.054e-31,2.054e-31,2.054e-31,2.054e-31,2.054e-31
1.8486e-31,1.8486e-31,1.8486e-31,1.8486e-31,1.8486e-31
1.6637e-31,1.6637e-31,1.6637e-31,1.6637e-31,1.6637e-31
1.4974e-31,1.4974e-31,1.4974e-31,1.4974e-31,1.4974e-31
1.3476e-31,1.3476e-31,1.3476e-31,1.3476e-31,1.3476e-31
1.2129e-31,1.2129e-31,1.2129e-31,1.2129e-31,1.2129e-31
1.0916e-31,1.0916e-31,1.0916e-31,1.0916e-31,1.0916e-31
9.8242e-32,9.8242e-32,9.8242e-32,9.8242e-32,9.8242e-32
8.8418e-32,8.8418e-32,8.8418e-32,8.8418e-32,8.8418e-32
7.9576e-32,7.9576e-32,7.9576e-32,7.9576e-32,7.9576e-32
7.1619e-32,7.1619e-32,7.1619e-32,7.1619e-32,7.1619e-32
6.4457e-32,6.4457e-32,6.4457e-32,6.4457e-32,6.4457e-32
5.8011e-32,5.8011e-32,5.8011e-32,5.8011e-32,5.8011e-32
5.221e-32,5.221e-32,5.221e-32,5.221e-32,5.221e-32
4.6989e-32,4.6989e-32,4.6989e-32,4.6989e-32,4.6989e-32
4.229e-32,4.229e-32,4.229e-32,4.229e-32,4.229e-32
3.8061e-32,3.8061e-32,3.8061e-32,3.8061e-32,3.8061e-32
3.4255e-32,3.4255e-32,3.4255e-32,3.4255e-32,3.4255e-32
3.0829e-32,3.0829e-32,3.0829e-32,3.0829e-32,3.0829e-32
2.7747e-32,2.7747e-32,2.7747e-32,2.7747e-32,2.7747e-32
2.4972e-32,2.4972e-32,2.4972e-32,2.4972e-32,2.4972e-32
2.2475e-32,2.2475e-32,2.2475e-32,2.2475e-32,2.2475e-32
2.0227e-32,2.0227e-32,2.0227e-32,2.0227e-32,2.0227e-32
1.8204e-32,1.8204e-32,1.8204e-32,1.8204e-32,1.8204e-32
1.6384e-32,1.6384e-32,1.6384e-32,1.6384e-32,1.6384e-32
1.4746e-32,1.4746e-32,1.4746e-32,1.4746e-32,1.4746e-32
1.3271e-32,1.3271e-32,1.3271e-32,1.3271e-32,1.3271e-32
1.1944e-32,1.1944e-32,1.1944e-32,1.1944e-32,1.1944e-32
1.075e-32,1.075e-32,1.075e-32,1.075e-32,1.075e-32
9.6746e-33,9.6746e-33,9.6746e-33,9.6746e-33,9.6746e-33
8.7071e-33,8.7071e-33,8.7071e-33,8.7071e-33,8.7071e-33
7.8364e-33,7.8364e-33,7.8364e-33,7.8364e-33,7.8364e-33
7.0528e-33,7.0528e-33,7.0528e-33,7.0528e-33,7.0528e-33
6.3475e-33,6.3475e-33,6.3475e-33,6.3475e-33,6.3475e-33
5.7128e-33,5.7128e-33,5.7128e-33,5.7128e-33,5.7128e-33
5.1415e-33,5.1415e-33,5.1415e-33,5.1415e-33,5.1415e-33
4.6273e-33,4.6273e-33,4.6273e-33,4.6273e-33,4.6273e-33
4.1646e-33,4.1646e-33,4.1646e-33,4.1646e-33,4.1646e-33
3.7481e-33,3.7481e-33,3.7481e-33,3.7481e-33,3.7481e-33
3.3733e-33,3.3733e-33,3.3733e-33,3.3733e-33,3.3733e-33
3.036e-33,3.036e-33,3.036e-33,3.036e-33,3.036e-33
2.7324e-33,2.7324e-33,2.7324e-33,2.7324e-33,2.7324e-33
2.4592e-33,2.4592e-33,2.4592e-33,2.4592e-33,2.4592e-33
2.2132e-33,2.2132e-33,2.2132e-33,2.2132e-33,2.2132e-33
1.9919e-33,1.9919e-33,1.9919e-33,1.9919e-33,1.9919e-33
1.7927e-33,1.7927e-33,1.7927e-33,1.7927e-33,1.7927e-33
1.6135e-33,1.6135e-33,1.6135e-33,1.6135e-33,1.6135e-33
1.4521e-33,1.4521e-33,1.4521e-33,1.4521e-33,1.4521e-33
1.3069e-33,1.3069e-33,1.3069e-33,1.3069e-33,1.3069e-33
1.1762e-33,1.1762e-33,1.1762e-33,1.1762e-33,1.1762e-33
1.0586e-33,1.0586e-33,1.0586e-33,1.0586e-33,1.0586e-33
9.5273e-34,9.5273e-34,9.5273e-34,9.5273e-34,9.5273e-34
8.5745e-34,8.5745e-34,8.5745e-34,8.5745e-34,8.5745e-34
7.7171e-34,7.7171e-34,7.7171e-34,7.7171e-34,7.7171e-34
6.9454e-34,6.9454e-34,6.9454e-34,6.9454e-34,6.9454e-34
6.2508e-34,6.2508e-34,6.2508e-34,6.2508e-34,6.2508e-34
5.6258e-34,5.6258e-34,5.6258e-34,5.6258e-34,5.6258e-34
5.0632e-34,5.0632e-34,5.0632e-34,5.0632e-34,5.0632e-34
4.5569e-34,4.5569e-34,4.5569e-34,4.5569e-34,4.5569e-34
4.1012e-34,4.1012e-34,4.1012e-34,4.1012e-34,4.1012e-34
3.6911e-34,3.6911e-34,3.6911e-34,3.6911e-34,3.6911e-34
3.322e-34,3.322e-34,3.322e-34,3.322e-34,3.322e-34
2.9898e-34,2.9898e-34,2.9898e-34,2.9898e-34,2.9898e-34
2.6908e-34,2.6908e-34,2.6908e-34,2.6908e-34,2.6908e-34
2.4217e-34,2.4217e-34,2.4217e-34,2.4217e-34,2.4217e-34
2.1795e-34,2.1795e-34,2.1795e-34,2.1795e-34,2.1795e-34
1.9616e-34,1.9616e-34,1.9616e-34,1.9616e-34,1.9616e-34
1.7654e-34,1.7654e-34,1.7654e-34,1.7654e-34,1.7654e-34
1.5889e-34,1.5889e-34,1.5889e-34,1.5889e-34,1.5889e-34
1.43e-34,1.43e-34,1.43e-34,1.43e-34,1.43e-34
1.287e-34,1.287e-34,1.287e-34,1.287e-34,1.287e-34
1.1583e-34,1.1583e-34,1.1583e-34,1.1583e-34,1.1583e-34
1.0425e-34,1.0425e-34,1.0425e-34,1.0425e-34,1.0425e-34
9.3822e-35,9.3822e-35,9.3822e-35,9.3822e-35,9.3822e-35
8.444e-35,8.444e-35,8.444e-35,8.444e-35,8.444e-35
7.5996e-35,7.5996e-35,7.5996e-35,7.5996e-35,7.5996e-35
6.8396e-35,6.8396e-35,6.8396e-35,6.8396e-35,6.8396e-35
6.1556e-35,6.1556e-35,6.1556e-35,6.1556e-35,6.1556e-35
5.5401e-35,5.5401e-35,5.5401e-35,5.5401e-35,5.5401e-35
4.9861e-35,4.9861e-35,4.9861e-35,4.9861e-35,4.9861e-35
4.4875e-35,4.4875e-35,4.4875e-35,4.4875e-35,4.4875e-35
4.0387e-35,4.0387e-35,4.0387e-35,4.0387e-35,4.0387e-35
3.6348e-35,3.6348e-35,3.6348e-35,3.6348e-35,3.6348e-35
3.2714e-35,3.2714e-35,3.2714e-35,3.2714e-35,3.2714e-35
2.9442e-35,2.9442e-35,2.9442e-35,2.9442e-35,2.9442e-35
2.6498e-35,2.6498e-35,2.6498e-35,2.6498e-35,2.6498e-35
2.3848e-35,2.3848e-35,2.3848e-35,2.3848e-35,2.3848e-35
2.1463e-35,2.1463e-35,2.1463e-35,2.1463e-35,2.1463e-35
1.9317e-35,1.9317e-35,1.9317e-35,1.9317e-35,1.9317e-35
1.7385e-35,1.7385e-35,1.7385e-35,1.7385e-35,1.7385e-35
1.5647e-35,1.5647e-35,1.5647e-35,1.5647e-35,1.5647e-35
1.4082e-35,1.4082e-35,1.4082e-35,1.4082e-35,1.4082e-35
1.2674e-35,1.2674e-35,1.2674e-35,1.2674e-35,1.2674e-35
1.1407e-35,1.1407e-35,1.1407e-35,1.1407e-35,1.1407e-35
1.0266e-35,1.0266e-35,1.0266e-35,1.0266e-35,1.0266e-35
9.2393e-36,9.2393e-36,9.2393e-36,9.2393e-36,9.2393e-36
8.3154e-36,8.3154e-36,8.3154e-36,8.3154e-36,8.3154e-36
7.4838e-36,7.4838e-36,7.4838e-36,7.4838e-36,7.4838e-36
6.7354e-36,6.7354e-36,6.7354e-36,6.7354e-36,6.7354e-36
6.0619e-36,6.0619e-36,6.0619e-36,6.0619e-36,6.0619e-36
5.4557e-36,5.4557e-36,5.4557e-36,5.4557e-36,5.4557e-36
4.9101e-36,4.9101e-36,4.9101e-36,4.9101e-36,4.9101e-36
4.4191e-36,4.4191e-36,4.4191e-36,4.4191e-36,4.4191e-36
3.9772e-36,3.9772e-36,3.9772e-36,3.9772e-36,3.9772e-36
3.5795e-36,3.5795e-36,3.5795e-36,3.5795e-36,3.5795e-36
3.2215e-36,3.2215e-36,3.2215e-36,3.2215e-36,3.2215e-36
2.8994e-36,2.8994e-36,2.8994e-36,2.8994e-36,2.8994e-36
2.6095e-36,2.6095e-36,2.6095e-36,2.6095e-36,2.6095e-36
2.3485e-36,2.3485e-36,2.3485e-36,2.3485e-36,2.3485e-36
2.1137e-36,2.1137e-36,2.1137e-36,2.1137e-36,2.1137e-36
1.9023e-36,1.9023e-36,1.9023e-36,1.9023e-36,1.9023e-36
1.7121e-36,1.7121e-36,1.7121e-36,1.7121e-36,1.7121e-36
1.5409e-36,1.5409e-36,1.5409e-36,1.5409e-36,1.5409e-36
1.3868e-36,1.3868e-36,1.3868e-36,1.3868e-36,1.3868e-36
1.2481e-36,1.2481e-36,1.2481e-36,1.2481e-36,1.2481e-36
1.1233e-36,1.1233e-36,1.1233e-36,1.1233e-36,1.1233e-36
1.011e-36,1.011e-36,1.011e-36,1.011e-36,1.011e-36
9.0986e-37,9.0986e-37,9.0986e-37,9.0986e-37,9.0986e-37
8.1887e-37,8.1887e-37,8.1887e-37,8.1887e-37,8.1887e-37
7.3699e-37,7.3699e-37,7.3699e-37,7.3699e-37,7.3699e-37
6.6329e-37,6.6329e-37,6.6329e-37,6.6329e-37,6.6329e-37
5.9696e-37,5.9696e-37,5.9696e-37,5.9696e-37,5.9696e-37
5.3726e-37,5.3726e-37,5.3726e-37,5.3726e-37,5.3726e-37
4.8354e-37,4.8354e-37,4.8354e-37,4.8354e-37,4.8354e-37
4.3518e-37,4.3518e-37,4.3518e-37,4.3518e-37,4.3518e-37
3.9166e-37,3.9166e-37,3.9166e-37,3.9166e-37,3.9166e-37
3.525e-37,3.525e-37,3.525e-37,3.525e-37,3.525e-37
3.1725e-37,3.1725e-37,3.1725e-37,3.1725e-37,3.1725e-37
2.8552e-37,2.8552e-37,2.8552e-37,2.8552e-37,2.8552e-37
2.5697e-37,2.5697e-37,2.5697e-37,2.5697e-37,2.5697e-37
2.3127e-37,2.3127e-37,2.3127e-37,2.3127e-37,2.3127e-37
2.0815e-37,2.0815e-37,2.0815e-37,2.0815e-37,2.0815e-37
1.8733e-37,1.8733e-37,1.8733e-37,1.8733e-37,1.8733e-37
1.686e-37,1.686e-37,1.686e-37,1.686e-37,1.686e-37
1.5174e-37,1.5174e-37,1.5174e-37,1.5174e-37,1.5174e-37
1.3656e-37,1.3656e-37,1.3656e-37,1.3656e-37,1.3656e-37
1.2291e-37,1.2291e-37,1.2291e-37,1.2291e-37,1.2291e-37
1.1062e-37,1.1062e-37,1.1062e-37,1.1062e-37,1.1062e-37
9.9556e-38,9.9556e-38,9.9556e-38,9.9556e-38,9.9556e-38
8.96e-38,8.96e-38,8.96e-38,8.96e-38,8.96e-38
8.064e-38,8.064e-38,8.064e-38,8.064e-38,8.064e-38
7.2576e-38,7.2576e-38,7.2576e-38,7.2576e-38,7.2576e-38
6.5319e-38,6.5319e-38,6.5319e-38,6.5319e-38,6.5319e-38
5.8787e-38,5.8787e-38,5.8787e-38,5.8787e-38,5.8787e-38
5.2908e-38,5.2908e-38,5.2908e-38,5.2908e-38,5.2908e-38
4.7617e-38,4.7617e-38,4.7617e-38,4.7617e-38,4.7617e-38
4.2856e-38,4.2856e-38,4.2856e-38,4.2856e-38,4.2856e-38
3.857e-38,3.857e-38,3.857e-38,3.857e-38,3.857e-38
3.4713e-38,3.4713e-38,3.4713e-38,3.4713e-38,3.4713e-38
3.1242e-38,3.1242e-38,3.1242e-38,3.1242e-38,3.1242e-38
2.8118e-38,2.8118e-38,2.8118e-38,2.8118e-38,2.8118e-38
2.5306e-38,2.5306e-38,2.5306e-38,2.5306e-38,2.5306e-38
2.2775e-38,2.2775e-38,2.2775e-38,2.2775e-38,2.2775e-38
2.0498e-38,2.0498e-38,2.0498e-38,2.0498e-38,2.0498e-38
1.8448e-38,1.8448e-38,1.8448e-38,1.8448e-38,1.8448e-38
1.6603e-38,1.6603e-38,1.6603e-38,1.6603e-38,1.6603e-38
1.4943e-38,1.4943e-38,1.4943e-38,1.4943e-38,1.4943e-38
1.3449e-38,1.3449e-38,1.3449e-38,1.3449e-38,1.3449e-38
1.2104e-38,1.2104e-38,1.2104e-38,1.2104e-38,1.2104e-38
1.0893e-38,1.0893e-38,1.0893e-38,1.0893e-38,1.0893e-38
9.804e-39,9.804e-39,9.804e-39,9.804e-39,9.804e-39
8.8236e-39,8.8236e-39,8.8236e-39,8.8236e-39,8.8236e-39
7.9412e-39,7.9412e-39,7.9412e-39,7.9412e-39,7.9412e-39
7.1471e-39,7.1471e-39,7.1471e-39,7.1471e-39,7.1471e-39
6.4324e-39,6.4324e-39,6.4324e-39,6.4324e-39,6.4324e-39
5.7891e-39,5.7891e-39,5.7891e-39,5.7891e-39,5.7891e-39
5.2102e-39,5.2102e-39,5.2102e-39,5.2102e-39,5.2102e-39
4.6892e-39,4.6892e-39,4.6892e-39,4.6892e-39,4.6892e-39
4.2203e-39,4.2203e-39,4.2203e-39,4.2203e-39,4.2203e-39
3.7983e-39,3.7983e-39,3.7983e-39,3.7983e-39,3.7983e-39
3.4184e-39,3.4184e-39,3.4184e-39,3.4184e-39,3.4184e-39
3.0766e-39,3.0766e-39,3.0766e-39,3.0766e-39,3.0766e-39
2.7689e-39,2.7689e-39,2.7689e-39,2.7689e-39,2.7689e-39
2.492e-39,2.492e-39,2.492e-39,2.492e-39,2.492e-39
2.2428e-39,2.2428e-39,2.2428e-39,2.2428e-39,2.2428e-39
2.0186e-39,2.0186e-39,2.0186e-39,2.0186e-39,2.0186e-39
1.8167e-39,1.8167e-39,1.8167e-39,1.8167e-39,1.8167e-39
1.635e-39,1.635e-39,1.635e-39,1.635e-39,1.635e-39
1.4715e-39,1.4715e-39,1.4715e-39,1.4715e-39,1.4715e-39
1.3244e-39,1.3244e-39,1.3244e-39,1.3244e-39,1.3244e-39
1.1919e-39,1.1919e-39,1.1919e-39,1.1919e-39,1.1919e-39
1.0727e-39,1.0727e-39,1.0727e-39,1.0727e-39,1.0727e-39
9.6547e-40,9.6547e-40,9.6547e-40,9.6547e-40,9.6547e-40
8.6892e-40,8.6892e-40,8.6892e-40,8.6892e-40,8.6892e-40
7.8203e-40,7.8203e-40,7.8203e-40,7.8203e-40,7.8203e-40
7.0383e-40,7.0383e-40,7.0383e-40,7.0383e-40,7.0383e-40
6.3344e-40,6.3344e-40,6.3344e-40,6.3344e-40,6.3344e-40
5.701e-40,5.701e-40,5.701e-40,5.701e-40,5.701e-40
5.1309e-40,5.1309e-40,5.1309e-40,5.1309e-40,5.1309e-40
4.6178e-40,4.6178e-40,4.6178e-40,4.6178e-40,4.6178e-40
4.156e-40,4.156e-40,4.156e-40,4.156e-40,4.156e-40
3.7404e-40,3.7404e-40,3.7404e-40,3.7404e-40,3.7404e-40
3.3664e-40,3.3664e-40,3.3664e-40,3.3664e-40,3.3664e-40
3.0297e-40,3.0297e-40,3.0297e-40,3.0297e-40,3.0297e-40
2.7268e-40,2.7268e-40,2.7268e-40,2.7268e-40,2.7268e-40
2.4541e-40,2.4541e-40,2.4541e-40,2.4541e-40,2.4541e-40
2.2087e-40,2.2087e-40,2.2087e-40,2.2087e-40,2.2087e-40
1.9878e-40,1.9878e-40,1.9878e-40,1.9878e-40,1.9878e-40
1.789e-40,1.789e-40,1.789e-40,1.789e-40,1.789e-40
1.6101e-40,1.6101e-40,1.6101e-40,1.6101e-40,1.6101e-40
1.4491e-40,1.4491e-40,1.4491e-40,1.4491e-40,1.4491e-40
1.3042e-40,1.3042e-40,1.3042e-40,1.3042e-40,1.3042e-40
1.1738e-40,1.1738e-40,1.1738e-40,1.1738e-40,1.1738e-40
1.0564e-40,1.0564e-40,1.0564e-40,1.0564e-40,1.0564e-40
9.5076e-41,9.5076e-41,9.5076e-41,9.5076e-41,9.5076e-41
8.5569e-41,8.5569e-41,8.5569e-41,8.5569e-41,8.5569e-41
7.7012e-41,7.7012e-41,7.7012e-41,7.7012e-41,7.7012e-41
6.9311e-41,6.9311e-41,6.9311e-41,6.9311e-41,6.9311e-41
6.238e-41,6.238e-41,6.238e-41,6.238e-41,6.238e-41
5.6142e-41,5.6142e-41,5.6142e-41,5.6142e-41,5.6142e-41
5.0527e-41,5.0527e-41,5.0527e-41,5.0527e-41,5.0527e-41
4.5475e-41,4.5475e-41,4.5475e-41,4.5475e-41,4.5475e-41
4.0927e-41,4.0927e-41,4.0927e-41,4.0927e-41,4.0927e-41
3.6835e-41,3.6835e-41,3.6835e-41,3.6835e-41,3.6835e-41
3.3151e-41,3.3151e-41,3.3151e-41,3.3151e-41,3.3151e-41
2.9836e-41,2.9836e-41,2.9836e-41,2.9836e-41,2.9836e-41
2.6852e-41,2.6852e-41,2.6852e-41,2.6852e-41,2.6852e-41
2.4167e-41,2.4167e-41,2.4167e-41,2.4167e-41,2.4167e-41
2.175e-41,2.175e-41,2.175e-41,2.175e-41,2.175e-41
1.9575e-41,1.9575e-41,1.9575e-41,1.9575e-41,1.9575e-41
1.7618e-41,1.7618e-41,1.7618e-41,1.7618e-41,1.7618e-41
1.5856e-41,1.5856e-41,1.5856e-41,1.5856e-41,1.5856e-41
1.427e-41,1.427e-41,1.427e-41,1.427e-41,1.427e-41
1.2843e-41,1.2843e-41,1.2843e-41,1.2843e-41,1.2843e-41
1.1559e-41,1.1559e-41,1.1559e-41,1.1559e-41,1.1559e-41
1.0403e-41,1.0403e-41,1.0403e-41,1.0403e-41,1.0403e-41
9.3628e-42,9.3628e-42,9.3628e-42,9.3628e-42,9.3628e-42
8.4266e-42,8.4266e-42,8.4266e-42,8.4266e-42,8.4266e-42
7.5839e-42,7.5839e-42,7.5839e-42,7.5839e-42,7.5839e-42
6.8255e-42,6.8255e-42,6.8255e-42,6.8255e-42,6.8255e-42
6.143e-42,6.143e-42,6.143e-42,6.143e-42,6.143e-42
5.5287e-42,5.5287e-42,5.5287e-42,5.5287e-42,5.5287e-42
4.9758e-42,4.9758e-42,4.9758e-42,4.9758e-42,4.9758e-42
4.4782e-42,4.4782e-42,4.4782e-42,4.4782e-42,4.4782e-42
4.0304e-42,4.0304e-42,4.0304e-42,4.0304e-42,4.0304e-42
3.6274e-42,3.6274e-42,3.6274e-42,3.6274e-42,3.6274e-42
3.2646e-42,3.2646e-42,3.2646e-42,3.2646e-42,3.2646e-42
2.9382e-42,2.9382e-42,2.9382e-42,2.9382e-42,2.9382e-42
2.6443e-42,2.6443e-42,2.6443e-42,2.6443e-42,2.6443e-42
2.3799e-42,2.3799e-42,2.3799e-42,2.3799e-42,2.3799e-42
2.1419e-42,2.1419e-42,2.1419e-42,2.1419e-42,2.1419e-42
1.9277e-42,1.9277e-42,1.9277e-42,1.9277e-42,1.9277e-42
1.735e-42,1.735e-42,1.735e-42,1.735e-42,1.735e-42
1.5615e-42,1.5615e-42,1.5615e-42,1.5615e-42,1.5615e-42
1.4053e-42,1.4053e-42,1.4053e-42,1.4053e-42,1.4053e-42
1.2648e-42,1.2648e-42,1.2648e-42,1.2648e-42,1.2648e-42
1.1383e-42,1.1383e-42,1.1383e-42,1.1383e-42,1.1383e-42
1.0245e-42,1.0245e-42,1.0245e-42,1.0245e-42,1.0245e-42
9.2203e-43,9.2203e-43,9.2203e-43,9.2203e-43,9.2203e-43
8.2982e-43,8.2982e-43,8.2982e-43,8.2982e-43,8.2982e-43
7.4684e-43,7.4684e-43,7.4684e-43,7.4684e-43,7.4684e-43
6.7216e-43,6.7216e-43,6.7216e-43,6.7216e-43,6.7216e-43
6.0494e-43,6.0494e-43,6.0494e-43,6.0494e-43,6.0494e-43
5.4445e-43,5.4445e-43,5.4445e-43,5.4445e-43,5.4445e-43
4.9e-43,4.9e-43,4.9e-43,4.9e-43,4.9e-43
4.41e-43,4.41e-43,4.41e-43,4.41e-43,4.41e-43
3.969e-43,3.969e-43,3.969e-43,3.969e-43,3.969e-43
3.5721e-43,3.5721e-43,3.5721e-43,3.5721e-43,3.5721e-43
3.2149e-43,3.2149e-43,3.2149e-43,3.2149e-43,3.2149e-43
2.8934e-43,2.8934e-43,2.8934e-43,2.8934e-43,2.8934e-43
2.6041e-43,2.6041e-43,2.6041e-43,2.6041e-43,2.6041e-43
2.3437e-43,2.3437e-43,2.3437e-43,2.3437e-43,2.3437e-43
2.1093e-43,2.1093e-43,2.1093e-43,2.1093e-43,2.1093e-43
1.8984e-43,1.8984e-43,1.8984e-43,1.8984e-43,1.8984e-43
1.7085e-43,1.7085e-43,1.7085e-43,1.7085e-43,1.7085e-43
1.5377e-43,1.5377e-43,1.5377e-43,1.5377e-43,1.5377e-43
1.3839e-43,1.3839e-43,1.3839e-43,1.3839e-43,1.3839e-43
1.2455e-43,1.2455e-43,1.2455e-43,1.2455e-43,1.2455e-43
1.121e-43,1.121e-43,1.121e-43,1.121e-43,1.121e-43
1.0089e-43,1.0089e-43,1.0089e-43,1.0089e-43,1.0089e-43
9.0798e-44,9.0798e-44,9.0798e-44,9.0798e-44,9.0798e-44
8.1719e-44,8.1719e-44,8.1719e-44,8.1719e-44,8.1719e-44
7.3547e-44,7.3547e-44,7.3547e-44,7.3547e-44,7.3547e-44
6.6192e-44,6.6192e-44,6.6192e-44,6.6192e-44,6.6192e-44
5.9573e-44,5.9573e-44,5.9573e-44,5.9573e-44,5.9573e-44
5.3616e-44,5.3616e-44,5.3616e-44,5.3616e-44,5.3616e-44
4.8254e-44,4.8254e-44,4.8254e-44,4.8254e-44,4.8254e-44
4.3429e-44,4.3429e-44,4.3429e-44,4.3429e-44,4.3429e-44
3.9086e-44,3.9086e-44,3.9086e-44,3.9086e-44,3.9086e-44
3.5177e-44,3.5177e-44,3.5177e-44,3.5177e-44,3.5177e-44
3.1659e-44,3.1659e-44,3.1659e-44,3.1659e-44,3.1659e-44
2.8493e-44,2.8493e-44,2.8493e-44,2.8493e-44,2.8493e-44
2.5644e-44,2.5644e-44,2.5644e-44,2.5644e-44,2.5644e-44
2.308e-44,2.308e-44,2.308e-44,2.308e-44,2.308e-44
2.0772e-44,2.0772e-44,2.0772e-44,2.0772e-44,2.0772e-44
1.8695e-44,1.8695e-44,1.8695e-44,1.8695e-44,1.8695e-44
1.6825e-44,1.6825e-44,1.6825e-44,1.6825e-44,1.6825e-44
1.5143e-44,1.5143e-44,1.5143e-44,1.5143e-44,1.5143e-44
1.3628e-44,1.3628e-44,1.3628e-44,1.3628e-44,1.3628e-44
1.2266e-44,1.2266e-44,1.2266e-44,1.2266e-44,1.2266e-44
1.1039e-44,1.1039e-44,1.1039e-44,1.1039e-44,1.1039e-44
9.9351e-45,9.9351e-45,9.9351e-45,9.9351e-45,9.9351e-45
8.9416e-45,8.9416e-45,8.9416e-45,8.9416e-45,8.9416e-45
8.0474e-45,8.0474e-45,8.0474e-45,8.0474e-45,8.0474e-45
7.2427e-45,7.2427e-45,7.2427e-45,7.2427e-45,7.2427e-45
6.5184e-45,6.5184e-45,6.5184e-45,6.5184e-45,6.5184e-45
5.8666e-45,5.8666e-45,5.8666e-45,5.8666e-45,5.8666e-45
5.2799e-45,5.2799e-45,5.2799e-45,5.2799e-45,5.2799e-45
4.7519e-45,4.7519e-45,4.7519e-45,4.7519e-45,4.7519e-45
4.2767e-45,4.2767e-45,4.2767e-45,4.2767e-45,4.2767e-45
3.849e-45,3.849e-45,3.849e-45,3.849e-45,3.849e-45
3.4641e-45,3.4641e-45,3.4641e-45,3.4641e-45,3.4641e-45
3.1177e-45,3.1177e-45,3.1177e-45,3.1177e-45,3.1177e-45
2.806e-45,2.806e-45,2.806e-45,2.806e-45,2.806e-45
2.5254e-45,2.5254e-45,2.5254e-45,2.5254e-45,2.5254e-45
2.2728e-45,2.2728e-45,2.2728e-45,2.2728e-45,2.2728e-45
2.0455e-45,2.0455e-45,2.0455e-45,2.0455e-45,2.0455e-45
1.841e-45,1.841e-45,1.841e-45,1.841e-45,1.841e-45
1.6569e-45,1.6569e-45,1.6569e-45,1.6569e-45,1.6569e-45
1.4912e-45,1.4912e-45,1.4912e-45,1.4912e-45,1.4912e-45
1.3421e-45,1.3421e-45,1.3421e-45,1.3421e-45,1.3421e-45
1.2079e-45,1.2079e-45,1.2079e-45,1.2079e-45,1.2079e-45
1.0871e-45,1.0871e-45,1.0871e-45,1.0871e-45,1.0871e-45
9.7838e-46,9.7838e-46,9.7838e-46,9.7838e-46,9.7838e-46
8.8054e-46,8.8054e-46,8.8054e-46,8.8054e-46,8.8054e-46
7.9248e-46,7.9248e-46,7.9248e-46,7.9248e-46,7.9248e-46
7.1324e-46,7.1324e-46,7.1324e-46,7.1324e-46,7.1324e-46
6.4191e-46,6.4191e-46,6.4191e-46,6.4191e-46,6.4191e-46
5.7772e-46,5.7772e-46,5.7772e-46,5.7772e-46,5.7772e-46
5.1995e-46,5.1995e-46,5.1995e-46,5.1995e-46,5.1995e-46
4.6795e-46,4.6795e-46,4.6795e-46,4.6795e-46,4.6795e-46
4.2116e-46,4.2116e-46,4.2116e-46,4.2116e-46,4.2116e-46
3.7904e-46,3.7904e-46,3.7904e-46,3.7904e-46,3.7904e-46
3.4114e-46,3.4114e-46,3.4114e-46,3.4114e-46,3.4114e-46
3.0702e-46,3.0702e-46,3.0702e-46,3.0702e-46,3.0702e-46
2.7632e-46,2.7632e-46,2.7632e-46,2.7632e-46,2.7632e-46
2.4869e-46,2.4869e-46,2.4869e-46,2.4869e-46,2.4869e-46
2.2382e-46,2.2382e-46,2.2382e-46,2.2382e-46,2.2382e-46
2.0144e-46,2.0144e-46,2.0144e-46,2.0144e-46,2.0144e-46
1.813e-46,1.813e-46,1.813e-46,1.813e-46,1.813e-46
1.6317e-46,1.6317e-46,1.6317e-46,1.6317e-46,1.6317e-46
1.4685e-46,1.4685e-46,1.4685e-46,1.4685e-46,1.4685e-46
1.3216e-46,1.3216e-46,1.3216e-46,1.3216e-46,1.3216e-46
1.1895e-46,1.1895e-46,1.1895e-46,1.1895e-46,1.1895e-46
1.0705e-46,1.0705e-46,1.0705e-46,1.0705e-46,1.0705e-46
9.6348e-47,9.6348e-47,9.6348e-47,9.6348e-47,9.6348e-47
8.6713e-47,8.6713e-47,8.6713e-47,8.6713e-47,8.6713e-47
7.8042e-47,7.8042e-47,7.8042e-47,7.8042e-47,7.8042e-47
7.0237e-47,7.0237e-47,7.0237e-47,7.0237e-47,7.0237e-47
6.3214e-47,6.3214e-47,6.3214e-47,6.3214e-47,6.3214e-47
5.6892e-47,5.6892e-47,5.6892e-47,5.6892e-47,5.6892e-47
5.1203e-47,5.1203e-47,5.1203e-47,5.1203e-47,5.1203e-47
4.6083e-47,4.6083e-47,4.6083e-47,4.6083e-47,4.6083e-47
4.1475e-47,4.1475e-47,4.1475e-47,4.1475e-47,4.1475e-47
3.7327e-47,3.7327e-47,3.7327e-47,3.7327e-47,3.7327e-47
3.3594e-47,3.3594e-47,3.3594e-47,3.3594e-47,3.3594e-47
3.0235e-47,3.0235e-47,3.0235e-47,3.0235e-47,3.0235e-47
2.7211e-47,2.7211e-47,2.7211e-47,2.7211e-47,2.7211e-47
2.449e-47,2.449e-47,2.449e-47,2.449e-47,2.449e-47
2.2041e-47,2.2041e-47,2.2041e-47,2.2041e-47,2.2041e-47
1.9837e-47,1.9837e-47,1.9837e-47,1.9837e-47,1.9837e-47
1.7853e-47,1.7853e-47,1.7853e-47,1.7853e-47,1.7853e-47
1.6068e-47,1.6068e-47,1.6068e-47,1.6068e-47,1.6068e-47
1.4461e-47,1.4461e-47,1.4461e-47,1.4461e-47,1.4461e-47
1.3015e-47,1.3015e-47,1.3015e-47,1.3015e-47,1.3015e-47
